carat;cut;color;clarity;depth;table;x;y;z;price
0.23;Ideal;E;SI2;61.5;55;3.95;3.98;2.43;326
0.21;Premium;E;SI1;59.8;61;3.89;3.84;2.31;326
0.23;Good;E;VS1;56.9;65;4.05;4.07;2.31;327
0.29;Premium;I;VS2;62.4;58;4.2;4.23;2.63;334
0.31;Good;J;SI2;63.3;58;4.34;4.35;2.75;335
0.24;Very Good;J;VVS2;62.8;57;3.94;3.96;2.48;336
0.24;Very Good;I;VVS1;62.3;57;3.95;3.98;2.47;336
0.26;Very Good;H;SI1;61.9;55;4.07;4.11;2.53;337
0.22;Fair;E;VS2;65.1;61;3.87;3.78;2.49;337
0.23;Very Good;H;VS1;59.4;61;4;4.05;2.39;338
0.3;Good;J;SI1;64;55;4.25;4.28;2.73;339
0.23;Ideal;J;VS1;62.8;56;3.93;3.9;2.46;340
0.22;Premium;F;SI1;60.4;61;3.88;3.84;2.33;342
0.31;Ideal;J;SI2;62.2;54;4.35;4.37;2.71;344
0.2;Premium;E;SI2;60.2;62;3.79;3.75;2.27;345
0.32;Premium;E;I1;60.9;58;4.38;4.42;2.68;345
0.3;Ideal;I;SI2;62;54;4.31;4.34;2.68;348
0.3;Good;J;SI1;63.4;54;4.23;4.29;2.7;351
0.3;Good;J;SI1;63.8;56;4.23;4.26;2.71;351
0.3;Very Good;J;SI1;62.7;59;4.21;4.27;2.66;351
0.3;Good;I;SI2;63.3;56;4.26;4.3;2.71;351
0.23;Very Good;E;VS2;63.8;55;3.85;3.92;2.48;352
0.23;Very Good;H;VS1;61;57;3.94;3.96;2.41;353
0.31;Very Good;J;SI1;59.4;62;4.39;4.43;2.62;353
0.31;Very Good;J;SI1;58.1;62;4.44;4.47;2.59;353
0.23;Very Good;G;VVS2;60.4;58;3.97;4.01;2.41;354
0.24;Premium;I;VS1;62.5;57;3.97;3.94;2.47;355
0.3;Very Good;J;VS2;62.2;57;4.28;4.3;2.67;357
0.23;Very Good;D;VS2;60.5;61;3.96;3.97;2.4;357
0.23;Very Good;F;VS1;60.9;57;3.96;3.99;2.42;357
0.23;Very Good;F;VS1;60;57;4;4.03;2.41;402
0.23;Very Good;F;VS1;59.8;57;4.04;4.06;2.42;402
0.23;Very Good;E;VS1;60.7;59;3.97;4.01;2.42;402
0.23;Very Good;E;VS1;59.5;58;4.01;4.06;2.4;402
0.23;Very Good;D;VS1;61.9;58;3.92;3.96;2.44;402
0.23;Good;F;VS1;58.2;59;4.06;4.08;2.37;402
0.23;Good;E;VS1;64.1;59;3.83;3.85;2.46;402
0.31;Good;H;SI1;64;54;4.29;4.31;2.75;402
0.26;Very Good;D;VS2;60.8;59;4.13;4.16;2.52;403
0.33;Ideal;I;SI2;61.8;55;4.49;4.51;2.78;403
0.33;Ideal;I;SI2;61.2;56;4.49;4.5;2.75;403
0.33;Ideal;J;SI1;61.1;56;4.49;4.55;2.76;403
0.26;Good;D;VS2;65.2;56;3.99;4.02;2.61;403
0.26;Good;D;VS1;58.4;63;4.19;4.24;2.46;403
0.32;Good;H;SI2;63.1;56;4.34;4.37;2.75;403
0.29;Premium;F;SI1;62.4;58;4.24;4.26;2.65;403
0.32;Very Good;H;SI2;61.8;55;4.35;4.42;2.71;403
0.32;Good;H;SI2;63.8;56;4.36;4.38;2.79;403
0.25;Very Good;E;VS2;63.3;60;4;4.03;2.54;404
0.29;Very Good;H;SI2;60.7;60;4.33;4.37;2.64;404
0.24;Very Good;F;SI1;60.9;61;4.02;4.03;2.45;404
0.23;Ideal;G;VS1;61.9;54;3.93;3.95;2.44;404
0.32;Ideal;I;SI1;60.9;55;4.45;4.48;2.72;404
0.22;Premium;E;VS2;61.6;58;3.93;3.89;2.41;404
0.22;Premium;D;VS2;59.3;62;3.91;3.88;2.31;404
0.3;Ideal;I;SI2;61;59;4.3;4.33;2.63;405
0.3;Premium;J;SI2;59.3;61;4.43;4.38;2.61;405
0.3;Very Good;I;SI1;62.6;57;4.25;4.28;2.67;405
0.3;Very Good;I;SI1;63;57;4.28;4.32;2.71;405
0.3;Good;I;SI1;63.2;55;4.25;4.29;2.7;405
0.35;Ideal;I;VS1;60.9;57;4.54;4.59;2.78;552
0.3;Premium;D;SI1;62.6;59;4.23;4.27;2.66;552
0.3;Ideal;D;SI1;62.5;57;4.29;4.32;2.69;552
0.3;Ideal;D;SI1;62.1;56;4.3;4.33;2.68;552
0.42;Premium;I;SI2;61.5;59;4.78;4.84;2.96;552
0.28;Ideal;G;VVS2;61.4;56;4.19;4.22;2.58;553
0.32;Ideal;I;VVS1;62;55.3;4.39;4.42;2.73;553
0.31;Very Good;G;SI1;63.3;57;4.33;4.3;2.73;553
0.31;Premium;G;SI1;61.8;58;4.35;4.32;2.68;553
0.24;Premium;E;VVS1;60.7;58;4.01;4.03;2.44;553
0.24;Very Good;D;VVS1;61.5;60;3.97;4;2.45;553
0.3;Very Good;H;SI1;63.1;56;4.29;4.27;2.7;554
0.3;Premium;H;SI1;62.9;59;4.28;4.24;2.68;554
0.3;Premium;H;SI1;62.5;57;4.29;4.25;2.67;554
0.3;Good;H;SI1;63.7;57;4.28;4.26;2.72;554
0.26;Very Good;F;VVS2;59.2;60;4.19;4.22;2.49;554
0.26;Very Good;E;VVS2;59.9;58;4.15;4.23;2.51;554
0.26;Very Good;D;VVS2;62.4;54;4.08;4.13;2.56;554
0.26;Very Good;D;VVS2;62.8;60;4.01;4.05;2.53;554
0.26;Very Good;E;VVS1;62.6;59;4.06;4.09;2.55;554
0.26;Very Good;E;VVS1;63.4;59;4;4.04;2.55;554
0.26;Very Good;D;VVS1;62.1;60;4.03;4.12;2.53;554
0.26;Ideal;E;VVS2;62.9;58;4.02;4.06;2.54;554
0.38;Ideal;I;SI2;61.6;56;4.65;4.67;2.87;554
0.26;Good;E;VVS1;57.9;60;4.22;4.25;2.45;554
0.24;Premium;G;VVS1;62.3;59;3.95;3.92;2.45;554
0.24;Premium;H;VVS1;61.2;58;4.01;3.96;2.44;554
0.24;Premium;H;VVS1;60.8;59;4.02;4;2.44;554
0.24;Premium;H;VVS2;60.7;58;4.07;4.04;2.46;554
0.32;Premium;I;SI1;62.9;58;4.35;4.33;2.73;554
0.7;Ideal;E;SI1;62.5;57;5.7;5.72;3.57;2757
0.86;Fair;E;SI2;55.1;69;6.45;6.33;3.52;2757
0.7;Ideal;G;VS2;61.6;56;5.7;5.67;3.5;2757
0.71;Very Good;E;VS2;62.4;57;5.68;5.73;3.56;2759
0.78;Very Good;G;SI2;63.8;56;5.81;5.85;3.72;2759
0.7;Good;E;VS2;57.5;58;5.85;5.9;3.38;2759
0.7;Good;F;VS1;59.4;62;5.71;5.76;3.4;2759
0.96;Fair;F;SI2;66.3;62;6.27;5.95;4.07;2759
0.73;Very Good;E;SI1;61.6;59;5.77;5.78;3.56;2760
0.8;Premium;H;SI1;61.5;58;5.97;5.93;3.66;2760
0.75;Very Good;D;SI1;63.2;56;5.8;5.75;3.65;2760
0.75;Premium;E;SI1;59.9;54;6;5.96;3.58;2760
0.74;Ideal;G;SI1;61.6;55;5.8;5.85;3.59;2760
0.75;Premium;G;VS2;61.7;58;5.85;5.79;3.59;2760
0.8;Ideal;I;VS1;62.9;56;5.94;5.87;3.72;2760
0.75;Ideal;G;SI1;62.2;55;5.87;5.8;3.63;2760
0.8;Premium;G;SI1;63;59;5.9;5.81;3.69;2760
0.74;Ideal;I;VVS2;62.3;55;5.77;5.81;3.61;2761
0.81;Ideal;F;SI2;58.8;57;6.14;6.11;3.6;2761
0.59;Ideal;E;VVS2;62;55;5.38;5.43;3.35;2761
0.8;Ideal;F;SI2;61.4;57;5.96;6;3.67;2761
0.74;Ideal;E;SI2;62.2;56;5.8;5.84;3.62;2761
0.9;Premium;I;VS2;63;58;6.16;6.12;3.87;2761
0.74;Very Good;G;SI1;62.2;59;5.73;5.82;3.59;2762
0.73;Ideal;F;VS2;62.6;56;5.77;5.74;3.6;2762
0.73;Ideal;F;VS2;62.7;53;5.8;5.75;3.62;2762
0.8;Premium;F;SI2;61.7;58;5.98;5.94;3.68;2762
0.71;Ideal;G;VS2;62.4;54;5.72;5.76;3.58;2762
0.7;Ideal;E;VS2;60.7;58;5.73;5.76;3.49;2762
0.8;Ideal;F;SI2;59.9;59;6.01;6.07;3.62;2762
0.71;Ideal;D;SI2;62.3;56;5.73;5.69;3.56;2762
0.74;Ideal;E;SI1;62.3;54;5.8;5.83;3.62;2762
0.7;Very Good;F;VS2;61.7;63;5.64;5.61;3.47;2762
0.7;Fair;F;VS2;64.5;57;5.57;5.53;3.58;2762
0.7;Fair;F;VS2;65.3;55;5.63;5.58;3.66;2762
0.7;Premium;F;VS2;61.6;60;5.65;5.59;3.46;2762
0.91;Premium;H;SI1;61.4;56;6.09;5.97;3.7;2763
0.61;Very Good;D;VVS2;59.6;57;5.56;5.58;3.32;2763
0.91;Fair;H;SI2;64.4;57;6.11;6.09;3.93;2763
0.91;Fair;H;SI2;65.7;60;6.03;5.99;3.95;2763
0.77;Ideal;H;VS2;62;56;5.89;5.86;3.64;2763
0.71;Very Good;D;SI1;63.6;58;5.64;5.68;3.6;2764
0.71;Ideal;D;SI1;61.9;59;5.69;5.72;3.53;2764
0.7;Very Good;E;VS2;62.6;60;5.62;5.65;3.53;2765
0.77;Very Good;H;VS1;61.3;60;5.88;5.9;3.61;2765
0.63;Premium;E;VVS1;60.9;60;5.52;5.55;3.37;2765
0.71;Very Good;F;VS1;60.1;62;5.74;5.77;3.46;2765
0.71;Premium;F;VS1;61.8;59;5.69;5.73;3.53;2765
0.76;Ideal;H;SI1;61.2;57;5.88;5.91;3.61;2765
0.64;Ideal;G;VVS1;61.9;56;5.53;5.56;3.43;2766
0.71;Premium;G;VS2;60.9;57;5.78;5.75;3.51;2766
0.71;Premium;G;VS2;59.8;56;5.89;5.81;3.5;2766
0.7;Very Good;D;VS2;61.8;55;5.68;5.72;3.52;2767
0.7;Very Good;F;VS1;60;57;5.8;5.87;3.5;2767
0.71;Ideal;D;SI2;61.6;55;5.74;5.76;3.54;2767
0.7;Good;H;VVS2;62.1;64;5.62;5.65;3.5;2767
0.71;Very Good;G;VS1;63.3;59;5.52;5.61;3.52;2768
0.73;Very Good;D;SI1;60.2;56;5.83;5.87;3.52;2768
0.7;Very Good;D;SI1;61.1;58;5.66;5.73;3.48;2768
0.7;Ideal;E;SI1;60.9;57;5.73;5.76;3.5;2768
0.71;Premium;D;SI2;61.7;59;5.71;5.67;3.51;2768
0.74;Ideal;I;SI1;61.3;56;5.82;5.86;3.57;2769
0.71;Premium;D;VS2;62.5;60;5.65;5.61;3.52;2770
0.73;Premium;G;VS2;61.4;59;5.83;5.76;3.56;2770
0.76;Very Good;F;SI1;62.9;57;5.79;5.81;3.65;2770
0.76;Ideal;D;SI2;62.4;57;5.78;5.83;3.62;2770
0.71;Ideal;F;SI1;60.7;56;5.77;5.8;3.51;2770
0.73;Premium;G;VS2;60.7;58;5.87;5.82;3.55;2770
0.73;Premium;G;VS1;61.5;58;5.79;5.75;3.55;2770
0.73;Ideal;D;SI2;59.9;57;5.92;5.89;3.54;2770
0.73;Premium;G;VS2;59.2;59;5.92;5.87;3.49;2770
0.72;Very Good;H;VVS2;60.3;56;5.81;5.83;3.51;2771
0.73;Very Good;F;SI1;61.7;60;5.79;5.82;3.58;2771
0.71;Ideal;G;VS2;61.9;57;5.73;5.77;3.56;2771
0.79;Ideal;F;SI2;61.9;55;5.97;5.92;3.68;2771
0.73;Very Good;H;VVS1;60.4;59;5.83;5.89;3.54;2772
0.8;Very Good;F;SI2;61;57;6.01;6.03;3.67;2772
0.58;Ideal;G;VVS1;61.5;55;5.39;5.44;3.33;2772
0.58;Ideal;F;VVS1;61.7;56;5.33;5.37;3.3;2772
0.71;Good;E;VS2;59.2;61;5.8;5.88;3.46;2772
0.75;Ideal;D;SI2;61.3;56;5.85;5.89;3.6;2773
0.7;Premium;D;VS2;58;62;5.87;5.78;3.38;2773
1.17;Very Good;J;I1;60.2;61;6.83;6.9;4.13;2774
0.6;Ideal;E;VS1;61.7;55;5.41;5.44;3.35;2774
0.7;Ideal;E;SI1;62.7;55;5.68;5.74;3.58;2774
0.83;Good;I;VS2;64.6;54;5.85;5.88;3.79;2774
0.74;Very Good;F;VS2;61.3;61;5.8;5.84;3.57;2775
0.72;Very Good;G;VS2;63.7;56.4;5.62;5.69;3.61;2776
0.71;Premium;E;VS2;62.7;58;5.74;5.68;3.58;2776
0.71;Ideal;E;VS2;62.2;57;5.79;5.62;3.55;2776
0.54;Ideal;E;VVS2;61.6;56;5.25;5.27;3.24;2776
0.54;Ideal;E;VVS2;61.5;57;5.24;5.26;3.23;2776
0.72;Ideal;G;SI1;61.8;56;5.72;5.75;3.55;2776
0.72;Ideal;G;SI1;60.7;56;5.79;5.82;3.53;2776
0.72;Good;G;VS2;59.7;60.5;5.8;5.84;3.47;2776
0.71;Ideal;G;SI1;60.5;56;5.8;5.76;3.5;2776
0.7;Very Good;D;VS1;62.7;58;5.66;5.73;3.57;2777
0.71;Premium;F;VS2;62.1;58;5.67;5.7;3.53;2777
0.71;Very Good;F;VS2;62.8;57;5.64;5.69;3.56;2777
0.71;Good;F;VS2;63.8;58;5.61;5.64;3.59;2777
0.71;Good;F;VS2;57.8;60;5.87;5.9;3.4;2777
0.7;Ideal;E;VS2;62.1;55;5.7;5.67;3.53;2777
0.7;Premium;E;VS2;61.1;60;5.71;5.64;3.47;2777
0.7;Premium;E;SI1;60;59;5.79;5.75;3.46;2777
0.7;Premium;E;SI1;61.2;57;5.73;5.68;3.49;2777
0.7;Premium;E;SI1;62.7;59;5.67;5.63;3.54;2777
0.7;Premium;E;SI1;61;57;5.73;5.68;3.48;2777
0.7;Premium;E;SI1;61;58;5.78;5.72;3.51;2777
0.7;Ideal;E;SI1;61.4;57;5.76;5.7;3.52;2777
0.72;Premium;F;SI1;61.8;61;5.82;5.71;3.56;2777
0.7;Very Good;E;SI1;59.9;63;5.76;5.7;3.43;2777
0.7;Premium;E;SI1;61.3;58;5.71;5.68;3.49;2777
0.7;Premium;E;SI1;60.5;58;5.77;5.74;3.48;2777
0.7;Good;E;VS2;64.1;59;5.64;5.59;3.6;2777
0.98;Fair;H;SI2;67.9;60;6.05;5.97;4.08;2777
0.78;Premium;F;SI1;62.4;58;5.83;5.8;3.63;2777
0.7;Very Good;E;SI1;63.2;60;5.6;5.51;3.51;2777
0.52;Ideal;F;VVS1;61.3;55;5.19;5.22;3.19;2778
0.73;Very Good;H;VS2;60.8;56;5.82;5.84;3.55;2779
0.74;Ideal;E;SI1;61.7;56;5.84;5.8;3.59;2779
0.7;Very Good;F;VS2;63.6;57;5.61;5.65;3.58;2780
0.77;Premium;G;VS2;61.2;58;5.9;5.93;3.62;2780
0.71;Ideal;F;VS2;62.1;54;5.68;5.72;3.54;2780
0.74;Ideal;G;VS1;61.5;55;5.81;5.86;3.59;2780
0.7;Ideal;G;VS1;61.4;59;5.64;5.73;3.49;2780
1.01;Premium;F;I1;61.8;60;6.39;6.36;3.94;2781
0.77;Ideal;H;SI1;62.2;56;5.83;5.88;3.64;2781
0.78;Ideal;H;SI1;61.2;56;5.92;5.99;3.64;2781
0.72;Very Good;H;VS1;60.6;63;5.83;5.76;3.51;2782
0.53;Very Good;D;VVS2;57.5;64;5.34;5.37;3.08;2782
0.76;Ideal;G;VS2;61.3;56;5.9;5.94;3.63;2782
0.7;Good;E;VS1;57.2;62;5.81;5.77;3.31;2782
0.7;Premium;E;VS1;62.9;60;5.62;5.54;3.51;2782
0.75;Very Good;D;SI2;63.1;58;5.78;5.73;3.63;2782
0.72;Ideal;D;SI1;60.8;57;5.76;5.75;3.5;2782
0.72;Premium;D;SI1;62.7;59;5.73;5.69;3.58;2782
0.7;Premium;D;SI1;62.8;60;5.68;5.66;3.56;2782
0.84;Fair;G;SI1;55.1;67;6.39;6.2;3.47;2782
0.75;Premium;F;SI1;61.4;59;5.88;5.85;3.6;2782
0.52;Ideal;F;IF;62.2;55;5.14;5.18;3.21;2783
0.72;Very Good;F;VS2;63;54;5.69;5.73;3.6;2784
0.79;Very Good;H;VS1;63.7;56;5.85;5.92;3.75;2784
0.72;Very Good;F;VS2;63.6;58;5.66;5.69;3.61;2787
0.51;Ideal;F;VVS1;62;57;5.11;5.15;3.18;2787
0.64;Ideal;D;VS1;61.5;56;5.54;5.55;3.41;2787
0.7;Very Good;H;VVS1;60.5;60;5.74;5.77;3.48;2788
0.83;Very Good;I;VS1;61.1;60;6.07;6.1;3.72;2788
0.76;Ideal;I;VVS2;61.8;56;5.85;5.87;3.62;2788
0.71;Good;D;VS2;63.3;56;5.64;5.68;3.58;2788
0.77;Good;G;VS1;59.4;64;5.97;5.92;3.53;2788
0.71;Ideal;F;SI1;62.5;55;5.71;5.65;3.55;2788
1.01;Fair;E;I1;64.5;58;6.29;6.21;4.03;2788
1.01;Premium;H;SI2;62.7;59;6.31;6.22;3.93;2788
0.77;Good;F;SI1;64.2;52;5.81;5.77;3.72;2789
0.76;Good;E;SI1;63.7;54;5.76;5.85;3.7;2789
0.76;Premium;E;SI1;60.4;58;5.92;5.94;3.58;2789
0.76;Premium;E;SI1;61.8;58;5.82;5.86;3.61;2789
1.05;Very Good;J;SI2;63.2;56;6.49;6.45;4.09;2789
0.81;Ideal;G;SI2;61.6;56;5.97;6.01;3.69;2789
0.7;Ideal;E;SI1;61.6;56;5.72;5.75;3.53;2789
0.55;Ideal;G;IF;60.9;57;5.28;5.3;3.22;2789
0.81;Good;G;SI2;61;61;5.94;5.99;3.64;2789
0.63;Premium;E;VVS2;62.1;57;5.48;5.41;3.38;2789
0.63;Premium;E;VVS1;60.9;60;5.55;5.52;3.37;2789
0.77;Premium;H;VS1;61.3;60;5.9;5.88;3.61;2789
1.05;Fair;J;SI2;65.8;59;6.41;6.27;4.18;2789
0.64;Ideal;G;IF;61.3;56;5.54;5.58;3.41;2790
0.76;Premium;I;VVS1;58.8;59;6;5.94;3.51;2790
0.83;Ideal;F;SI2;62.3;55;6.02;6.05;3.76;2790
0.71;Premium;F;VS1;60.1;62;5.77;5.74;3.46;2790
0.71;Premium;F;VS1;61.8;59;5.73;5.69;3.53;2790
0.87;Very Good;I;SI1;63.6;55.8;6.07;6.1;3.87;2791
0.73;Ideal;E;SI1;62.2;56;5.74;5.78;3.58;2791
0.71;Premium;E;SI1;59.2;59;5.83;5.86;3.46;2792
0.71;Premium;E;SI1;61.8;59;5.7;5.75;3.54;2792
0.71;Ideal;E;SI1;61.3;55;5.72;5.77;3.52;2792
0.7;Premium;F;VS1;62.1;60;5.71;5.65;3.53;2792
0.7;Premium;F;VS1;60.7;60;5.78;5.75;3.5;2792
0.76;Premium;H;VVS2;59.6;57;5.91;5.86;3.51;2792
0.7;Ideal;F;VS1;62.2;56;5.73;5.68;3.55;2792
0.79;Very Good;G;SI1;60.6;57;5.98;6.06;3.65;2793
0.7;Very Good;E;VS2;62.9;57;5.66;5.69;3.57;2793
0.7;Good;E;VS2;64.1;55;5.6;5.66;3.61;2793
0.76;Ideal;I;VS2;61.3;56;5.87;5.91;3.61;2793
0.73;Ideal;H;VS2;62.7;55;5.72;5.76;3.6;2793
0.79;Very Good;E;SI1;63.2;56;5.91;5.86;3.72;2794
0.71;Very Good;E;VS2;60.7;56;5.81;5.82;3.53;2795
0.81;Premium;I;VVS2;61.9;60;5.91;5.86;3.64;2795
0.81;Ideal;F;SI2;62.6;55;5.92;5.96;3.72;2795
0.72;Good;F;VS1;60.7;60;5.74;5.72;3.48;2795
0.72;Premium;D;SI2;62;60;5.73;5.69;3.54;2795
0.72;Premium;I;IF;63;57;5.72;5.7;3.6;2795
0.81;Premium;H;VS2;58;59;6.17;6.13;3.57;2795
0.72;Premium;G;VS2;62.9;57;5.73;5.65;3.58;2795
1;Premium;I;SI2;58.2;60;6.61;6.55;3.83;2795
0.73;Good;E;SI1;63.2;58;5.7;5.76;3.62;2796
0.81;Very Good;H;SI2;61.3;59;5.94;6.01;3.66;2797
0.81;Very Good;E;SI1;60.3;60;6.07;6.1;3.67;2797
0.71;Premium;D;SI1;62.7;60;5.67;5.71;3.57;2797
0.71;Premium;D;SI1;61.3;58;5.73;5.75;3.52;2797
0.71;Premium;D;SI1;61.6;60;5.74;5.69;3.52;2797
0.57;Ideal;F;VVS2;61.9;55;5.34;5.35;3.31;2797
0.51;Ideal;D;VVS1;61.7;56;5.12;5.16;3.17;2797
0.72;Ideal;G;VS2;61.9;58;5.72;5.75;3.55;2797
0.74;Ideal;H;VS1;61.8;58;5.77;5.81;3.58;2797
0.74;Ideal;H;VS1;61.6;56;5.81;5.82;3.58;2797
0.7;Fair;G;VVS1;58.8;66;5.81;5.9;3.44;2797
0.8;Premium;F;SI2;61;57;6.03;6.01;3.67;2797
1.01;Fair;E;SI2;67.4;60;6.19;6.05;4.13;2797
0.8;Very Good;H;VS2;63.4;60;5.92;5.82;3.72;2797
0.77;Ideal;I;VS1;61.5;59;5.87;5.91;3.62;2798
0.83;Very Good;E;SI2;58;62;6.19;6.25;3.61;2799
0.82;Ideal;F;SI2;62.4;54;5.97;6.02;3.74;2799
0.78;Ideal;D;SI1;61.9;57;5.91;5.86;3.64;2799
0.6;Very Good;G;IF;61.6;56;5.43;5.46;3.35;2800
0.9;Good;I;SI2;62.2;59;6.07;6.11;3.79;2800
0.7;Premium;E;VS1;62.2;58;5.6;5.66;3.5;2800
0.9;Very Good;I;SI2;61.3;56;6.17;6.23;3.8;2800
0.83;Ideal;G;SI1;62.3;57;5.99;6.08;3.76;2800
0.83;Ideal;G;SI1;61.8;57;6.03;6.07;3.74;2800
0.83;Very Good;H;SI1;62.5;59;5.95;6.02;3.74;2800
0.74;Premium;G;VS1;62.9;60;5.74;5.68;3.59;2800
0.79;Ideal;I;VS1;61.8;59;5.92;5.95;3.67;2800
0.61;Ideal;G;IF;62.3;56;5.43;5.45;3.39;2800
0.76;Fair;G;VS1;59;70;5.89;5.8;3.46;2800
0.96;Ideal;F;I1;60.7;55;6.37;6.41;3.88;2801
0.73;Ideal;F;VS2;62.5;55;5.8;5.76;3.61;2801
0.73;Premium;F;VS2;62.7;58;5.76;5.7;3.59;2801
0.75;Ideal;H;SI1;60.4;57;5.93;5.96;3.59;2801
0.71;Premium;F;VS2;62.1;58;5.7;5.67;3.53;2801
0.71;Good;F;VS2;57.8;60;5.9;5.87;3.4;2801
0.71;Good;F;VS2;63.8;58;5.64;5.61;3.59;2801
0.71;Premium;F;VS2;62.8;57;5.69;5.64;3.56;2801
1.04;Premium;G;I1;62.2;58;6.46;6.41;4;2801
1;Premium;J;SI2;62.3;58;6.45;6.34;3.98;2801
0.87;Very Good;G;SI2;59.9;58;6.19;6.23;3.72;2802
0.53;Ideal;F;IF;61.9;54;5.22;5.25;3.24;2802
0.72;Premium;E;VS2;63;55;5.79;5.61;3.59;2802
0.72;Premium;F;VS1;62.4;58;5.83;5.7;3.6;2802
0.7;Very Good;F;VS2;62.9;58;5.63;5.65;3.55;2803
0.74;Very Good;E;SI1;63.5;56;5.74;5.79;3.66;2803
0.71;Ideal;G;VS2;61.3;56;5.75;5.71;3.51;2803
0.73;Ideal;E;SI1;60.6;54;5.84;5.89;3.55;2803
0.7;Good;G;VS1;65.1;58;5.56;5.59;3.63;2803
0.71;Premium;F;VS2;62.6;58;5.7;5.67;3.56;2803
0.71;Premium;F;VS2;58;62;5.85;5.81;3.38;2803
0.71;Premium;G;VS1;62.4;61;5.7;5.65;3.54;2803
0.77;Premium;G;VS2;61.3;57;5.93;5.88;3.62;2803
0.71;Premium;G;VS2;59.9;60;5.81;5.77;3.47;2803
0.78;Premium;G;VS2;60.8;58;6.03;5.95;3.64;2803
0.71;Very Good;G;VS1;63.5;55;5.66;5.64;3.59;2803
0.91;Ideal;D;SI2;62.2;57;6.21;6.15;3.85;2803
0.71;Very Good;E;VS2;63.8;58;5.62;5.66;3.6;2804
0.71;Very Good;E;VS2;64;57;5.66;5.68;3.63;2804
0.8;Very Good;E;SI2;62.5;56;5.88;5.96;3.7;2804
0.7;Very Good;D;SI1;62.3;58;5.69;5.73;3.56;2804
0.72;Ideal;F;VS1;61.7;57;5.74;5.77;3.55;2804
0.72;Very Good;F;VS1;62.2;58;5.75;5.7;3.56;2804
0.82;Ideal;H;VS2;61.5;56;6.01;6.08;3.72;2804
0.7;Ideal;D;SI1;61;59;5.68;5.7;3.47;2804
0.72;Ideal;D;SI1;62.2;56;5.74;5.77;3.58;2804
0.72;Ideal;D;SI1;61.5;54;5.77;5.8;3.56;2804
0.9;Fair;I;SI1;67.3;59;5.93;5.84;3.96;2804
0.74;Premium;F;VS2;61.7;58;5.85;5.78;3.59;2805
0.74;Premium;F;VS2;61.9;56;5.8;5.77;3.58;2805
0.73;Ideal;E;SI2;61.8;58;5.77;5.81;3.58;2805
0.57;Fair;E;VVS1;58.7;66;5.34;5.43;3.16;2805
0.73;Premium;F;VS2;62.5;57;5.75;5.7;3.58;2805
0.72;Ideal;G;VS2;62.8;56;5.74;5.7;3.59;2805
0.74;Fair;F;VS2;61.1;68;5.82;5.75;3.53;2805
0.82;Good;G;VS2;64;57;5.92;5.89;3.78;2805
0.81;Very Good;G;SI1;62.5;60;5.89;5.94;3.69;2806
0.75;Very Good;H;VVS1;60.6;58;5.85;5.9;3.56;2806
0.7;Ideal;F;SI1;61.6;55;5.72;5.74;3.53;2806
0.71;Very Good;F;VS1;62.2;58;5.66;5.72;3.54;2807
0.71;Very Good;F;VS1;60;57;5.84;5.9;3.52;2807
0.93;Premium;J;SI2;61.9;57;6.21;6.19;3.84;2807
0.8;Very Good;H;VS2;62.8;57;5.87;5.91;3.7;2808
0.7;Very Good;F;VS1;62;57;5.64;5.71;3.52;2808
1;Fair;G;I1;66.4;59;6.16;6.09;4.07;2808
0.75;Very Good;G;VS2;63.4;56;5.78;5.74;3.65;2808
0.58;Ideal;E;VVS2;60.9;56;5.41;5.43;3.3;2808
0.73;Very Good;D;SI1;63.1;57;5.74;5.7;3.61;2808
0.81;Very Good;F;SI1;63.1;59;5.85;5.79;3.67;2809
0.81;Premium;D;SI2;59.2;57;6.15;6.05;3.61;2809
0.71;Premium;F;SI1;60.7;54;5.84;5.8;3.53;2809
1.2;Fair;F;I1;64.6;56;6.73;6.66;4.33;2809
0.7;Very Good;F;VS1;61.8;56;5.63;5.7;3.5;2810
0.7;Very Good;F;VS1;59.9;60;5.77;5.84;3.48;2810
0.74;Ideal;D;SI2;61.7;55;5.81;5.85;3.6;2810
0.7;Good;F;VS1;62.8;61;5.57;5.61;3.51;2810
0.8;Good;G;SI1;62.7;57;5.84;5.93;3.69;2810
0.75;Very Good;F;SI1;63.4;58;5.72;5.76;3.64;2811
0.83;Very Good;D;SI1;63.5;54;5.98;5.95;3.79;2811
1;Fair;J;VS2;65.7;59;6.14;6.07;4.01;2811
0.99;Fair;I;SI2;68.1;56;6.21;6.06;4.18;2811
0.7;Very Good;G;VS1;63;60;5.57;5.64;3.53;2812
0.7;Very Good;F;VS2;59.5;58;5.75;5.85;3.45;2812
0.7;Good;E;SI1;63.5;59;5.49;5.53;3.5;2812
0.7;Very Good;F;VS2;61.7;58;5.63;5.69;3.49;2812
0.32;Premium;I;SI1;62.7;58;4.37;4.34;2.73;554
0.32;Premium;I;SI1;62.8;58;4.39;4.34;2.74;554
0.32;Ideal;I;SI1;62.4;57;4.37;4.35;2.72;554
0.32;Premium;I;SI1;61;59;4.39;4.36;2.67;554
0.32;Very Good;I;SI1;63.1;56;4.39;4.36;2.76;554
0.32;Ideal;I;SI1;60.7;57;4.47;4.42;2.7;554
0.3;Premium;H;SI1;60.9;59;4.31;4.29;2.62;554
0.3;Premium;H;SI1;60.1;55;4.41;4.38;2.64;554
0.3;Premium;H;SI1;62.9;58;4.28;4.24;2.68;554
0.3;Very Good;H;SI1;63.3;56;4.29;4.27;2.71;554
0.3;Good;H;SI1;63.8;55;4.26;4.2;2.7;554
0.3;Ideal;H;SI1;62.9;57;4.27;4.22;2.67;554
0.3;Very Good;H;SI1;63.4;60;4.25;4.23;2.69;554
0.32;Good;I;SI1;63.9;55;4.36;4.34;2.78;554
0.33;Ideal;H;SI2;61.4;56;4.85;4.79;2.95;554
0.29;Very Good;E;VS1;61.9;55;4.28;4.33;2.66;555
0.29;Very Good;E;VS1;62.4;55;4.2;4.25;2.63;555
0.31;Very Good;F;SI1;61.8;58;4.32;4.35;2.68;555
0.34;Ideal;H;VS2;61.5;56;4.47;4.5;2.76;555
0.34;Ideal;H;VS2;60.4;57;4.54;4.57;2.75;555
0.34;Ideal;I;VS1;61.8;55;4.48;4.52;2.78;555
0.34;Ideal;I;VS1;62;56;4.5;4.53;2.8;555
0.3;Ideal;G;VS1;62.3;56;4.29;4.31;2.68;555
0.29;Ideal;F;VS1;61.6;56;4.26;4.31;2.64;555
0.35;Ideal;G;SI1;60.6;56;4.56;4.58;2.77;555
0.43;Very Good;E;I1;58.4;62;4.94;5;2.9;555
0.32;Very Good;F;VS2;61.4;58;4.37;4.42;2.7;556
0.36;Ideal;I;VS2;61.9;56;4.54;4.57;2.82;556
0.3;Ideal;G;VS2;62;56;4.28;4.3;2.66;556
0.26;Ideal;E;VS1;61.5;57;4.09;4.12;2.52;556
0.7;Very Good;F;VS2;62.3;58;5.64;5.72;3.54;2812
0.7;Very Good;F;VS2;60.9;61;5.66;5.71;3.46;2812
0.71;Ideal;D;SI1;62.4;57;5.69;5.72;3.56;2812
0.99;Fair;J;SI1;55;61;6.72;6.67;3.68;2812
0.73;Premium;E;VS2;58.6;60;5.92;5.89;3.46;2812
0.51;Ideal;F;VVS1;62;57;5.15;5.11;3.18;2812
0.91;Premium;G;SI2;59.8;58;6.3;6.29;3.77;2813
0.84;Very Good;E;SI1;63.4;55;6;5.95;3.79;2813
0.91;Good;I;VS2;64.3;58;6.09;6.05;3.9;2813
0.76;Premium;E;SI1;62.2;59;5.86;5.81;3.63;2814
0.76;Ideal;E;SI1;61.7;57;5.88;5.85;3.62;2814
0.75;Premium;E;SI1;61.1;59;5.86;5.83;3.57;2814
0.55;Very Good;D;VVS1;61.5;56;5.23;5.27;3.23;2815
0.76;Very Good;F;SI2;58.5;62;5.93;6.01;3.49;2815
0.74;Premium;G;VS1;61.7;58;5.79;5.81;3.58;2815
0.7;Ideal;H;SI1;60.4;56;5.75;5.81;3.49;2815
0.7;Ideal;H;SI1;61.4;56;5.7;5.76;3.52;2815
0.7;Ideal;H;SI1;61.5;55;5.73;5.79;3.54;2815
0.7;Ideal;H;SI1;61.4;56;5.72;5.77;3.53;2815
0.9;Fair;J;VS2;65;56;6.08;6.04;3.94;2815
0.95;Fair;F;SI2;56;60;6.62;6.53;3.68;2815
0.89;Premium;H;SI2;60.2;59;6.26;6.23;3.76;2815
0.72;Premium;E;VS2;58.3;58;5.99;5.92;3.47;2815
0.96;Fair;E;SI2;53.1;63;6.73;6.65;3.55;2815
1.02;Premium;G;I1;60.3;58;6.55;6.5;3.94;2815
0.78;Very Good;I;VVS2;61.4;56;5.91;5.95;3.64;2816
0.61;Ideal;G;VVS2;60.1;57;5.52;5.54;3.32;2816
0.71;Good;D;VS1;63.4;55;5.61;5.69;3.58;2816
0.78;Premium;F;SI1;61.5;59;5.96;5.88;3.64;2816
0.87;Ideal;H;SI2;62.7;56;6.16;6.13;3.85;2816
0.83;Ideal;H;SI1;62.5;55;6.04;6;3.76;2816
0.71;Premium;E;SI1;61.3;56;5.78;5.73;3.53;2817
0.71;Ideal;I;VVS2;60.2;56;5.84;5.89;3.53;2817
0.71;Ideal;E;VS2;62.7;57;5.66;5.64;3.54;2817
0.71;Premium;E;VS2;62.3;58;5.69;5.65;3.53;2817
0.63;Ideal;F;VVS2;61.5;56;5.48;5.52;3.38;2817
0.71;Premium;E;SI1;59.2;59;5.86;5.83;3.46;2817
0.71;Premium;E;SI1;61.8;59;5.75;5.7;3.54;2817
0.71;Ideal;E;SI1;61.3;55;5.77;5.72;3.52;2817
0.71;Premium;E;SI1;61.4;58;5.77;5.73;3.53;2817
0.9;Ideal;J;VS2;62.8;55;6.2;6.16;3.88;2817
0.71;Good;E;SI1;62.8;64;5.6;5.54;3.5;2817
0.7;Premium;E;VS2;62.4;61;5.66;5.63;3.52;2818
0.7;Premium;E;VS2;59.3;60;5.78;5.73;3.41;2818
0.7;Premium;E;VS2;63;60;5.64;5.6;3.54;2818
1;Premium;H;I1;61.3;60;6.43;6.39;3.93;2818
0.86;Premium;F;SI2;59.3;62;6.36;6.22;3.73;2818
0.8;Ideal;H;SI1;61;57;6.07;6;3.68;2818
0.7;Ideal;E;VS1;62.9;57;5.66;5.61;3.54;2818
0.7;Premium;E;VS1;59.6;57;5.91;5.83;3.5;2818
0.7;Premium;F;VS2;61.8;60;5.69;5.64;3.5;2818
0.7;Premium;E;VS1;62.7;57;5.68;5.64;3.55;2818
1;Fair;H;SI2;65.3;62;6.34;6.12;4.08;2818
0.72;Very Good;G;VS1;63.8;58;5.64;5.68;3.61;2819
0.72;Ideal;H;VS1;62.3;56;5.73;5.77;3.58;2819
0.7;Good;F;VS1;59.7;63;5.76;5.79;3.45;2819
0.86;Good;F;SI2;64.3;60;5.97;5.95;3.83;2819
0.71;Ideal;G;VS1;62.9;58;5.66;5.69;3.57;2820
0.75;Ideal;E;SI1;62;57;5.8;5.78;3.59;2821
0.73;Premium;E;VS2;61.6;59;5.77;5.73;3.54;2821
0.53;Ideal;E;VVS1;61.9;55;5.2;5.21;3.22;2821
0.73;Premium;E;SI1;61.3;58;5.83;5.76;3.55;2821
0.73;Good;E;SI1;63.6;57;5.72;5.7;3.63;2821
0.73;Premium;E;SI1;59.6;61;5.92;5.85;3.51;2821
0.73;Premium;E;SI1;62.2;59;5.77;5.68;3.56;2821
0.73;Premium;D;SI1;61.7;55;5.84;5.82;3.6;2821
0.73;Very Good;E;SI1;63.2;58;5.76;5.7;3.62;2821
0.7;Premium;E;VS1;60.8;60;5.74;5.71;3.48;2822
0.72;Premium;E;VS2;60.3;59;5.84;5.8;3.51;2822
0.72;Premium;E;VS2;60.9;60;5.8;5.76;3.52;2822
0.72;Premium;E;VS2;62.4;59;5.77;5.7;3.58;2822
0.7;Premium;E;VS2;60.2;60;5.73;5.7;3.44;2822
0.6;Ideal;F;VVS2;62;55;5.37;5.4;3.34;2822
0.74;Ideal;I;VVS1;60.8;57;5.85;5.89;3.57;2822
0.73;Ideal;F;SI1;62.1;55;5.75;5.78;3.58;2822
0.71;Premium;D;SI1;62.7;60;5.71;5.67;3.57;2822
0.71;Premium;D;SI1;61.3;58;5.75;5.73;3.52;2822
0.7;Premium;D;SI1;60.2;60;5.82;5.75;3.48;2822
0.7;Ideal;D;SI1;60.7;56;5.75;5.72;3.48;2822
0.9;Good;J;VS2;64;61;6.04;6.03;3.86;2822
0.71;Ideal;D;SI1;60.2;56;5.86;5.83;3.52;2822
0.7;Premium;E;VS2;61.5;59;5.73;5.68;3.51;2822
0.7;Premium;E;VS2;62.6;56;5.71;5.66;3.56;2822
0.7;Ideal;D;SI1;59.7;58;5.82;5.77;3.46;2822
0.7;Good;E;SI1;61.4;64;5.71;5.66;3.49;2822
0.7;Ideal;D;SI1;62.5;57;5.62;5.59;3.51;2822
0.7;Ideal;D;SI1;61.8;56;5.73;5.63;3.51;2822
0.7;Premium;E;VS2;60.7;62;5.72;5.68;3.46;2822
0.7;Premium;F;VS2;60.6;58;5.8;5.72;3.49;2822
0.7;Ideal;D;SI1;61.4;54;5.75;5.71;3.52;2822
0.79;Very Good;D;SI2;62.8;59;5.86;5.9;3.69;2823
0.9;Good;I;SI1;63.8;57;6.06;6.13;3.89;2823
0.71;Premium;E;VS2;62.3;58;5.71;5.66;3.54;2823
0.61;Ideal;E;VVS2;61.3;54;5.51;5.59;3.4;2823
0.9;Fair;H;SI2;65.8;54;6.05;5.98;3.96;2823
0.71;Ideal;E;SI1;60.5;56;5.77;5.73;3.47;2823
0.71;Premium;D;VS2;61.2;59;5.74;5.69;3.5;2824
0.77;Ideal;I;VVS2;62.1;57;5.84;5.86;3.63;2824
0.74;Good;E;VS1;63.1;58;5.73;5.75;3.62;2824
0.82;Ideal;F;SI2;62.4;54;6.02;5.97;3.74;2824
0.82;Premium;E;SI2;60.8;60;6.05;6.03;3.67;2824
0.71;Premium;G;VS1;62.2;59;5.73;5.66;3.54;2825
0.83;Premium;H;SI1;60;59;6.08;6.05;3.64;2825
0.73;Very Good;G;VS1;62;57;5.75;5.8;3.58;2825
0.83;Premium;H;SI1;62.5;59;6.02;5.95;3.74;2825
1.17;Premium;J;I1;60.2;61;6.9;6.83;4.13;2825
0.91;Fair;H;SI2;61.3;67;6.24;6.19;3.81;2825
0.73;Premium;E;VS1;62.6;60;5.75;5.68;3.58;2826
0.7;Good;E;VS1;57.2;59;5.94;5.88;3.38;2826
0.9;Premium;I;SI2;62.2;59;6.11;6.07;3.79;2826
0.7;Premium;E;VS1;62.2;58;5.66;5.6;3.5;2826
0.7;Very Good;D;VS2;63.3;56;5.6;5.58;3.54;2826
0.7;Premium;E;VS1;59.4;61;5.78;5.74;3.42;2826
0.9;Very Good;I;SI2;63.5;56;6.17;6.07;3.88;2826
0.78;Premium;F;SI1;60.8;60;5.97;5.94;3.62;2826
0.96;Ideal;F;I1;60.7;55;6.41;6.37;3.88;2826
0.7;Very Good;D;SI1;62.3;59;5.67;5.7;3.54;2827
0.72;Good;D;VS2;64;54;5.68;5.7;3.64;2827
0.79;Premium;H;VVS2;62.6;58;5.96;5.9;3.71;2827
0.7;Ideal;H;VVS1;61.6;57;5.69;5.74;3.52;2827
0.7;Ideal;H;VVS1;62.3;55;5.66;5.7;3.54;2827
0.7;Ideal;D;SI2;60.6;57;5.74;5.77;3.49;2828
1.01;Premium;H;SI2;61.6;61;6.39;6.31;3.91;2828
0.72;Premium;F;VS1;62.2;58;5.75;5.7;3.56;2829
0.8;Good;E;SI2;63.7;54;5.91;5.87;3.75;2829
0.59;Ideal;E;VVS1;62;56;5.36;5.38;3.33;2829
0.72;Ideal;F;VS1;61.7;57;5.77;5.74;3.55;2829
0.75;Premium;E;SI2;61.9;57;5.88;5.82;3.62;2829
0.8;Premium;E;SI2;60.2;57;6.05;6.01;3.63;2829
0.71;Very Good;E;VS2;62.7;59;5.65;5.7;3.56;2830
0.77;Very Good;H;SI1;61.7;56;5.84;5.89;3.62;2830
0.97;Ideal;F;I1;60.7;56;6.41;6.43;3.9;2830
0.53;Ideal;F;VVS1;60.9;57;5.23;5.29;3.19;2830
0.53;Ideal;F;VVS1;61.8;57;5.16;5.19;3.2;2830
0.8;Ideal;I;VS2;62.1;54.4;5.94;5.99;3.7;2830
0.9;Premium;G;SI1;60.6;62;6.21;6.13;3.74;2830
0.76;Very Good;E;SI2;60.8;60;5.89;5.98;3.61;2831
0.72;Ideal;E;SI1;62.3;57;5.7;5.76;3.57;2831
0.75;Ideal;E;SI1;61.4;57;5.82;5.87;3.59;2831
0.72;Premium;E;SI1;62.1;58;5.73;5.76;3.57;2831
0.79;Ideal;G;SI1;61.8;56;5.93;5.91;3.66;2831
0.72;Very Good;F;VS2;62.5;58;5.71;5.75;3.58;2832
0.91;Very Good;I;SI2;62.8;61;6.15;6.18;3.87;2832
0.71;Premium;G;VVS2;62.1;57;5.75;5.65;3.54;2832
0.81;Premium;G;SI1;63;60;5.87;5.81;3.68;2832
0.82;Ideal;H;SI1;62.5;57;5.91;5.97;3.71;2832
0.71;Premium;F;VS1;62.2;58;5.72;5.66;3.54;2832
0.9;Good;J;SI1;64.3;63;6.05;6.01;3.88;2832
0.8;Very Good;I;VS2;62;58;5.86;5.95;3.66;2833
0.56;Very Good;E;IF;61;59;5.28;5.34;3.24;2833
0.7;Very Good;D;VS2;59.6;61;5.77;5.8;3.45;2833
0.7;Ideal;D;VS2;61;57;5.74;5.76;3.51;2833
0.61;Ideal;F;VVS2;61.7;55;5.45;5.48;3.37;2833
0.85;Ideal;H;SI2;62.5;57;6.02;6.07;3.78;2833
0.7;Ideal;F;SI1;60.7;57;5.73;5.75;3.49;2833
0.8;Ideal;G;VS2;62.2;56;5.94;5.87;3.67;2834
0.8;Ideal;H;VS2;62.8;57;5.91;5.87;3.7;2834
0.51;Very Good;D;VVS1;59.9;58;5.16;5.19;3.1;2834
0.53;Ideal;F;VVS1;61.4;57;5.2;5.23;3.2;2834
0.78;Ideal;I;VS2;61.8;55;5.92;5.95;3.67;2834
0.9;Very Good;J;SI1;63.4;54;6.17;6.14;3.9;2834
0.9;Fair;G;SI2;65.3;59;6.07;6;3.94;2834
0.77;Ideal;E;SI2;60.7;55;6.01;5.95;3.63;2834
0.73;Ideal;F;VS1;61.2;56;5.89;5.81;3.58;2835
0.63;Ideal;F;VVS2;61.9;57;5.47;5.51;3.4;2835
0.7;Ideal;E;VS2;61.5;54;5.7;5.75;3.52;2835
0.72;Ideal;E;VS2;62.8;57;5.71;5.73;3.59;2835
0.72;Ideal;E;SI1;61;57;5.78;5.8;3.53;2835
0.75;Premium;F;VS2;59.6;59;6.04;5.94;3.57;2835
0.82;Very Good;H;SI1;60.7;56;6.04;6.06;3.67;2836
0.71;Good;E;VS2;62.8;60;5.6;5.65;3.53;2836
0.7;Premium;E;VS1;62.6;59;5.69;5.66;3.55;2837
0.7;Ideal;E;VS1;61.8;56;5.74;5.69;3.53;2837
0.71;Ideal;F;SI1;59.8;53;5.86;5.82;3.49;2838
0.76;Very Good;H;SI1;60.9;55;5.92;5.94;3.61;2838
0.82;Fair;F;SI1;64.9;58;5.83;5.79;3.77;2838
0.72;Premium;F;VS1;58.8;60;5.91;5.89;3.47;2838
0.7;Premium;F;VS2;62.3;58;5.72;5.64;3.54;2838
0.7;Premium;F;VS2;61.7;58;5.69;5.63;3.49;2838
0.7;Premium;G;VS1;62.6;55;5.73;5.64;3.56;2838
0.7;Premium;F;VS2;59.4;61;5.83;5.79;3.45;2838
0.7;Very Good;E;SI1;63.5;59;5.53;5.49;3.5;2838
0.7;Premium;F;VS2;60.9;61;5.71;5.66;3.46;2838
0.7;Premium;F;VS2;59.5;58;5.85;5.75;3.45;2838
0.7;Premium;G;VS1;63;60;5.64;5.57;3.53;2838
0.74;Very Good;E;SI1;60;57;5.85;5.89;3.52;2839
0.71;Ideal;F;VS1;61.5;57;5.74;5.71;3.52;2839
0.7;Ideal;F;VS1;61.6;54;5.75;5.72;3.53;2839
0.71;Ideal;F;VS1;62.1;55;5.82;5.68;3.57;2839
0.71;Premium;F;VS1;59.1;61;5.84;5.81;3.44;2839
0.71;Premium;F;VS1;59;60;5.82;5.8;3.43;2839
0.71;Premium;F;VS1;60.5;58;5.75;5.72;3.47;2839
0.7;Ideal;F;VS1;62.4;53;5.73;5.71;3.57;2839
0.73;Ideal;G;VS2;61.8;54;5.8;5.82;3.59;2839
0.7;Ideal;E;VS2;62.1;54;5.69;5.72;3.54;2839
0.7;Ideal;G;VS1;61.3;57;5.71;5.74;3.51;2839
0.71;Premium;G;VVS2;60.3;58;5.82;5.78;3.5;2839
0.71;Premium;F;VS1;59.2;58;5.87;5.82;3.46;2839
0.79;Premium;G;VS2;59.3;62;6.09;6.01;3.59;2839
0.71;Premium;F;VS1;62.7;59;5.7;5.62;3.55;2839
0.77;Very Good;H;VS1;61;60;5.9;5.87;3.59;2840
0.75;Very Good;F;SI2;59.8;56;5.85;5.92;3.52;2840
0.7;Ideal;F;SI1;61;56;5.75;5.8;3.52;2840
0.71;Premium;F;VS2;59.3;56;5.88;5.82;3.47;2840
0.92;Ideal;D;SI2;61.9;56;6.27;6.2;3.86;2840
0.83;Premium;F;SI2;61.4;59;6.08;6.04;3.72;2840
0.7;Premium;H;VVS1;59.2;60;5.87;5.78;3.45;2840
0.73;Premium;F;VS2;60.3;59;5.9;5.87;3.55;2841
0.71;Very Good;D;VS1;63.4;55;5.69;5.61;3.58;2841
0.73;Very Good;D;SI1;63.9;57;5.66;5.71;3.63;2841
0.82;Ideal;F;SI2;61.7;53;6;6.12;3.74;2841
0.82;Ideal;F;SI2;62.3;56;5.96;6.02;3.73;2841
0.82;Very Good;F;SI2;59.7;57;6.12;6.14;3.66;2841
0.52;Ideal;F;VVS1;61.2;56;5.19;5.21;3.18;2841
1;Premium;F;I1;58.9;60;6.6;6.55;3.87;2841
0.95;Fair;G;SI1;66.7;56;6.16;6.03;4.06;2841
0.73;Ideal;D;SI1;61.4;57;5.76;5.8;3.55;2841
0.73;Premium;F;VS2;59.9;59;5.87;5.77;3.5;2841
0.73;Premium;G;VS1;61.4;58;5.82;5.77;3.56;2841
0.8;Ideal;I;VS1;62.6;54;5.92;5.96;3.72;2842
0.7;Premium;F;VS2;58.7;61;5.8;5.72;3.38;2842
0.7;Very Good;E;VS2;60.2;62;5.71;5.75;3.45;2843
0.7;Very Good;E;VS2;62.7;58;5.65;5.67;3.55;2843
0.71;Very Good;E;VS2;59.4;58;5.76;5.82;3.44;2843
0.81;Very Good;F;SI2;63.2;58;5.91;5.92;3.74;2843
0.71;Very Good;D;SI1;61.5;58;5.73;5.79;3.54;2843
0.73;Ideal;G;VVS2;61.3;57;5.81;5.84;3.57;2843
0.73;Very Good;F;VS1;61.8;59;5.73;5.79;3.56;2843
0.72;Ideal;E;VS2;62;57;5.71;5.74;3.55;2843
0.81;Ideal;F;SI2;62.1;57;5.91;5.95;3.68;2843
0.71;Ideal;G;VVS2;60.7;57;5.81;5.78;3.52;2843
0.73;Very Good;E;SI1;57.7;61;5.92;5.96;3.43;2844
0.7;Very Good;E;VS1;62;59;5.65;5.68;3.51;2844
1.01;Ideal;I;I1;61.5;57;6.45;6.46;3.97;2844
1.01;Good;I;I1;63.1;57;6.35;6.39;4.02;2844
0.79;Ideal;H;VS2;62.5;57;5.91;5.93;3.7;2844
0.7;Very Good;E;VS2;61.8;59;5.65;5.68;3.5;2845
0.7;Very Good;E;VS2;58.9;60;5.83;5.85;3.44;2845
0.8;Good;H;VS2;63.4;60;5.92;5.82;3.72;2845
1.27;Premium;H;SI2;59.3;61;7.12;7.05;4.2;2845
0.79;Ideal;D;SI1;61.5;56;5.96;5.91;3.65;2846
0.72;Very Good;F;VS1;60.2;59;5.79;5.84;3.5;2846
0.73;Ideal;H;VVS2;61.6;56;5.79;5.84;3.58;2846
1.01;Fair;H;SI2;65.4;59;6.3;6.26;4.11;2846
1.01;Good;H;I1;64.2;61;6.25;6.18;3.99;2846
0.73;Ideal;E;SI1;59.1;59;5.92;5.95;3.51;2846
0.7;Ideal;E;SI1;61.6;57;5.71;5.76;3.53;2846
0.7;Good;F;VS2;59.1;61;5.76;5.84;3.43;2846
0.77;Premium;E;SI1;62.9;59;5.84;5.79;3.66;2846
0.77;Premium;G;VS2;61.3;60;5.91;5.81;3.59;2846
0.77;Premium;G;VS1;61.4;58;5.94;5.89;3.63;2846
0.84;Very Good;H;SI1;61.2;57;6.1;6.12;3.74;2847
0.72;Ideal;E;SI1;60.3;57;5.83;5.85;3.52;2847
0.76;Premium;D;SI1;61.1;59;5.93;5.88;3.61;2847
0.7;Very Good;G;VVS2;62.9;59;5.61;5.68;3.55;2848
0.54;Ideal;D;VVS2;61.5;55;5.25;5.29;3.24;2848
0.75;Fair;D;SI2;64.6;57;5.74;5.72;3.7;2848
0.79;Good;E;SI1;64.1;54;5.86;5.84;3.75;2849
0.74;Very Good;E;VS1;63.1;58;5.75;5.73;3.62;2849
0.7;Very Good;E;VS2;61;60;5.74;5.77;3.51;2850
0.7;Ideal;F;VS2;60.8;59;5.69;5.79;3.49;2850
0.75;Ideal;J;SI1;61.5;56;5.83;5.87;3.6;2850
1.2;Very Good;H;I1;63.1;60;6.75;6.67;4.23;2850
0.8;Very Good;F;SI1;63.4;57;5.89;5.82;3.71;2851
0.66;Ideal;D;VS1;62.1;56;5.54;5.57;3.45;2851
0.87;Very Good;F;SI2;61;63;6.22;6.07;3.75;2851
0.86;Premium;H;SI1;62.7;59;6.04;5.98;3.77;2851
0.74;Ideal;F;SI1;61;57;5.85;5.81;3.56;2851
0.58;Very Good;E;IF;60.6;59;5.37;5.43;3.27;2852
0.78;Ideal;I;VS1;61.5;57;5.88;5.92;3.63;2852
0.74;Ideal;G;SI1;61.3;55;5.85;5.86;3.59;2852
0.73;Ideal;E;SI1;62.7;55;5.7;5.79;3.6;2852
0.91;Very Good;I;SI1;63.5;57;6.12;6.07;3.87;2852
0.71;Premium;F;VS2;62.6;58;5.67;5.7;3.56;2853
0.71;Good;G;VS1;63.5;55;5.64;5.66;3.59;2853
0.79;Ideal;D;SI2;62.8;57;5.9;5.85;3.69;2853
0.79;Premium;D;SI2;60;60;6.07;6.03;3.63;2853
0.71;Premium;E;SI1;62.7;58;5.73;5.66;3.57;2853
0.82;Premium;I;VS1;61.9;58;5.99;5.97;3.7;2853
0.78;Very Good;H;VS1;61.9;57.1;5.87;5.95;3.66;2854
0.7;Very Good;E;VS1;62.4;56;5.64;5.7;3.54;2854
1.12;Premium;H;I1;59.1;61;6.78;6.75;4;2854
0.73;Premium;E;VS2;62;57;5.86;5.76;3.6;2854
0.91;Fair;J;VS2;64.4;62;6.06;6.03;3.89;2854
0.91;Fair;J;VS2;65.4;60;6.04;6;3.94;2854
0.91;Good;J;VS2;64.2;58;6.12;6.09;3.92;2854
0.91;Fair;H;SI1;65.8;58;6.04;6.01;3.96;2854
0.7;Premium;E;VS1;58.4;59;5.91;5.83;3.43;2854
0.68;Premium;F;VVS2;61.7;57;5.67;5.64;3.49;2854
0.73;Very Good;F;VS2;62.5;57;5.7;5.75;3.58;2855
1.03;Good;J;SI1;63.6;57;6.38;6.29;4.03;2855
0.74;Premium;D;VS2;62.4;57;5.8;5.74;3.6;2855
0.98;Fair;E;SI2;53.3;67;6.82;6.74;3.61;2855
1.02;Fair;I;SI1;53;63;6.84;6.77;3.66;2856
1;Fair;G;SI2;67.8;61;5.96;5.9;4.02;2856
1.02;Ideal;H;SI2;61.6;55;6.49;6.43;3.98;2856
0.6;Ideal;F;VVS2;60.8;57;5.44;5.49;3.32;2856
0.8;Ideal;G;SI2;61.6;56;5.97;6.01;3.69;2856
0.97;Ideal;F;I1;60.7;56;6.43;6.41;3.9;2856
1;Fair;I;SI1;67.9;62;6.19;6.03;4.15;2856
0.26;Ideal;E;VS1;62.3;57;4.05;4.08;2.53;556
0.26;Ideal;E;VS1;62.1;56;4.09;4.12;2.55;556
0.36;Ideal;H;SI1;61.9;55;4.57;4.59;2.83;556
0.34;Good;G;VS2;57.5;61;4.6;4.66;2.66;556
0.34;Good;E;SI1;63.3;57;4.44;4.47;2.82;556
0.34;Good;E;SI1;63.5;55;4.44;4.47;2.83;556
0.34;Good;E;SI1;63.4;55;4.44;4.46;2.82;556
0.34;Very Good;G;VS2;59.6;62;4.54;4.56;2.71;556
0.34;Ideal;E;SI1;62.2;54;4.47;4.5;2.79;556
0.32;Good;E;VS2;64.1;54;4.34;4.37;2.79;556
0.31;Ideal;I;VVS1;61.6;55;4.36;4.41;2.7;557
0.31;Ideal;I;VVS1;61.3;56;4.36;4.38;2.68;557
0.31;Ideal;I;VVS1;62.3;54;4.37;4.4;2.73;557
0.31;Ideal;I;VVS1;62;54;4.37;4.4;2.72;557
0.31;Ideal;I;VVS1;62.7;53;4.33;4.35;2.72;557
0.31;Ideal;I;VVS1;62.2;53;4.36;4.38;2.72;557
0.31;Ideal;G;VS2;62.2;53.6;4.32;4.35;2.7;557
0.31;Ideal;H;VS1;61.6;54.8;4.35;4.37;2.69;557
0.31;Ideal;H;VS1;61.8;54.2;4.33;4.37;2.69;557
0.33;Premium;G;SI2;59.4;59;4.52;4.5;2.68;557
0.33;Premium;F;SI2;62.3;58;4.43;4.4;2.75;557
0.33;Premium;G;SI2;62.6;58;4.42;4.4;2.76;557
0.33;Ideal;G;SI2;61.9;56;4.45;4.41;2.74;557
0.33;Premium;F;SI2;63;58;4.42;4.4;2.78;557
0.33;Premium;J;VS1;62.8;58;4.41;4.38;2.76;557
0.33;Premium;J;VS1;61.5;61;4.46;4.39;2.72;557
0.33;Ideal;J;VS1;62.1;55;4.44;4.41;2.75;557
0.33;Ideal;I;SI1;63;57;4.39;4.37;2.76;557
0.33;Good;I;SI1;63.6;53;4.43;4.4;2.81;557
0.33;Premium;I;SI1;60.4;59;4.54;4.5;2.73;557
1;Fair;H;SI2;66.1;56;6.21;5.97;4.04;2856
0.77;Premium;F;SI1;60.8;59;5.92;5.86;3.58;2856
0.77;Premium;F;SI1;61;58;5.94;5.9;3.61;2856
0.7;Good;E;VVS2;60.1;63;5.68;5.71;3.42;2857
0.9;Very Good;G;SI2;63.1;58;6.08;6.02;3.82;2857
0.72;Ideal;E;SI1;62.3;57;5.76;5.7;3.57;2857
0.9;Premium;I;VS2;61.9;59;6.2;6.14;3.82;2857
0.72;Premium;E;SI1;62.1;58;5.76;5.73;3.57;2857
0.7;Ideal;G;VVS2;62.1;56;5.63;5.71;3.52;2858
0.81;Very Good;F;SI1;61.3;57;6.02;6.05;3.7;2858
0.81;Very Good;F;SI1;61.7;57;6;6.05;3.72;2858
0.71;Premium;E;VS2;61;60;5.76;5.69;3.49;2858
0.7;Premium;E;VS2;61.4;59;5.73;5.7;3.51;2858
0.71;Premium;E;VS2;61.5;60;5.76;5.68;3.52;2858
0.71;Very Good;E;VS2;63.5;59;5.68;5.59;3.58;2858
0.92;Premium;J;SI1;62.9;58;6.22;6.18;3.9;2858
0.76;Ideal;E;SI1;62.7;54;5.88;5.83;3.67;2858
0.73;Ideal;D;SI1;61.5;56;5.84;5.8;3.58;2858
0.71;Premium;D;VS2;60.4;62;5.74;5.72;3.46;2858
0.7;Good;E;VVS2;63.6;62;5.61;5.58;3.56;2858
0.9;Fair;G;SI2;64.5;56;6.06;6;3.89;2858
0.71;Fair;D;VS2;56.9;65;5.89;5.84;3.34;2858
0.7;Ideal;D;VS2;61;57;5.76;5.74;3.51;2859
0.7;Premium;D;VS2;62.4;56;5.72;5.66;3.55;2859
0.77;Premium;F;VS1;60.9;60;5.91;5.88;3.59;2859
0.71;Ideal;G;VS1;61.5;56;5.74;5.78;3.54;2859
0.7;Premium;D;VS2;59.6;61;5.8;5.77;3.45;2859
0.75;Fair;F;VS1;55.8;70;6.09;5.98;3.37;2859
0.83;Premium;E;SI2;59.2;60;6.17;6.12;3.64;2859
0.71;Very Good;F;VS2;61.3;61;5.68;5.73;3.5;2860
0.9;Very Good;J;SI2;63.6;58;6.07;6.1;3.87;2860
0.6;Ideal;E;VVS2;61.9;54.9;5.41;5.44;3.35;2860
0.71;Premium;D;VS1;62.9;57;5.66;5.6;3.54;2860
0.53;Ideal;F;VVS1;61.4;57;5.23;5.2;3.2;2860
0.71;Premium;D;SI1;60.7;58;5.95;5.78;3.56;2861
0.62;Ideal;G;VVS2;61.6;56;5.45;5.48;3.37;2861
0.62;Ideal;G;VVS2;61.6;56;5.48;5.51;3.38;2861
0.9;Premium;I;SI1;63;58;6.09;6.01;3.81;2861
0.62;Fair;F;IF;60.1;61;5.53;5.56;3.33;2861
0.82;Premium;E;SI2;61.7;59;6.01;5.98;3.7;2861
0.66;Premium;D;VS1;61;58;5.67;5.57;3.43;2861
0.7;Very Good;D;SI1;62.5;55;5.67;5.72;3.56;2862
0.8;Very Good;F;SI1;62.6;58;5.9;5.92;3.7;2862
0.8;Very Good;D;SI2;62.5;59;5.88;5.92;3.69;2862
0.79;Premium;F;SI1;62.3;54;5.97;5.91;3.7;2862
0.71;Very Good;F;VVS1;63.2;60;5.65;5.61;3.56;2862
0.7;Ideal;H;VS2;61.1;57;5.71;5.74;3.5;2862
0.7;Very Good;E;VS2;58.7;63;5.73;5.69;3.35;2862
0.79;Premium;H;VS1;60;60;6.07;5.99;3.64;2862
0.7;Premium;E;VS2;59.5;59;5.82;5.77;3.45;2862
1.22;Premium;E;I1;60.9;57;6.93;6.88;4.21;2862
1.01;Fair;E;SI2;67.6;57;6.21;6.11;4.18;2862
0.73;Premium;E;VS2;62.5;61;5.78;5.64;3.59;2862
0.91;Good;I;VS2;64.3;58;6.05;6.09;3.9;2863
0.71;Ideal;D;SI1;60.8;56;5.8;5.77;3.52;2863
0.83;Premium;G;SI1;62.3;58;6.01;5.97;3.73;2863
0.84;Premium;F;SI2;62.3;59;6.06;6.01;3.76;2863
0.71;Premium;D;SI1;61;61;5.82;5.75;3.53;2863
0.71;Premium;D;SI1;59.7;59;5.82;5.8;3.47;2863
0.71;Premium;D;SI1;61.7;56;5.8;5.68;3.54;2863
0.71;Ideal;D;SI1;61.7;57;5.75;5.7;3.53;2863
0.71;Premium;D;SI1;61.4;58;5.79;5.75;3.54;2863
0.71;Premium;D;SI1;60.6;58;5.79;5.77;3.5;2863
0.91;Premium;J;SI1;59.5;62;6.4;6.18;3.74;2863
0.9;Premium;J;VS2;59.8;62;6.24;6.21;3.72;2863
0.71;Premium;H;VVS2;61.5;62;5.74;5.68;3.51;2863
0.71;Premium;E;SI1;59.1;61;5.84;5.8;3.44;2863
0.72;Ideal;F;VS2;59.5;57;5.91;5.86;3.5;2863
0.72;Premium;E;SI1;60.9;60;5.78;5.74;3.51;2863
0.71;Ideal;E;VS2;61;55;5.79;5.75;3.52;2863
0.81;Ideal;E;SI2;60.3;57;6.07;6.04;3.65;2864
0.83;Very Good;I;VS2;61.6;58;6.05;6.07;3.73;2865
0.73;Premium;D;SI1;60.8;55;5.87;5.81;3.55;2865
0.56;Very Good;D;VVS1;62;56;5.25;5.3;3.27;2866
0.56;Very Good;D;VVS1;61.8;55;5.27;5.31;3.27;2866
0.71;Ideal;E;VS1;62.2;55;5.74;5.7;3.56;2866
0.7;Ideal;H;VVS1;62.3;58;5.66;5.7;3.54;2866
0.96;Premium;I;SI1;61.3;58;6.39;6.3;3.89;2866
0.71;Very Good;H;VVS1;62.9;57;5.67;5.69;3.57;2867
0.7;Ideal;D;VS2;62.4;57;5.68;5.61;3.52;2867
0.71;Ideal;H;VVS1;60.4;57;5.78;5.81;3.5;2867
0.8;Premium;H;VS2;61.2;53;6.05;5.98;3.68;2867
0.95;Premium;F;SI2;58.4;57;6.49;6.41;3.77;2867
0.82;Ideal;F;SI2;62.3;56;5.99;5.95;3.72;2867
0.52;Ideal;F;VVS1;61.2;56;5.21;5.19;3.18;2867
0.82;Ideal;F;SI2;61.7;53;6.12;6;3.74;2867
0.82;Ideal;F;SI2;62.3;56;6.02;5.96;3.73;2867
0.82;Premium;F;SI2;59.7;57;6.14;6.12;3.66;2867
0.8;Ideal;G;SI1;61.3;57;5.96;5.91;3.64;2867
0.96;Fair;F;SI2;68.2;61;6.07;5.88;4.1;2867
0.72;Ideal;I;VS1;62.4;55;5.72;5.75;3.58;2868
0.62;Ideal;G;IF;60.5;57;5.52;5.56;3.35;2868
0.79;Premium;E;SI2;61;58;5.96;5.9;3.62;2868
0.75;Very Good;E;SI1;63.1;56;5.78;5.7;3.62;2868
1.08;Premium;D;I1;61.9;60;6.55;6.48;4.03;2869
0.72;Ideal;E;SI1;60.8;55;5.77;5.84;3.53;2869
0.62;Ideal;G;IF;61.8;56;5.43;5.47;3.37;2869
0.73;Ideal;G;VVS2;61.3;57;5.84;5.81;3.57;2869
0.72;Ideal;H;VVS2;60.9;57;5.79;5.77;3.52;2869
0.52;Premium;F;VVS2;61.8;60;5.16;5.13;3.18;2870
0.83;Ideal;E;SI2;62.2;57;6;6.05;3.75;2870
0.64;Premium;E;VVS2;62.1;58;5.56;5.51;3.44;2870
0.8;Ideal;G;SI1;62.5;57;5.94;5.9;3.7;2870
0.74;Ideal;H;SI1;62.1;56;5.77;5.83;3.6;2870
0.72;Ideal;F;SI1;61.5;56;5.72;5.79;3.54;2870
0.82;Ideal;H;VS2;59.5;57;6.12;6.09;3.63;2870
0.73;Premium;E;VS1;61.3;59;5.81;5.78;3.55;2870
1.04;Premium;I;I1;61.6;61;6.47;6.45;3.98;2870
0.73;Very Good;E;SI1;61.3;58;5.76;5.83;3.55;2871
0.73;Good;E;SI1;63.6;57;5.7;5.72;3.63;2871
0.9;Premium;J;SI1;62.8;59;6.13;6.03;3.82;2871
0.75;Ideal;I;SI1;61.8;55;5.83;5.85;3.61;2871
0.79;Ideal;G;SI1;62.6;55;5.91;5.95;3.71;2871
0.7;Good;D;SI1;62.5;56.7;5.59;5.62;3.51;2872
0.75;Very Good;D;SI1;60.7;55;5.87;5.92;3.58;2872
1.02;Ideal;I;I1;61.7;56;6.44;6.49;3.99;2872
0.7;Very Good;G;SI2;59;62;5.79;5.81;3.42;2872
0.7;Ideal;D;SI1;61.8;56;5.63;5.73;3.51;2872
0.7;Good;E;SI1;61.4;64;5.66;5.71;3.49;2872
0.7;Ideal;D;SI1;61.4;54;5.71;5.75;3.52;2872
0.7;Ideal;D;SI1;60.7;56;5.72;5.75;3.48;2872
0.7;Very Good;D;SI1;60.2;60;5.75;5.82;3.48;2872
0.72;Very Good;E;VS2;58.3;57;5.89;5.94;3.45;2872
0.74;Ideal;E;SI1;62.3;58;5.74;5.78;3.59;2872
0.84;Good;G;SI1;65.1;55;5.88;5.97;3.86;2872
0.76;Very Good;F;VS2;62;58;5.8;5.86;3.62;2873
0.77;Very Good;E;SI1;63.2;58;5.8;5.84;3.68;2873
0.76;Ideal;E;SI2;62.8;56;5.78;5.82;3.64;2873
1;Ideal;I;SI2;61.7;56;6.45;6.41;3.97;2873
1;Fair;H;SI1;65.5;62;6.14;6.07;4;2873
0.9;Fair;I;SI1;65.7;58;6.03;6;3.95;2873
0.9;Premium;J;SI1;61.8;58;6.16;6.13;3.8;2873
0.9;Good;J;SI1;64;61;6;5.96;3.83;2873
0.9;Fair;I;SI1;65.3;61;5.98;5.94;3.89;2873
0.9;Fair;I;SI1;65.8;56;6.01;5.96;3.94;2873
0.9;Premium;J;SI1;60.9;61;6.26;6.22;3.8;2873
0.78;Premium;F;VS2;62.6;58;5.91;5.82;3.67;2874
0.71;Premium;D;VS2;61.2;59;5.69;5.74;3.5;2874
0.7;Premium;F;VS1;59;59;5.79;5.77;3.41;2874
0.7;Premium;F;VS1;60.8;62;5.71;5.67;3.46;2874
0.7;Premium;G;VVS2;61.8;58;5.67;5.63;3.49;2874
0.7;Ideal;F;VS1;61;55;5.77;5.73;3.51;2874
0.7;Ideal;F;VS1;61.6;55;5.75;5.71;3.53;2874
0.7;Ideal;F;VS1;62.4;56;5.69;5.65;3.54;2874
0.7;Premium;G;VVS2;62.9;59;5.68;5.61;3.55;2874
1;Fair;H;SI2;67.7;60;6.11;5.98;4.09;2875
0.77;Ideal;H;SI1;62.4;56;5.84;5.9;3.66;2875
1;Fair;J;VS1;65.5;55;6.3;6.25;4.11;2875
1;Fair;I;SI1;66.3;61;6.08;6.03;4.01;2875
1;Fair;H;SI2;69.5;55;6.17;6.1;4.26;2875
0.73;Premium;E;VS1;62.6;60;5.68;5.75;3.58;2876
0.79;Premium;E;VS2;60.6;53;6.04;5.98;3.64;2876
0.72;Very Good;H;VS1;62.2;54;5.74;5.76;3.57;2877
0.71;Ideal;E;VS1;62.4;56;5.75;5.7;3.57;2877
0.74;Ideal;G;VS2;62.3;55;5.8;5.83;3.62;2877
0.7;Good;H;VVS1;62.7;56;5.6;5.66;3.53;2877
0.7;Good;F;VS1;59.1;62;5.82;5.86;3.44;2877
0.79;Very Good;F;SI1;62.8;59;5.86;5.89;3.69;2878
0.79;Very Good;F;SI1;62.7;60;5.82;5.89;3.67;2878
0.79;Very Good;D;SI2;59.7;58;6;6.07;3.6;2878
0.71;Ideal;I;VS2;61.5;55;5.76;5.78;3.55;2878
0.79;Ideal;F;SI1;62.8;56;5.88;5.9;3.7;2878
0.73;Very Good;F;SI1;61.4;56;5.81;5.86;3.58;2879
0.63;Premium;E;IF;60.3;62;5.55;5.53;3.34;2879
0.7;Premium;F;VS1;60.4;60;5.73;5.7;3.45;2879
0.71;Premium;F;VS1;62.7;58;5.71;5.67;3.57;2879
0.84;Ideal;G;SI2;61;56;6.13;6.1;3.73;2879
0.84;Ideal;G;SI2;62.3;55;6.08;6.03;3.77;2879
1.02;Ideal;J;SI2;60.3;54;6.53;6.5;3.93;2879
0.72;Fair;F;VS1;56.9;69;5.93;5.77;3.33;2879
0.72;Ideal;F;VS1;62;56;5.76;5.73;3.56;2879
0.92;Very Good;J;SI2;58.7;61;6.34;6.43;3.75;2880
0.74;Very Good;D;SI1;63.9;57;5.72;5.74;3.66;2880
0.7;Ideal;H;VVS1;62;55;5.74;5.71;3.55;2881
0.71;Very Good;E;VS2;60;59;5.84;5.83;3.5;2881
1.05;Premium;H;I1;62;59;6.5;6.47;4.02;2881
0.7;Very Good;H;IF;62.8;56;5.62;5.65;3.54;2882
0.54;Ideal;F;VVS1;61.8;56;5.23;5.26;3.24;2882
0.73;Premium;F;VS2;59.9;58;5.87;5.84;3.51;2882
0.88;Fair;F;SI1;56.6;65;6.39;6.32;3.6;2882
0.73;Premium;F;VS2;58.7;57;5.97;5.92;3.49;2882
0.72;Ideal;D;SI1;61.8;56;5.75;5.81;3.57;2883
0.9;Good;H;SI2;62.7;64;6.09;6;3.79;2883
0.9;Fair;H;SI2;65;61;6.01;5.96;3.89;2883
1.03;Fair;I;SI2;65.3;55;6.32;6.27;4.11;2884
0.84;Very Good;F;SI1;63.8;57;5.95;6;3.81;2885
1.01;Premium;I;SI1;62.7;60;6.36;6.27;3.96;2885
0.77;Ideal;D;SI2;61.5;55;5.9;5.93;3.64;2885
0.8;Fair;E;SI1;56.3;63;6.22;6.14;3.48;2885
0.9;Fair;D;SI2;66.9;57;6.02;5.9;3.99;2885
0.73;Ideal;E;SI1;61.4;56;5.79;5.81;3.56;2886
0.72;Ideal;E;SI1;62.7;55;5.64;5.69;3.55;2886
0.71;Very Good;D;SI1;62.4;54;5.71;5.79;3.59;2887
0.7;Premium;E;VS1;62.6;59;5.66;5.69;3.55;2887
0.79;Ideal;I;VS1;61.7;59;5.93;5.96;3.67;2888
0.72;Very Good;G;VVS2;62.5;58;5.68;5.72;3.56;2889
0.7;Very Good;E;VS2;63.5;54;5.62;5.66;3.58;2889
0.7;Very Good;F;VS1;62.2;58;5.64;5.75;3.54;2889
0.9;Good;H;SI2;63.5;58;6.09;6.14;3.88;2889
0.71;Very Good;F;VS1;62.8;56;5.69;5.72;3.58;2889
0.5;Ideal;E;VVS2;62.2;54;5.08;5.12;3.17;2889
0.5;Ideal;E;VVS2;62.2;54;5.09;5.11;3.17;2889
0.74;Ideal;F;SI1;61.2;56;5.83;5.87;3.58;2889
0.77;Premium;F;VS2;61.8;56;5.94;5.9;3.66;2889
0.77;Premium;E;SI1;59.8;61;5.99;5.95;3.57;2889
0.8;Ideal;F;SI1;61.5;54;6.07;6;3.71;2890
0.8;Ideal;F;SI1;62.4;57;5.9;5.87;3.67;2890
0.8;Premium;F;SI1;61.5;60;5.97;5.94;3.66;2890
0.8;Good;F;SI1;63.8;59;5.87;5.83;3.73;2890
0.66;Ideal;G;VVS1;61.5;56;5.61;5.58;3.44;2890
0.71;Very Good;E;VS2;61.2;58;5.71;5.79;3.52;2891
0.71;Ideal;F;VS2;61.2;56;5.73;5.77;3.52;2891
0.71;Ideal;E;VS2;61.6;56;5.74;5.76;3.54;2891
0.71;Ideal;E;VS2;62.7;56;5.71;5.75;3.59;2891
0.72;Ideal;D;SI1;61.1;56;5.78;5.81;3.54;2891
0.71;Good;D;VS2;62.3;61;5.7;5.73;3.56;2891
0.86;Ideal;H;SI2;61.8;55;6.12;6.14;3.79;2892
1.19;Fair;H;I1;65.1;59;6.62;6.55;4.29;2892
0.71;Very Good;F;VS1;62.6;55;5.66;5.71;3.56;2893
0.82;Very Good;G;SI2;62.5;56;5.99;6.04;3.76;2893
0.71;Ideal;G;VVS2;61.5;57;5.73;5.75;3.53;2893
0.75;Ideal;F;VS2;62.5;57;5.78;5.83;3.63;2893
0.7;Very Good;H;VVS1;59.2;60;5.87;5.78;3.45;2893
0.8;Ideal;G;SI2;62.5;55;5.89;5.92;3.69;2893
0.82;Good;G;SI2;59.9;62;6.02;6.04;3.61;2893
0.82;Very Good;G;SI1;63.4;55;6;5.93;3.78;2893
0.82;Premium;G;SI1;59.9;59;6.09;6.06;3.64;2893
0.81;Very Good;E;SI2;62.4;57;5.91;5.99;3.71;2894
0.81;Ideal;G;SI2;62.2;57;5.96;6;3.72;2894
0.76;Ideal;F;SI1;61.4;56;5.88;5.92;3.62;2894
0.71;Very Good;G;VS2;60.9;56;5.75;5.78;3.51;2895
0.7;Very Good;F;VS1;61.8;59;5.66;5.76;3.53;2895
0.7;Ideal;G;VVS2;62.1;53;5.71;5.75;3.56;2895
0.74;Very Good;G;VS1;59.8;58;5.85;5.89;3.51;2896
0.77;Very Good;G;VS2;61.3;60;5.81;5.91;3.59;2896
0.77;Very Good;G;VS2;58.3;63;6;6.05;3.51;2896
0.53;Ideal;F;VVS1;61.6;56;5.18;5.24;3.21;2896
0.79;Ideal;D;SI1;61.5;56;5.91;5.96;3.65;2896
0.73;Ideal;E;SI2;61.5;55;5.82;5.86;3.59;2896
0.77;Ideal;D;SI2;62.1;56;5.83;5.89;3.64;2896
0.77;Premium;E;SI1;60.9;58;5.94;5.88;3.6;2896
1.01;Very Good;I;I1;63.1;57;6.39;6.35;4.02;2896
1.01;Ideal;I;I1;61.5;57;6.46;6.45;3.97;2896
0.6;Very Good;D;VVS2;60.6;57;5.48;5.51;3.33;2897
0.76;Premium;E;SI1;61.1;58;5.91;5.85;3.59;2897
0.54;Ideal;D;VVS2;61.4;52;5.3;5.34;3.26;2897
0.72;Ideal;E;SI1;62.5;55;5.69;5.74;3.57;2897
0.72;Good;F;VS1;59.4;61;5.82;5.89;3.48;2897
0.74;Premium;D;VS2;61.8;58;5.81;5.77;3.58;2897
1.12;Premium;J;SI2;60.6;59;6.68;6.61;4.03;2898
0.75;Ideal;D;SI1;62.3;55;5.83;5.8;3.62;2898
0.77;Ideal;D;SI1;62.6;57;5.92;5.81;3.67;2898
0.98;Good;H;SI2;57.9;56;6.51;6.47;3.76;2898
0.79;Ideal;G;SI1;61.1;57;5.98;5.93;3.64;2898
0.79;Ideal;G;SI1;62.3;57;5.9;5.85;3.66;2898
0.79;Ideal;G;SI1;62.3;57;5.9;5.85;3.66;2898
0.79;Ideal;G;SI1;62.3;57;5.9;5.85;3.66;2898
0.79;Ideal;G;SI1;62.3;57;5.9;5.85;3.66;2898
0.79;Ideal;G;SI1;62.3;57;5.9;5.85;3.66;2898
0.7;Good;G;VVS1;59.9;61;5.75;5.81;3.46;2899
0.7;Very Good;F;SI1;61.9;58;5.71;5.72;3.54;2900
0.72;Premium;D;VS1;62.7;58;5.68;5.65;3.55;2900
0.8;Premium;F;SI1;62.7;58;5.91;5.93;3.71;2901
0.81;Ideal;E;SI2;63;56;5.95;5.9;3.73;2901
0.81;Premium;E;SI2;62.5;59;5.97;5.9;3.71;2901
0.74;Ideal;E;VS2;61.9;57;5.81;5.78;3.59;2901
0.73;Premium;E;VS2;62;60;5.76;5.73;3.56;2902
0.73;Ideal;E;VS2;61.4;55;5.82;5.8;3.57;2902
0.75;Ideal;G;SI1;61.6;55;5.82;5.86;3.6;2902
0.71;Fair;E;VS2;64.6;59;5.62;5.59;3.62;2902
0.71;Premium;E;VS2;59.6;60;5.85;5.8;3.47;2902
0.75;Premium;D;SI1;62.8;60;5.78;5.74;3.62;2903
0.75;Ideal;D;SI1;62.3;57;5.83;5.8;3.62;2903
0.72;Ideal;D;SI1;61.9;55;5.78;5.75;3.57;2903
0.72;Premium;D;SI1;61.4;59;5.79;5.71;3.53;2903
0.72;Premium;E;VS2;61.1;59;5.8;5.75;3.53;2903
0.79;Very Good;F;SI1;63;54;5.91;5.94;3.73;2904
0.79;Very Good;D;SI2;62.8;57;5.85;5.9;3.69;2904
0.7;Very Good;E;VS1;58.4;59;5.83;5.91;3.43;2904
0.62;Ideal;E;VVS2;62;56;5.48;5.52;3.41;2904
0.7;Very Good;G;VVS2;59.3;62;5.78;5.82;3.44;2905
0.7;Very Good;G;VVS2;63.4;59;5.62;5.64;3.57;2905
0.7;Very Good;G;VVS2;63.3;59;5.59;5.62;3.55;2905
0.71;Very Good;G;VS2;62.1;58;5.65;5.71;3.53;2905
0.86;Very Good;I;VS1;61.2;58;6.1;6.16;3.75;2905
0.53;Ideal;D;VVS1;62.5;54;5.16;5.21;3.24;2905
0.91;Very Good;J;SI1;63.5;58;6.17;6.12;3.9;2905
0.95;Good;I;SI2;63.8;57;6.23;6.13;3.94;2905
0.91;Premium;J;SI1;62.8;59;6.19;6.14;3.87;2905
0.74;Very Good;D;VS2;62.4;57;5.74;5.8;3.6;2906
0.8;Ideal;I;VS1;62.2;58;5.92;5.95;3.69;2906
0.74;Good;E;SI1;62.8;61;5.74;5.76;3.61;2906
0.61;Ideal;E;VVS2;62.4;53.9;5.42;5.43;3.38;2907
0.61;Ideal;E;VVS2;62.4;53.6;5.42;5.45;3.39;2907
0.61;Ideal;E;VVS2;62.1;54.2;5.43;5.45;3.38;2907
0.72;Ideal;H;VVS1;62.8;57;5.68;5.72;3.58;2907
0.7;Ideal;F;VS2;62.3;53;5.69;5.73;3.56;2907
0.71;Ideal;F;VS1;61.9;56;5.7;5.74;3.54;2907
0.79;Ideal;G;SI1;60.3;60;5.98;6.02;3.62;2907
0.72;Ideal;E;SI1;62.6;56;5.7;5.73;3.58;2907
0.33;Ideal;G;SI2;62.9;55;4.46;4.41;2.79;557
0.39;Ideal;H;SI2;61.5;57;4.66;4.7;2.88;558
0.32;Ideal;D;SI1;61.3;55;4.41;4.46;2.72;558
0.25;Premium;F;VS1;61.2;59;4.05;4.02;2.47;558
0.25;Good;F;VS1;63.6;57;4.04;4.01;2.56;558
0.25;Premium;E;VS1;60.7;59;4.13;4.11;2.5;558
0.25;Premium;E;VS1;61.5;60;4.04;4.02;2.48;558
0.31;Premium;I;VS2;60.8;58;4.37;4.34;2.65;558
0.31;Premium;I;VS2;59.8;60;4.42;4.38;2.63;558
0.31;Very Good;I;VS2;63.2;55;4.4;4.3;2.75;558
0.31;Premium;I;VS2;62.3;57;4.35;4.32;2.7;558
0.31;Premium;H;SI1;58.7;60;4.47;4.43;2.61;558
0.31;Premium;H;SI1;62.7;58;4.34;4.31;2.71;558
0.31;Ideal;E;SI2;61.7;56;4.4;4.35;2.7;558
0.31;Ideal;E;SI2;60.1;57;4.44;4.41;2.66;558
0.31;Ideal;E;SI2;61.3;55;4.37;4.34;2.67;558
0.31;Premium;I;VS2;60.8;60;4.42;4.37;2.67;558
0.31;Ideal;I;VS2;59.9;57;4.4;4.38;2.63;558
0.31;Premium;I;VS2;59.9;60;4.44;4.41;2.65;558
0.31;Premium;I;VS2;61.1;58;4.38;4.36;2.67;558
0.31;Premium;I;VS2;60.7;61;4.34;4.32;2.63;558
0.31;Very Good;I;VS2;63.1;54;4.34;4.31;2.73;558
0.31;Premium;I;VS2;62.3;60;4.32;4.31;2.69;558
0.31;Premium;H;SI1;61.7;59;4.39;4.36;2.7;558
0.31;Premium;H;SI1;61;61;4.39;4.33;2.66;558
0.31;Good;H;SI1;63.6;57;4.31;4.28;2.73;558
0.31;Premium;H;SI1;62.4;57;4.35;4.31;2.7;558
0.31;Premium;H;SI1;62.8;58;4.32;4.28;2.7;558
0.31;Ideal;H;SI1;62.9;56;4.31;4.27;2.7;558
0.31;Premium;E;SI2;60.9;60;4.38;4.35;2.66;558
0.82;Very Good;H;SI1;63.6;56;5.9;5.95;3.77;2908
0.73;Ideal;I;VS1;61.5;55;5.8;5.84;3.58;2908
0.7;Premium;D;VS2;61;60;5.75;5.7;3.49;2909
0.7;Premium;D;VS2;60.9;57;5.71;5.69;3.47;2909
0.71;Ideal;H;VS1;61.2;56;5.76;5.81;3.54;2909
0.71;Ideal;H;VS1;61.9;56;5.7;5.74;3.54;2909
0.9;Ideal;I;SI2;61.9;57;6.19;6.13;3.81;2909
0.71;Very Good;D;VS1;62.9;57;5.6;5.66;3.54;2910
1.05;Premium;I;SI2;58.3;57;6.72;6.67;3.9;2911
0.59;Ideal;E;VVS2;61.1;57;5.39;5.41;3.3;2911
0.71;Ideal;G;VS2;60.6;56;5.76;5.8;3.5;2911
0.77;Good;F;VS2;60.3;61;5.89;5.96;3.57;2911
0.73;Good;E;VS2;64.2;54;5.68;5.72;3.66;2912
0.7;Good;E;VS2;58.7;63;5.69;5.73;3.35;2912
0.73;Good;E;VS2;63.2;56;5.75;5.76;3.64;2912
0.8;Premium;E;SI1;61.2;60;5.97;5.95;3.65;2912
1;Fair;H;SI2;65.2;54;6.3;6.22;4.08;2912
1;Fair;I;SI1;66;56;6.31;6.24;4.13;2912
1;Fair;H;SI2;67;55;6.25;6.12;4.16;2912
0.7;Very Good;D;VS2;60.7;60;5.72;5.74;3.48;2913
0.71;Premium;D;SI1;61.4;58;5.75;5.79;3.54;2913
0.71;Premium;G;SI2;60.8;59;5.7;5.74;3.48;2913
0.71;Premium;D;SI1;60.6;58;5.77;5.79;3.5;2913
0.71;Very Good;D;SI1;61.7;56;5.68;5.8;3.54;2913
0.71;Ideal;D;SI1;61.7;57;5.7;5.75;3.53;2913
0.71;Premium;D;SI1;59.7;59;5.8;5.82;3.47;2913
0.91;Premium;I;SI2;62;59;6.18;6.23;3.85;2913
0.83;Premium;E;SI1;62.2;59;6.05;5.97;3.74;2913
0.85;Ideal;G;SI2;62;57;6.1;6.02;3.76;2913
0.8;Very Good;F;SI1;63.5;55;5.86;5.89;3.73;2914
0.73;Ideal;E;SI1;61.4;58;5.76;5.8;3.55;2914
0.83;Very Good;I;VS2;62;55;6.03;6.06;3.74;2915
0.77;Very Good;G;SI1;63.6;57;5.79;5.88;3.71;2915
0.8;Very Good;G;SI2;62;55;5.94;6.01;3.7;2915
0.71;Ideal;F;VS2;62.2;56;5.74;5.71;3.56;2915
0.73;Very Good;H;VS1;60.8;57;5.8;5.83;3.54;2916
0.93;Ideal;I;SI1;62;57;6.22;6.26;3.87;2917
0.74;Premium;F;VS1;62.5;60;5.78;5.74;3.6;2917
0.7;Ideal;E;VS2;62.5;58;5.63;5.67;3.53;2917
0.71;Ideal;F;VS2;61.2;56;5.77;5.73;3.52;2917
0.71;Very Good;F;VS2;59.5;58;5.82;5.87;3.48;2918
0.8;Very Good;H;VS2;61.2;53;5.98;6.05;3.68;2918
0.71;Ideal;H;VVS1;62.1;54;5.7;5.76;3.56;2918
0.72;Ideal;I;VS2;61.8;55;5.75;5.79;3.56;2918
0.83;Very Good;D;SI2;63.1;57;5.95;5.9;3.74;2918
0.72;Very Good;G;VS1;60.5;57;5.8;5.83;3.52;2919
0.8;Very Good;H;SI1;62.5;56;5.92;5.96;3.71;2919
0.73;Premium;G;VVS2;62.2;56;5.79;5.75;3.59;2919
0.7;Good;F;VS1;63.8;58;5.61;5.58;3.57;2919
0.73;Ideal;H;VS1;61.9;55;5.79;5.76;3.58;2919
0.73;Ideal;G;VVS2;61.9;55;5.83;5.77;3.59;2919
0.71;Premium;E;VS1;59.7;57;5.87;5.78;3.48;2920
0.72;Ideal;F;SI1;61;55;5.78;5.85;3.55;2920
0.71;Premium;F;VS1;59.1;59;5.88;5.83;3.46;2920
0.71;Ideal;F;VS1;62.6;55;5.71;5.67;3.56;2920
0.74;Very Good;H;VVS2;60.5;60;5.79;5.81;3.51;2921
0.71;Very Good;E;VS2;59.9;59;5.77;5.81;3.47;2921
0.71;Very Good;E;VS2;60.7;60;5.75;5.78;3.5;2921
0.71;Very Good;D;SI1;60.1;60;5.76;5.79;3.47;2921
0.65;Ideal;F;VVS2;61.3;56;5.58;5.61;3.43;2921
0.9;Fair;I;VS2;64.1;66;6.04;5.98;3.85;2921
0.71;Very Good;E;VS2;63.7;58;5.6;5.64;3.58;2922
0.71;Very Good;E;VS2;63.3;59;5.62;5.66;3.57;2922
0.68;Very Good;F;VS1;59.7;57;5.79;5.76;3.45;2922
0.53;Ideal;F;VVS1;61.6;56;5.24;5.18;3.21;2922
0.77;Ideal;D;SI2;60.6;56;5.95;5.9;3.59;2922
0.72;Very Good;E;VS2;63;57;5.69;5.73;3.6;2923
0.72;Very Good;E;VS2;63.2;58;5.67;5.72;3.6;2923
0.7;Very Good;E;SI1;61.8;59;5.63;5.69;3.5;2923
0.75;Very Good;E;SI1;62.3;58;5.78;5.81;3.61;2923
0.75;Very Good;E;SI1;61.5;58;5.82;5.86;3.59;2923
0.87;Ideal;H;SI1;62.5;57;6.13;6.06;3.81;2923
0.71;Ideal;E;VS1;62.4;54;5.71;5.74;3.57;2923
0.77;Ideal;D;SI2;60.2;56;5.98;6.04;3.62;2923
0.78;Ideal;F;SI1;61.1;56;5.94;5.98;3.64;2923
0.75;Good;E;SI1;58.3;60;5.94;5.99;3.48;2923
0.9;Premium;I;VS2;58.7;60;6.35;6.28;3.7;2923
0.7;Ideal;I;VS1;61.5;56;5.71;5.75;3.52;2924
0.8;Very Good;D;SI1;58.2;63;6.07;6.03;3.52;2925
0.7;Very Good;F;VS1;64.5;58;5.55;5.59;3.59;2925
0.51;Very Good;E;IF;63.3;58;5.03;5.08;3.2;2925
0.71;Ideal;I;IF;61.5;56;5.74;5.77;3.54;2925
1.02;Ideal;I;I1;61.7;56;6.49;6.44;3.99;2925
1.2;Premium;I;I1;60.5;58;6.9;6.79;4.14;2925
0.81;Good;D;SI2;63.6;55;5.91;5.86;3.74;2926
0.81;Premium;F;SI1;61.2;56;6.03;6;3.68;2926
0.81;Premium;F;SI1;61.3;60;6;5.94;3.66;2926
0.77;Very Good;H;VS1;63.3;57;5.79;5.83;3.68;2927
0.8;Ideal;I;SI1;59.4;58;6.07;6.09;3.61;2927
0.9;Premium;H;SI2;59.5;60;6.32;6.29;3.75;2927
0.7;Very Good;F;VS2;61.3;54;5.72;5.76;3.52;2928
0.7;Very Good;D;VS2;60.8;59;5.67;5.71;3.46;2928
0.74;Very Good;E;SI1;61;58;5.82;5.85;3.56;2929
0.8;Very Good;G;VS2;61.1;57;6.01;6.07;3.69;2929
0.7;Ideal;G;VS2;61.8;57;5.68;5.71;3.52;2929
0.7;Ideal;E;SI1;60.1;57;5.78;5.83;3.49;2929
0.71;Very Good;E;VS2;61.3;60;5.74;5.71;3.51;2930
0.7;Premium;E;VS1;60.3;58;5.7;5.74;3.45;2930
0.7;Ideal;E;VS1;62.3;54;5.67;5.72;3.55;2930
0.71;Ideal;F;VS2;62.3;57;5.69;5.74;3.56;2930
0.71;Ideal;G;VS1;62.7;57;5.69;5.73;3.58;2930
0.71;Ideal;G;VS1;62.6;57;5.67;5.7;3.56;2930
0.9;Very Good;E;SI2;58.7;63;6.23;6.2;3.65;2930
0.9;Fair;E;SI2;65;58;6.08;6.04;3.94;2930
0.71;Ideal;G;VVS1;61.7;57;5.75;5.7;3.53;2930
0.7;Very Good;G;VVS2;60.8;57;5.72;5.76;3.49;2931
0.72;Very Good;F;VS2;63.3;57;5.69;5.72;3.61;2931
0.72;Ideal;F;VS2;61.8;59;5.71;5.74;3.54;2931
0.7;Premium;G;VVS1;62;61;5.71;5.62;3.51;2932
0.7;Premium;F;VVS2;61;57;5.8;5.71;3.51;2932
0.7;Very Good;F;VVS2;63.2;58;5.66;5.6;3.56;2932
0.72;Very Good;G;VVS2;62.2;57;5.67;5.72;3.54;2933
0.59;Very Good;D;VVS2;60.6;59;5.44;5.49;3.31;2933
0.73;Premium;F;VS2;59.9;58;5.84;5.87;3.51;2933
0.75;Ideal;F;VS2;62.3;57;5.81;5.87;3.64;2933
0.75;Good;D;SI2;57.6;56;5.98;6.07;3.47;2933
0.9;Good;H;SI2;62.7;64;6;6.09;3.79;2934
0.71;Ideal;D;SI2;62;54;5.77;5.74;3.57;2934
0.91;Premium;H;SI1;60.2;52;6.27;6.15;3.74;2935
1.17;Fair;I;I1;65.4;62;6.68;6.57;4.33;2935
0.8;Premium;H;VS1;62;60;5.92;5.86;3.65;2935
0.7;Very Good;G;VVS2;61.8;60;5.63;5.69;3.5;2936
0.81;Very Good;H;SI1;60.2;58;6.06;6.1;3.66;2936
0.74;Ideal;F;VS2;60.5;59;5.81;5.86;3.53;2936
0.7;Ideal;D;SI2;62.6;54;5.69;5.72;3.57;2936
0.82;Ideal;E;SI2;62.1;56;6.01;5.98;3.72;2937
0.76;Premium;E;SI1;58.3;62;6.12;5.95;3.52;2937
0.76;Premium;G;VS1;59.6;57;6.01;5.91;3.55;2937
0.95;Premium;G;SI2;58.8;60;6.35;6.31;3.72;2937
0.71;Very Good;H;VVS1;62.7;57;5.66;5.72;3.57;2938
0.71;Very Good;H;VVS1;62.7;59;5.65;5.67;3.55;2938
0.81;Ideal;E;SI2;60.2;57;6.1;6.06;3.66;2938
0.73;Very Good;F;VS2;62.7;58;5.73;5.75;3.6;2939
0.73;Very Good;G;VS1;60.7;57;5.76;5.83;3.52;2939
0.83;Very Good;F;SI2;61.9;56;5.99;6.02;3.72;2939
0.77;Premium;D;SI1;59.5;60;6.01;5.95;3.56;2939
0.8;Ideal;E;SI2;60.8;56;6.02;6.01;3.66;2939
0.73;Ideal;F;VS2;62.7;58;5.72;5.77;3.6;2939
0.72;Ideal;E;SI2;62.4;57;5.71;5.74;3.57;2939
0.75;Ideal;G;VS2;60.6;55;5.93;5.91;3.59;2939
0.8;Premium;E;SI2;59.9;58;6.03;5.96;3.59;2939
0.81;Ideal;I;VS2;61.8;56;6.02;5.99;3.71;2939
0.82;Premium;H;VS2;62.6;59;5.99;5.93;3.73;2939
0.7;Good;F;VVS2;63.1;57;5.59;5.66;3.55;2940
1.24;Very Good;J;I1;61.9;55;6.85;6.92;4.26;2940
0.7;Very Good;F;VVS2;62.6;59;5.6;5.64;3.52;2940
0.7;Ideal;F;VS1;61.2;54;5.92;5.64;3.54;2940
0.75;Fair;E;VS2;56;67;6.18;6.08;3.43;2940
1;Good;H;I1;57.6;61;6.67;6.6;3.82;2940
0.75;Ideal;E;VS2;61.6;57;5.84;5.81;3.59;2940
0.7;Ideal;E;VS2;61.5;56;5.73;5.68;3.51;2940
0.79;Very Good;E;SI2;59.2;59;6.04;6.06;3.58;2941
0.8;Good;F;SI1;63.8;59;5.83;5.87;3.73;2941
0.81;Very Good;F;SI2;62.7;58;5.92;5.95;3.72;2942
0.71;Premium;F;VS1;61.1;58;5.76;5.72;3.51;2942
1.03;Fair;G;SI2;65.7;59;6.3;6.24;4.12;2942
0.7;Ideal;F;VS2;60.8;56;5.78;5.79;3.52;2942
0.76;Premium;D;SI1;61.6;59;5.84;5.82;3.59;2942
1.01;Fair;G;SI2;67.1;59;6.27;6.19;4.18;2942
0.73;Ideal;D;SI1;61.4;56;5.82;5.78;3.56;2943
0.72;Ideal;F;VS2;62;56;5.77;5.75;3.57;2943
0.74;Very Good;H;VVS2;61.3;58;5.8;5.85;3.57;2944
0.79;Ideal;G;SI1;61.6;55;5.96;5.98;3.68;2944
0.57;Very Good;D;VVS1;60.4;57;5.39;5.44;3.27;2945
0.79;Very Good;H;VS2;61.5;55;5.89;5.94;3.64;2945
0.78;Very Good;D;SI1;62.4;58;5.86;5.9;3.67;2945
0.85;Good;G;SI1;64.9;56;5.95;5.98;3.87;2945
0.71;Very Good;E;VS1;63.3;59;5.64;5.67;3.58;2946
0.71;Very Good;E;VS1;62.7;57;5.69;5.73;3.58;2946
0.72;Ideal;H;VVS1;62.2;56;5.72;5.75;3.57;2946
0.72;Ideal;H;VVS1;62.5;57;5.7;5.73;3.57;2946
0.77;Ideal;I;SI1;61.5;56;5.9;5.93;3.64;2946
0.79;Ideal;E;SI1;62.3;55;5.9;5.94;3.69;2946
0.78;Very Good;H;VS1;61.7;56;5.92;5.94;3.66;2947
0.76;Ideal;E;VS1;62.1;57;5.82;5.87;3.63;2947
0.92;Ideal;H;SI2;58.5;57;6.37;6.34;3.72;2947
0.73;Premium;D;VS2;60.9;59;5.82;5.77;3.53;2947
0.7;Ideal;H;VVS1;61.2;57;5.69;5.72;3.49;2947
0.7;Ideal;H;VVS1;60.5;58;5.76;5.81;3.5;2947
0.74;Ideal;I;VS1;62;56;5.79;5.82;3.6;2947
0.74;Ideal;I;VS1;61.1;57;5.83;5.86;3.57;2947
0.73;Ideal;D;SI1;61.2;57;5.79;5.81;3.55;2947
0.82;Good;H;VS2;62.4;54;5.97;6.04;3.75;2947
0.9;Premium;I;SI1;60.9;56;6.26;6.21;3.8;2947
0.73;Ideal;G;VS1;61.7;55;5.8;5.84;3.59;2948
0.7;Ideal;E;SI1;62;56;5.68;5.7;3.53;2948
0.9;Premium;I;SI2;62.5;58;6.15;6.1;3.83;2948
0.9;Fair;I;SI2;66.4;60;5.92;5.86;3.91;2948
0.9;Premium;I;SI2;60.6;60;6.28;6.23;3.79;2948
0.9;Ideal;I;SI2;62;56;6.2;6.16;3.83;2948
1;Fair;E;SI2;65.8;58;6.28;6.16;4.09;2948
0.72;Very Good;E;VS2;63;56;5.66;5.73;3.59;2949
0.76;Ideal;E;SI1;61.7;57;5.84;5.89;3.62;2949
0.77;Ideal;D;SI1;62.6;57;5.81;5.92;3.67;2949
0.72;Ideal;H;VS1;62.3;55;5.72;5.74;3.57;2949
0.99;Fair;J;SI1;58;67;6.57;6.5;3.79;2949
0.81;Very Good;I;VS1;62.7;58;5.9;5.96;3.72;2950
0.71;Ideal;G;VS1;62.4;57;5.68;5.73;3.56;2950
0.71;Premium;D;VS2;62.1;60;5.72;5.68;3.54;2950
0.54;Ideal;F;VVS1;61.6;55;5.27;5.28;3.25;2951
0.72;Very Good;D;VS1;62.7;58;5.65;5.68;3.55;2951
0.81;Ideal;H;SI1;62.3;58;5.95;5.96;3.71;2951
0.73;Ideal;F;SI1;61.6;55;5.77;5.81;3.56;2951
0.72;Ideal;E;SI1;61;56;5.84;5.79;3.55;2951
0.7;Very Good;E;VS2;62.4;58;5.66;5.68;3.54;2952
0.7;Very Good;E;VS2;63.4;59;5.63;5.67;3.58;2952
0.7;Very Good;E;VS2;61.8;59;5.63;5.67;3.49;2952
0.7;Very Good;E;VS1;61.3;60;5.68;5.7;3.49;2952
0.72;Ideal;G;VS2;61.5;55;5.76;5.79;3.55;2952
0.72;Ideal;G;VS2;61.4;55;5.76;5.8;3.55;2952
0.7;Ideal;E;VS2;61.9;58;5.7;5.73;3.54;2952
0.7;Ideal;E;VS2;62.6;57;5.63;5.68;3.54;2952
0.7;Ideal;E;VS2;62.1;55;5.71;5.75;3.56;2952
0.74;Ideal;I;IF;62.1;53.9;5.79;5.81;3.6;2952
0.7;Good;E;VS1;61;61;5.69;5.72;3.48;2952
0.8;Very Good;H;VS2;59.1;59;6.02;6.07;3.57;2953
0.79;Premium;F;VS2;63;59;5.84;5.8;3.66;2953
0.75;Good;F;VS1;64.4;59;5.67;5.72;3.66;2953
0.71;Very Good;E;VS2;59.6;60;5.8;5.85;3.47;2954
0.72;Ideal;D;SI1;61.9;55;5.75;5.78;3.57;2954
0.72;Premium;E;VS2;61.1;59;5.75;5.8;3.53;2954
0.72;Premium;D;SI1;61.4;59;5.71;5.79;3.53;2954
0.75;Ideal;D;SI1;62.3;57;5.8;5.83;3.62;2954
0.82;Very Good;D;SI1;63.1;58;5.97;5.95;3.76;2954
0.76;Ideal;G;VS2;61.7;54;5.88;5.92;3.64;2954
0.89;Premium;I;VS1;62.2;62;6.14;6.02;3.78;2955
0.7;Very Good;F;VS2;62.4;57;5.67;5.71;3.55;2956
0.74;Very Good;H;VS1;61.4;56;5.81;5.84;3.57;2956
0.74;Very Good;H;VS1;62.3;56;5.75;5.78;3.59;2956
0.95;Good;I;SI2;63.8;57;6.13;6.23;3.94;2956
0.91;Very Good;J;SI1;62.8;59;6.14;6.19;3.87;2956
0.7;Ideal;F;VS2;60.8;57;5.75;5.77;3.5;2956
0.71;Good;F;VVS2;58.2;60;5.89;5.94;3.44;2956
0.7;Premium;D;VS1;60.4;58;5.78;5.71;3.47;2956
0.72;Ideal;F;VS2;62.6;56;5.75;5.72;3.59;2956
0.72;Ideal;F;VS2;62.2;56;5.75;5.73;3.57;2956
0.72;Ideal;H;VVS1;62;55;5.74;5.77;3.57;2958
0.79;Ideal;I;VS1;62.2;57;5.89;5.94;3.68;2958
0.72;Good;G;VS1;58;57.8;5.85;5.87;3.4;2958
0.98;Fair;F;SI2;61.6;66;6.46;6.24;3.92;2958
0.56;Very Good;D;VVS1;60.1;58;5.36;5.42;3.24;2959
0.7;Very Good;F;VS1;60.1;58;5.73;5.79;3.46;2959
0.79;Premium;G;VS2;62.3;58;5.92;5.89;3.68;2959
0.82;Ideal;I;SI1;61.8;55;6;6.03;3.72;2959
0.74;Fair;G;VVS2;65.2;58;5.7;5.6;3.69;2959
0.71;Very Good;H;VVS2;61.8;56;5.7;5.73;3.53;2960
0.7;Very Good;D;VS2;63;56;5.61;5.69;3.56;2960
0.7;Good;D;VS2;63.4;57;5.6;5.67;3.57;2960
0.7;Ideal;D;VS2;61.3;57;5.72;5.76;3.52;2960
0.76;Ideal;F;VS2;62.6;56;5.82;5.78;3.63;2960
0.72;Ideal;G;VS2;61.3;56;5.77;5.81;3.55;2960
0.64;Ideal;G;IF;61.7;58;5.52;5.56;3.42;2960
0.71;Good;F;VVS2;58.9;61;5.8;5.9;3.44;2960
0.74;Ideal;G;VS1;61.8;55;5.85;5.8;3.6;2960
0.77;Very Good;H;VS1;62.8;58;5.75;5.78;3.62;2961
0.74;Ideal;H;VVS2;61.2;57;5.79;5.85;3.56;2961
0.72;Premium;E;VS1;61.5;60;5.79;5.75;3.55;2961
0.73;Premium;F;VS1;61.9;56;5.81;5.76;3.58;2961
0.73;Premium;F;VS1;62.7;56;5.75;5.73;3.6;2961
0.63;Ideal;F;VVS2;62.3;56;5.48;5.5;3.42;2961
0.72;Ideal;H;VS1;61.1;57;5.8;5.82;3.55;2961
0.76;Ideal;E;SI1;60.6;57;5.91;5.93;3.59;2961
0.71;Premium;F;VS1;62.1;53;5.77;5.7;3.56;2961
0.75;Premium;H;VS1;61.9;61;5.85;5.82;3.61;2961
0.96;Premium;E;SI2;60.4;56;6.32;6.23;3.79;2961
0.63;Ideal;D;VVS2;62.6;56;5.47;5.49;3.43;2962
0.72;Ideal;E;VS2;62;56;5.73;5.76;3.56;2962
0.71;Ideal;G;VS1;62.2;56;5.69;5.72;3.55;2962
0.82;Premium;F;SI1;62.4;56;6.01;5.98;3.74;2962
0.71;Ideal;E;VS1;62.1;53;5.76;5.73;3.57;2963
0.91;Very Good;E;SI2;58.6;63;6.38;6.32;3.72;2963
0.71;Very Good;E;VS2;62.9;57;5.68;5.7;3.58;2964
0.71;Very Good;E;SI1;62.9;55;5.64;5.68;3.56;2964
0.71;Very Good;D;SI1;59.4;59;5.78;5.81;3.44;2964
0.7;Good;E;VS1;63.6;58;5.61;5.56;3.55;2964
0.7;Fair;E;VS1;64.5;57;5.59;5.55;3.59;2964
0.75;Ideal;E;SI1;61.7;56;5.84;5.86;3.61;2964
0.9;Fair;F;SI2;65.7;59;6.03;5.99;3.95;2964
0.9;Good;F;SI2;64.2;62;6.08;6;3.88;2964
0.9;Fair;J;VS1;65.4;60;6.02;5.93;3.91;2964
0.9;Premium;J;VS1;62.1;62;6.12;6.05;3.78;2964
1;Fair;G;SI1;65.7;54;6.24;6.16;4.07;2964
1.5;Fair;H;I1;65.6;54;7.26;7.09;4.7;2964
1.05;Premium;E;I1;61.4;58;6.53;6.46;3.99;2964
0.9;Fair;J;VS1;64.6;58;6.12;6.06;3.93;2964
0.71;Ideal;I;VS1;61.8;56;5.68;5.72;3.52;2965
0.71;Ideal;I;VS1;61.6;56;5.71;5.75;3.53;2965
0.71;Ideal;I;VS1;61.3;57;5.73;5.76;3.52;2965
0.71;Ideal;I;VS1;61.5;56;5.72;5.76;3.52;2965
0.7;Ideal;G;SI1;61.7;55;5.7;5.73;3.53;2965
0.7;Ideal;G;SI1;60.9;56;5.73;5.79;3.51;2965
0.73;Very Good;G;VS2;62.1;59;5.68;5.73;3.54;2966
0.85;Very Good;E;SI2;63.1;58;6.02;6;3.79;2966
0.7;Ideal;I;VVS1;61.8;56;5.69;5.73;3.53;2966
0.75;Ideal;F;SI1;61.2;55;5.87;5.92;3.61;2966
0.82;Ideal;F;SI2;60.9;57;6.06;6.02;3.68;2966
0.7;Very Good;E;VS1;61.3;56;5.68;5.71;3.49;2967
0.7;Very Good;E;VS1;61.5;56;5.69;5.75;3.52;2967
0.86;Very Good;G;SI2;62.6;56;6.01;6.07;3.78;2967
0.79;Ideal;H;VS2;62;56;5.91;5.93;3.67;2967
0.31;Premium;E;SI2;60.8;61;4.43;4.39;2.68;558
0.31;Premium;E;SI2;61.2;61;4.37;4.36;2.67;558
0.31;Ideal;G;SI2;61.4;55;4.39;4.37;2.69;558
0.3;Very Good;H;VVS2;62;56;4.28;4.3;2.66;559
0.31;Very Good;G;VS2;62.6;56;4.33;4.37;2.72;559
0.31;Very Good;G;VS2;61.4;55;4.38;4.41;2.69;559
0.31;Very Good;G;VS2;60.9;57;4.37;4.39;2.67;559
0.24;Ideal;G;VVS1;62.4;56;3.97;3.99;2.48;559
0.24;Ideal;G;VVS1;62.1;56;3.97;4;2.47;559
0.24;Ideal;G;VVS1;62.2;56;4;4.04;2.5;559
0.24;Ideal;G;VVS1;62;55;4.01;4.03;2.49;559
0.24;Ideal;G;VVS1;62;56;3.97;4.01;2.47;559
0.32;Ideal;E;SI1;61.9;55;4.4;4.43;2.73;559
0.32;Ideal;E;SI1;61;56;4.41;4.45;2.7;559
0.24;Ideal;G;IF;61.7;56;3.99;4.01;2.47;559
0.24;Ideal;G;IF;60.8;58;4.01;4.05;2.44;559
0.24;Ideal;G;IF;61.8;55;3.99;4.02;2.47;559
0.24;Ideal;G;IF;61.6;57;3.99;4.02;2.46;559
0.24;Ideal;G;IF;61.3;57;4;4.03;2.46;559
0.32;Ideal;G;VS1;62.3;55;4.39;4.41;2.74;559
0.32;Ideal;G;VS1;61.8;55;4.42;4.45;2.74;559
0.25;Very Good;E;VVS2;62;56;4.05;4.08;2.52;560
0.25;Very Good;E;VVS1;61.5;56;4.06;4.08;2.5;560
0.25;Very Good;F;IF;61.5;56;4.04;4.06;2.48;560
0.27;Very Good;F;IF;60.4;58;4.18;4.2;2.53;560
0.32;Ideal;G;VS2;61.6;54;4.4;4.43;2.72;560
0.36;Ideal;F;SI1;61.6;56;4.57;4.62;2.83;560
0.41;Ideal;I;SI1;61.7;55;4.77;4.8;2.95;561
0.32;Premium;H;VS1;60.2;58;4.43;4.47;2.68;561
0.32;Ideal;H;VS1;61.5;57;4.4;4.42;2.71;561
0.75;Very Good;E;SI1;60.2;60;5.89;5.93;3.56;2968
0.92;Premium;H;SI1;59.2;60;6.4;6.35;3.76;2968
1.13;Fair;H;I1;64.8;59;6.52;6.42;4.19;2968
0.71;Premium;D;VS2;58.7;61;5.88;5.85;3.44;2968
1.06;Premium;I;SI2;61.5;57;6.57;6.49;4.02;2968
0.9;Ideal;G;SI2;62.4;57;6.16;6.13;3.84;2968
0.8;Ideal;G;VS2;61.2;57;6.02;6.07;3.7;2969
0.52;Premium;E;VVS2;60.1;58;5.23;5.18;3.13;2970
0.72;Very Good;G;VS1;60.6;56;5.84;5.87;3.55;2970
0.7;Good;F;VS1;63.8;58;5.58;5.61;3.57;2970
0.78;Premium;E;VS2;62.6;57;5.91;5.85;3.68;2970
0.78;Ideal;H;VS2;61.6;56;5.94;5.91;3.64;2970
1.04;Good;I;SI2;59.9;64;6.51;6.45;3.88;2970
0.91;Fair;F;SI1;64.9;57;6.13;6.08;3.96;2971
0.81;Very Good;E;SI1;63.8;58;5.85;5.97;3.77;2972
0.76;Ideal;G;VS1;59.4;57;5.99;6.03;3.57;2972
0.7;Ideal;G;VS1;61.7;56;5.64;5.71;3.5;2972
0.9;Very Good;H;SI2;63.1;60;6.14;6.09;3.86;2972
0.81;Premium;H;VS1;62.6;58;5.96;5.9;3.71;2972
0.9;Very Good;J;SI2;63.3;59;6.08;6.12;3.86;2973
0.75;Ideal;G;VS1;62.3;57;5.83;5.86;3.64;2973
0.77;Ideal;D;SI2;60.6;56;5.9;5.95;3.59;2973
0.7;Ideal;E;VS1;60.5;56;5.74;5.79;3.49;2973
0.81;Very Good;E;SI1;59.5;60;6.05;6.09;3.61;2973
0.7;Good;E;VS1;59.8;62;5.74;5.8;3.45;2973
0.82;Ideal;F;SI1;62.6;57;5.96;6.02;3.75;2974
0.57;Ideal;F;IF;61.8;54;5.33;5.35;3.3;2974
0.9;Good;H;SI1;64.2;60;6.05;6.02;3.87;2974
1;Fair;D;SI2;69.3;58;5.96;5.87;4.1;2974
0.71;Ideal;G;VS2;59.5;57;5.81;5.8;3.46;2974
0.7;Very Good;F;VS1;62.1;57;5.69;5.72;3.54;2975
0.7;Premium;F;VVS2;62.2;58;5.72;5.66;3.54;2975
0.82;Very Good;E;SI2;63.3;56;5.99;5.95;3.78;2975
0.8;Ideal;F;SI1;62.8;54;5.9;5.97;3.74;2975
0.83;Premium;G;SI1;61.6;59;6.02;5.99;3.7;2975
0.83;Ideal;H;VS2;61.3;54;6.1;6.06;3.73;2975
0.77;Premium;E;SI1;60.4;58;6;5.88;3.59;2975
0.79;Ideal;F;SI1;62.5;57;5.88;5.92;3.69;2976
0.72;Ideal;E;SI1;61;56;5.82;5.85;3.56;2976
0.91;Ideal;I;SI2;63;54;6.17;6.12;3.86;2976
0.71;Very Good;G;VVS2;60.8;58;5.75;5.77;3.5;2977
0.81;Ideal;F;SI1;61.9;57;5.98;6.01;3.71;2977
0.76;Premium;D;VS2;60.9;58;5.9;5.85;3.58;2977
0.54;Ideal;F;VVS1;61.6;55;5.28;5.27;3.25;2977
0.71;Ideal;G;VVS2;62.5;58;5.7;5.73;3.57;2978
0.7;Ideal;E;VS1;61.3;54;5.77;5.83;3.54;2978
0.8;Ideal;E;SI2;61;55;6;6.03;3.67;2978
0.76;Ideal;E;SI2;62.1;56;5.85;5.88;3.64;2978
0.72;Ideal;H;VVS1;59.9;59;5.76;5.82;3.47;2979
0.7;Ideal;E;VS2;61.7;56;5.74;5.71;3.53;2979
0.86;Premium;F;SI2;61.8;58;6.12;6.15;3.79;2980
0.7;Ideal;E;VS2;61.5;57;5.67;5.78;3.52;2980
0.7;Good;D;SI1;61.3;61;5.63;5.69;3.47;2980
0.64;Good;F;IF;58.6;61;5.69;5.71;3.34;2980
0.7;Ideal;E;VS2;62.2;55;5.67;5.71;3.54;2981
0.91;Premium;I;SI2;60.2;59;6.29;6.24;3.77;2981
0.91;Ideal;I;SI2;61.6;57;6.24;6.23;3.84;2981
0.9;Good;E;SI2;58.7;63;6.2;6.23;3.65;2982
0.71;Ideal;G;VVS1;61.7;57;5.7;5.75;3.53;2982
0.9;Fair;E;SI2;65.8;59;6.03;5.98;3.95;2982
0.71;Ideal;E;VS2;59.5;57;5.86;5.83;3.48;2982
0.71;Very Good;G;VS1;60.8;63;5.76;5.68;3.48;2982
0.71;Premium;E;VS2;62.6;58;5.72;5.68;3.57;2982
0.74;Ideal;E;VS2;62.7;54;5.8;5.77;3.63;2984
0.9;Very Good;J;VS2;63.1;57;6.12;6.06;3.84;2984
1;Premium;G;I1;62.5;62;6.42;6.35;3.99;2984
0.7;Very Good;D;VS2;63.1;56;5.62;5.69;3.57;2985
0.75;Ideal;E;SI1;62.2;57;5.82;5.86;3.63;2985
0.82;Premium;H;VS1;62.3;60;5.97;5.94;3.71;2985
0.77;Very Good;G;VS1;62.8;58;5.78;5.84;3.65;2986
0.8;Ideal;I;VS1;61.9;54.1;5.92;5.98;3.69;2986
0.82;Ideal;I;VS1;61.6;57;6;6.05;3.71;2986
0.84;Ideal;G;SI2;62;56;6.02;6.05;3.74;2986
0.7;Ideal;G;VS1;61.3;59;5.68;5.7;3.49;2987
0.74;Ideal;D;SI1;61.5;56;5.8;5.84;3.58;2987
0.77;Premium;E;SI1;61.7;58;5.86;5.9;3.63;2988
0.6;Very Good;F;IF;60.1;54;5.5;5.58;3.33;2988
1.03;Very Good;G;I1;63.2;58;6.44;6.34;4.04;2988
0.76;Ideal;I;IF;61.6;55;5.92;5.89;3.64;2988
0.72;Ideal;F;VS2;62.1;54;5.76;5.8;3.59;2989
0.83;Premium;D;SI1;61.3;58;6.03;6;3.69;2990
0.76;Very Good;G;VS2;62.1;54;5.88;5.94;3.67;2990
0.72;Very Good;E;VS2;62.9;57;5.68;5.73;3.59;2990
0.57;Good;E;VVS1;59.1;65;5.34;5.43;3.18;2990
0.75;Ideal;G;VS2;60.6;55;5.91;5.93;3.59;2991
0.7;Ideal;D;VS2;60.3;60;5.71;5.76;3.46;2991
0.7;Very Good;E;VS2;62.8;56;5.66;5.68;3.56;2992
0.75;Ideal;H;VVS2;62;55.1;5.83;5.85;3.62;2992
1.06;Fair;J;SI2;61;66;6.54;6.35;3.93;2992
0.69;Very Good;F;VVS2;61.5;60;5.64;5.67;3.48;2993
0.87;Very Good;H;SI2;61;56;6.15;6.19;3.77;2993
0.75;Very Good;E;SI1;63.6;56;5.73;5.75;3.65;2993
0.7;Ideal;G;VVS2;63;55;5.65;5.69;3.57;2993
0.7;Ideal;F;VS1;62.4;55;5.65;5.7;3.54;2993
0.75;Ideal;E;SI1;61.1;57;5.83;5.86;3.57;2993
0.72;Ideal;D;SI1;61.1;59;5.76;5.8;3.53;2993
1.01;Fair;G;SI1;65.1;57;6.27;6.22;4.07;2993
0.71;Very Good;F;VS2;59.6;56;5.84;5.88;3.49;2994
0.71;Very Good;G;VS1;59.3;55;5.88;5.95;3.51;2994
0.81;Very Good;G;VS2;63.1;58;5.88;5.84;3.7;2994
1.24;Premium;J;I1;61.9;55;6.92;6.85;4.26;2994
0.81;Premium;G;VS2;62;58;5.95;5.92;3.68;2994
0.81;Premium;D;SI2;61.7;58;5.97;5.93;3.67;2994
0.73;Ideal;D;SI1;61.4;56;5.78;5.82;3.56;2995
0.7;Ideal;G;VS1;60.9;56;5.76;5.8;3.52;2995
0.91;Fair;F;SI2;65.3;51;6.05;5.98;3.93;2996
0.88;Very Good;I;VS1;63.3;55;6.11;6.06;3.85;2996
0.77;Ideal;D;SI1;61.4;56;5.9;5.93;3.63;2996
0.74;Ideal;I;VS2;61.9;55;5.8;5.83;3.6;2997
0.72;Ideal;H;SI1;61.1;56;5.78;5.8;3.54;2997
0.7;Ideal;D;VS2;62.8;57;5.69;5.75;3.59;2998
0.72;Ideal;H;VS1;61.4;56;5.79;5.81;3.56;2998
0.7;Ideal;F;VS1;61.6;57;5.7;5.73;3.52;2998
1.01;Fair;J;VVS2;66;56;6.29;6.22;4.13;2998
0.85;Fair;G;VS1;57.7;67;6.26;6.19;3.59;2998
0.7;Very Good;D;VS2;59.7;59;5.82;5.78;3.46;2999
0.73;Very Good;G;VS1;62.4;58.1;5.71;5.75;3.58;2999
1.02;Fair;H;I1;61.5;60;6.4;6.34;3.92;2999
0.87;Premium;F;SI2;61.6;58;6.14;6.1;3.77;2999
0.71;Ideal;F;SI1;61.9;56;5.69;5.74;3.54;2999
0.7;Premium;G;VVS2;60.6;60;5.77;5.69;3.47;2999
0.74;Premium;E;VS1;62.7;58;5.83;5.74;3.63;2999
0.74;Premium;E;VS1;60.9;62;5.83;5.8;3.54;2999
0.7;Premium;G;VVS2;60.2;61;5.74;5.66;3.43;2999
0.77;Ideal;E;SI1;62.5;56;5.87;5.91;3.68;3000
0.93;Good;J;VS2;63.6;61;6.16;6.08;3.89;3000
0.9;Premium;I;SI2;60.6;60;6.23;6.28;3.79;3001
0.9;Very Good;I;SI2;62.5;58;6.1;6.15;3.83;3001
0.9;Ideal;I;SI2;62;56;6.16;6.2;3.83;3001
0.72;Very Good;D;SI1;61.5;58;5.74;5.78;3.54;3001
0.7;Premium;D;VS1;61.6;61;5.66;5.61;3.47;3001
0.7;Good;D;VS1;63.6;60;5.61;5.52;3.54;3001
0.7;Very Good;D;VS1;63.4;59;5.58;5.55;3.53;3001
0.6;Ideal;G;VVS1;62.1;56;5.42;5.43;3.37;3001
0.75;Very Good;H;VVS2;60.6;57;5.86;5.89;3.56;3002
0.83;Very Good;E;SI1;62.1;58;6.01;6.04;3.74;3002
0.77;Very Good;E;SI2;60.4;58;5.91;5.95;3.58;3002
0.71;Premium;D;VS2;62.1;60;5.68;5.72;3.54;3002
0.89;Good;H;SI2;63.3;59;6.04;6.09;3.84;3002
0.72;Good;F;VS1;63.8;58;5.68;5.63;3.61;3002
0.72;Ideal;G;VVS2;61.6;55;5.78;5.77;3.56;3002
0.8;Premium;G;VS2;60.6;59;6.02;5.97;3.63;3002
0.73;Fair;F;VS1;58.6;66;5.92;5.88;3.46;3002
0.76;Ideal;E;SI1;61.5;56;5.89;5.91;3.63;3003
1.01;Fair;D;SI2;64.6;56;6.31;6.24;4.05;3003
0.65;Premium;D;VVS2;59.9;58;5.69;5.63;3.39;3003
0.81;Premium;F;SI1;61.9;58;5.99;5.96;3.7;3004
0.81;Ideal;F;SI1;61.8;55;6.04;6;3.72;3004
0.7;Ideal;H;VS1;61.7;55;5.69;5.72;3.52;3004
0.61;Ideal;E;VS1;61.3;54;5.53;5.5;3.38;3004
0.78;Ideal;G;SI1;60.6;57;5.95;5.97;3.61;3004
0.72;Ideal;F;SI1;62.3;56;5.77;5.79;3.6;3004
0.92;Premium;D;SI2;60.2;61;6.32;6.27;3.79;3004
0.75;Very Good;E;SI1;61.1;59;5.85;5.9;3.59;3005
0.55;Ideal;F;VVS1;61.2;54;5.3;5.35;3.26;3005
0.8;Very Good;H;SI1;63;57;5.89;5.95;3.73;3005
0.72;Ideal;I;VS1;60.4;56;5.8;5.86;3.52;3005
0.73;Ideal;H;VVS1;61.6;57;5.81;5.78;3.57;3005
0.91;Very Good;I;SI2;63.4;58;6.08;6.12;3.87;3006
0.91;Very Good;G;SI2;62.8;59;6.09;6.14;3.84;3006
0.71;Premium;E;VS1;61.1;58;5.8;5.76;3.53;3006
0.71;Very Good;E;VS1;63.2;60;5.63;5.6;3.55;3006
0.55;Premium;D;VVS1;60.3;59;5.34;5.3;3.21;3006
0.71;Ideal;I;VVS2;60.7;57;5.76;5.8;3.51;3007
0.71;Ideal;I;VVS2;60.4;57;5.78;5.81;3.5;3007
0.7;Premium;E;VVS2;62.7;53;5.65;5.61;3.53;3007
0.71;Ideal;G;SI1;61.3;55;5.73;5.79;3.53;3007
0.71;Ideal;G;SI1;61.6;55;5.72;5.78;3.54;3007
0.71;Ideal;G;SI1;61.9;56;5.73;5.76;3.55;3007
0.71;Ideal;G;SI1;61.6;57;5.73;5.76;3.54;3007
0.71;Ideal;G;SI1;61.4;56;5.72;5.77;3.53;3007
0.76;Ideal;D;SI1;61.2;57;5.88;5.91;3.61;3007
0.91;Very Good;F;SI1;63.1;60;6.13;6.1;3.86;3007
0.7;Very Good;D;VS1;60.4;58;5.71;5.78;3.47;3008
0.61;Ideal;G;VVS1;61.2;56;5.46;5.48;3.35;3008
0.7;Ideal;F;VS2;61.3;57;5.7;5.76;3.51;3008
0.82;Premium;H;VS1;62.5;59;5.96;5.94;3.72;3008
0.71;Very Good;E;VS1;63.7;58;5.63;5.68;3.6;3009
0.71;Very Good;E;VS1;62.1;57;5.67;5.69;3.53;3009
0.71;Very Good;E;VS1;63.4;58;5.64;5.68;3.59;3009
0.74;Very Good;E;SI1;61.3;58;5.8;5.84;3.57;3009
0.83;Ideal;F;SI1;62.1;57;6;6.02;3.73;3010
0.83;Very Good;F;SI1;62.1;58;5.98;6.06;3.74;3010
0.8;Ideal;I;VS1;60.7;59;5.98;6.02;3.64;3010
0.8;Ideal;D;SI1;62.2;57;5.89;5.85;3.65;3011
0.73;Very Good;G;VS1;60.7;55;5.87;5.89;3.57;3011
1;Very Good;G;I1;62.5;62;6.42;6.35;3.99;3011
1.2;Fair;J;I1;64.9;59;6.61;6.54;4.27;3011
1.2;Fair;I;I1;62.2;66;6.77;6.7;4.2;3011
1.2;Fair;I;I1;66.2;55;6.61;6.51;4.34;3011
0.61;Ideal;E;VVS2;62;54;5.43;5.47;3.38;3011
0.7;Ideal;F;VS2;61.9;55;5.7;5.74;3.54;3011
0.7;Ideal;F;VS2;61.8;57;5.67;5.75;3.53;3011
0.7;Ideal;F;VS2;62.7;55;5.66;5.69;3.56;3011
0.7;Ideal;F;VS2;61.4;58;5.7;5.73;3.51;3011
0.77;Ideal;D;SI2;62.3;55;5.9;5.85;3.66;3011
0.75;Ideal;H;SI1;61.9;55;5.82;5.85;3.61;3011
0.75;Ideal;H;SI1;61.9;56;5.81;5.85;3.61;3011
1;Fair;E;SI2;55.4;62;6.63;6.59;3.66;3011
0.78;Very Good;G;VS2;61.3;60;5.89;5.96;3.63;3012
0.82;Ideal;E;SI2;62.2;57;6;5.97;3.72;3012
0.72;Ideal;G;VS2;61.7;56;5.74;5.78;3.55;3012
0.72;Ideal;E;SI1;61;57;5.77;5.8;3.53;3012
0.72;Ideal;E;SI1;60.3;55;5.85;5.89;3.54;3012
0.8;Very Good;F;SI1;63.9;56;5.84;5.87;3.74;3013
0.75;Premium;F;VS2;61.6;58;5.84;5.89;3.61;3013
0.71;Very Good;F;VS1;62.1;53;5.7;5.77;3.56;3013
0.71;Ideal;F;VS1;61.1;57;5.76;5.82;3.54;3013
0.81;Ideal;E;SI2;61.8;56;6;5.97;3.7;3013
0.81;Ideal;E;SI2;60.1;57;6.07;6.1;3.66;3013
0.9;Premium;D;SI1;62.2;60;6.08;6.05;3.77;3013
0.78;Ideal;E;SI1;62.7;55;5.9;5.87;3.69;3014
0.71;Ideal;H;VVS1;61.8;56;5.7;5.75;3.54;3014
0.73;Very Good;D;SI1;60.8;59;5.8;5.85;3.54;3014
1.01;Premium;G;I1;61.1;61;6.49;6.35;3.92;3014
0.9;Good;G;SI2;63.7;62;6.07;6.01;3.85;3014
0.84;Very Good;G;SI2;62.8;57;6;6.04;3.78;3015
0.91;Very Good;E;SI2;58.6;63;6.32;6.38;3.72;3015
0.78;Ideal;H;VVS2;61.7;55;5.9;5.94;3.65;3015
0.81;Ideal;E;SI2;61;56;5.99;6.05;3.67;3015
0.72;Very Good;D;VS2;62.1;59;5.7;5.73;3.55;3016
0.7;Premium;E;VS1;61.8;58;5.71;5.75;3.54;3016
0.7;Ideal;E;VS1;62.7;57;5.65;5.7;3.56;3016
0.9;Good;F;SI2;64.2;62;6;6.08;3.88;3016
0.76;Ideal;H;VS2;61.9;55;5.85;5.88;3.64;3016
0.96;Premium;E;SI2;62.8;60;6.3;6.24;3.94;3016
0.9;Ideal;H;SI2;62.8;55;6.18;6.11;3.86;3016
0.7;Very Good;G;VS1;60.1;60;5.73;5.76;3.45;3017
0.71;Very Good;F;VS1;61.8;60;5.66;5.7;3.51;3017
1.12;Premium;G;I1;60.3;60;6.75;6.69;4.05;3017
0.7;Ideal;G;VS1;61.1;56;5.72;5.74;3.5;3017
0.5;Good;D;VVS2;62.4;64;5.03;5.06;3.14;3017
1.12;Very Good;G;I1;61.2;63;6.68;6.59;4.05;3017
0.7;Good;F;VVS1;63.2;58;5.58;5.62;3.54;3018
1.03;Very Good;G;I1;60.8;57;6.51;6.55;3.97;3018
0.7;Premium;F;VVS2;62.5;59;5.68;5.61;3.53;3018
0.71;Ideal;F;VVS2;62.6;56;5.7;5.65;3.55;3018
0.72;Ideal;H;VS2;61.2;57;5.79;5.77;3.54;3018
0.7;Good;E;VS1;60.2;61;5.71;5.75;3.45;3018
1.02;Very Good;F;SI2;63.3;56;6.38;6.31;4.02;3018
0.77;Premium;F;VS2;62.4;59;5.85;5.81;3.64;3018
0.7;Premium;F;VVS2;62.2;56;5.72;5.63;3.53;3018
0.93;Premium;G;SI2;61.4;56;6.27;6.23;3.84;3019
0.78;Premium;D;SI1;60.4;57;6.02;5.97;3.62;3019
0.71;Ideal;D;VS2;60.4;53;5.81;5.85;3.52;3020
0.73;Very Good;F;SI1;61.3;56;5.78;5.84;3.56;3023
0.65;Ideal;E;VVS2;62.1;57;5.55;5.6;3.46;3023
0.85;Ideal;G;SI1;61.6;55;6.09;6.11;3.76;3023
0.9;Good;H;SI2;63.1;60;6.09;6.14;3.86;3024
0.9;Good;H;SI2;63.1;55;6.08;6.13;3.85;3024
0.75;Premium;E;VS2;62.1;57;5.9;5.79;3.63;3024
0.9;Very Good;J;VS2;63.1;59;6.09;6.05;3.83;3024
0.9;Good;J;VS2;63.9;58;6.15;6.08;3.91;3024
0.72;Premium;E;VS2;60.4;61;5.79;5.76;3.49;3024
0.9;Fair;H;SI1;65.6;57;6.04;6.01;3.95;3024
0.72;Premium;E;VS2;62.5;59;5.73;5.7;3.57;3024
0.75;Good;D;SI1;63.6;58;5.77;5.65;3.63;3024
0.75;Premium;E;SI1;61.7;60;5.84;5.8;3.59;3024
0.72;Very Good;G;VS1;60.1;63;5.86;5.82;3.51;3024
0.75;Premium;D;SI1;59.2;58;5.96;5.93;3.52;3024
0.65;Very Good;D;VVS2;57.7;60;5.69;5.74;3.3;3025
0.7;Very Good;G;VS2;61.8;55;5.69;5.74;3.53;3026
0.59;Ideal;E;VVS2;61.8;57;5.35;5.4;3.32;3026
0.71;Ideal;E;VS2;62.3;56;5.7;5.73;3.56;3026
0.83;Ideal;H;VS2;61.3;54;6.06;6.1;3.73;3027
1.02;Fair;J;SI1;66.8;55;6.25;6.18;4.15;3027
1;Fair;G;SI2;64.9;57;6.29;6.2;4.05;3027
1.02;Premium;G;SI2;61.7;58;6.46;6.41;3.97;3027
0.77;Good;H;VVS2;57.9;61;6.07;6.01;3.5;3027
0.7;Very Good;F;VVS2;58.5;60;5.82;5.94;3.44;3028
0.8;Ideal;H;VS2;62.1;54;5.96;5.99;3.71;3030
0.74;Ideal;H;VS1;61.6;55;5.79;5.83;3.58;3030
0.77;Fair;F;VS1;66.8;57;5.66;5.76;3.82;3031
0.72;Premium;G;VS1;58.9;58;5.93;5.85;3.47;3032
1.01;Good;E;I1;63.8;57;6.4;6.33;4.06;3032
1.01;Very Good;H;SI2;63.5;55;6.32;6.27;4;3032
0.55;Ideal;F;VVS1;61.2;54;5.35;5.3;3.26;3032
0.71;Very Good;D;VS2;63;57;5.67;5.7;3.58;3033
0.73;Ideal;G;VS1;61.6;57;5.76;5.79;3.56;3033
0.76;Ideal;E;SI1;62.5;57;5.8;5.82;3.63;3033
0.52;Ideal;E;IF;61.1;57;5.17;5.21;3.17;3033
0.7;Good;D;VS2;64.1;59;5.56;5.49;3.54;3033
0.7;Very Good;D;VS2;63.2;60;5.61;5.56;3.53;3033
0.7;Good;D;VS2;63.9;58;5.62;5.58;3.58;3033
0.92;Fair;I;VS2;64.4;58;6.13;6.1;3.94;3033
0.91;Premium;H;SI1;63;57;6.19;6.1;3.87;3033
0.91;Ideal;I;SI2;61.6;57;6.23;6.24;3.84;3034
0.91;Good;I;SI2;60.2;59;6.24;6.29;3.77;3034
0.7;Ideal;G;VS1;61.4;57;5.7;5.73;3.51;3034
0.72;Very Good;E;VS2;63.8;57;5.66;5.69;3.62;3035
0.71;Ideal;E;VS2;59.5;57;5.83;5.86;3.48;3035
0.72;Ideal;G;VS1;62.4;59;5.71;5.74;3.57;3035
0.78;Ideal;D;SI1;62.4;57;5.87;5.89;3.67;3035
0.71;Ideal;D;SI1;60.6;57;5.82;5.72;3.5;3035
0.8;Very Good;H;VVS2;62.9;56;5.9;5.96;3.73;3036
0.74;Ideal;E;VS2;62.6;56;5.73;5.81;3.61;3036
0.74;Premium;D;SI1;62.4;59;5.73;5.8;3.6;3036
0.61;Ideal;D;VVS2;62.4;58;5.38;5.42;3.37;3036
0.78;Ideal;F;SI1;61;55;6;5.96;3.65;3036
0.7;Very Good;G;VVS1;63.3;57;5.59;5.63;3.55;3037
0.32;Good;E;SI1;63.3;56;4.34;4.35;2.75;561
0.32;Premium;G;VS2;60.5;58;4.41;4.42;2.67;561
0.4;Good;H;SI2;63.7;59;4.64;4.69;2.97;561
0.32;Premium;G;VS2;62.5;60;4.32;4.38;2.72;561
0.32;Ideal;G;VS2;61.4;56;4.37;4.39;2.69;561
0.32;Premium;G;VS2;59.8;59;4.48;4.52;2.69;561
0.32;Premium;I;VVS2;60.7;59;4.4;4.43;2.68;561
0.32;Very Good;G;VS2;60.2;57;4.42;4.45;2.67;561
0.32;Good;G;VS2;63.3;54;4.36;4.39;2.77;561
0.32;Good;H;VS1;63.1;57;4.34;4.37;2.75;561
0.32;Ideal;G;VS2;61.4;55;4.4;4.46;2.72;561
0.32;Ideal;G;VS2;59.8;57;4.43;4.46;2.66;561
0.32;Ideal;G;VS2;61.7;57;4.38;4.4;2.71;561
0.32;Premium;H;VS1;62.3;58;4.34;4.39;2.72;561
0.32;Very Good;H;VS1;63;57;4.32;4.35;2.73;561
0.32;Premium;G;VS2;61.9;58;4.36;4.43;2.72;561
0.32;Good;G;VS2;63.1;57;4.3;4.35;2.73;561
0.32;Very Good;H;VS1;63;57;4.37;4.39;2.76;561
0.32;Ideal;G;VS2;61.8;57;4.37;4.4;2.71;561
0.32;Very Good;H;VS1;61.7;58;4.37;4.41;2.71;561
0.32;Premium;H;VS1;61.7;58;4.38;4.44;2.72;561
0.32;Very Good;E;SI1;60.1;60;4.42;4.47;2.67;561
0.32;Ideal;G;VS2;61.8;55;4.41;4.42;2.73;561
0.32;Premium;G;VS2;61.7;60;4.32;4.4;2.69;561
0.32;Good;E;SI1;63.4;55;4.35;4.36;2.76;561
0.32;Very Good;G;VS2;62.6;58;4.37;4.39;2.74;561
0.32;Premium;G;VS2;62.3;58;4.36;4.41;2.73;561
0.32;Ideal;G;VS2;61.6;57;4.39;4.41;2.71;561
0.32;Ideal;H;VS1;61.9;55;4.4;4.42;2.73;561
0.32;Ideal;H;VS1;60.2;56;4.44;4.49;2.69;561
0.72;Ideal;E;SI1;62.2;58;5.72;5.75;3.57;3037
0.76;Ideal;H;VS2;61.4;57;5.85;5.88;3.6;3038
0.7;Ideal;H;VS2;61.5;56;5.71;5.73;3.52;3038
0.73;Ideal;E;SI1;62.2;56;5.76;5.79;3.59;3038
0.7;Very Good;G;VVS2;61;59;5.67;5.7;3.47;3039
0.7;Fair;F;VS1;64.9;59;5.56;5.59;3.62;3039
0.77;Very Good;D;SI1;62.1;58;5.84;5.89;3.64;3040
0.92;Premium;I;SI2;61.5;59;6.27;6.21;3.84;3040
0.73;Ideal;G;VS1;61.8;57;5.78;5.81;3.58;3041
0.71;Ideal;F;VS1;62.7;57;5.66;5.7;3.56;3041
0.71;Ideal;F;VS1;61.7;55;5.73;5.77;3.55;3041
0.81;Good;I;VS1;59.4;56;5.97;6.11;3.59;3042
0.71;Ideal;G;VVS2;62.5;57;5.73;5.7;3.57;3042
0.72;Very Good;G;VVS2;60.4;58;5.77;5.82;3.5;3043
0.81;Premium;F;SI1;61.9;59;5.97;5.95;3.69;3043
0.81;Ideal;I;SI1;61.3;56;6.27;6.23;3.83;3043
0.77;Very Good;F;SI1;59.6;60;5.95;5.97;3.55;3044
0.83;Ideal;G;SI1;62.1;57;6.03;5.95;3.72;3044
0.71;Very Good;F;VS1;62.2;55;5.68;5.74;3.56;3045
0.71;Very Good;F;VS1;61.2;57;5.73;5.77;3.52;3045
0.78;Very Good;F;SI1;62.4;58;5.83;5.86;3.65;3045
0.71;Very Good;D;VS2;62.8;56;5.67;5.7;3.57;3045
0.72;Premium;D;VS2;60.2;60;5.76;5.81;3.48;3045
1.14;Ideal;J;SI1;60.2;57;6.81;6.71;4.07;3045
0.75;Ideal;E;SI1;60.8;56;5.91;5.89;3.59;3045
0.75;Very Good;D;SI1;59.7;62;5.89;5.94;3.53;3046
0.7;Good;G;VVS2;61.1;61;5.67;5.69;3.47;3046
0.79;Very Good;F;SI1;61.5;58;5.94;5.97;3.66;3047
0.73;Fair;D;VS1;66;54;5.56;5.66;3.7;3047
0.91;Premium;G;SI2;60.1;62;6.24;6.2;3.73;3047
0.91;Premium;G;SI2;62.8;59;6.14;6.12;3.85;3047
0.93;Ideal;I;SI2;62.3;57;6.22;6.2;3.87;3047
0.82;Very Good;F;SI1;63.9;56.9;5.85;5.92;3.76;3048
0.75;Very Good;D;SI1;61.8;57;5.78;5.81;3.58;3048
0.72;Premium;H;IF;58.7;59;5.94;5.88;3.47;3048
0.72;Ideal;G;SI1;61.8;56;5.7;5.76;3.55;3048
0.72;Good;E;VS1;57.9;60;5.97;5.91;3.44;3048
0.72;Very Good;E;VS1;63.1;56;5.7;5.65;3.58;3048
0.9;Ideal;J;VS1;62.6;55;6.13;6.11;3.83;3048
0.72;Premium;D;SI1;60.5;57;5.89;5.85;3.55;3048
0.72;Premium;D;SI1;62.6;54;5.78;5.72;3.6;3048
0.75;Ideal;E;SI1;61.4;55;5.8;5.86;3.58;3049
0.66;Ideal;D;VVS2;61.6;57;5.64;5.57;3.45;3049
0.83;Ideal;E;SI2;61.9;53;6.08;6.04;3.75;3049
0.62;Very Good;D;VVS2;58.1;63;5.59;5.66;3.27;3050
0.8;Very Good;E;SI1;63.1;56;5.93;5.83;3.71;3050
0.76;Ideal;H;SI1;61.3;55;5.87;5.93;3.62;3050
0.76;Ideal;H;SI1;61.4;55;5.82;5.9;3.6;3050
0.82;Good;E;SI2;61.8;56;5.95;5.99;3.69;3050
0.81;Ideal;E;SI2;62.1;57;5.97;5.91;3.69;3050
1.02;Good;E;I1;63.1;60;6.31;6.4;4.01;3051
0.66;Very Good;G;IF;60.5;59;5.69;5.74;3.46;3051
0.7;Very Good;D;VS2;62.5;55;5.65;5.71;3.55;3052
0.77;Ideal;F;VS2;61.2;57;5.93;5.97;3.64;3052
0.7;Very Good;G;VVS2;60.2;61;5.66;5.74;3.43;3052
1.03;Fair;G;SI1;66.1;56;6.26;6.2;4.12;3052
0.7;Very Good;D;VS2;62.6;58;5.67;5.7;3.56;3053
0.71;Very Good;E;VS2;59.9;59;5.79;5.83;3.48;3053
0.7;Very Good;F;VS1;62.8;59;5.65;5.69;3.56;3053
0.71;Ideal;E;VS2;60.9;56;5.77;5.83;3.53;3053
0.81;Ideal;F;SI2;62.3;54;5.94;5.98;3.72;3053
0.78;Ideal;E;SI2;61;56;5.92;5.98;3.63;3053
0.75;Ideal;E;SI1;61.3;57;5.84;5.91;3.6;3053
0.79;Very Good;E;SI1;63.2;56;5.91;5.83;3.71;3053
0.79;Premium;G;VS1;62.3;56;5.94;5.87;3.68;3053
0.79;Premium;G;VS1;61.3;59;5.97;5.91;3.64;3053
0.79;Ideal;E;SI1;62.1;54;5.96;5.92;3.69;3053
0.7;Very Good;D;VS1;62.9;60;5.62;5.67;3.55;3054
1.01;Premium;H;SI2;61.1;60;6.46;6.41;3.93;3054
1.01;Premium;I;SI2;61.9;58;6.45;6.41;3.98;3054
1.01;Fair;I;SI2;66.1;58;6.21;6.04;4.05;3054
1.01;Fair;I;SI2;68.1;59;6.14;6.11;4.17;3054
0.78;Very Good;E;SI1;60.9;57;5.93;5.97;3.62;3055
0.65;Very Good;D;VVS2;59.9;58;5.63;5.69;3.39;3056
0.61;Ideal;E;VVS2;60.8;56;5.5;5.47;3.34;3056
0.78;Ideal;G;SI1;61.7;56;5.9;5.93;3.65;3056
0.76;Ideal;E;SI1;62.4;54;5.84;5.86;3.65;3056
0.9;Very Good;I;SI2;61.5;61;6.13;6.16;3.78;3057
0.92;Very Good;D;SI2;60.2;61;6.27;6.32;3.79;3057
0.57;Ideal;F;VVS1;61.1;55;5.36;5.44;3.3;3057
0.76;Good;F;VS1;59.9;61;5.89;5.98;3.56;3057
0.9;Good;I;SI2;60.7;58;6.17;6.21;3.76;3057
0.82;Fair;H;SI1;64.9;58;5.82;5.77;3.76;3057
0.91;Good;F;SI2;63.9;56;6.11;6.06;3.89;3058
0.79;Premium;D;SI1;61.4;59;5.96;5.89;3.64;3058
0.91;Premium;J;VS2;61.6;58;6.28;6.23;3.85;3058
0.72;Very Good;F;VS1;62.1;59;5.69;5.74;3.55;3059
0.81;Very Good;E;SI2;62.9;56;5.87;5.9;3.7;3059
0.71;Very Good;E;VS1;61.8;56;5.74;5.78;3.56;3059
1.03;Very Good;G;I1;62.4;57;6.41;6.45;4.01;3060
0.9;Good;G;SI2;63.6;57;6.1;6.04;3.86;3060
0.74;Very Good;H;VVS1;62.4;57;5.76;5.81;3.61;3061
0.7;Very Good;E;VS1;61.1;55;5.72;5.77;3.51;3061
0.71;Very Good;E;VS1;63.3;56;5.64;5.68;3.58;3061
0.9;Very Good;J;SI1;63.8;56;6.11;6.14;3.91;3061
0.71;Ideal;G;SI1;61.5;55;5.75;5.79;3.55;3061
0.91;Good;I;SI2;57.9;60;6.46;6.39;3.72;3061
0.71;Fair;G;VVS1;62.8;57;5.67;5.57;3.53;3062
0.7;Premium;F;VVS2;58.7;60;5.8;5.75;3.39;3062
0.72;Ideal;D;SI1;61.5;56.5;5.76;5.79;3.55;3062
0.9;Fair;F;SI2;65.7;63;6.01;5.96;3.93;3062
0.71;Premium;E;VS2;62.2;59;5.71;5.61;3.52;3062
0.71;Premium;E;VS2;62;61;5.71;5.65;3.52;3062
0.93;Premium;J;VS1;60.3;58;6.37;6.31;3.82;3062
0.7;Very Good;E;VS1;62.2;57;5.63;5.68;3.52;3063
0.7;Very Good;E;VS1;62.5;56;5.64;5.68;3.54;3063
0.7;Good;E;VS1;59.4;61;5.79;5.83;3.45;3063
0.71;Very Good;E;VS1;63.3;59;5.64;5.68;3.58;3064
0.76;Premium;E;VS2;61.7;62;5.85;5.82;3.6;3064
0.7;Ideal;F;VS2;61.4;56;5.72;5.75;3.52;3064
0.7;Ideal;F;VS2;61.6;55;5.72;5.75;3.53;3064
0.8;Ideal;F;SI2;61.4;56;5.99;5.93;3.66;3064
0.72;Very Good;E;VS2;63;58;5.69;5.73;3.6;3065
0.7;Ideal;G;VS1;61.5;56;5.7;5.75;3.52;3065
0.65;Ideal;H;IF;61.5;55;5.6;5.62;3.45;3065
0.85;Very Good;D;SI2;61.4;60;6.05;6.13;3.74;3066
0.77;Ideal;I;VS1;61.4;56;5.9;5.93;3.63;3066
0.71;Ideal;F;VS1;62;57;5.7;5.75;3.55;3066
0.71;Ideal;F;VS1;62.1;57;5.73;5.76;3.57;3066
0.8;Ideal;F;SI2;62.5;56;5.94;5.99;3.73;3066
0.8;Ideal;F;SI2;61.8;59;5.94;5.96;3.68;3066
0.73;Very Good;E;VS2;63.1;55;5.77;5.71;3.62;3066
0.9;Good;G;SI2;63.7;62;6.01;6.07;3.85;3067
0.78;Ideal;E;SI1;62.7;55;5.87;5.9;3.69;3067
0.7;Very Good;E;VS1;63.4;60;5.63;5.66;3.58;3068
0.7;Ideal;E;VS2;62.6;56;5.65;5.69;3.55;3068
0.85;Very Good;I;VS2;60;57;6.1;6.16;3.68;3070
0.8;Very Good;G;SI1;62.9;56;5.88;5.95;3.72;3070
0.8;Very Good;E;SI2;62.6;59;5.84;5.91;3.68;3070
0.92;Good;J;SI2;59;63;6.3;6.35;3.73;3070
0.8;Very Good;G;SI1;62.1;56;6.01;5.85;3.68;3071
0.82;Ideal;I;VS1;61.6;56;6.05;6.01;3.72;3071
0.71;Good;G;VVS1;62.7;61;5.64;5.68;3.55;3072
0.7;Very Good;G;VVS1;63.1;56;5.64;5.67;3.57;3073
0.79;Very Good;F;SI1;58.5;61;6.03;6.08;3.54;3073
0.7;Ideal;G;VVS1;61.6;55;5.72;5.75;3.53;3073
0.75;Ideal;G;VS2;61.6;55;5.86;5.89;3.62;3073
0.71;Ideal;E;VS2;62.2;57;5.69;5.73;3.55;3073
0.62;Premium;E;VVS1;61.9;59;5.62;5.5;3.44;3073
1.03;Premium;G;I1;60.8;57;6.55;6.51;3.97;3073
0.7;Good;D;VS2;58;65;5.81;5.73;3.39;3073
0.78;Very Good;G;VS2;61.7;58;5.87;5.92;3.64;3074
0.9;Fair;I;VVS2;67;56;5.91;5.83;3.93;3074
0.77;Ideal;H;VS1;61.4;55;5.89;5.93;3.63;3074
0.9;Good;G;SI1;63.7;56;6.1;6.06;3.87;3074
0.72;Very Good;D;VS2;61.8;58;5.73;5.76;3.55;3075
0.72;Very Good;D;VS2;62.6;59;5.69;5.72;3.57;3075
0.71;Very Good;F;SI2;61.4;56;5.71;5.73;3.51;3075
0.7;Very Good;D;SI1;62.4;57;5.64;5.67;3.53;3075
0.72;Ideal;H;VVS1;62.2;57;5.72;5.75;3.57;3075
0.76;Ideal;I;VS2;61.7;56;5.87;5.9;3.63;3075
0.76;Ideal;D;SI1;62.8;57;5.81;5.85;3.66;3075
0.79;Ideal;E;SI1;62.9;55;5.93;5.86;3.71;3075
0.79;Very Good;E;SI1;60.4;59;5.97;5.99;3.61;3077
0.79;Very Good;E;SI1;63.7;58;5.79;5.85;3.71;3077
0.73;Ideal;E;VS2;62.7;56;5.75;5.8;3.62;3077
0.71;Fair;D;VS2;64.7;58;5.61;5.58;3.62;3077
0.71;Premium;D;VS2;60.3;62;5.76;5.69;3.45;3077
0.75;Good;D;SI1;63.6;58;5.65;5.77;3.63;3078
0.72;Premium;E;VS2;62.5;59;5.7;5.73;3.57;3078
0.83;Premium;D;SI2;62.7;56;6.01;5.98;3.76;3078
0.76;Ideal;E;VS2;61.3;56;5.79;5.83;3.56;3079
0.94;Good;I;SI2;63.8;60;6.21;6.14;3.94;3079
0.91;Fair;D;SI2;62.5;66;6.08;6.01;3.78;3079
1;Very Good;E;I1;62.3;58;6.33;6.38;3.96;3080
1;Ideal;H;I1;61.3;57;6.41;6.44;3.94;3080
1;Fair;J;VS1;66.6;57;6.07;6.03;4.03;3080
1;Premium;H;SI2;59.4;60;6.49;6.4;3.83;3080
1;Premium;H;SI2;62.8;60;6.46;6.34;4.02;3080
0.82;Premium;F;SI1;61.1;60;6.02;5.96;3.66;3080
0.71;Ideal;H;VS2;61.8;55;5.75;5.78;3.56;3080
0.71;Ideal;H;VS2;61.8;55;5.73;5.75;3.55;3080
0.79;Very Good;D;SI2;63.2;57;5.81;5.86;3.69;3081
0.75;Ideal;F;VS2;62.1;57;5.8;5.82;3.61;3081
0.79;Ideal;F;SI1;62;55;5.93;5.95;3.68;3081
0.71;Ideal;E;VS1;62.2;57;5.74;5.7;3.56;3081
0.8;Very Good;F;SI1;63.5;58;5.89;5.85;3.73;3082
0.91;Very Good;H;SI1;63.4;55;6.18;6.15;3.91;3082
0.6;Ideal;E;VVS1;62.5;53.7;5.35;5.43;3.38;3082
0.6;Ideal;E;VVS1;62;53.7;5.4;5.44;3.36;3082
0.7;Good;D;VS2;57.7;60;5.83;5.86;3.37;3082
0.91;Very Good;J;VS1;63.5;55;6.22;6.12;3.92;3082
0.71;Premium;F;VS1;58.6;62;5.88;5.82;3.43;3082
0.86;Premium;H;VS2;61.3;59;6.17;6.1;3.76;3082
0.8;Ideal;F;SI1;61;56;6.05;5.98;3.67;3082
0.8;Premium;F;SI1;60.1;58;6.07;6.05;3.64;3082
0.8;Premium;D;SI2;61.1;58;5.94;5.9;3.62;3082
0.92;Premium;F;SI2;62.1;60;6.21;6.26;3.87;3083
0.72;Very Good;F;VS1;63.2;57;5.69;5.73;3.61;3083
1.01;Premium;H;SI2;59.4;62;6.47;6.43;3.83;3083
0.71;Very Good;D;VS2;61.8;55;5.72;5.74;3.54;3084
0.72;Very Good;E;SI2;61;59;5.73;5.78;3.51;3084
0.81;Premium;I;VVS2;62.9;59;5.95;5.84;3.71;3084
0.53;Ideal;E;VVS1;61.8;55;5.19;5.24;3.22;3084
0.61;Ideal;E;VVS1;62.2;56;5.43;5.47;3.39;3084
0.85;Ideal;G;SI1;62;54;6.08;6.11;3.78;3084
0.75;Good;E;VS2;62.6;58;5.73;5.78;3.6;3084
0.9;Good;E;SI2;64.1;57;6.09;6.07;3.9;3084
0.9;Very Good;E;SI2;63.4;62;6.02;6;3.81;3084
0.9;Premium;E;SI2;60.7;61;6.22;6.16;3.76;3084
0.9;Premium;E;SI2;59.5;61;6.3;6.24;3.73;3084
0.9;Fair;E;SI2;64.5;55;6.12;6.03;3.92;3084
0.9;Fair;E;SI2;65.8;58;6.02;5.98;3.95;3084
0.9;Premium;E;SI2;63;57;6.08;6.05;3.82;3084
0.81;Ideal;H;VS2;61.6;56;6.03;5.98;3.7;3084
0.81;Premium;G;VS2;61.2;60;6;5.99;3.67;3084
0.9;Very Good;E;SI2;63.1;54;6.2;6.17;3.9;3084
1.02;Fair;I;SI2;64.5;56;6.28;6.25;4.04;3084
0.72;Ideal;F;VS1;62.4;56;5.76;5.72;3.58;3084
0.75;Very Good;D;SI1;63.9;56;5.73;5.75;3.67;3085
0.84;Premium;E;SI2;59.2;59;6.19;6.14;3.65;3086
0.75;Ideal;E;VS1;61.8;55;5.85;5.87;3.62;3086
0.7;Good;D;VS2;63.9;58;5.58;5.62;3.58;3087
0.7;Good;D;VS2;63.2;60;5.56;5.61;3.53;3087
0.91;Very Good;H;SI1;63;57;6.1;6.19;3.87;3087
0.7;Good;D;VS2;64.1;59;5.49;5.56;3.54;3087
0.76;Ideal;E;SI1;62.4;57;5.83;5.87;3.65;3087
0.74;Ideal;D;VS2;61.9;56;5.84;5.79;3.6;3087
1.01;Good;J;SI2;63.7;60;6.4;6.29;4.05;3088
1.01;Very Good;J;SI2;63.3;53;6.35;6.31;4.01;3088
0.79;Premium;F;VS2;60.7;60;5.95;5.97;3.62;3089
0.77;Ideal;H;SI1;61.3;56;5.87;5.91;3.61;3089
0.73;Ideal;G;SI1;61.4;57;5.74;5.79;3.54;3089
0.73;Ideal;G;SI1;60.9;57;5.81;5.85;3.55;3089
0.73;Ideal;G;SI1;60.6;57;5.84;5.87;3.55;3089
0.73;Ideal;G;SI1;61.9;55;5.76;5.8;3.58;3089
0.73;Ideal;G;SI1;61.2;57;5.79;5.86;3.56;3089
0.73;Ideal;G;SI1;61.7;57;5.78;5.81;3.57;3089
0.71;Ideal;D;VS1;62.5;57;5.71;5.68;3.56;3090
0.58;Ideal;F;VVS1;61.7;55;5.36;5.39;3.31;3090
0.87;Ideal;F;SI2;62.2;56;6.03;6.13;3.78;3090
0.71;Premium;D;VS1;58.1;62;5.89;5.84;3.41;3090
0.72;Ideal;E;VS2;60.8;57;5.79;5.82;3.53;3091
0.92;Premium;J;VS2;60.9;62;6.31;6.26;3.83;3091
1.2;Premium;G;I1;60.3;58;6.82;6.77;4.1;3091
0.8;Premium;E;SI1;62.9;60;5.89;5.87;3.7;3091
0.98;Very Good;H;SI2;63.4;57;6.41;6.32;4.04;3091
0.7;Very Good;D;VS2;60.7;58;5.7;5.73;3.47;3092
0.7;Ideal;D;VS2;61.6;58;5.66;5.7;3.5;3092
0.7;Ideal;D;VS2;62.3;55;5.67;5.7;3.54;3092
0.8;Very Good;F;SI1;63.1;58;5.89;5.93;3.73;3093
0.7;Ideal;E;VS2;62;57;5.68;5.71;3.53;3093
0.7;Ideal;D;VS1;61.9;57;5.69;5.72;3.53;3093
0.72;Ideal;E;VVS2;62.1;57;5.76;5.74;3.57;3093
0.71;Ideal;G;VVS2;62.5;57;5.7;5.73;3.57;3095
0.7;Very Good;E;VS1;63.4;57;5.63;5.67;3.58;3095
0.81;Very Good;G;SI1;62.3;59;5.93;5.98;3.71;3095
0.94;Premium;F;SI2;62.3;59;6.32;6.23;3.91;3095
0.9;Premium;H;SI1;62.4;56;6.13;6.05;3.8;3095
0.71;Very Good;D;VS2;63.1;59;5.64;5.67;3.57;3096
0.71;Very Good;D;VS2;63;58;5.65;5.68;3.57;3096
0.77;Good;H;VVS1;63.1;57;5.83;5.86;3.69;3096
0.91;Premium;F;SI2;62.1;56;6.26;6.21;3.87;3096
0.81;Ideal;I;SI1;61.3;56;6.23;6.27;3.83;3097
0.81;Premium;F;SI1;60.3;59;5.98;6.05;3.63;3097
0.52;Ideal;E;VVS1;61.8;55;5.19;5.2;3.21;3097
0.53;Ideal;D;VVS1;61.6;55;5.21;5.27;3.23;3097
1.29;Good;I;I1;64.2;54;6.93;6.83;4.42;3098
0.9;Very Good;I;SI2;60.4;58;6.25;6.31;3.79;3099
0.72;Ideal;D;VS2;61.8;57;5.76;5.73;3.55;3099
0.94;Premium;G;SI2;63;59;6.16;6.1;3.86;3099
0.93;Ideal;I;SI2;62.3;57;6.2;6.22;3.87;3101
0.74;Ideal;F;VVS2;61.5;54;5.84;5.86;3.6;3101
0.81;Ideal;E;SI2;62.1;55;5.94;5.98;3.7;3101
0.71;Premium;E;VS2;62.2;59;5.79;5.76;3.59;3101
0.72;Very Good;D;SI1;60.5;57;5.85;5.89;3.55;3102
0.9;Very Good;J;VS1;62.6;55;6.11;6.13;3.83;3102
0.72;Ideal;G;VS1;61.3;56;5.77;5.82;3.55;3102
0.9;Ideal;J;SI1;62.6;54;6.16;6.23;3.88;3102
0.83;Ideal;E;SI2;61.9;53;6.04;6.08;3.75;3103
0.66;Ideal;D;VVS2;61.6;57;5.57;5.64;3.45;3103
0.71;Ideal;E;VS2;62.2;56;5.7;5.75;3.56;3103
0.78;Premium;D;SI1;61.8;59;5.93;5.88;3.65;3103
0.81;Very Good;H;VS1;63.6;57;5.87;5.9;3.74;3104
0.71;Very Good;F;VVS1;63.3;58;5.67;5.64;3.58;3104
0.9;Fair;G;SI2;55.9;62;6.35;6.42;3.57;3104
0.9;Fair;G;SI2;64.7;58;5.94;6.03;3.87;3104
0.9;Ideal;I;SI2;62.8;55;6.19;6.14;3.87;3104
0.7;Premium;F;VVS2;62.6;59;5.66;5.62;3.53;3105
0.78;Ideal;I;VS1;61.9;56;5.91;5.94;3.67;3105
0.78;Ideal;I;VS1;60.7;56;5.97;6.03;3.64;3105
0.9;Very Good;H;SI2;59.5;63;6.31;6.26;3.74;3105
0.9;Premium;H;SI2;62.4;61;6.11;6.03;3.79;3105
0.9;Very Good;H;SI2;61.1;63;6.19;6.12;3.76;3105
1.52;Good;E;I1;57.3;58;7.53;7.42;4.28;3105
1.52;Good;E;I1;57.3;58;7.53;7.42;4.28;3105
0.9;Ideal;J;VS2;59.8;56;6.27;6.24;3.74;3105
0.9;Fair;H;SI2;65.6;58;6.05;5.95;3.95;3105
0.75;Premium;D;SI1;58.9;60;5.99;5.97;3.52;3105
0.7;Premium;G;VVS1;61.2;56;5.75;5.68;3.5;3105
0.9;Very Good;H;SI2;63.4;60;6.08;6.03;3.84;3105
0.72;Ideal;F;VS1;62.4;55;5.78;5.75;3.6;3105
0.9;Premium;H;SI2;59.6;59;6.38;6.24;3.76;3105
0.9;Good;H;SI2;64.1;58;6.05;6.02;3.87;3105
0.72;Premium;F;VVS2;61.6;59;5.78;5.72;3.54;3105
0.79;Ideal;E;SI1;62.1;54;5.92;5.96;3.69;3107
0.79;Good;E;SI1;63.2;56;5.83;5.91;3.71;3107
0.7;Very Good;E;VS1;63.4;56;5.6;5.63;3.56;3107
0.7;Ideal;E;VS1;62.2;58;5.62;5.69;3.52;3107
0.7;Good;D;VS1;60.4;63;5.73;5.76;3.47;3107
0.32;Good;E;SI1;63.2;56;4.35;4.38;2.76;561
0.32;Ideal;I;VVS2;61.5;56;4.4;4.42;2.71;561
0.32;Ideal;H;VS1;61.3;55;4.41;4.43;2.71;561
0.32;Premium;G;VS2;61;59;4.42;4.46;2.71;561
0.32;Premium;H;VS1;61.3;60;4.33;4.38;2.67;561
0.32;Premium;G;VS2;62.3;60;4.37;4.4;2.73;561
0.32;Ideal;I;VVS2;62.6;54;4.37;4.41;2.75;561
0.32;Very Good;E;SI1;61.6;56;4.39;4.41;2.71;561
0.32;Ideal;G;VS2;61.8;57;4.38;4.42;2.72;561
0.32;Very Good;G;VS2;62.4;59;4.33;4.36;2.71;561
0.32;Good;E;SI1;63.1;56;4.36;4.39;2.76;561
0.32;Very Good;H;VS1;61.7;61;4.38;4.43;2.72;561
0.32;Premium;G;VS2;62;58;4.33;4.38;2.7;561
0.32;Premium;G;VS2;62.6;59;4.33;4.36;2.72;561
0.32;Very Good;E;SI1;62.8;57;4.34;4.39;2.74;561
0.32;Premium;G;VS2;62.6;60;4.33;4.36;2.72;561
0.32;Very Good;H;VS1;60.5;59;4.41;4.42;2.67;561
0.32;Very Good;E;SI1;62.2;57;4.38;4.43;2.74;561
0.32;Premium;H;VS1;60.6;60;4.4;4.44;2.68;561
0.32;Ideal;G;VS2;60.3;57;4.43;4.46;2.68;561
0.32;Very Good;E;VS2;60.5;58;4.4;4.42;2.67;561
0.32;Very Good;H;VS1;62.9;54;4.37;4.41;2.76;561
0.32;Premium;E;SI1;60.2;60;4.39;4.44;2.66;561
0.32;Premium;G;VS2;62.1;60;4.34;4.39;2.71;561
0.32;Premium;I;VVS2;61.9;59;4.35;4.38;2.7;561
0.32;Premium;H;VS1;62.4;58;4.35;4.4;2.73;561
0.32;Premium;G;VS2;61.5;58;4.35;4.4;2.69;561
0.32;Ideal;E;SI1;61.9;56;4.39;4.43;2.73;561
0.32;Premium;G;VS2;61.5;60;4.4;4.42;2.71;561
0.32;Premium;E;SI1;61.9;59;4.36;4.39;2.71;561
0.76;Premium;E;VS2;63;59;5.79;5.76;3.64;3107
0.9;Good;I;VS2;62.4;65;6.12;6.09;3.81;3107
0.9;Very Good;G;SI2;63.3;59;6.12;6.07;3.86;3107
0.76;Premium;E;VS2;60.3;60;5.97;5.94;3.59;3107
0.81;Premium;H;VS1;61.7;58;5.98;5.95;3.68;3107
0.77;Ideal;F;SI1;61.5;56;5.89;5.95;3.64;3108
0.74;Premium;E;VS2;62.4;59;5.77;5.73;3.59;3108
0.75;Premium;E;VS2;59.9;61;5.97;5.91;3.56;3108
0.7;Very Good;E;VS1;62;60;5.61;5.64;3.49;3109
0.7;Premium;F;VVS1;61.9;59;5.67;5.6;3.49;3109
0.81;Ideal;E;SI1;62.4;57;5.92;5.97;3.71;3109
1.01;Good;H;I1;63.2;58;6.33;6.39;4.02;3110
0.76;Very Good;E;VS2;61;58;5.88;5.93;3.6;3111
1.01;Good;H;SI2;64.1;56;6.37;6.3;4.06;3111
0.8;Ideal;H;VS1;63.1;58;5.89;5.96;3.74;3111
0.68;Very Good;F;VVS2;57.3;60;5.83;5.89;3.36;3112
0.91;Very Good;J;VS2;61.6;58;6.23;6.28;3.85;3112
0.79;Premium;D;SI1;61.4;59;5.89;5.96;3.64;3112
0.71;Very Good;E;VS1;59.8;58;5.78;5.82;3.47;3112
0.71;Very Good;H;IF;63;57;5.63;5.7;3.57;3112
0.71;Ideal;E;VS2;61.6;57;5.71;5.79;3.54;3112
0.71;Very Good;G;VVS2;61.2;58;5.68;5.72;3.49;3113
0.78;Very Good;G;VS2;62.6;58;5.81;5.89;3.66;3113
0.82;Ideal;I;VS1;61.3;57;6.02;6.07;3.7;3113
0.9;Good;H;SI2;60.4;61;6.14;6.22;3.73;3114
0.9;Very Good;G;SI2;60.1;60;6.22;6.32;3.77;3114
0.76;Ideal;G;VS2;61.7;55;5.86;5.91;3.63;3114
0.77;Ideal;G;VS2;62.1;56;5.85;5.88;3.64;3114
0.9;Good;H;SI2;64.3;58;5.97;6.03;3.86;3114
0.93;Ideal;G;SI2;61;54;6.35;6.32;3.87;3114
0.86;Very Good;H;SI1;63.8;56;6.02;6.05;3.85;3115
0.7;Good;E;VS2;60.3;60;5.69;5.75;3.45;3115
0.9;Good;H;SI2;64.3;60;6;6.1;3.89;3115
0.84;Premium;F;SI1;59;59;6.18;6.13;3.63;3115
0.8;Good;F;VS1;63.3;55;5.87;5.92;3.73;3116
0.9;Good;F;SI2;63.3;57;6.08;6.14;3.87;3116
0.9;Good;F;SI2;63.2;59;6.06;6.13;3.85;3116
0.71;Ideal;F;VS2;61.2;56;5.77;5.79;3.54;3116
0.92;Fair;F;SI1;64.9;58;6.1;6.04;3.94;3117
1.08;Premium;H;I1;61.7;59;6.54;6.59;4.05;3118
0.85;Ideal;G;SI1;60.4;56;6.26;6.17;3.75;3118
0.83;Very Good;F;SI1;63.1;58;5.98;5.94;3.76;3118
1.16;Fair;H;SI2;68.2;55;6.47;6.37;4.38;3118
0.87;Ideal;H;VS2;61.7;57;6.14;6.09;3.77;3118
0.9;Very Good;J;VS2;61.9;59;6.14;6.2;3.82;3119
0.7;Ideal;F;SI1;61.9;55;5.7;5.74;3.54;3119
0.7;Ideal;F;SI1;61.2;55;5.74;5.76;3.52;3119
1.02;Premium;J;SI2;62.3;58;6.42;6.37;3.98;3119
1.02;Fair;J;SI2;65;59;6.34;6.24;4.08;3119
0.91;Fair;E;SI2;64.5;60;6.04;5.96;3.87;3119
0.75;Ideal;E;VS2;62;56;5.82;5.85;3.62;3120
0.9;Very Good;I;SI1;63.2;56;6.15;6.12;3.88;3120
0.77;Ideal;G;VS1;62.4;54;5.93;5.89;3.69;3121
0.76;Good;G;VS1;60.3;60.7;5.86;5.9;3.55;3121
0.9;Premium;I;SI1;61.8;58;6.26;6.2;3.85;3121
0.9;Very Good;I;SI1;63.5;59;6.1;6.05;3.86;3121
0.9;Premium;I;SI1;62.1;59;6.19;6.15;3.83;3121
0.86;Ideal;I;VS2;62.1;57;6.1;6.07;3.78;3121
0.71;Very Good;E;SI1;60;56;5.85;5.78;3.49;3122
0.72;Ideal;H;VS2;61.7;56;5.74;5.77;3.56;3122
0.72;Ideal;H;VS2;60.1;56;5.85;5.88;3.52;3122
0.92;Good;I;SI1;57.4;65;6.42;6.48;3.7;3122
0.9;Very Good;G;SI2;64.2;56;6.04;6.11;3.9;3123
0.7;Ideal;G;VVS1;62.3;57;5.61;5.65;3.51;3123
0.71;Ideal;F;VS2;61.8;56.2;5.7;5.75;3.53;3123
0.71;Ideal;G;VS1;60.9;56.6;5.75;5.79;3.52;3123
0.71;Ideal;G;VS1;61.8;56.1;5.72;5.74;3.54;3123
0.82;Ideal;G;SI1;60.7;57;6.07;6.06;3.68;3123
0.77;Very Good;G;VS2;62.8;59;5.81;5.84;3.66;3124
0.72;Ideal;H;VVS1;61.4;56;5.79;5.77;3.55;3124
0.84;Very Good;E;SI2;62.1;58;6.02;6.09;3.76;3125
0.83;Ideal;E;SI2;61.3;57;6.02;6.05;3.7;3125
0.94;Good;D;SI2;57.9;61;6.48;6.43;3.74;3125
0.9;Good;H;SI1;60.5;64;6.18;6.11;3.72;3125
0.52;Ideal;E;VVS1;61.8;55;5.2;5.19;3.21;3125
0.93;Premium;J;VS2;61.1;59;6.34;6.32;3.87;3125
0.57;Very Good;D;VVS1;62.8;56;5.27;5.31;3.32;3126
0.72;Ideal;G;VVS2;61.2;57;5.72;5.81;3.53;3126
0.57;Ideal;D;VVS1;61.6;56;5.33;5.35;3.29;3126
1.13;Good;G;I1;63.4;58;6.58;6.61;4.18;3127
0.7;Very Good;G;VS1;61.6;57;5.69;5.73;3.52;3127
0.7;Very Good;G;VS1;61.9;57;5.68;5.71;3.53;3127
0.73;Ideal;G;VVS2;62.2;55;5.77;5.74;3.58;3127
0.73;Ideal;G;VVS2;61.9;56;5.81;5.75;3.58;3127
0.73;Premium;E;VS2;61.9;57;5.79;5.75;3.57;3127
0.71;Ideal;E;SI1;61.1;57;5.75;5.77;3.52;3128
0.7;Ideal;D;VS2;61.5;56;5.7;5.74;3.52;3129
0.75;Very Good;F;VS1;63.2;57;5.78;5.74;3.64;3129
0.75;Ideal;E;SI2;62.6;55;5.72;5.79;3.6;3129
0.97;Good;J;VS2;64.3;58;6.25;6.22;4.01;3129
0.74;Ideal;I;VVS2;61.3;57;5.82;5.85;3.57;3130
0.74;Ideal;G;SI1;60.6;55;5.87;5.93;3.57;3130
0.74;Ideal;G;SI1;61.9;55;5.8;5.83;3.6;3130
0.74;Ideal;G;SI1;61.3;57;5.81;5.83;3.57;3130
0.7;Very Good;D;VS2;61.2;60;5.73;5.77;3.52;3131
0.71;Very Good;D;VS2;60.3;62;5.69;5.76;3.45;3131
0.82;Ideal;E;SI2;62.6;55;5.94;5.98;3.73;3131
0.72;Ideal;H;VS1;61.6;55;5.76;5.8;3.56;3133
0.82;Ideal;G;SI1;61.8;55;6.02;6.05;3.73;3133
0.74;Premium;E;VS1;60;57;5.94;5.89;3.55;3133
0.94;Good;I;SI2;63.8;60;6.14;6.21;3.94;3134
0.71;Ideal;D;VS2;61.2;56;5.76;5.78;3.53;3135
0.71;Ideal;D;VS2;60.4;57;5.77;5.82;3.5;3135
0.73;Ideal;F;VS1;62.9;56;5.71;5.77;3.61;3135
0.8;Very Good;D;VS2;63.1;57;5.94;5.89;3.73;3135
0.81;Premium;D;SI1;60.7;58;6.07;5.99;3.66;3135
0.7;Premium;F;VVS2;62.6;59;5.66;5.62;3.53;3136
1;Fair;E;SI2;66.6;59;6.07;6.01;4.02;3136
0.8;Premium;G;VS2;59.6;59;6.09;6;3.6;3136
0.75;Ideal;E;VS2;60.2;57;5.93;5.9;3.56;3136
1;Premium;E;I1;62.3;58;6.38;6.33;3.96;3136
0.71;Ideal;D;VS1;62.2;55;5.74;5.71;3.56;3136
1;Fair;E;SI2;67;53;6.19;6.13;4.13;3136
1;Fair;E;SI2;67;53;6.19;6.13;4.13;3136
1;Premium;G;SI2;62.5;59;6.41;6.33;3.98;3136
1;Ideal;H;I1;61.3;57;6.44;6.41;3.94;3136
0.8;Ideal;F;SI1;61;56;5.98;6.05;3.67;3137
0.72;Premium;H;VVS1;61.4;58;5.75;5.78;3.54;3137
0.71;Ideal;H;VVS1;61.1;56;5.78;5.81;3.53;3137
0.71;Ideal;D;VS2;62.3;56;5.68;5.72;3.55;3137
1.01;Very Good;G;SI1;62;63;6.34;6.25;3.9;3137
0.79;Very Good;E;SI1;63.3;56.3;5.85;5.88;3.71;3138
0.74;Very Good;D;SI1;61.5;59;5.76;5.82;3.56;3138
0.72;Very Good;D;VS2;63.1;59;5.67;5.7;3.59;3139
0.9;Very Good;E;SI2;60.7;61;6.16;6.22;3.76;3139
0.9;Good;E;SI2;64.1;57;6.07;6.09;3.9;3139
0.9;Good;E;SI2;63.4;62;6;6.02;3.81;3139
0.9;Very Good;E;SI2;59.5;61;6.24;6.3;3.73;3139
0.72;Ideal;G;VVS2;62.4;57;5.71;5.76;3.58;3139
0.54;Ideal;D;VVS1;61.4;58;5.28;5.25;3.23;3139
0.73;Ideal;F;VS1;61.1;57;5.8;5.89;3.57;3140
0.7;Ideal;G;VS1;61.2;57;5.7;5.74;3.5;3140
0.72;Good;E;VS2;60.8;62;5.73;5.78;3.5;3140
0.73;Ideal;D;SI1;62.4;53;5.82;5.79;3.62;3140
1.02;Premium;H;I1;62.5;60;6.39;6.41;4;3141
1.02;Very Good;E;I1;60.6;63;6.46;6.52;3.93;3141
0.9;Premium;J;SI1;60.4;59;6.27;6.24;3.78;3141
1;Premium;G;SI2;59.1;59;6.55;6.48;0;3142
0.7;Ideal;E;VS2;61.9;56;5.69;5.72;3.53;3142
1;Fair;G;SI2;64.6;67;6.25;6.19;4.02;3142
1.02;Ideal;H;SI2;58.8;57;6.61;6.55;3.87;3142
1;Premium;G;SI2;61.5;56;6.49;6.44;3.97;3142
1;Fair;G;SI2;68.3;54;6.21;6.12;4.2;3142
0.68;Very Good;G;IF;62.7;56;5.56;5.6;3.5;3143
0.83;Ideal;E;SI2;61;57;6.06;6.13;3.72;3143
0.8;Very Good;H;VS1;62.7;56;5.88;5.96;3.71;3144
1.21;Good;E;I1;57.2;62;7.01;6.95;3.99;3144
0.7;Very Good;E;VS1;62.8;57;5.65;5.68;3.56;3145
0.71;Very Good;D;VS1;58.1;62;5.84;5.89;3.41;3145
0.84;Very Good;D;SI2;63.6;57;5.95;6;3.8;3145
0.9;Premium;I;VS1;60.7;58;6.3;6.19;3.79;3145
0.9;Very Good;J;VS2;63.5;56;6.12;6.1;3.88;3145
0.7;Ideal;H;VS2;61.2;56;5.72;5.75;3.51;3145
0.7;Ideal;H;VS2;61.2;57;5.73;5.77;3.52;3145
0.71;Ideal;E;VS2;60.1;59;5.79;5.83;3.49;3145
0.7;Ideal;G;SI1;61.6;55;5.71;5.76;3.53;3145
0.9;Fair;G;SI1;65.4;57;6.04;5.95;3.92;3145
0.9;Fair;G;SI1;65.6;56;6.1;6.03;3.98;3145
0.9;Fair;G;SI1;65.4;59;6.04;6;3.94;3145
0.9;Fair;H;SI1;66.8;55;5.98;5.9;3.97;3145
0.74;Premium;G;VVS1;61.2;59;5.84;5.79;3.56;3145
0.72;Ideal;E;VS2;60.6;57;5.85;5.83;3.54;3145
0.72;Good;F;VVS2;61.3;65;5.76;5.72;3.52;3145
0.78;Premium;D;SI1;60.9;55;6;5.93;3.63;3145
0.71;Very Good;F;VS2;63.3;57;5.65;5.69;3.59;3146
0.71;Ideal;H;IF;61.2;56;5.74;5.79;3.53;3146
0.92;Very Good;J;VS2;60.9;62;6.26;6.31;3.83;3146
0.8;Very Good;E;SI1;62.9;60;5.87;5.89;3.7;3146
0.81;Ideal;F;SI1;61.2;57;6;6.05;3.69;3146
0.78;Ideal;E;SI1;62.1;58;5.86;5.9;3.65;3146
0.73;Good;E;VS1;63.7;59;5.67;5.69;3.62;3146
1.06;Ideal;I;SI2;62.8;55;6.51;6.46;4.07;3146
1;Fair;F;SI2;65.5;56;6.3;6.19;4.09;3146
0.77;Ideal;G;VS1;62.2;56;5.9;5.85;3.66;3148
0.7;Good;E;VS1;61.2;58;5.66;5.72;3.48;3148
0.7;Good;E;VS1;58.7;60;5.79;5.83;3.41;3148
1.02;Ideal;I;VS2;62.8;57;6.45;6.39;4.03;3148
0.91;Good;G;SI2;62.5;60;6.05;6.08;3.79;3149
1.03;Good;J;SI2;64.1;62;6.37;6.33;4.07;3149
1.03;Fair;J;SI2;64.6;62;6.3;6.21;4.06;3149
1.03;Premium;J;SI2;62.2;59;6.42;6.4;3.99;3149
0.94;Very Good;F;SI2;62.3;59;6.23;6.32;3.91;3150
0.88;Very Good;E;SI2;59.1;58;6.22;6.3;3.7;3150
0.75;Ideal;E;VS2;61.7;56;5.86;5.84;3.61;3150
0.75;Premium;E;VS2;61.8;58;5.85;5.83;3.61;3150
0.72;Ideal;F;VS2;61.3;56;5.78;5.8;3.55;3151
0.77;Very Good;H;VS1;62.2;57;5.81;5.86;3.63;3152
0.75;Ideal;D;SI1;62;58;5.81;5.84;3.61;3152
0.83;Very Good;H;VS1;63.1;60;5.91;5.98;3.75;3153
0.9;Good;D;SI2;63.9;60;6.07;6.11;3.89;3153
0.8;Ideal;H;VS2;60.6;56;6.03;6.08;3.67;3153
0.71;Ideal;D;VS2;62;57;5.69;5.73;3.54;3153
0.92;Good;E;SI2;62;64;6.2;6.16;3.83;3153
0.7;Very Good;E;VVS2;59.2;61;5.79;5.84;3.44;3154
0.7;Very Good;E;VS1;62.2;55;5.65;5.67;3.52;3154
0.7;Very Good;E;VS1;63.6;57;5.61;5.65;3.58;3154
0.95;Very Good;J;SI1;63.4;55;6.25;6.21;3.95;3154
0.58;Ideal;D;VVS1;61.6;60;5.34;5.35;3.29;3154
0.73;Ideal;G;VS2;61.7;56;5.79;5.81;3.58;3154
0.77;Ideal;G;VS2;61.7;55;5.87;5.9;3.63;3154
0.7;Ideal;F;VS1;61.2;58;5.7;5.73;3.5;3154
0.7;Ideal;F;VS1;61.7;55;5.72;5.76;3.54;3154
0.95;Fair;J;SI1;58;66;6.5;6.46;3.76;3154
0.8;Ideal;D;SI2;61.9;54;6;5.95;3.7;3154
1.22;Premium;J;SI2;62.6;59;6.79;4.24;3.76;3156
0.64;Ideal;E;VVS2;62.1;53;5.51;5.54;3.43;3157
1.06;Premium;F;I1;60.3;58;6.59;6.56;3.96;3158
0.77;Ideal;D;SI1;62.3;56;5.84;5.87;3.65;3158
0.8;Very Good;G;VS1;59.5;63;6.11;6.05;3.61;3158
0.82;Premium;D;SI2;61.7;56;6.01;5.99;3.7;3159
0.78;Ideal;E;VS2;62.1;54;5.92;5.94;3.68;3159
0.7;Ideal;F;VVS2;62;57;5.68;5.74;3.54;3160
0.9;Very Good;H;SI2;62.8;57;6.15;6.2;3.88;3160
0.77;Very Good;D;SI1;58.6;59;6;6.04;3.53;3160
0.9;Good;H;SI2;63.4;60;6.03;6.08;3.84;3160
0.9;Very Good;H;SI2;62.9;57;6.09;6.16;3.85;3160
0.9;Good;H;SI2;62.4;61;6.03;6.11;3.79;3160
0.9;Very Good;H;SI2;59.5;63;6.26;6.31;3.74;3160
0.9;Ideal;J;VS2;61.3;57;6.16;6.24;3.8;3160
0.9;Very Good;H;SI2;61.1;63;6.12;6.19;3.76;3160
0.9;Very Good;H;SI2;59.2;61;6.23;6.27;3.7;3160
0.81;Ideal;D;SI2;61.9;54;5.96;5.99;3.7;3160
0.9;Fair;F;SI1;66;57;6.06;6;3.98;3160
0.63;Ideal;E;VVS1;62.4;56;5.48;5.52;3.43;3161
0.71;Premium;D;VS2;62.4;59;5.73;5.68;3.56;3161
0.71;Ideal;D;VS2;62.5;55;5.74;5.71;3.58;3161
0.71;Premium;D;VS2;59.2;59;5.86;5.8;3.45;3161
0.76;Very Good;E;VS2;63;59;5.76;5.79;3.64;3162
0.9;Good;I;VS2;62.4;65;6.09;6.12;3.81;3162
0.9;Good;G;SI2;63.3;59;6.07;6.12;3.86;3162
0.9;Very Good;H;SI2;63;55;6.1;6.16;3.86;3162
0.7;Ideal;F;VS1;61;58;5.74;5.76;3.51;3162
0.74;Good;E;VS2;63.9;54;5.77;5.81;3.7;3163
0.74;Good;E;VS2;63.5;56;5.75;5.8;3.67;3163
0.78;Good;F;VS1;64;54;5.86;5.82;3.74;3163
0.79;Ideal;F;SI1;61.3;56;5.96;6.01;3.67;3163
0.73;Ideal;H;VS2;61.4;55;5.79;5.82;3.56;3164
0.73;Ideal;H;VS2;61;56;5.83;5.88;3.57;3164
1;Fair;H;SI2;63.7;54;6.42;6.27;4.06;3164
0.7;Ideal;G;VVS1;62.8;57;5.63;5.68;3.55;3165
0.92;Premium;H;SI1;60.7;59;6.34;6.25;3.82;3165
0.77;Very Good;D;SI1;60.3;58;5.89;5.96;3.57;3166
0.73;Good;F;VVS2;58.2;63;5.87;6.01;3.46;3166
0.87;Fair;I;VS2;57.3;59;6.29;6.44;3.65;3166
1.01;Premium;H;I1;58.1;59;6.66;6.6;0;3167
0.71;Ideal;G;VVS1;62.1;56;5.72;5.84;3.59;3167
0.72;Ideal;H;VS1;61.8;55;5.78;5.81;3.58;3167
0.7;Ideal;E;VS1;62.6;55;5.66;5.69;3.55;3167
0.79;Ideal;H;SI1;61.4;56;5.93;5.96;3.65;3167
0.85;Ideal;E;SI1;61.8;54;6.1;6.14;3.78;3167
0.7;Ideal;H;IF;62.2;55;5.68;5.71;3.54;3167
0.72;Premium;F;VS1;62.2;57;5.74;5.67;3.55;3167
1.01;Fair;H;SI2;64.5;54;6.26;6.15;4;3167
1.01;Very Good;H;I1;63.2;58;6.39;6.33;4.02;3167
1.08;Ideal;F;I1;61.8;56;6.64;6.62;4.1;3168
1.23;Ideal;H;I1;61.6;55;6.92;6.87;4.25;3168
0.91;Very Good;J;SI2;62.4;61;6.13;6.2;3.85;3169
0.79;Ideal;F;SI1;61.2;56;5.96;6.01;3.66;3169
0.77;Ideal;F;SI1;61.4;55;5.93;5.95;3.65;3169
0.76;Very Good;G;VS2;61.1;57;5.84;5.95;3.6;3170
0.92;Very Good;J;SI1;62.6;58;6.18;6.22;3.88;3170
0.92;Ideal;J;SI1;62.3;56;6.24;6.29;3.9;3170
0.76;Ideal;E;SI1;61.8;57;5.84;5.87;3.62;3170
0.75;Ideal;E;SI1;62.1;55;5.81;5.85;3.62;3170
0.74;Premium;F;VS1;61.7;57;5.85;5.79;3.59;3170
0.74;Ideal;F;VS1;62.3;56;5.79;5.76;3.6;3170
1.09;Fair;F;SI2;66.3;56;6.47;6.39;4.27;3170
0.74;Ideal;F;VS1;61.7;56;5.83;5.78;3.58;3170
0.74;Ideal;F;VS1;62.3;57;5.79;5.77;3.6;3170
0.74;Ideal;F;VS2;62.1;56;5.79;5.83;3.61;3171
0.83;Very Good;G;SI1;62.3;58;5.97;6.01;3.73;3171
0.83;Ideal;H;VS2;61.6;55;6.04;6.08;3.73;3171
0.78;Ideal;G;VS2;62.2;57;5.87;5.9;3.66;3171
0.75;Ideal;G;SI1;61.8;55;5.81;5.84;3.6;3171
0.83;Ideal;G;SI1;61.8;55;6.05;6.09;3.75;3171
0.79;Ideal;E;SI1;60.3;56;5.99;6.05;3.63;3171
1.03;Ideal;H;I1;61.5;57;6.48;6.52;4;3172
1.03;Premium;H;I1;61.1;60;6.46;6.51;3.96;3172
1.03;Ideal;H;SI2;62.4;57;6.43;6.36;4;3172
0.7;Ideal;G;VS2;62.7;54;5.65;5.7;3.65;3172
0.7;Ideal;E;VS2;62.2;55;5.64;5.67;3.52;3172
0.84;Fair;F;VS2;65;57.2;5.83;5.87;3.81;3172
0.93;Fair;G;SI2;66.1;58.1;6;6.04;3.98;3172
0.7;Very Good;E;SI1;63.9;57;5.55;5.66;3.58;3173
1.01;Premium;G;SI2;60.1;58;6.54;6.39;3.89;3173
0.8;Ideal;D;SI2;61.5;58;5.97;6;3.68;3173
1.01;Fair;G;SI2;68.5;63;6.08;6;4.14;3173
0.92;Premium;H;SI2;60.4;59;6.36;6.33;3.83;3174
0.71;Very Good;F;VS1;62.9;55;5.68;5.71;3.58;3175
0.7;Ideal;H;VVS1;60.2;57;5.78;5.82;3.49;3175
0.9;Ideal;J;VS1;62.5;55;6.18;6.14;3.85;3175
0.7;Premium;E;VS1;62.9;61;5.65;5.57;3.53;3175
0.9;Premium;G;SI2;61.9;61;6.13;6.06;3.77;3175
0.9;Premium;J;VS1;62.3;56;6.23;6.19;3.87;3175
0.7;Good;E;VS1;63.6;58;5.67;5.62;3.59;3175
1;Fair;J;SI1;65.3;57;6.33;6.12;4.08;3175
1.5;Fair;H;I1;69.3;61;6.99;6.81;4.78;3175
0.9;Very Good;I;SI1;61.8;58;6.2;6.26;3.85;3176
0.9;Good;I;SI1;63.5;59;6.05;6.1;3.86;3176
0.77;Ideal;G;VS1;62.4;54;5.89;5.93;3.69;3176
0.32;Ideal;F;SI2;61.7;56;4.41;4.44;2.73;561
0.32;Premium;G;VS2;62.5;58;4.36;4.38;2.73;561
0.32;Ideal;G;VS2;62;57;4.39;4.41;2.73;561
0.32;Ideal;H;VS1;61.8;55;4.41;4.42;2.73;561
0.32;Ideal;G;VS2;61.5;57;4.4;4.41;2.71;561
0.32;Very Good;H;VS1;63;55;4.4;4.42;2.78;561
0.32;Premium;I;VVS2;62.1;59;4.35;4.38;2.71;561
0.32;Very Good;I;VVS2;63;57;4.33;4.37;2.74;561
0.32;Very Good;G;VS2;62.8;58;4.31;4.35;2.72;561
0.32;Premium;G;VS2;60.8;59;4.41;4.44;2.69;561
0.32;Premium;G;VS2;61.1;58;4.42;4.45;2.71;561
0.32;Very Good;G;VS2;59.9;57;4.47;4.51;2.69;561
0.32;Very Good;H;VS1;62.8;58;4.35;4.37;2.74;561
0.32;Very Good;E;SI1;62.2;58;4.36;4.39;2.72;561
0.32;Premium;E;SI1;62.3;58;4.37;4.4;2.73;561
0.4;Good;H;SI2;63.8;57;4.67;4.7;2.99;561
0.32;Premium;G;VS2;61.5;60;4.36;4.39;2.69;561
0.32;Premium;G;VS2;60.7;58;4.38;4.42;2.67;561
0.32;Premium;G;VS2;61.5;59;4.4;4.42;2.71;561
0.32;Ideal;G;VS2;61.4;57;4.39;4.4;2.7;561
0.32;Ideal;G;VS2;62;57;4.37;4.4;2.72;561
0.32;Ideal;E;SI1;61.8;55;4.42;4.45;2.74;561
0.32;Ideal;H;VS1;61.1;56;4.44;4.46;2.72;561
0.32;Ideal;G;VS2;62.5;56;4.38;4.42;2.75;561
0.32;Very Good;H;VS1;62.8;55;4.35;4.41;2.75;561
0.32;Ideal;G;VS2;61.8;55;4.41;4.43;2.73;561
0.32;Premium;G;VS2;61.2;59;4.38;4.41;2.69;561
0.32;Very Good;G;VS2;62;59;4.37;4.41;2.72;561
0.26;Very Good;F;VVS1;61.3;58;4.13;4.16;2.54;562
0.31;Ideal;G;VS2;61.7;55;4.37;4.39;2.7;562
0.7;Ideal;E;VS2;61.1;56;5.73;5.76;3.51;3176
0.72;Ideal;D;SI2;60.5;57;5.82;5.89;3.54;3176
0.7;Very Good;E;VS1;63.8;57;5.61;5.65;3.59;3177
0.74;Ideal;D;VS2;61.1;54;5.86;5.89;3.59;3177
0.67;Very Good;G;VVS1;62;56;5.6;5.62;3.48;3178
0.74;Ideal;H;VS2;62.2;55;5.83;5.81;3.62;3178
0.72;Ideal;G;VVS2;62.6;56;5.7;5.74;3.58;3179
0.72;Ideal;D;VS2;60.8;56;5.8;5.84;3.54;3179
0.72;Ideal;D;VS2;62.1;57;5.69;5.75;3.55;3179
0.72;Ideal;D;VS2;62.8;57;5.68;5.73;3.58;3179
0.81;Good;D;SI1;63.9;58;5.9;5.85;3.75;3179
1.5;Good;G;I1;57.4;62;7.56;7.39;4.29;3179
0.74;Very Good;E;VS2;61.8;58;5.79;5.82;3.59;3180
0.93;Very Good;J;VS2;61.1;59;6.32;6.34;3.87;3180
0.87;Very Good;H;SI1;62.2;57;6.05;6.11;3.78;3180
0.72;Ideal;H;VVS1;60.8;58;5.77;5.8;3.52;3180
0.72;Ideal;H;VVS1;61.8;55;5.74;5.78;3.56;3180
0.72;Ideal;H;VVS1;61.5;57;5.74;5.76;3.54;3180
0.91;Fair;H;SI1;64.4;60;6.1;6.07;3.92;3180
0.91;Fair;H;SI1;64.8;57;6.12;6.07;3.95;3180
0.91;Premium;H;SI1;62.2;56;6.23;6.18;3.86;3180
0.91;Very Good;J;SI2;62;56;6.18;6.23;3.85;3181
0.95;Premium;G;SI2;62.6;58;6.22;6.18;3.88;3181
0.63;Ideal;E;VVS1;61.1;58;5.49;5.54;3.37;3181
0.92;Ideal;J;SI1;61.7;57;6.21;6.26;3.85;3181
0.95;Premium;G;SI2;59.8;60;6.36;6.34;3.8;3181
0.8;Ideal;I;VVS1;61.7;56;5.98;5.92;3.67;3181
0.73;Very Good;D;VS2;63.5;58;5.68;5.72;3.62;3182
0.73;Ideal;D;VS2;62.1;56;5.77;5.8;3.59;3182
0.73;Ideal;G;VVS2;61.9;56;5.74;5.81;3.61;3183
0.73;Ideal;G;VVS2;62.2;55;5.74;5.77;3.58;3183
0.72;Very Good;E;SI1;63.3;56;5.67;5.71;3.6;3183
1.11;Premium;I;I1;61.8;59;6.65;6.58;4.09;3183
0.85;Ideal;H;SI1;60.8;57;6.13;6.18;3.74;3183
0.76;Ideal;G;VS2;61.5;55;5.92;5.88;3.63;3183
0.7;Premium;D;VS1;60.9;60;5.75;5.71;3.49;3183
0.73;Very Good;E;VS2;62.9;58;5.7;5.75;3.6;3184
0.78;Ideal;G;VS2;61.7;55;5.94;5.89;3.65;3184
0.7;Ideal;H;VS1;61.2;55;5.71;5.76;3.51;3185
0.7;Ideal;H;VS1;61;56;5.75;5.79;3.51;3185
0.7;Ideal;H;VS1;61.7;57;5.66;5.7;3.5;3185
0.79;Ideal;D;SI1;61.2;56;6.02;5.95;3.66;3185
0.72;Premium;G;IF;60.1;58;5.89;5.86;3.53;3185
0.9;Fair;E;SI2;57.5;68;6.37;6.33;3.65;3187
0.96;Premium;J;SI1;62.9;59;6.3;6.22;3.94;3187
0.9;Very Good;E;SI2;63.4;56;6.15;5.99;3.85;3187
1.03;Good;J;SI2;56.2;62;6.69;6.73;3.77;3188
0.9;Very Good;J;VS1;62.5;56;6.11;6.21;3.85;3188
0.75;Good;G;VVS1;58.4;56;5.98;6.06;3.52;3188
0.77;Ideal;E;SI1;61.6;57;5.87;5.91;3.63;3189
0.91;Very Good;G;SI2;60.3;59;6.23;6.28;3.77;3189
0.85;Ideal;E;SI2;62.8;57;6.06;6.01;3.79;3189
0.71;Ideal;H;VS2;61.9;55;5.74;5.77;3.56;3189
0.74;Ideal;E;VS2;59.5;57;5.92;5.94;3.53;3189
0.73;Ideal;D;SI1;61.8;56;5.8;5.76;3.57;3189
0.73;Ideal;D;SI1;61.9;56;5.8;5.77;3.58;3189
1.01;Premium;J;VS2;62.4;60;6.45;6.35;3.99;3190
0.71;Ideal;H;IF;62;54;5.71;5.75;3.55;3190
0.89;Premium;G;SI1;61.1;58;6.24;6.17;3.79;3190
0.92;Premium;I;SI1;62.9;60;6.18;6.13;3.87;3190
1.01;Fair;J;VS2;65.8;55;6.29;6.24;4.12;3190
0.7;Ideal;G;VVS2;60.6;56;5.69;5.82;3.49;3191
0.7;Ideal;G;VVS2;60.3;57;5.75;5.83;3.49;3191
0.7;Ideal;F;VVS2;62;55;5.71;5.67;3.53;3191
0.71;Ideal;E;VS2;62.1;57;5.71;5.75;3.56;3191
0.71;Ideal;E;VS2;62;57;5.71;5.74;3.55;3191
0.8;Ideal;E;VS2;61.4;55;5.96;5.99;3.67;3192
0.71;Ideal;D;VS1;62.2;55;5.71;5.74;3.56;3192
0.75;Ideal;E;VS2;60.2;57;5.93;5.9;3.56;3192
0.71;Very Good;E;VS1;62.1;60;5.65;5.71;3.53;3192
0.71;Very Good;E;VS1;61.5;57;5.74;5.77;3.54;3192
0.81;Ideal;G;SI1;62.2;57;5.97;6.02;3.73;3192
0.76;Ideal;E;VS2;61.5;56;5.92;5.89;3.63;3192
0.91;Good;H;VS2;63.8;59;5.99;5.96;3.82;3192
1;Good;H;SI2;62;64;6.43;6.29;3.94;3192
0.76;Premium;E;VS2;60.1;59;6.01;5.97;3.6;3192
1;Fair;H;SI2;64.4;57;6.35;6.29;4.07;3192
0.81;Premium;G;VS2;61.4;60;6.02;5.99;3.69;3193
0.73;Ideal;F;VVS2;62.2;54;5.8;5.75;3.59;3193
0.9;Good;J;VVS2;57.4;61;6.42;6.37;3.67;3193
0.7;Good;D;VS1;60.4;63;5.68;5.74;3.45;3193
0.81;Premium;G;VS2;62.9;58;5.94;5.88;3.72;3193
0.9;Good;H;SI2;63.6;60;6.11;6.06;3.87;3193
0.54;Premium;D;VVS1;61.4;57.5;5.25;5.28;3.23;3194
0.83;Very Good;G;VS2;62.7;58;5.97;6.03;3.76;3195
0.73;Ideal;D;SI1;62.4;53;5.79;5.82;3.62;3195
0.71;Ideal;G;VS1;62.3;54;5.68;5.72;3.55;3195
0.8;Ideal;D;SI1;61.7;56;5.96;6;3.69;3195
0.83;Good;G;VS2;63.7;60.9;5.84;5.92;3.75;3195
0.91;Very Good;F;SI1;63.5;58;6.15;6.1;3.89;3195
0.91;Very Good;F;SI1;63.3;60;6.1;6.06;3.85;3195
0.6;Ideal;F;VVS2;61.5;57;5.42;5.45;3.34;3196
0.9;Good;I;SI1;63;53;6.08;6.15;3.85;3196
0.91;Ideal;F;SI2;61.7;55;6.27;6.2;3.85;3196
0.9;Very Good;J;VS1;62.9;56;6.13;6.18;3.87;3197
0.51;Ideal;E;VVS1;61.3;56;5.13;5.21;3.17;3197
0.77;Very Good;G;VS1;61.1;54;5.91;5.94;3.62;3197
1.01;Fair;F;SI1;66.1;60;6.15;6.13;4.06;3197
0.83;Premium;F;SI1;62;59;6.04;5.99;3.73;3198
0.73;Ideal;E;VS2;62.2;59;5.74;5.77;3.58;3198
0.71;Ideal;E;VS1;61.4;59;5.71;5.75;3.52;3198
0.71;Ideal;E;VS1;62.3;56;5.66;5.7;3.54;3198
0.83;Ideal;F;SI1;62.1;55;6.05;6;3.74;3198
0.7;Premium;E;VS2;61;59;5.74;5.7;3.49;3199
1;Fair;J;SI2;56.3;64;6.58;6.54;3.69;3199
0.71;Ideal;F;VS1;62.6;57;5.7;5.73;3.58;3199
0.71;Ideal;F;VS1;61.1;56;5.71;5.74;3.5;3199
1.02;Very Good;E;I1;60.6;63;6.52;6.46;3.93;3199
0.7;Ideal;F;VS1;62.4;56;5.67;5.65;3.53;3199
0.7;Ideal;D;SI1;61.7;57;5.76;5.73;3.54;3199
1.02;Premium;H;I1;62.5;60;6.41;6.39;4;3199
0.73;Very Good;F;VS1;62;57;5.73;5.75;3.56;3200
0.74;Ideal;F;VS2;62.1;56;5.83;5.79;3.61;3200
0.9;Ideal;E;SI2;62.6;56;6.15;6.06;3.82;3200
0.9;Good;H;SI1;63.8;57;6.07;6.13;3.89;3201
0.7;Ideal;E;VS2;60.5;59;5.72;5.75;3.47;3201
0.7;Ideal;E;VS2;61.1;59;5.67;5.73;3.48;3201
0.73;Ideal;E;VS2;62.4;57;5.75;5.79;3.6;3201
0.84;Ideal;I;VS1;61.4;57;6.03;6.09;3.72;3201
0.76;Ideal;F;VS2;61;55;5.92;5.89;3.6;3201
0.71;Very Good;D;VS2;59.7;55;5.85;5.88;3.5;3203
1.04;Good;H;I1;63.9;58;6.35;6.42;4.08;3203
1.04;Very Good;H;I1;61.6;61;6.45;6.47;3.98;3203
0.7;Very Good;F;VVS1;63.3;62;5.67;5.57;3.56;3204
0.7;Premium;F;VVS1;63;60;5.62;5.59;3.53;3204
1.02;Ideal;G;SI2;62.3;56;6.39;6.35;3.97;3204
1.04;Good;J;SI2;63.8;56;6.36;6.32;4.05;3204
0.7;Very Good;F;VVS2;60.5;60;5.7;5.73;3.46;3205
1.11;Premium;H;I1;61;59;6.61;6.67;4.05;3205
0.7;Ideal;G;VVS2;60.8;56;5.75;5.79;3.51;3205
0.7;Ideal;G;VVS2;61;56;5.74;5.77;3.51;3205
0.71;Fair;F;IF;58.7;62;5.87;5.81;3.43;3205
0.9;Premium;D;SI2;62.7;59;6.2;6.14;3.87;3205
0.9;Fair;D;SI2;65.9;59;6;5.95;3.94;3205
0.9;Fair;D;SI2;66;58;6;5.97;3.95;3205
0.9;Fair;D;SI2;64.7;54;6.1;6.04;3.93;3205
0.9;Fair;D;SI2;65.7;60;5.98;5.93;3.91;3205
0.9;Fair;D;SI2;64.7;59;6.09;5.99;3.91;3205
0.9;Premium;D;SI2;59;61;6.32;6.28;3.72;3205
0.72;Premium;D;VS2;60.6;57;5.82;5.79;3.52;3205
0.75;Premium;E;VS2;61.8;58;5.83;5.85;3.61;3206
0.75;Ideal;E;VS2;61.7;56;5.84;5.86;3.61;3206
0.75;Very Good;E;VS2;62.8;55;5.77;5.79;3.63;3206
0.58;Ideal;D;VVS1;60.6;57;5.38;5.41;3.27;3206
0.7;Ideal;G;VS1;61.2;56;5.71;5.75;3.5;3206
0.7;Ideal;G;VS1;61.4;55;5.71;5.76;3.53;3206
0.7;Good;F;VVS1;59.9;62;5.69;5.74;3.42;3206
0.83;Very Good;F;SI1;63;55;5.95;5.96;3.75;3207
0.83;Ideal;D;SI2;62.1;56;6;6.04;3.74;3207
1.01;Ideal;J;SI1;62.1;54;6.48;6.4;4;3207
0.77;Very Good;H;VVS2;61.1;56;5.89;5.92;3.61;3208
0.7;Very Good;G;VVS1;62.4;59;5.63;5.66;3.52;3208
0.7;Very Good;D;VS1;60.1;60;5.73;5.76;3.45;3208
0.9;Very Good;H;SI2;61.5;59;6.15;6.2;3.8;3208
0.93;Very Good;J;VS2;63.3;61;6.19;6.14;3.9;3208
0.8;Very Good;H;VS1;61.7;62;5.89;5.94;3.65;3209
0.9;Very Good;I;VS2;62.5;57;6.12;6.2;3.85;3209
0.73;Ideal;G;VS1;60.8;56.4;5.81;5.86;3.55;3209
0.79;Ideal;D;SI1;61.1;57;5.94;6;3.65;3209
0.8;Ideal;D;SI2;61.9;54;5.95;6;3.7;3210
0.7;Premium;D;VVS2;61.5;60;5.71;5.64;3.49;3210
0.71;Ideal;G;VVS1;62.6;56;5.65;5.69;3.55;3210
0.79;Ideal;F;SI1;60.8;55;5.98;6.05;3.66;3210
0.9;Premium;F;SI2;62.6;62;6.06;6.01;3.78;3210
0.9;Good;F;SI2;64.3;57;6.16;6.06;3.93;3210
0.9;Premium;F;SI2;61.9;62;6.12;6.07;3.77;3210
0.91;Good;J;VS1;64.2;60;6.01;5.95;3.84;3210
0.91;Fair;F;SI2;64.9;56;6.08;6.05;3.94;3210
0.9;Very Good;I;SI1;63.1;54;6.13;6.16;3.88;3211
0.73;Premium;F;VS1;60.7;61;5.79;5.75;3.5;3211
0.73;Ideal;F;VS1;62.6;56;5.73;5.71;3.58;3211
0.77;Premium;F;VS1;59.5;58;5.96;5.94;3.54;3211
0.82;Premium;E;SI1;61.2;61;5.98;5.95;3.65;3211
0.61;Ideal;E;VVS1;59.9;61;5.5;5.55;3.31;3212
0.71;Ideal;D;VS2;62.7;57;5.7;5.75;3.59;3212
0.71;Ideal;E;VS1;61.9;54;5.74;5.76;3.56;3212
0.71;Ideal;E;VS1;62.3;54;5.69;5.73;3.56;3212
0.76;Ideal;G;SI1;61.2;57;5.85;5.9;3.59;3212
0.81;Premium;E;SI1;60.8;59;5.99;5.95;3.63;3213
0.78;Ideal;D;SI1;61.1;57;5.95;5.97;3.64;3214
0.7;Premium;D;VS1;62.9;59;5.72;5.66;3.58;3214
0.95;Good;D;SI2;56.5;61;6.53;6.5;3.68;3214
0.92;Ideal;J;VS2;61.1;57;6.31;6.22;3.83;3215
0.96;Fair;I;VS2;56.1;60;6.62;6.58;3.7;3215
0.96;Premium;G;SI2;62.7;60;6.29;6.11;3.89;3215
1.1;Premium;J;SI2;60;58;6.77;6.66;4.03;3216
1.1;Ideal;I;SI2;61.7;56;6.65;6.6;4.09;3216
0.71;Very Good;E;VS2;60.7;58;5.73;5.81;3.5;3217
0.71;Premium;D;VS2;59.2;59;5.8;5.86;3.45;3217
0.71;Ideal;D;VS2;62.5;55;5.71;5.74;3.58;3217
0.71;Very Good;D;VS2;62.4;59;5.68;5.73;3.56;3217
1;Very Good;I;SI2;62.4;63;6.35;6.44;3.99;3217
0.9;Very Good;F;SI2;62.8;54;6.05;6.15;3.83;3217
0.64;Ideal;F;VVS2;60.9;56;5.57;5.59;3.4;3217
0.71;Ideal;E;VS2;60.3;56;5.8;5.84;3.51;3217
0.77;Premium;F;VS2;62.1;59;5.85;5.87;3.64;3218
0.52;Ideal;D;VVS1;62;57;5.15;5.17;3.2;3218
0.71;Very Good;F;VS1;60.6;60;5.68;5.73;3.46;3218
0.9;Good;E;SI2;62;63;6.09;6.14;3.79;3218
0.77;Ideal;E;SI1;61.6;57;5.91;5.87;3.63;3218
1.18;Very Good;E;I1;59.9;63;6.8;6.85;4.09;3219
0.72;Very Good;F;VS1;63.3;57;5.68;5.75;3.62;3219
0.72;Very Good;F;VS1;62.8;58;5.7;5.73;3.59;3219
0.72;Very Good;F;VS1;63.3;58;5.66;5.71;3.6;3219
0.72;Ideal;D;VS2;62.7;56;5.71;5.78;3.6;3219
0.72;Ideal;D;VS2;62.7;56;5.65;5.71;3.56;3219
0.9;Very Good;I;SI1;62.6;58;6.08;6.15;3.83;3220
0.9;Very Good;I;SI1;60.5;58;6.22;6.27;3.78;3220
0.75;Very Good;F;VS1;60.9;59;5.83;5.87;3.56;3220
0.73;Ideal;H;VVS1;62.1;56;5.75;5.8;3.59;3220
1.15;Premium;H;SI2;60.4;58;6.8;6.75;4.09;3220
0.71;Very Good;D;VS2;63.1;58;5.67;5.7;3.59;3222
0.71;Ideal;D;VS2;61.4;57;5.73;5.77;3.53;3222
0.51;Ideal;D;VVS2;61.3;56;5.14;5.15;3.16;3223
0.72;Ideal;E;VS2;61.3;57;5.76;5.79;3.54;3223
0.82;Premium;I;IF;61.2;60;6.03;5.99;3.68;3224
1.01;Premium;H;SI1;62.9;58;6.38;6.34;4;3224
0.9;Very Good;J;SI1;63.6;57;6.07;6.1;3.87;3225
0.68;Good;G;VVS1;61.9;55;5.63;5.68;3.5;3225
0.9;Premium;G;SI2;61.3;55;6.18;6.12;3.77;3226
0.74;Very Good;F;VS1;61.7;57;5.79;5.85;3.59;3226
0.74;Ideal;F;VS1;62.3;56;5.76;5.79;3.6;3226
0.73;Very Good;E;VS1;62.3;58;5.72;5.74;3.57;3226
0.8;Premium;D;SI1;59.4;55;6.06;6.02;3.59;3226
0.9;Good;G;SI1;57.7;62;6.29;6.23;3.61;3226
0.9;Fair;H;VS2;65.5;57;6.05;6.01;3.95;3226
0.72;Ideal;F;VS2;61.1;56;5.92;5.8;3.55;3226
0.51;Ideal;E;VVS1;61.3;56;5.21;5.13;3.17;3226
0.86;Very Good;H;SI1;59.7;59;6.14;6.23;3.69;3228
0.65;Ideal;D;VVS2;61.4;60;5.54;5.57;3.41;3228
0.74;Premium;E;VS2;62.7;58;5.77;5.72;3.6;3228
0.72;Very Good;F;VS1;62.2;57;5.7;5.74;3.56;3229
0.7;Premium;D;VS1;61.6;60;5.63;5.6;3.46;3229
0.7;Ideal;D;VS1;62.9;57;5.67;5.61;3.55;3229
0.71;Ideal;H;VS1;61.8;55;5.72;5.77;3.55;3229
0.71;Ideal;H;VS1;61.7;55;5.73;5.75;3.54;3229
0.71;Ideal;H;VS1;60.8;57;5.74;5.79;3.51;3229
0.71;Ideal;H;VS1;61.4;56;5.74;5.78;3.54;3229
0.96;Premium;I;SI2;62.7;58;6.24;6.2;3.9;3229
0.91;Good;H;SI1;63.7;60;6.16;6.09;3.9;3229
0.79;Premium;E;VS2;59.4;60;6.08;6.05;3.6;3230
1.03;Ideal;H;I1;61.5;57;6.52;6.48;4;3230
0.81;Premium;F;SI1;61;59;6.01;5.99;3.66;3230
0.75;Good;E;VS1;63.1;55;5.8;5.83;3.67;3231
0.81;Ideal;E;VS2;60.4;57;6.02;6.06;3.65;3231
0.9;Very Good;J;VS1;62.3;56;6.19;6.23;3.87;3231
0.7;Very Good;D;VS1;62.9;60;5.57;5.62;3.52;3231
0.83;Ideal;E;SI1;62.7;57;5.96;6.01;3.75;3231
0.59;Very Good;D;VVS1;61.8;57;5.37;5.41;3.33;3234
1;Good;J;SI2;62.7;58;6.28;6.32;3.95;3234
0.71;Ideal;H;IF;62.2;57;5.7;5.74;3.56;3234
1.05;Very Good;E;I1;62.2;61;6.48;6.51;4.04;3234
0.7;Ideal;G;VVS2;59.9;58;5.78;5.8;3.47;3234
0.71;Ideal;D;VS2;61.4;56;5.74;5.79;3.54;3234
0.7;Very Good;F;VVS2;58.7;63;5.82;5.79;3.41;3234
1.05;Ideal;H;SI2;60.6;57;6.59;6.55;3.98;3234
0.7;Premium;G;VVS1;62.8;58;5.68;5.62;3.55;3234
0.77;Premium;E;VS2;60.5;59;5.98;5.92;3.6;3234
0.7;Very Good;G;VVS2;60;60;5.78;5.85;3.49;3235
0.8;Very Good;H;VS2;63.1;57;5.87;5.92;3.72;3235
0.73;Ideal;E;VS1;62.5;57;5.73;5.76;3.59;3235
0.7;Very Good;E;VS1;61.9;61;5.59;5.65;3.48;3235
0.7;Ideal;H;VVS2;62.2;55;5.71;5.76;3.57;3235
0.72;Ideal;E;VS2;62.1;57;5.73;5.76;3.57;3235
0.72;Ideal;D;VS2;60.9;55;5.77;5.89;3.55;3236
0.95;Premium;I;SI2;62.5;58;6.3;6.24;3.92;3237
0.85;Premium;G;VS2;61;58;6.11;6.08;3.72;3237
0.89;Very Good;I;VS2;63.1;55;6.09;6.17;3.87;3238
0.72;Very Good;F;VS2;61.6;58;5.75;5.78;3.55;3238
0.76;Very Good;F;VS2;62.5;58;5.79;5.83;3.63;3238
0.91;Very Good;G;SI2;62;59;6.19;6.22;3.85;3238
0.7;Ideal;E;VVS2;62.8;56;5.68;5.6;3.54;3238
0.71;Ideal;E;VS1;60.4;56;5.8;5.85;3.52;3238
0.71;Ideal;E;VS1;62.7;57;5.66;5.69;3.56;3238
0.7;Good;D;VS1;57.8;60;5.85;5.87;3.39;3239
0.7;Premium;D;VS1;60.6;58;5.73;5.75;3.48;3239
0.7;Very Good;D;VS1;61.5;55;5.7;5.74;3.52;3239
0.73;Ideal;I;VVS1;61.8;57;5.75;5.77;3.56;3239
0.9;Very Good;E;SI2;63.2;61;6.06;5.99;3.81;3239
0.77;Very Good;G;VS1;62.3;58;5.82;5.86;3.64;3240
0.77;Very Good;D;SI1;59.9;59;5.9;5.95;3.55;3241
0.79;Ideal;D;SI1;61.2;56;5.95;6.02;3.66;3242
0.72;Ideal;F;SI1;60.2;57;5.83;5.86;3.52;3242
0.9;Very Good;H;SI1;63.2;61;6.12;6.03;3.84;3242
0.77;Very Good;G;VS1;60.9;55;5.9;5.96;3.61;3243
0.81;Very Good;E;SI1;61.9;58;5.92;5.97;3.68;3243
0.68;Ideal;E;VS1;61.3;55;5.67;5.71;3.49;3243
0.71;Ideal;D;VS2;63;56;5.69;5.65;3.58;3245
0.9;Good;G;SI2;64.1;56;6.12;6.08;3.91;3246
0.74;Ideal;F;VS2;60.8;57;5.85;5.87;3.56;3246
0.84;Ideal;D;SI2;61.8;56;6.04;6.06;3.74;3246
0.9;Good;I;VS2;63.7;61;6.1;6.06;3.87;3246
0.9;Premium;G;SI2;62.1;58;6.13;6.08;3.79;3246
0.9;Good;I;VS2;63.8;55;6.16;6.07;3.9;3246
0.9;Good;G;SI2;63.8;59;6.05;6.02;3.85;3246
0.9;Very Good;G;SI2;63.4;59;6.08;6.04;3.84;3246
0.9;Good;G;SI2;63.8;56;6.16;6.13;3.92;3246
0.9;Premium;G;SI2;61.1;58;6.22;6.18;3.79;3246
1.03;Fair;J;SI2;56.2;62;6.73;6.69;3.77;3246
0.9;Fair;I;VS2;65.4;60;6.03;5.96;3.93;3246
0.31;Ideal;G;VS2;62.2;54;4.38;4.4;2.73;562
0.31;Ideal;G;VS2;62.2;54;4.34;4.38;2.71;562
0.31;Ideal;G;VS2;60.8;56;4.38;4.4;2.67;562
0.31;Ideal;G;VS2;61.1;57;4.37;4.4;2.68;562
0.31;Ideal;G;VS2;62.2;53;4.37;4.38;2.72;562
0.31;Ideal;H;VS1;62;53;4.34;4.37;2.7;562
0.31;Ideal;H;VS1;61.3;55;4.36;4.38;2.68;562
0.39;Very Good;H;SI2;62.4;59;4.58;4.65;2.88;562
0.29;Very Good;F;VVS1;61.5;56;4.26;4.3;2.63;563
0.35;Ideal;G;VS2;61.6;54;4.55;4.58;2.81;563
0.31;Ideal;G;SI1;61.6;55;4.34;4.37;2.68;563
0.25;Fair;D;VS1;61.2;55;4.09;4.11;2.51;563
0.32;Very Good;G;VS2;60.9;58;4.42;4.45;2.7;564
0.32;Ideal;G;VS2;61.8;55;4.4;4.43;2.73;564
0.33;Ideal;H;SI1;61.7;55;4.43;4.46;2.74;564
0.33;Ideal;H;SI1;60.6;56;4.46;4.49;2.72;564
0.3;Ideal;E;SI1;61.9;57;4.29;4.32;2.66;564
0.3;Ideal;E;SI1;62.3;57;4.28;4.32;2.68;564
0.32;Good;E;SI1;62.5;61;4.32;4.35;2.71;564
0.26;Good;D;VVS2;63.6;56;4.06;4.09;2.59;564
0.26;Ideal;E;VVS2;62.5;55;4.07;4.09;2.55;564
0.26;Very Good;E;VVS2;58.9;61;4.16;4.19;2.46;564
0.26;Very Good;E;VVS2;60.8;61;4.12;4.13;2.51;564
0.26;Very Good;E;VVS2;61.7;61;4.08;4.12;2.53;564
0.26;Good;F;VVS1;63.3;57;4.05;4.07;2.57;564
0.36;Ideal;G;SI2;61.8;56;4.58;4.61;2.84;565
0.34;Ideal;E;SI1;61.9;55;4.51;4.53;2.8;565
0.34;Ideal;E;SI1;62.6;55;4.46;4.49;2.8;565
0.31;Ideal;D;SI1;61.3;56;4.36;4.41;2.69;565
0.31;Ideal;D;SI1;61.7;55;4.37;4.41;2.71;565
0.9;Good;G;SI2;64.1;63;6.02;5.99;3.85;3246
0.9;Premium;I;VS2;62.8;61;6.12;6.02;3.81;3246
0.91;Ideal;F;SI2;61.1;55;6.24;6.19;3.8;3246
0.7;Very Good;F;VVS2;62.5;58;5.63;5.67;3.53;3247
0.7;Very Good;D;VS1;62.8;59;5.63;5.68;3.55;3247
0.7;Ideal;G;VVS1;62.6;57;5.65;5.7;3.55;3247
0.71;Ideal;E;VS2;62;55;5.7;5.75;3.55;3247
0.71;Ideal;E;VS2;62.5;55;5.67;5.73;3.56;3247
0.52;Ideal;D;VVS1;62;57;5.17;5.15;3.2;3247
0.76;Ideal;D;VS2;63;56;5.83;5.79;3.66;3248
0.61;Ideal;F;VVS2;61.5;55;5.47;5.53;3.38;3248
0.61;Ideal;F;VVS2;61.4;56;5.44;5.49;3.36;3248
0.61;Ideal;F;VVS2;61.1;57;5.47;5.49;3.34;3248
0.65;Ideal;G;VVS1;61.9;56;5.56;5.59;3.45;3248
0.7;Ideal;E;VS1;62.1;55;5.72;5.77;3.57;3248
1;Fair;H;SI2;66.5;62;6.19;6.1;4.09;3248
0.83;Very Good;H;VS2;61.7;59;5.95;6.02;3.69;3249
0.76;Ideal;E;VS2;61.5;56;5.89;5.92;3.63;3249
0.76;Good;E;VS2;63.2;56;5.82;5.86;3.69;3249
0.76;Ideal;H;VVS2;61;56;5.85;5.91;3.59;3249
0.73;Ideal;F;SI1;61.7;55;5.79;5.82;3.58;3249
0.81;Good;G;VS2;62.9;58;5.88;5.94;3.72;3250
0.9;Good;H;SI2;63.6;60;6.06;6.11;3.87;3250
0.9;Very Good;H;SI2;59.6;59;6.38;6.24;3.76;3250
0.9;Very Good;H;SI2;62.4;58;6.11;6.16;3.83;3250
0.72;Premium;F;VVS2;61.1;58;5.78;5.84;3.55;3250
0.83;Good;E;SI1;63.7;59;5.95;5.89;3.77;3250
0.9;Fair;G;SI1;65.2;59;6.05;6.01;3.93;3250
0.9;Good;G;SI1;64.2;58;6.04;6.01;3.87;3250
0.93;Premium;J;VS2;62.3;60;6.3;6.23;3.9;3250
0.73;Premium;D;VS2;59.8;58;5.89;5.85;3.51;3250
0.9;Very Good;I;SI1;63.3;59;6.14;6.05;3.86;3251
0.71;Ideal;G;VS1;61;56;5.77;5.8;3.53;3251
0.8;Ideal;E;SI2;60.9;57;6;6.03;3.66;3251
0.82;Ideal;F;SI1;62.6;56;5.95;5.99;3.74;3251
0.9;Ideal;I;SI1;62.3;56;6.18;6.12;3.83;3251
0.9;Ideal;I;SI1;60.8;57;6.25;6.22;3.79;3251
0.9;Premium;I;SI1;61.8;58;6.21;6.19;3.83;3251
0.77;Ideal;D;SI1;60.8;57;5.94;5.9;3.6;3251
0.71;Ideal;D;SI1;62;55;5.71;5.76;3.56;3252
0.7;Very Good;F;VVS1;63.3;56;5.7;5.64;3.59;3252
0.7;Ideal;G;VS2;61.9;56;5.68;5.7;3.52;3253
0.7;Ideal;G;VS2;61.5;57;5.7;5.74;3.52;3253
0.7;Ideal;G;VS2;61.6;57;5.7;5.73;3.53;3253
0.77;Ideal;G;SI1;61.5;56;5.89;5.92;3.63;3253
0.9;Good;G;SI2;61.8;56;6.11;6.16;3.79;3253
0.78;Good;D;SI1;60.1;61;5.92;5.89;3.55;3253
0.83;Ideal;F;SI1;62.1;55;6;6.05;3.74;3254
0.71;Ideal;G;VVS1;62.8;56;5.71;5.76;3.6;3254
0.74;Ideal;H;VS1;61;55;5.86;5.88;3.58;3254
0.74;Ideal;H;VS1;62.1;55;5.82;5.84;3.62;3254
0.9;Very Good;H;SI2;64.1;59;5.97;6.07;3.86;3255
0.9;Ideal;J;VS2;62.5;57;6.16;6.26;3.88;3255
0.73;Ideal;D;VS2;61.9;56;5.76;5.81;3.58;3255
0.9;Very Good;G;SI2;62.2;60;6.09;6.2;3.82;3256
0.91;Ideal;J;VS2;62.1;56;6.18;6.22;3.85;3256
0.79;Ideal;E;SI1;61.9;55;5.97;5.89;3.67;3256
0.76;Ideal;F;VS2;61;55;5.89;5.92;3.6;3257
0.81;Ideal;H;VS1;61.8;58;5.97;6.04;3.71;3257
0.72;Ideal;H;IF;61.4;56;5.76;5.8;3.55;3257
0.91;Very Good;J;VS2;61;58;6.22;6.3;3.82;3258
0.78;Very Good;D;SI1;62.5;58;5.86;5.89;3.67;3258
0.93;Fair;I;VS2;64.7;58;6.09;6.06;3.93;3258
0.78;Ideal;F;VS2;61.3;57;5.91;5.93;3.63;3259
1;Good;F;SI2;59.4;64;6.52;6.48;3.86;3259
0.75;Very Good;E;SI1;59.2;59;5.93;5.97;3.52;3260
0.77;Premium;E;VS1;60.8;56;5.95;5.9;3.6;3260
0.7;Very Good;F;VVS1;63;60;5.59;5.62;3.53;3261
0.76;Very Good;E;SI1;60.4;58;5.91;5.97;3.59;3261
0.7;Ideal;F;VS1;61.5;55;5.73;5.75;3.53;3261
1.04;Good;H;I1;63.9;58;6.42;6.35;4.08;3261
1.04;Premium;H;I1;61.6;61;6.47;6.45;3.98;3261
0.9;Very Good;D;SI2;59;61;6.28;6.32;3.72;3262
0.71;Ideal;D;SI1;60.9;57;5.75;5.79;3.51;3262
0.91;Premium;G;SI1;62.5;56;6.3;6.18;3.9;3262
0.75;Ideal;E;VS2;62.4;57;5.76;5.81;3.61;3263
1.11;Premium;H;I1;61;59;6.67;6.61;4.05;3263
0.72;Very Good;F;VS1;63.4;57;5.68;5.7;3.61;3264
0.88;Ideal;I;SI1;63.2;56;6.04;6.09;3.83;3264
0.88;Ideal;I;SI1;62.4;55;6.12;6.16;3.83;3264
0.72;Ideal;F;VS1;61.1;56;5.76;5.79;3.53;3265
0.7;Premium;E;VVS1;61.7;59;5.67;5.71;3.51;3265
0.7;Very Good;F;VS1;62.8;56;5.64;5.66;3.55;3265
1;Good;F;SI2;63.6;62;6.25;6.2;3.96;3265
0.7;Ideal;F;VS1;60.7;58;5.72;5.75;3.48;3265
0.84;Ideal;D;SI1;61.5;54;6.07;6.13;3.75;3265
1;Fair;I;VS2;65.7;58;6.25;6.2;4.09;3265
1;Very Good;I;VS2;63.2;58;6.43;6.32;4.03;3265
1;Good;J;VVS2;63.7;57;6.34;6.31;4.03;3265
1;Fair;F;SI2;65.1;55;6.26;6.23;4.07;3265
1;Fair;F;SI2;65.1;55;6.26;6.23;4.07;3265
0.93;Ideal;F;SI2;62;57;6.31;6.28;3.9;3266
0.81;Premium;H;VVS2;62.8;58;5.92;5.89;3.71;3266
0.81;Premium;D;SI1;62.4;59;5.96;5.89;3.7;3266
1.12;Premium;J;SI2;60.7;61;6.71;6.64;4.05;3266
0.81;Premium;G;VS1;62.3;56;5.95;5.89;3.69;3266
0.9;Good;F;SI2;64.3;57;6.06;6.16;3.93;3267
0.9;Good;F;SI2;63.1;57;6.11;6.18;3.88;3267
0.9;Good;F;SI2;63.2;57;6.09;6.15;3.87;3267
0.9;Good;F;SI2;61.9;62;6.07;6.12;3.77;3267
0.91;Ideal;J;VS1;60.7;57;6.23;6.26;3.79;3267
0.7;Good;D;VVS2;63.3;54;5.6;5.64;3.56;3267
0.78;Very Good;F;SI1;62.4;55;5.85;5.89;3.66;3267
0.8;Very Good;F;SI1;61.6;56;5.96;6;3.68;3267
0.78;Ideal;I;VVS2;62.4;56;5.87;5.9;3.67;3267
0.78;Ideal;G;SI1;62.2;55;5.87;5.9;3.66;3267
0.75;Very Good;F;VS1;57.9;62;5.96;6;3.46;3268
0.7;Ideal;E;VS2;62.6;55;5.66;5.68;3.55;3268
0.96;Premium;J;SI1;60.3;59;6.4;6.36;3.85;3269
0.9;Good;G;SI2;58.4;55;6.34;6.39;3.72;3269
0.7;Very Good;F;VVS1;59.3;62;5.74;5.77;3.41;3270
0.72;Very Good;E;VS2;59.8;57;5.84;5.89;3.51;3270
0.75;Very Good;F;VS1;62.3;57;5.83;5.88;3.65;3270
0.81;Premium;E;SI1;60.8;59;5.95;5.99;3.63;3270
0.56;Ideal;D;VVS1;61.8;56;5.28;5.31;3.27;3270
0.73;Ideal;G;VS1;61.5;56;5.8;5.77;3.56;3270
0.73;Ideal;E;VS2;62.2;56;5.78;5.76;3.59;3270
0.79;Ideal;D;SI1;61.3;54;6.01;5.96;3.67;3270
0.9;Very Good;I;SI1;61.4;55;6.19;6.28;3.83;3271
1.1;Premium;I;SI2;59.3;62;6.75;6.7;3.99;3271
0.67;Ideal;G;IF;61.6;55;5.61;5.65;3.47;3271
0.71;Ideal;E;VS1;59.7;57;5.84;5.86;3.49;3272
0.8;Very Good;H;VS1;60.9;57;5.98;6.02;3.65;3273
0.73;Ideal;G;VS1;60.2;56;5.86;5.9;3.54;3273
0.8;Good;E;VS2;63.4;56;5.88;5.92;3.74;3273
0.8;Good;E;VS2;64.5;56;5.8;5.86;3.76;3273
0.9;Very Good;I;SI1;61.7;58;6.17;6.21;3.82;3274
0.9;Good;E;SI1;62.2;65;6.13;6.08;3.8;3274
0.72;Ideal;H;VS1;60.7;55;5.83;5.85;3.54;3274
0.72;Ideal;H;VS1;61.5;55;5.77;5.85;3.56;3274
0.72;Ideal;H;VS1;61.6;56;5.76;5.79;3.55;3274
0.7;Very Good;F;VVS2;61.6;63;5.65;5.69;3.49;3275
0.95;Ideal;J;SI1;63;56;6.32;6.26;3.96;3275
0.73;Ideal;E;VS2;61.9;55;5.76;5.8;3.57;3275
0.72;Ideal;D;VS2;60.5;57;5.81;5.83;3.52;3275
0.72;Ideal;E;VS1;62.6;55;5.7;5.73;3.58;3275
1.01;Very Good;G;SI2;63.2;58;6.42;6.35;4.04;3275
0.9;Premium;I;VS2;58.4;62;6.35;6.29;3.69;3276
0.7;Very Good;G;VVS1;62.8;56;5.63;5.67;3.55;3276
0.83;Very Good;H;VS2;59.4;59;6.08;6.11;3.62;3276
1;Very Good;I;SI2;60.8;63;6.41;6.34;3.88;3276
0.9;Premium;I;SI1;59.6;60;6.37;6.24;3.76;3276
1;Very Good;I;SI2;62.4;63;6.44;6.35;3.99;3276
0.9;Fair;E;VS1;67.6;56;5.94;5.9;4;3276
1;Premium;J;SI1;62;62;6.27;6.22;3.87;3276
0.78;Ideal;E;VS2;62;55;5.95;5.89;3.67;3276
1;Ideal;I;SI2;62.5;56;6.38;6.35;3.98;3276
1.25;Ideal;E;I1;60.9;56;6.95;6.91;4.22;3276
0.7;Good;E;VS1;61.3;62;5.64;5.72;3.48;3277
0.92;Good;D;SI2;57.8;63;6.4;6.36;3.69;3277
0.7;Ideal;D;VS1;61.1;57;5.73;5.75;3.51;3278
1.18;Very Good;E;I1;59.9;63;6.85;6.8;4.09;3278
0.91;Fair;H;SI1;65.3;62;6.11;6.01;3.96;3278
0.84;Ideal;G;SI1;62.4;57;6.06;6.03;3.77;3279
1.01;Fair;I;SI1;65.5;58;6.28;6.24;4.1;3280
0.71;Very Good;G;VVS2;62.8;58;5.69;5.75;3.59;3281
0.71;Ideal;F;VS1;62.3;55;5.74;5.76;3.58;3281
0.93;Ideal;J;VS1;62.3;56;6.26;6.22;3.89;3281
0.82;Very Good;E;SI1;63.1;58;5.95;6;3.77;3282
0.9;Good;H;SI1;66.1;57;5.94;5.99;3.94;3282
0.9;Fair;H;SI1;61.4;61;6.08;6.14;3.75;3282
0.91;Premium;I;VS2;63;58;6.15;6.07;3.85;3282
0.91;Very Good;G;SI2;63.2;61;6.27;6.01;3.88;3282
0.92;Fair;F;SI2;65.3;58;6.08;6.04;3.96;3282
0.92;Good;F;SI2;64.2;58;6.14;6.11;3.93;3282
0.91;Good;G;SI2;63.6;59;6.15;6.11;3.9;3282
0.91;Very Good;G;SI2;63.3;57;6.12;6.08;3.86;3282
0.92;Fair;F;SI2;65.1;58;6.12;6.07;3.97;3282
0.92;Premium;F;SI2;58.1;58;6.46;6.41;3.74;3282
0.92;Premium;F;SI2;58.9;59;6.38;6.35;3.75;3282
0.8;Very Good;F;VS2;63.3;59.8;5.79;5.83;3.68;3283
0.84;Ideal;I;VS1;62.3;59;5.99;6.04;3.75;3283
0.72;Ideal;E;VS1;62.6;57;5.69;5.72;3.57;3283
0.72;Ideal;E;VS1;61.9;55;5.74;5.77;3.56;3283
0.72;Ideal;H;IF;62.1;58;5.72;5.75;3.56;3283
0.8;Good;F;VS2;60.5;62.3;5.97;6.01;3.62;3283
0.8;Good;G;VS1;63.2;60.1;5.77;5.85;3.67;3283
0.52;Ideal;D;VVS2;61.5;55;5.19;5.22;3.2;3284
0.71;Ideal;F;VS1;60.4;57;5.78;5.81;3.5;3284
0.86;Ideal;D;SI2;60.2;56;6.16;6.19;3.72;3284
0.89;Good;E;SI2;61.6;60.9;6.13;6.24;3.82;3284
0.74;Premium;E;VS2;62.7;58;5.72;5.77;3.6;3285
0.8;Premium;F;VS2;62.4;59;5.92;5.85;3.67;3285
0.94;Fair;H;SI1;68.4;53;6.05;5.97;4.11;3285
0.8;Premium;F;VS2;59.7;58;6.02;5.97;3.58;3285
1.04;Good;J;VS2;58.2;64;6.64;6.53;3.85;3285
0.96;Very Good;I;SI2;62.7;58;6.2;6.24;3.9;3286
0.91;Good;G;SI1;64.3;60;6.12;6.04;3.91;3286
0.91;Very Good;G;SI2;62.1;55;6.16;6.21;3.84;3287
0.74;Ideal;H;VVS1;62.5;55;5.76;5.79;3.61;3287
0.7;Ideal;D;VS1;62.5;57;5.64;5.68;3.54;3287
0.7;Ideal;D;VS1;62.6;58;5.64;5.67;3.54;3287
0.91;Good;I;VS2;64.2;55;6.13;6.09;3.92;3287
1.03;Premium;I;SI1;58.4;60;6.6;6.58;3.85;3288
0.73;Very Good;G;VVS2;61.4;58;5.83;5.86;3.59;3288
1.01;Very Good;G;I1;62.4;59;6.35;6.41;3.98;3288
0.9;Fair;I;VVS2;60.9;66;6.1;6.12;3.72;3288
1.03;Very Good;H;SI2;63.1;56;6.43;6.38;4.04;3288
0.91;Very Good;J;VS2;61.6;59;6.13;6.25;3.81;3290
0.9;Good;H;SI1;64.2;59;6.05;6.01;3.87;3290
0.83;Ideal;F;SI1;60.7;57;6.02;6.1;3.68;3290
0.71;Ideal;H;IF;61.1;56;5.74;5.78;3.52;3290
0.71;Ideal;H;IF;61.6;55;5.75;5.78;3.55;3290
0.91;Good;J;VS2;61.3;61;6.18;6.25;3.81;3290
1.02;Fair;I;SI2;66.2;57;6.34;6.26;4.17;3290
0.77;Premium;E;VS2;60.5;59;5.92;5.98;3.6;3291
0.77;Good;E;VS2;63.4;57;5.8;5.84;3.69;3291
0.77;Premium;D;VS2;61.8;58;5.84;5.81;3.6;3291
0.9;Premium;I;VS2;63;59;6.1;6.06;3.83;3292
0.9;Premium;I;VS2;62.6;62;6.13;6.04;3.81;3292
0.86;Very Good;G;SI1;62.9;55;6.04;6.08;3.81;3293
1;Very Good;J;SI2;62.8;63;6.26;6.19;3.19;3293
0.8;Very Good;E;SI1;63.1;57;5.94;5.86;3.72;3293
1;Very Good;J;SI2;63.2;62;6.32;6.27;3.98;3293
0.8;Ideal;F;SI1;60.1;60;5.98;6.03;3.61;3293
1.05;Premium;E;I1;62.2;61;6.51;6.48;4.04;3293
1;Premium;J;SI2;62.7;58;6.32;6.28;3.95;3293
0.76;Ideal;D;VS2;60.2;56;5.95;5.92;3.57;3293
1.01;Fair;E;SI2;64.6;59;6.22;6.18;4.01;3294
0.72;Ideal;F;VS1;61.1;56;5.79;5.76;3.53;3294
0.7;Premium;E;VVS1;61.7;59;5.71;5.67;3.51;3294
0.74;Premium;D;VS2;58;59;6;5.93;3.46;3294
0.9;Very Good;H;SI2;62.1;56;6.13;6.23;3.84;3295
0.7;Very Good;E;VVS2;60.7;56;5.77;5.82;3.52;3295
0.83;Very Good;E;SI1;63.8;54;5.96;6.04;3.83;3295
0.72;Ideal;G;VVS2;61;56;5.8;5.84;3.55;3295
0.82;Premium;E;SI1;62.5;56;6.01;5.96;3.74;3295
1.01;Premium;J;VS2;62.4;60;6.45;6.35;3.99;3296
0.8;Ideal;H;VS1;62.6;55;5.9;5.93;3.7;3296
0.7;Fair;D;VVS2;58.5;62;5.72;5.81;3.37;3296
1.07;Very Good;H;SI2;61.8;63;6.57;6.47;4.03;3296
0.91;Ideal;J;VS1;60.7;57;6.26;6.23;3.79;3296
1.07;Premium;G;SI2;62.5;59;6.5;6.47;4.05;3296
0.8;Ideal;E;SI1;62;57;5.97;5.94;3.69;3297
0.8;Premium;E;SI1;61.5;58;5.97;5.93;3.66;3297
1.01;Premium;F;SI2;60.9;60;6.45;6.42;3.91;3297
1.02;Good;J;SI2;63.1;58;6.34;6.38;4.01;3298
0.91;Very Good;D;SI2;62.7;59;6.16;6.22;3.88;3298
0.78;Good;D;VS2;64;54;5.82;5.86;3.74;3298
0.78;Very Good;D;VS2;58.5;56;6.08;6.12;3.57;3298
0.7;Ideal;I;VS2;61.9;57;5.68;5.73;3.53;3298
0.91;Very Good;J;VS2;62.6;55;6.17;6.19;3.87;3299
1.01;Very Good;I;SI2;61.5;62;6.37;6.41;3.93;3299
0.62;Ideal;F;VVS2;61.4;56;5.46;5.5;3.37;3299
0.91;Ideal;J;VS2;61.9;58;6.18;6.22;3.84;3299
0.71;Ideal;G;VS2;61.8;56;5.68;5.72;3.52;3299
0.71;Ideal;G;VS2;61.8;56;5.73;5.76;3.55;3299
0.71;Ideal;G;VS2;61.8;56;5.72;5.75;3.55;3299
0.71;Ideal;D;VS2;61.5;55;5.75;5.79;3.55;3299
1.05;Ideal;G;SI2;59.6;57;6.58;6.53;3.91;3299
0.77;Premium;G;VVS2;60.8;59;5.96;5.92;3.61;3299
0.96;Fair;G;SI1;69.7;59;6.09;5.9;4.18;3299
1;Very Good;E;I1;63;57;6.32;6.35;3.99;3300
0.7;Premium;F;VVS1;62.4;56;5.69;5.63;3.53;3300
0.77;Ideal;G;VS2;61.8;54;5.91;5.94;3.66;3300
0.7;Ideal;G;VS1;60.8;56;5.73;5.8;3.51;3300
0.9;Very Good;H;SI2;61.7;60;6.17;6.24;3.83;3301
0.72;Ideal;E;VS2;60.9;56;5.81;5.84;3.55;3301
0.71;Ideal;E;VS2;61.8;57;5.69;5.74;3.53;3301
0.73;Ideal;H;IF;62.2;54;5.76;5.82;3.6;3301
0.91;Good;H;VS2;56.9;61;6.41;6.24;3.6;3302
1.08;Fair;J;SI2;64.9;60;6.46;6.32;4.15;3302
0.9;Very Good;G;SI2;62.1;58;6.08;6.13;3.79;3303
0.9;Premium;G;SI2;61.1;58;6.18;6.22;3.79;3303
0.9;Good;I;VS2;63.8;55;6.07;6.16;3.9;3303
0.9;Good;G;SI2;63.8;59;6.02;6.05;3.85;3303
0.9;Good;I;VS2;63.7;61;6.06;6.1;3.87;3303
0.9;Good;G;SI2;63.4;59;6.04;6.08;3.84;3303
0.9;Very Good;G;SI2;59.2;57;6.3;6.36;3.75;3303
0.9;Good;G;SI2;63.8;56;6.13;6.16;3.92;3303
0.7;Ideal;G;VVS1;60.7;57;5.73;5.76;3.49;3303
0.77;Ideal;E;VS2;61;56;5.91;5.96;3.62;3303
0.81;Ideal;F;SI2;62.1;56;5.95;6;3.71;3303
0.71;Ideal;E;VS2;62.1;55;5.72;5.75;3.56;3304
0.71;Ideal;E;VS2;62;56;5.72;5.75;3.55;3304
0.72;Ideal;E;VS2;60.8;56;5.81;5.84;3.54;3304
0.71;Ideal;E;VS2;62.5;56;5.69;5.71;3.56;3304
0.76;Good;G;IF;64.6;61;5.72;5.8;3.72;3304
1;Fair;D;SI2;64.8;60;6.23;6.18;4.02;3304
1;Fair;G;SI1;65.8;55;6.22;6.19;4.08;3304
1;Very Good;D;SI2;63.4;58;6.33;6.3;4.01;3304
1;Good;D;SI2;64;54;6.29;6.24;4.01;3304
0.82;Ideal;E;VS1;60;55;6.18;6.08;3.68;3306
0.76;Ideal;D;VS2;61.8;57;5.85;5.9;3.63;3306
0.76;Ideal;D;SI1;62;57;5.88;5.92;3.66;3306
0.53;Very Good;D;VVS1;61.2;55;5.21;5.26;3.21;3307
0.73;Very Good;E;VS2;61.5;58;5.71;5.8;3.54;3307
0.9;Good;G;SI1;64.2;58;6.01;6.04;3.87;3307
0.71;Ideal;G;VVS2;61.7;57;5.72;5.74;3.53;3307
0.71;Ideal;G;VVS2;61.3;56;5.75;5.77;3.53;3307
0.73;Ideal;G;VS2;60.9;57;5.8;5.86;3.55;3307
0.9;Very Good;I;SI1;62.3;56;6.12;6.18;3.83;3308
0.9;Ideal;I;SI1;60.8;57;6.22;6.25;3.79;3308
0.73;Premium;D;VS2;59.8;58;5.85;5.89;3.51;3308
0.81;Very Good;F;SI1;62.2;56;5.97;5.99;3.72;3308
0.66;Very Good;E;VVS1;61.8;55;5.6;5.66;3.48;3309
0.77;Ideal;D;SI1;60.8;57;5.9;5.94;3.6;3309
0.7;Ideal;E;VS1;62.2;58;5.67;5.71;3.54;3309
0.7;Ideal;H;IF;61.3;59;5.69;5.72;3.5;3309
1.01;Very Good;I;SI2;63.2;58;6.34;6.31;4;3309
0.31;Ideal;D;SI1;62.2;54;4.36;4.39;2.72;565
0.31;Ideal;D;SI1;61.3;55;4.36;4.41;2.69;565
0.26;Very Good;H;VVS2;63.4;55;4.06;4.05;2.57;565
0.26;Premium;H;VVS2;59.8;61;4.18;4.15;2.49;565
0.41;Good;J;VS2;64;59;4.64;4.71;2.99;565
0.31;Ideal;G;VVS2;62.2;55;4.32;4.36;2.7;565
0.3;Good;G;VS1;63.4;55;4.26;4.32;2.72;565
0.3;Good;G;VS1;63.5;58;4.21;4.26;2.69;565
0.3;Good;F;VS2;63.4;59;4.23;4.25;2.69;565
0.3;Very Good;G;VS1;60.2;62;4.3;4.31;2.59;565
0.3;Good;G;VS1;63.3;56;4.28;4.31;2.72;565
0.3;Very Good;G;VS1;62;60;4.27;4.31;2.66;565
0.3;Ideal;F;VS2;62.4;57;4.29;4.33;2.69;565
0.3;Very Good;G;VS1;60.8;61;4.31;4.34;2.63;565
0.27;Very Good;G;VVS1;60.1;58;4.21;4.23;2.53;566
0.27;Very Good;G;VVS1;62.9;55;4.12;4.15;2.6;566
0.27;Very Good;G;VVS1;62.5;56;4.14;4.16;2.59;566
0.27;Very Good;G;VVS1;61;56;4.21;4.25;2.57;566
0.27;Very Good;G;VVS1;62.9;55;4.13;4.15;2.6;566
0.27;Very Good;G;IF;60.8;57;4.2;4.22;2.56;566
0.27;Ideal;G;VVS2;60.8;57;4.18;4.2;2.54;566
0.38;Ideal;G;SI2;62.8;57;4.58;4.59;2.88;566
0.27;Ideal;H;IF;61.6;56;4.18;4.21;2.58;566
0.27;Ideal;G;IF;61.6;57;4.18;4.21;2.58;566
0.35;Premium;H;SI2;61.6;58;4.54;4.49;2.78;566
0.34;Premium;F;SI1;59.3;60;4.52;4.58;2.7;566
0.34;Very Good;F;SI1;59.4;62;4.54;4.59;2.71;566
0.34;Very Good;F;SI1;63;54;4.48;4.5;2.83;566
0.38;Very Good;J;VS2;60.5;60;4.64;4.68;2.82;566
0.34;Premium;F;SI1;59.8;58;4.53;4.57;2.72;566
0.7;Good;F;VVS1;63.3;56;5.64;5.7;3.59;3310
0.73;Ideal;E;VS2;61.5;56;5.79;5.82;3.57;3310
0.62;Ideal;G;IF;61.8;56;5.45;5.48;3.38;3310
0.76;Premium;H;VVS1;60.7;58;5.9;5.93;3.59;3311
0.73;Ideal;E;VS1;62.3;56;5.8;5.75;3.6;3311
0.73;Premium;E;VS1;61.2;58;5.83;5.77;3.55;3311
0.81;Premium;G;VS1;62.1;58;5.96;5.92;3.69;3311
0.81;Premium;F;SI1;61.6;58;5.96;5.92;3.66;3311
0.73;Premium;E;VS1;60.9;61;5.81;5.79;3.53;3311
0.8;Premium;D;SI1;62.7;59;5.89;5.85;3.68;3312
0.7;Good;D;VVS2;63.6;57;5.61;5.58;3.56;3312
0.8;Premium;D;SI1;61.7;58;5.96;5.93;3.67;3312
0.84;Good;G;VS2;63.6;59;5.94;5.89;3.76;3312
0.9;Premium;D;SI2;58.1;60;6.26;6.24;3.63;3312
0.96;Good;J;VS2;63.9;58;6.27;6.21;3.99;3312
1.24;Ideal;I;SI2;62.5;57;6.89;6.84;4.29;3312
0.9;Premium;D;SI2;62.5;59;6.18;6.13;3.85;3312
0.74;Premium;E;VS1;61.2;58;5.88;5.82;3.58;3312
0.7;Good;D;VVS2;63.7;55;5.66;5.61;3.59;3312
0.9;Premium;D;SI2;61;61;6.17;6.15;3.76;3312
1.24;Ideal;J;SI1;62.3;57;6.86;6.81;4.26;3312
0.57;Ideal;F;VVS1;61.3;56;5.37;5.4;3.3;3313
1.02;Premium;H;SI2;58.3;59;6.61;6.57;3.84;3313
0.95;Very Good;J;VS2;63.5;56;6.24;6.27;3.97;3314
0.81;Very Good;H;VS1;62.2;57;5.91;5.94;3.69;3314
0.75;Very Good;E;VS1;61.5;54;5.88;5.82;3.6;3314
0.83;Ideal;I;SI1;61.9;57;5.96;6.02;3.71;3314
0.74;Ideal;E;VS2;61.7;56;5.86;5.81;3.6;3315
0.84;Good;G;VS1;63.6;57;5.98;5.93;3.79;3316
0.71;Ideal;D;SI1;62.3;56;5.72;5.7;3.56;3316
0.93;Premium;F;SI2;61.3;62;6.26;6.17;3.81;3317
0.77;Very Good;E;VS1;62;56;5.88;5.92;3.66;3318
0.9;Good;F;SI2;63.2;56;6.15;6.2;3.9;3318
0.9;Good;F;SI2;63.2;58;6.09;6.12;3.86;3318
0.79;Ideal;E;VS2;59.3;57;6.06;6.02;3.58;3318
0.92;Premium;G;SI2;62.3;59;6.2;6.15;3.85;3318
0.73;Ideal;D;VS2;61.8;54;5.89;5.92;3.65;3319
0.7;Ideal;F;VS1;61.5;55;5.73;5.75;3.53;3319
1.02;Ideal;G;I1;61.5;56;6.46;6.49;3.98;3321
0.52;Ideal;D;VVS1;60.9;56;5.2;5.24;3.18;3321
0.71;Ideal;D;VS2;62.1;56;5.71;5.75;3.56;3321
0.71;Ideal;D;VS2;61.2;57;5.73;5.77;3.52;3321
0.77;Ideal;F;SI1;61.5;55;5.88;5.92;3.63;3321
1.06;Ideal;G;SI2;61;56;6.62;6.56;4.02;3321
0.83;Very Good;F;SI1;61.9;58;5.97;6.01;3.71;3322
0.72;Ideal;D;SI1;62.2;56;5.77;5.74;3.58;3322
0.86;Premium;E;SI1;61.9;61;6.07;5.99;3.73;3323
0.69;Very Good;G;VVS1;60.8;55;5.74;5.77;3.5;3323
0.71;Very Good;F;VS2;63;54;5.7;5.72;3.6;3323
0.74;Very Good;E;VS2;62.8;58;5.73;5.76;3.61;3323
0.53;Ideal;E;VVS1;61.5;54;5.23;5.25;3.22;3323
0.81;Fair;G;VVS2;64.8;56.2;5.82;5.98;3.82;3323
0.92;Very Good;I;SI1;63.3;58;6.18;6.14;3.9;3323
0.92;Ideal;I;SI1;61.8;57;6.27;6.25;3.87;3323
0.91;Good;H;SI1;63.8;56;6.09;6.04;3.87;3323
0.92;Fair;F;SI1;66;57;6.04;5.99;3.97;3323
0.81;Good;D;SI1;64.1;54;5.92;5.96;3.81;3324
0.9;Very Good;H;SI2;62;58;6.11;6.12;3.79;3324
0.79;Ideal;H;VVS2;62;55.9;5.88;5.95;3.67;3324
0.7;Ideal;H;VVS2;61.8;55;5.69;5.74;3.53;3325
0.7;Ideal;H;VVS2;61;56;5.75;5.78;3.52;3325
0.7;Ideal;H;VVS2;60.9;56;5.76;5.79;3.52;3325
0.78;Ideal;G;VS2;62.6;57;5.87;5.91;3.69;3325
0.96;Ideal;J;VS2;61.5;57;6.32;6.36;3.9;3326
0.9;Premium;H;SI2;62.1;59;6.13;6.04;3.78;3326
0.78;Ideal;D;SI1;61.2;58;5.92;5.95;3.63;3326
0.9;Fair;F;SI1;65.3;61;6;5.95;3.9;3326
0.9;Premium;H;SI2;59.2;60;6.3;6.24;3.71;3326
0.72;Ideal;G;VVS1;61.7;55;5.8;5.77;3.57;3326
0.9;Premium;G;SI1;60.1;59;6.25;6.2;3.74;3326
0.9;Premium;G;SI2;59.5;61;6.33;6.28;3.75;3326
0.73;Ideal;E;VS1;62.8;57;5.75;5.78;3.62;3327
0.79;Ideal;D;SI1;61.3;54;5.96;6.01;3.67;3328
0.73;Ideal;E;VS2;62.2;56;5.76;5.78;3.59;3328
0.74;Very Good;G;VVS1;63.2;56;5.74;5.72;3.62;3328
0.82;Ideal;E;SI2;60.9;56;6.06;6.12;3.71;3328
0.88;Ideal;I;SI1;61.7;56;6.14;6.18;3.8;3328
1.27;Ideal;I;I1;62.3;56;6.91;6.86;4.29;3328
0.88;Ideal;E;SI2;62.2;57;6.08;6.2;3.82;3329
0.72;Ideal;F;VS1;62.5;54;5.73;5.76;3.59;3330
0.7;Ideal;E;SI1;61.9;56;5.7;5.73;3.54;3330
0.7;Ideal;E;SI1;61.1;56;5.75;5.78;3.52;3330
0.7;Ideal;E;SI1;61.6;56;5.7;5.72;3.52;3330
0.71;Very Good;F;VVS2;63.6;56;5.65;5.7;3.61;3332
0.71;Very Good;D;VS1;64.1;57;5.64;5.66;3.62;3332
0.71;Ideal;G;VVS1;61.4;59;5.7;5.76;3.52;3332
0.77;Ideal;H;VS2;60.9;56;5.89;5.94;3.61;3332
0.71;Ideal;E;VS1;61.8;55;5.72;5.77;3.55;3332
0.9;Fair;E;SI1;65;61;6.05;6.02;3.92;3332
0.9;Good;E;SI1;63.8;61;6.08;6.05;3.87;3332
0.92;Ideal;J;VS1;62.4;56;6.23;6.19;3.88;3332
0.98;Fair;G;SI2;66.6;56;6.12;6.02;4.04;3332
0.6;Very Good;F;VVS1;61.2;58;5.42;5.46;3.33;3333
0.71;Very Good;D;VS1;62.5;58;5.68;5.71;3.56;3333
0.93;Premium;F;SI2;60;60;6.36;6.31;3.8;3333
0.9;Very Good;I;VS2;58.4;62;6.29;6.35;3.69;3334
0.9;Very Good;I;VS2;58.4;62;6.29;6.35;3.69;3334
0.78;Very Good;E;VS2;61.7;58;5.9;5.93;3.65;3334
0.78;Ideal;E;VS2;62;55;5.89;5.95;3.67;3334
0.72;Ideal;H;VVS2;61.6;56;5.75;5.77;3.55;3334
0.95;Very Good;H;SI2;59;59;6.38;6.51;3.77;3335
0.92;Good;D;SI2;57.8;63;6.36;6.4;3.69;3335
0.7;Ideal;D;VS1;62;57;5.69;5.76;3.55;3335
0.94;Premium;H;SI2;61.9;57;6.29;6.21;3.87;3335
0.64;Ideal;F;VVS2;61;56;5.55;5.59;3.4;3336
0.61;Ideal;D;VVS2;60.1;57;5.53;5.58;3.34;3336
0.75;Ideal;F;SI1;61.5;55;5.88;5.9;3.62;3336
0.75;Ideal;F;SI1;61.8;56;5.84;5.87;3.62;3336
1.01;Premium;I;SI1;62.7;58;6.4;6.33;3.99;3337
0.61;Very Good;E;IF;61.7;58;5.39;5.47;3.35;3337
0.99;Fair;I;SI1;60.7;66;6.42;6.34;3.87;3337
1.01;Premium;D;SI2;58.9;59;6.54;6.49;3.84;3337
0.72;Very Good;F;VVS2;63.4;56;5.68;5.71;3.61;3338
0.9;Very Good;I;VS2;62;63;6.13;6.03;3.77;3338
0.9;Premium;I;VS2;61.2;62;6.19;6.13;3.77;3338
0.81;Ideal;E;SI1;61.3;57;6.08;6.03;3.71;3338
0.9;Ideal;G;SI2;62.5;55;6.21;6.15;3.86;3338
0.71;Very Good;E;VVS2;63.4;58;5.64;5.69;3.59;3340
0.91;Good;G;SI2;63.6;59;6.11;6.15;3.9;3340
0.91;Very Good;I;VS2;63;58;6.07;6.15;3.85;3340
0.91;Good;G;SI2;63.2;61;6.01;6.27;3.88;3340
0.92;Good;F;SI2;64.2;58;6.11;6.14;3.93;3340
0.91;Good;G;SI2;63.3;57;6.08;6.12;3.86;3340
0.74;Ideal;F;VS1;62;54.8;5.81;5.83;3.61;3340
1.02;Good;I;SI2;57.1;62;6.66;6.58;3.78;3342
0.73;Ideal;F;VVS1;61.9;56;5.83;5.76;3.59;3342
0.71;Ideal;E;VS2;61.1;56;5.77;5.79;3.53;3342
0.73;Ideal;G;VS1;62;55;5.74;5.79;3.58;3342
0.73;Ideal;G;VS1;60.8;58;5.81;5.87;3.55;3342
0.9;Very Good;E;SI2;63.4;60;6.07;6.02;3.83;3342
0.9;Fair;E;SI2;64.5;57;6.13;6.09;3.94;3342
0.78;Premium;F;VS1;60.6;57;6;5.95;3.62;3342
0.78;Ideal;G;VS2;61.1;56;5.89;5.96;3.62;3343
0.77;Premium;F;VS1;62.1;60;5.82;5.77;3.6;3343
0.57;Ideal;F;VVS1;61.3;56;5.4;5.37;3.3;3343
0.71;Very Good;E;VS2;62.5;58;5.69;5.73;3.57;3344
1;Premium;F;I1;62.4;59;6.34;6.38;3.97;3344
0.91;Good;G;SI1;64.3;60;6.04;6.12;3.91;3344
0.72;Ideal;G;VS2;61.7;55;5.72;5.79;3.55;3344
0.92;Very Good;I;SI1;63.7;58;6.12;6.18;3.92;3345
0.7;Ideal;E;VS1;62.3;54;5.67;5.71;3.54;3345
0.78;Ideal;E;SI1;61.6;56;5.94;6;3.68;3345
0.77;Ideal;D;SI1;62.5;56;5.86;5.91;3.68;3345
0.97;Premium;H;SI2;58.8;58;6.44;6.41;3.78;3346
0.53;Ideal;D;VVS2;61.6;56;5.21;5.24;3.22;3346
0.73;Ideal;D;VS2;61.5;57;5.81;5.83;3.58;3346
0.71;Ideal;E;VS1;62.3;56;5.69;5.74;3.56;3346
0.91;Premium;F;SI2;63;59;6.17;6.12;3.87;3346
0.91;Premium;F;SI2;62.9;57;6.16;6.11;3.86;3346
0.71;Premium;F;VVS1;58.1;58;5.92;5.88;3.43;3347
0.83;Premium;D;SI1;62.2;60;6.01;5.98;3.73;3347
0.7;Premium;F;VVS1;61.8;60;5.67;5.63;3.49;3348
0.7;Ideal;F;VVS1;62.2;55;5.69;5.66;3.53;3348
0.9;Good;H;SI2;61.3;61;6.11;6.16;3.76;3348
1;Fair;I;SI2;65.8;58;6.23;6.27;4.11;3348
1.01;Premium;G;I1;59.4;61;6.51;6.45;3.85;3348
1.01;Good;I;SI2;64.1;58;6.26;6.31;4.03;3349
0.91;Good;D;SI2;64.1;62;6.06;6.01;3.87;3349
0.71;Premium;H;IF;62.9;60;5.74;5.67;3.59;3349
0.77;Very Good;F;VS1;62.8;58;5.79;5.86;3.66;3350
0.9;Very Good;G;SI2;63.5;57;6.09;6.13;3.88;3350
0.9;Good;G;SI2;58.5;61;6.28;6.33;3.69;3350
0.77;Very Good;D;VS2;63;58;5.81;5.85;3.67;3351
0.94;Very Good;G;SI2;62.3;59;6.2;6.26;3.88;3351
0.63;Ideal;F;VVS2;61.2;56;5.53;5.55;3.39;3351
0.76;Ideal;D;VS2;60.2;56;5.92;5.95;3.57;3352
0.72;Ideal;G;VVS2;61.3;56;5.76;5.8;3.54;3352
0.72;Ideal;G;VVS2;62;55;5.72;5.76;3.56;3352
0.72;Ideal;G;VVS2;61.2;57;5.76;5.77;3.53;3352
0.53;Ideal;E;VVS1;61.5;54;5.25;5.23;3.22;3352
1.05;Premium;H;SI2;62.8;56;6.54;6.47;4.08;3352
1.05;Premium;H;SI2;61.7;59;6.59;6.53;4.05;3352
0.74;Premium;D;VS2;59.3;60;5.89;5.91;3.5;3353
0.73;Very Good;E;VS1;62.1;60;5.71;5.79;3.57;3353
0.9;Very Good;G;SI2;63.1;59;6.11;6.16;3.87;3353
0.76;Ideal;D;VS1;61.1;54;5.86;5.89;3.59;3353
0.9;Good;I;VS2;58.5;66;6.23;6.25;3.65;3353
0.9;Good;G;SI2;61.3;60;6.13;6.2;3.78;3353
0.94;Fair;H;SI2;66;50.1;6.13;6.17;4.06;3353
0.81;Ideal;D;SI1;61.9;57;6.01;5.97;3.71;3353
0.71;Very Good;F;VVS2;62.1;60;5.69;5.72;3.54;3354
1.07;Good;F;I1;64.3;59;6.37;6.42;4.11;3354
0.7;Ideal;G;VVS1;61.9;58;5.67;5.74;3.53;3354
0.71;Ideal;E;VS1;62.4;57;5.67;5.71;3.55;3354
0.71;Ideal;H;IF;63;57;5.68;5.72;3.59;3354
0.81;Ideal;I;VS2;61.4;55;6.03;6.06;3.71;3355
0.96;Premium;G;SI1;62;57;6.34;6.31;3.92;3355
1.28;Ideal;H;I1;61.9;56;6.95;6.91;4.29;3355
0.8;Premium;E;SI1;61.5;58;5.93;5.97;3.66;3356
0.89;Very Good;F;SI2;60.2;60;6.18;6.21;3.73;3356
0.77;Premium;F;VS1;62.7;58;5.82;5.88;3.67;3357
0.77;Ideal;F;VS1;62.5;57;5.88;5.9;3.68;3357
0.8;Ideal;I;IF;62.4;58;5.9;5.96;3.7;3357
0.9;Good;H;SI1;63.8;58;6.05;6.12;3.88;3357
0.82;Ideal;D;SI2;62.1;57;6.04;6;3.74;3357
0.91;Good;D;SI1;64;59;6.13;6.02;3.89;3357
0.74;Premium;E;VS1;62.8;59;5.76;5.68;3.59;3357
0.74;Very Good;E;VS1;63.4;55;5.78;5.76;3.66;3357
0.9;Very Good;J;VS1;60.4;58;6.22;6.27;3.77;3358
0.7;Very Good;E;VS1;60.7;57;5.72;5.75;3.48;3358
0.93;Fair;G;SI1;64.4;57;6.14;6.09;3.94;3358
0.7;Ideal;F;VS1;60.3;57;5.74;5.79;3.47;3359
1.02;Very Good;J;SI2;63.1;58;6.38;6.34;4.01;3359
0.93;Ideal;I;SI1;61.9;57;6.23;6.21;3.85;3359
0.78;Premium;E;VS1;60.9;57;5.94;5.88;3.59;3360
0.7;Ideal;D;VS2;61.4;55;5.71;5.75;3.52;3360
0.71;Ideal;E;SI1;61.9;55;5.74;5.77;3.56;3360
0.71;Ideal;E;SI1;60.8;57;5.8;5.84;3.54;3360
1.01;Premium;I;SI2;61.5;62;6.41;6.37;3.93;3360
1;Premium;H;SI2;59.4;60;6.55;6.49;3.87;3360
1;Good;I;SI1;64.3;57;6.29;6.25;4.03;3360
1;Very Good;I;SI2;58.3;63;6.53;6.5;3.8;3360
1;Ideal;E;I1;63;57;6.35;6.32;3.99;3360
1;Premium;H;SI2;59.8;61;6.24;6.17;3.71;3360
1;Premium;I;SI1;62.2;62;6.39;6.33;3.96;3360
0.51;Premium;F;SI1;62.7;62;5.09;4.96;3.15;3360
1;Very Good;I;SI1;59.3;63;6.52;6.47;3.85;3360
0.7;Ideal;D;VS1;62.5;57;5.65;5.68;3.54;3361
0.82;Ideal;F;SI1;62.1;56;6.04;6;3.74;3361
0.78;Ideal;F;SI1;61.3;56;5.92;6;3.64;3362
0.8;Ideal;E;SI1;61.5;58;5.96;6;3.68;3362
0.91;Premium;G;SI2;61.3;60;6.2;6.17;3.79;3363
0.76;Ideal;H;VVS1;62.1;56;5.81;5.89;3.63;3363
0.63;Ideal;G;IF;61.9;56;5.5;5.52;3.41;3363
0.82;Good;F;VS2;60.9;62.2;5.97;6.04;3.66;3363
0.91;Ideal;H;SI2;60.3;57;6.31;6.27;3.79;3363
0.91;Premium;H;SI2;62.7;58;6.17;6.14;3.86;3363
0.91;Good;F;SI1;64;57;6.17;6.08;3.92;3363
0.91;Premium;H;SI2;62.9;59;6.15;6.12;3.86;3363
0.82;Ideal;H;VS1;61.5;56;6;6.04;3.7;3364
0.7;Premium;D;VS1;62.5;59;5.69;5.64;3.54;3365
0.75;Very Good;E;VS2;62.3;56;5.79;5.84;3.62;3365
0.95;Very Good;J;VS1;62.4;57;6.25;6.29;3.91;3365
0.83;Very Good;E;SI1;63.5;58;5.93;5.98;3.78;3365
0.8;Good;E;VS2;63.3;59;5.82;5.87;3.7;3365
0.74;Premium;D;VS1;62.7;56;5.8;5.77;3.63;3365
0.71;Very Good;D;VS2;61.9;59;5.68;5.72;3.53;3366
1.13;Ideal;F;I1;61.2;56;6.76;6.71;4.12;3366
0.76;Very Good;H;IF;62.6;57;5.8;5.83;3.64;3367
0.9;Very Good;F;SI2;62.4;57;6.11;6.16;3.83;3368
0.9;Very Good;F;SI2;63;56;6.09;6.16;3.86;3368
0.9;Very Good;F;SI2;62.6;56;6.13;6.17;3.85;3368
0.8;Premium;F;VS2;62;61;5.99;5.91;3.69;3369
0.69;Good;D;VVS2;61.5;61;5.61;5.65;3.46;3369
0.8;Very Good;F;VS2;63.2;55;5.9;5.88;3.72;3369
0.8;Ideal;F;VS2;62.7;54;5.95;5.91;3.72;3369
0.73;Premium;E;VS1;61.2;58;5.77;5.83;3.55;3370
0.73;Ideal;E;VS1;62.3;56;5.75;5.8;3.6;3370
0.73;Very Good;E;VS1;60.9;61;5.79;5.81;3.53;3370
0.84;Good;G;VS2;63.6;59;5.89;5.94;3.76;3370
0.7;Ideal;E;VS2;61.1;56;5.76;5.81;3.53;3370
0.9;Very Good;D;SI2;58.1;60;6.24;6.26;3.63;3371
0.9;Very Good;D;SI2;61;61;6.15;6.17;3.76;3371
0.71;Ideal;H;VVS2;61.7;57;5.68;5.73;3.53;3371
0.71;Ideal;H;VVS2;61.9;56;5.72;5.76;3.55;3371
0.9;Premium;H;SI2;58.3;60;6.34;6.31;3.69;3371
0.86;Premium;F;SI1;62.6;58;6.01;6.06;3.78;3372
0.87;Ideal;H;VS2;62.3;57;6.08;6.12;3.8;3372
0.76;Ideal;G;VS1;61.6;56;5.82;5.87;3.6;3372
0.71;Ideal;D;VS2;62.4;56;5.74;5.7;3.57;3372
0.82;Very Good;E;SI1;62;60;5.96;6;3.71;3373
0.52;Ideal;D;VVS1;62.1;54;5.15;5.18;3.21;3373
0.81;Ideal;E;SI1;61.5;56;6.01;6.03;3.7;3373
0.72;Very Good;E;VVS2;59.3;60;5.87;5.83;3.47;3374
0.74;Ideal;E;VS2;61.7;56;5.81;5.86;3.6;3374
0.7;Very Good;D;VS1;62.8;58;5.65;5.68;3.56;3375
0.72;Very Good;D;VS1;64.1;57;5.68;5.71;3.65;3375
0.9;Fair;H;VS2;65.6;55;6.01;5.97;3.93;3375
1.23;Premium;F;I1;60.8;59;6.96;6.91;4.22;3375
0.71;Very Good;E;VVS2;61.7;60;5.7;5.74;3.53;3376
0.93;Good;F;SI2;61.3;62;6.17;6.26;3.81;3376
0.91;Premium;I;VS2;62.4;61;6.18;6.16;3.85;3376
0.7;Ideal;E;VS2;61;56;5.76;5.79;3.52;3376
0.71;Ideal;E;SI1;61.7;55;5.73;5.77;3.55;3376
0.91;Premium;G;SI2;60.4;61;6.28;6.21;3.77;3376
1.01;Ideal;F;I1;62.2;54;6.42;6.44;4;3377
0.79;Ideal;E;VS2;59.3;57;6.02;6.06;3.58;3377
0.92;Premium;G;SI2;62.3;59;6.15;6.2;3.85;3377
0.9;Premium;G;SI2;58.3;60;6.39;6.33;3.71;3377
0.7;Premium;E;VVS2;60.6;60;5.74;5.72;3.47;3377
0.9;Premium;H;SI1;62;55;6.21;6.17;3.84;3377
0.9;Premium;I;SI1;63;60;6.08;5.99;3.8;3377
0.5;Good;D;IF;63.2;59;4.99;5.04;3.17;3378
0.5;Very Good;D;IF;62.9;59;4.99;5.09;3.17;3378
1.03;Premium;J;SI2;62;58;6.47;6.52;4.03;3378
0.73;Ideal;H;IF;61.6;55;5.8;5.82;3.58;3378
0.62;Ideal;G;IF;60.3;57;5.54;5.61;3.35;3378
0.95;Very Good;I;SI1;63.5;58;6.19;6.16;3.92;3378
0.91;Very Good;E;SI2;63.4;58;6.15;6.09;3.88;3379
0.91;Premium;E;SI2;58.5;60;6.34;6.31;3.7;3379
0.91;Premium;E;SI2;60;60;6.28;6.23;3.75;3379
0.82;Ideal;E;SI1;62.1;54;5.98;6.03;3.73;3380
0.7;Good;G;VVS1;58.5;62;5.8;5.82;3.4;3380
0.71;Ideal;E;VS1;62;57;5.72;5.66;3.53;3380
0.71;Premium;E;VVS2;59;59;5.88;5.82;3.45;3380
0.8;Very Good;G;VS1;63.5;57;5.87;5.91;3.74;3381
0.71;Ideal;E;VS2;61.6;56;5.71;5.75;3.53;3381
0.92;Good;I;SI1;63.3;58;6.14;6.18;3.9;3382
0.91;Very Good;H;SI2;63.4;57;6.1;6.18;3.89;3382
0.6;Ideal;D;VVS2;61.9;55;5.41;5.45;3.36;3382
0.3;Very Good;I;SI1;61.2;58;4.28;4.31;2.63;405
0.3;Ideal;G;SI2;60.6;56;4.35;4.4;2.65;405
0.31;Very Good;I;VS2;59.3;59;4.38;4.42;2.61;406
0.3;Very Good;I;VS2;62.7;56;4.27;4.28;2.68;407
0.3;Very Good;I;VS2;60.7;56;4.32;4.34;2.63;407
0.25;Very Good;G;VS2;61.9;57;4.05;4.08;2.51;407
0.25;Very Good;G;VS2;63;54;4.04;4.06;2.55;407
0.27;Very Good;E;VS1;63.8;60;4.03;4.09;2.59;407
0.27;Very Good;E;SI1;61.2;57;4.2;4.23;2.58;407
0.3;Ideal;I;VS2;62.3;56;4.28;4.29;2.67;407
0.3;Ideal;I;VS2;62.4;55;4.32;4.34;2.7;407
0.32;Ideal;G;SI2;61.3;56;4.44;4.47;2.73;407
0.3;Ideal;H;SI1;62;58;4.25;4.33;2.66;407
0.3;Ideal;H;SI1;62.9;53;4.28;4.31;2.7;407
0.25;Ideal;G;SI1;62.3;57;4.03;4.09;2.53;407
0.24;Ideal;F;VS2;61.8;57;3.97;3.99;2.46;408
0.3;Ideal;H;SI2;60;56;4.41;4.43;2.65;408
0.31;Very Good;G;SI2;62.3;57;4.33;4.37;2.71;408
0.31;Good;G;SI2;63.2;55;4.31;4.33;2.73;408
0.31;Premium;I;SI1;61.3;58;4.34;4.37;2.67;408
0.31;Ideal;I;SI1;62.7;56;4.3;4.34;2.71;408
0.31;Premium;J;VS1;60.7;60;4.34;4.39;2.65;408
0.31;Very Good;I;SI1;61.4;61;4.34;4.39;2.68;408
0.31;Very Good;G;SI2;63;57;4.32;4.35;2.73;408
0.31;Good;I;SI1;63.5;56;4.28;4.32;2.73;408
0.31;Very Good;G;SI2;61.8;59;4.3;4.34;2.67;408
0.31;Premium;J;VS1;61.8;59;4.31;4.33;2.67;408
0.31;Premium;I;SI1;61.5;59;4.35;4.37;2.68;408
0.31;Very Good;F;SI2;63;58;4.34;4.36;2.74;408
0.31;Very Good;I;SI1;63;57;4.32;4.34;2.73;408
0.34;Very Good;F;SI1;62.8;56;4.42;4.46;2.79;566
0.27;Very Good;E;VVS2;59.7;61;4.24;4.27;2.54;567
0.27;Very Good;E;VVS2;59.4;64;4.16;4.19;2.48;567
0.35;Very Good;H;VS2;60.1;56;4.61;4.64;2.78;567
0.27;Very Good;F;IF;59.4;61;4.23;4.26;2.52;567
0.32;Ideal;I;VVS2;62.2;54.5;4.38;4.42;2.74;567
0.32;Ideal;I;VVS2;62;54.9;4.36;4.39;2.71;567
0.3;Ideal;H;VVS2;62.5;54;4.3;4.3;2.7;567
0.3;Ideal;F;VS2;62.6;54;4.3;4.33;2.7;567
0.3;Very Good;I;VS1;61.8;63;4.29;4.26;2.64;567
0.3;Premium;I;VS1;61.6;61;4.28;4.23;2.62;567
0.28;Premium;F;VS2;59.6;61;4.28;4.25;2.54;567
0.27;Premium;D;VS2;59.6;61;4.26;4.23;2.53;567
0.4;Good;J;VS1;64;56;4.66;4.69;2.99;567
0.31;Good;D;VS2;63.6;56;4.26;4.32;2.73;567
0.33;Good;D;SI1;63.1;55;4.38;4.4;2.77;567
0.33;Good;D;SI1;63.1;55;4.42;4.46;2.8;567
0.33;Ideal;D;SI1;62;56;4.44;4.47;2.76;567
0.3;Ideal;F;VS2;60.3;57;4.34;4.39;2.63;568
0.3;Ideal;F;VS2;62.1;57;4.27;4.3;2.66;568
0.38;Ideal;F;SI2;61.3;55;4.67;4.69;2.87;568
0.38;Ideal;F;SI2;62;55;4.67;4.69;2.9;568
0.38;Ideal;F;SI2;60.9;56;4.69;4.74;2.87;568
0.39;Ideal;J;SI1;61;56;4.71;4.73;2.88;568
0.31;Ideal;F;SI1;61.2;55;4.37;4.4;2.68;568
0.36;Premium;I;VS1;62;59;4.53;4.6;2.83;568
0.3;Very Good;D;VS2;61;57;4.32;4.34;2.64;568
0.36;Good;H;VS2;63.7;55;4.49;4.52;2.87;568
0.36;Very Good;H;VS2;61;60;4.55;4.6;2.79;568
0.36;Premium;H;VS2;60.9;59;4.58;4.62;2.8;568
0.9;Fair;D;SI1;66.4;59;5.97;5.92;3.95;3382
0.9;Very Good;I;VS2;63.2;54;6.1;6.08;3.85;3382
1.02;Ideal;G;I1;61.5;56;6.49;6.46;3.98;3382
0.7;Ideal;G;VS1;60.5;56;5.77;5.79;3.5;3384
0.7;Ideal;G;VS1;61.9;55;5.67;5.71;3.52;3384
0.7;Ideal;G;VS1;60.6;57;5.73;5.79;3.5;3384
0.79;Ideal;E;SI1;62;57;5.92;5.96;3.68;3384
0.95;Fair;D;SI2;64.4;60;6.06;6.02;3.89;3384
0.71;Premium;H;IF;60.2;61;5.8;5.76;3.48;3384
0.76;Ideal;D;VS2;61.2;57;5.91;5.89;3.61;3384
0.78;Very Good;E;SI1;59.8;57;5.98;6.02;3.59;3385
0.9;Premium;I;VS2;59.1;59;6.28;6.24;3.7;3385
0.9;Premium;G;SI2;62.8;61;6.14;6.09;3.84;3385
0.72;Ideal;E;VS2;61.5;56;5.71;5.77;3.53;3385
0.91;Very Good;G;SI2;64;61;6.05;6.08;3.88;3387
0.91;Very Good;G;SI2;62;58;6.13;6.2;3.82;3387
0.9;Premium;H;SI1;62.6;58;6.12;6.08;3.82;3387
0.9;Premium;H;SI1;61;59;6.16;6.11;3.74;3387
0.9;Premium;H;SI1;62.1;61;6.11;6.07;3.78;3387
0.9;Very Good;H;SI1;62.3;63;6.13;6.06;3.8;3387
0.9;Premium;H;SI1;62.8;62;6.09;6.05;3.81;3387
0.9;Fair;H;SI1;65.4;56;6.11;6.04;3.97;3387
0.9;Fair;I;VS1;65.2;60;6;5.96;3.9;3387
0.77;Ideal;F;VS1;62.1;57;5.88;5.84;3.64;3387
0.9;Very Good;H;SI1;63.4;58;6.16;6.11;3.89;3387
0.9;Premium;H;SI1;61.4;60;6.13;6.08;3.75;3387
1;Fair;F;SI1;68.7;55;6.06;5.88;4.11;3387
1.01;Ideal;E;I1;62;57;6.37;6.41;3.96;3388
0.91;Very Good;G;SI2;61.8;59;6.17;6.23;3.83;3388
0.9;Very Good;H;SI1;63;55;6.12;6.16;3.87;3388
0.9;Very Good;H;SI1;63.2;59;6.08;6.14;3.86;3388
1.1;Premium;H;SI2;59.2;59;6.8;6.74;4.01;3388
0.74;Ideal;G;VVS1;62.1;56;5.78;5.82;3.6;3388
0.7;Premium;E;VVS2;61;59;5.64;5.71;3.5;3389
0.74;Very Good;G;VS1;60.9;59;5.9;5.86;3.58;3389
0.73;Ideal;G;VS2;60.2;55;5.85;5.9;3.54;3389
0.78;Ideal;D;SI1;62.2;55;5.92;5.95;3.69;3389
0.88;Premium;D;SI2;60.9;61;6.16;6.13;3.74;3390
0.79;Ideal;E;SI2;61;57;6;5.95;3.65;3390
0.9;Good;E;SI1;63.8;61;6.05;6.08;3.87;3391
0.9;Very Good;G;SI2;61.2;57;6.19;6.23;3.8;3391
0.72;Ideal;I;VS2;60.3;57;5.82;5.86;3.52;3391
0.72;Ideal;I;VS2;61.4;56;5.77;5.83;3.56;3391
1.06;Premium;J;SI2;62.9;59;6.43;6.39;4.03;3391
0.84;Very Good;I;VVS2;61.7;56;6.03;6.07;3.74;3392
0.91;Premium;G;SI1;58;59;6.45;6.38;3.72;3392
0.85;Ideal;I;SI1;61.4;56;6.06;6.12;3.74;3392
1.04;Premium;E;SI2;60.1;58;6.65;6.56;3.97;3392
1.04;Premium;E;SI2;61.6;59;6.51;6.47;4;3392
0.77;Good;F;VS1;59.3;56;5.98;6.03;3.56;3393
0.71;Good;F;IF;62.1;62;5.68;5.79;3.56;3393
0.83;Premium;F;VS2;62;59;6;5.96;3.71;3393
0.76;Very Good;G;VVS2;61.5;59;5.83;5.91;3.61;3394
0.94;Very Good;H;SI2;61.9;57;6.21;6.29;3.87;3394
1.01;Premium;E;I1;59.8;58;6.57;6.53;3.92;3394
1.01;Good;I;SI1;58.4;64;6.51;6.48;3.79;3394
1.01;Premium;H;SI2;61.9;61;6.34;6.29;3.91;3394
1.01;Premium;H;SI2;60.9;59;6.42;6.35;3.89;3394
1.05;Very Good;J;SI2;60.9;60;6.51;6.59;3.99;3395
0.73;Ideal;G;VVS2;62.1;56;5.78;5.81;3.59;3396
0.61;Ideal;D;VVS2;62.2;54;5.41;5.45;3.38;3397
0.81;Ideal;G;VS2;61.5;55;6;6.06;3.71;3397
0.79;Very Good;F;VS1;58.6;57;6.08;6.14;3.58;3398
0.9;Good;H;SI1;63.2;61;6.12;6.03;3.84;3398
0.9;Premium;I;VS2;61.9;58;6.18;6.23;3.84;3398
0.9;Very Good;G;SI2;62.3;58;6.15;6.2;3.85;3398
0.9;Premium;I;VS2;61.8;59;6.15;6.21;3.82;3398
0.9;Very Good;I;VS2;62.4;58;6.12;6.16;3.83;3398
0.9;Good;I;VS2;62.5;59;6.06;6.13;3.81;3398
0.9;Good;I;VS1;62.8;57;6.07;6.16;3.84;3398
0.85;Premium;D;SI2;58.5;60;6.23;6.21;3.64;3398
0.81;Ideal;G;VS2;60.8;60;5.98;6;3.64;3398
1.01;Good;J;SI1;62.8;58;6.28;6.33;3.96;3399
1.01;Good;I;SI2;62.6;59;6.24;6.35;3.94;3399
1.01;Good;I;SI2;61.8;62;6.28;6.35;3.9;3399
0.7;Ideal;F;VS1;61.6;55;5.68;5.71;3.51;3399
0.7;Ideal;F;VS1;61.6;56;5.65;5.72;3.5;3399
0.92;Premium;F;SI1;58.5;57;6.39;6.37;3.73;3400
0.9;Good;E;SI1;64.3;62;6;6.07;3.88;3400
0.88;Premium;G;VS2;61.1;58;6.19;6.15;3.77;3400
0.92;Ideal;F;SI1;62.2;55;6.25;6.19;3.87;3400
0.74;Premium;E;VS1;61.1;58;5.84;5.81;3.56;3401
0.9;Good;E;SI2;63.2;57;6.06;6.15;3.86;3401
0.9;Good;E;SI2;63.4;60;6.02;6.07;3.83;3401
0.78;Very Good;F;VS1;60.6;57;5.95;6;3.62;3401
0.76;Ideal;D;VS2;61.8;55;5.85;5.89;3.63;3401
0.76;Ideal;E;SI1;61.2;56;5.88;5.91;3.61;3401
0.74;Ideal;G;VVS1;61.9;54;5.8;5.84;3.6;3402
0.81;Premium;G;VS1;61.7;59;6.07;5.96;3.71;3402
0.75;Ideal;E;VS1;62;55;5.88;5.83;3.66;3402
1.14;Fair;J;SI2;64.4;55;6.56;6.54;4.22;3403
0.7;Premium;E;IF;62.9;59;5.66;5.59;3.4;3403
0.85;Ideal;G;SI1;62.2;56;6.06;6.09;3.78;3403
0.91;Premium;D;SI2;62;62;6.25;6.16;3.85;3403
0.81;Very Good;H;VS1;62.5;57;5.94;5.96;3.72;3404
0.71;Ideal;F;VS1;61.5;57;5.7;5.74;3.52;3404
0.71;Ideal;F;VS1;61.1;56;5.75;5.78;3.52;3404
0.71;Ideal;F;VS1;61.5;57;5.73;5.76;3.53;3404
0.81;Ideal;E;SI1;62.3;57;5.95;5.99;3.72;3404
0.91;Very Good;F;SI2;63;59;6.12;6.17;3.87;3405
0.72;Very Good;G;IF;63.3;54;5.64;5.73;3.6;3405
0.71;Ideal;F;VS2;62.2;55;5.72;5.76;3.57;3405
1;Premium;F;I1;62.4;59;6.38;6.34;3.97;3405
0.71;Very Good;D;VS1;63.2;57;5.63;5.67;3.57;3406
0.71;Ideal;D;VS1;61.3;56;5.75;5.77;3.53;3406
0.9;Very Good;I;SI1;61;58;6.19;6.23;3.79;3407
0.9;Very Good;I;SI1;61.8;56;6.19;6.24;3.84;3407
0.9;Premium;G;SI1;60.6;60;6.22;6.15;3.75;3407
0.92;Fair;E;SI1;65.6;57;6.1;6.07;3.99;3407
1.04;Good;J;SI1;64.2;58;6.42;6.34;4.1;3407
0.9;Premium;G;SI1;60.6;61;6.16;6.12;3.72;3407
0.91;Good;D;SI2;64.1;62;6.01;6.06;3.87;3408
0.91;Very Good;H;SI2;58.4;63;6.29;6.24;3.66;3408
0.83;Premium;F;VS2;61.9;58;6.05;6.01;3.73;3408
0.72;Ideal;E;VS1;61.2;56;5.78;5.83;3.55;3409
0.72;Ideal;E;SI1;60.5;55;5.8;5.86;3.53;3409
0.72;Ideal;E;SI1;60.8;57;5.77;5.8;3.52;3409
0.7;Premium;D;VS1;62.5;60;5.67;5.62;3.53;3410
0.73;Very Good;D;VS2;60.5;59;5.76;5.84;3.51;3411
0.73;Ideal;G;VS1;60.7;57;5.85;5.81;3.54;3411
1.01;Good;I;SI2;64.1;58;6.31;6.26;4.03;3411
1.01;Premium;I;SI2;61.6;59;6.4;6.35;3.93;3411
1.07;Ideal;H;I1;62.1;55;6.55;6.59;4.08;3412
0.73;Ideal;D;VS2;62.7;53;5.76;5.79;3.62;3412
0.74;Very Good;G;VVS2;61.3;56;5.85;5.9;3.6;3413
0.79;Ideal;G;VS1;62;56;5.91;5.93;3.67;3413
0.81;Ideal;E;SI1;60.3;56;6.05;6.13;3.67;3413
0.91;Premium;H;SI1;60.9;58;6.26;6.22;3.8;3414
0.76;Very Good;E;VS1;62.1;58;5.84;5.89;3.64;3415
1.07;Ideal;H;SI1;61.5;54;6.64;6.6;4.07;3415
0.77;Very Good;F;VVS2;63.5;59;5.77;5.72;3.65;3415
1.07;Good;F;I1;64.3;59;6.42;6.37;4.11;3415
1.21;Good;G;I1;64;59;6.78;6.73;4.32;3415
1;Premium;J;SI1;62.7;57;6.4;6.33;3.99;3416
0.74;Good;E;VS1;63.4;55;5.76;5.78;3.66;3416
0.74;Very Good;E;VS1;62.8;59;5.68;5.76;3.59;3416
0.92;Very Good;H;SI2;62.8;59;6.14;6.16;3.86;3417
0.79;Ideal;H;VVS2;62.4;56;5.91;5.94;3.7;3417
0.72;Ideal;H;VVS2;61.7;55;5.77;5.8;3.57;3417
0.72;Ideal;H;VVS2;61.8;55;5.75;5.77;3.56;3417
1.01;Premium;H;SI1;59.2;58;6.58;6.56;3.89;3417
0.9;Very Good;J;VS1;62.4;58;6.15;6.19;3.85;3418
0.9;Ideal;J;VS1;62.1;57;6.16;6.18;3.83;3418
0.93;Good;F;SI2;59.4;61;6.24;6.25;3.71;3418
0.86;Fair;G;VS2;66.5;54.1;5.89;5.97;3.94;3418
1.09;Very Good;E;SI2;63.1;58;6.51;6.46;4.09;3418
0.8;Very Good;D;VS2;60.6;63;5.94;5.9;3.59;3419
0.7;Ideal;E;VS1;60.5;56;5.78;5.83;3.51;3419
0.7;Ideal;D;VS1;61.7;57;5.71;5.74;3.53;3419
0.75;Ideal;E;SI1;61.4;56;5.83;5.89;3.6;3419
0.7;Good;E;VS1;58.4;61;5.85;5.89;3.43;3419
0.7;Good;E;VS1;58.4;60;5.84;5.87;3.42;3419
0.96;Very Good;D;SI2;60.2;63;6.36;6.3;3.81;3419
0.96;Good;D;SI2;64;62;6.16;6.13;3.93;3419
0.72;Very Good;F;VVS2;63.6;59;5.65;5.7;3.61;3420
0.78;Very Good;E;VS1;60.9;57;5.94;5.88;3.59;3420
0.71;Very Good;D;VS1;62;61;5.71;5.74;3.55;3420
0.82;Ideal;H;VVS1;62.9;56;5.99;5.91;3.74;3420
0.8;Ideal;F;SI1;60.5;57;6.02;6.07;3.66;3420
0.93;Very Good;F;SI2;63.5;58;6.14;6.05;3.87;3420
1.01;Premium;J;SI2;63;60;6.38;6.31;4;3421
0.71;Ideal;E;VS2;62;55;5.72;5.77;3.56;3421
0.71;Ideal;F;SI1;61.2;55;5.76;5.8;3.54;3421
0.59;Ideal;E;VVS1;60.7;57;5.41;5.45;3.29;3422
0.81;Ideal;I;VS1;61.8;56;5.97;6;3.7;3422
0.81;Ideal;F;SI1;61.5;57;6.01;6.06;3.71;3422
0.9;Good;E;SI2;61.9;62;6.14;6.18;3.81;3422
1;Good;J;VS2;57.6;58;6.59;6.56;3.79;3422
1;Fair;J;VS2;65.3;61;6.33;6.13;4.03;3422
0.91;Good;F;SI1;64;57;6.08;6.17;3.92;3423
0.91;Premium;G;SI2;61.3;60;6.17;6.2;3.79;3423
0.91;Premium;H;SI2;62.7;58;6.14;6.17;3.86;3423
0.91;Ideal;H;SI2;60.3;57;6.27;6.31;3.79;3423
0.76;Ideal;H;VVS1;61.8;57;5.82;5.86;3.61;3423
0.9;Good;J;VS2;57.9;63;6.32;6.35;3.67;3423
0.9;Good;J;VS2;62.3;64;6.09;6.17;3.82;3423
1.09;Good;G;SI2;57.4;61;6.82;6.75;3.89;3424
0.76;Ideal;H;VS1;61.6;56;5.85;5.9;3.62;3424
0.9;Good;D;SI2;63.5;62;6.09;6.13;3.88;3425
0.7;Premium;D;VS1;61.2;60;5.69;5.71;3.49;3425
0.71;Very Good;G;VS1;62;53;5.72;5.76;3.56;3425
0.91;Ideal;G;SI2;62.2;57;6.18;6.24;3.86;3425
0.93;Good;G;SI2;64.5;56.3;6.08;6.14;3.94;3425
0.91;Good;H;SI1;63.9;60;6.13;6.08;3.9;3425
1.04;Good;J;SI2;64.2;59;6.47;6.38;4.13;3425
1;Fair;J;SI1;64.9;58;6.29;6.23;4.06;3427
1;Very Good;G;SI2;58.2;63;6.53;6.49;3.79;3427
0.72;Ideal;E;VS2;61.7;55;5.8;5.77;3.57;3427
1.02;Good;H;SI2;58.6;64;6.32;6.26;3.68;3427
1;Premium;G;SI2;60.7;59;6.45;6.41;3.9;3427
0.9;Good;F;SI1;64.3;57;6.08;6.01;3.89;3427
0.9;Ideal;G;SI2;62.7;55;6.11;6.17;3.85;3428
0.82;Ideal;F;SI1;61.1;56;6.06;6.08;3.71;3428
0.77;Good;D;VS2;64.3;56;5.84;5.77;3.73;3428
1.05;Ideal;I;VS2;62.2;56;6.52;6.5;4.05;3428
0.77;Very Good;D;VS2;63.1;57;5.86;5.83;3.69;3428
0.77;Premium;D;VS2;61.2;59;5.91;5.86;3.6;3428
0.77;Premium;D;VS2;61.3;60;5.92;5.89;3.62;3428
0.7;Very Good;E;VVS2;61.5;58;5.67;5.71;3.5;3429
0.78;Very Good;F;VS2;62.2;58;5.86;5.9;3.66;3429
0.8;Premium;F;VS2;61.6;58;5.98;6.03;3.7;3429
0.8;Ideal;F;VS2;62.7;54;5.91;5.95;3.72;3429
0.8;Good;F;VS2;63.2;55;5.88;5.9;3.72;3429
0.73;Ideal;E;VS2;61.6;56;5.8;5.82;3.58;3429
0.89;Ideal;E;SI2;62.4;56;6.04;6.08;3.78;3429
0.73;Ideal;H;IF;61.4;59;5.77;5.83;3.56;3429
0.9;Premium;I;VS2;59.8;61;6.22;6.13;3.69;3431
0.9;Premium;I;VS2;62.4;60;6.16;6.06;3.81;3431
0.76;Ideal;E;VS2;62.1;56;5.83;5.87;3.63;3431
0.71;Ideal;G;VS1;61.7;56;5.72;5.75;3.53;3431
0.71;Ideal;G;VS1;61.8;57;5.69;5.73;3.53;3431
0.71;Ideal;G;VS1;61.7;57;5.7;5.75;3.53;3431
0.71;Ideal;G;VS1;61.6;55;5.71;5.75;3.53;3431
0.71;Ideal;G;VS1;61.5;55;5.72;5.77;3.54;3431
0.71;Ideal;G;VS1;60.7;57;5.76;5.8;3.51;3431
0.71;Ideal;G;VS1;61.8;55;5.71;5.76;3.55;3431
0.79;Very Good;D;SI1;59.7;57;5.96;5.99;3.57;3432
0.74;Ideal;G;VS2;61.2;56;5.82;5.85;3.57;3434
0.91;Very Good;G;SI2;60.4;61;6.21;6.28;3.77;3435
0.75;Ideal;E;VS2;61.9;57;5.81;5.83;3.6;3435
0.71;Ideal;E;VS1;61.4;57;5.81;5.78;3.56;3435
0.79;Good;F;VS1;57.7;58;6.06;6.14;3.52;3436
0.9;Very Good;G;SI2;64.2;60;6.02;6.09;3.89;3437
0.9;Very Good;H;SI1;62.8;58;6.13;6.16;3.86;3437
0.9;Very Good;H;SI1;62.8;57;6.14;6.18;3.87;3437
0.9;Premium;F;SI1;62.6;62;6.13;6.11;3.83;3437
0.9;Fair;F;SI1;65.1;56;6.08;6.05;3.95;3437
0.93;Premium;H;SI2;63;59;6.16;6.11;3.86;3437
0.93;Premium;H;SI1;60.9;61;6.24;6.2;3.79;3437
0.91;Very Good;E;SI2;58.5;60;6.31;6.34;3.7;3438
0.91;Very Good;E;SI2;60;60;6.23;6.28;3.75;3438
0.73;Ideal;I;VS2;60.8;56;5.82;5.85;3.55;3438
0.82;Ideal;F;SI1;61.3;55;6.06;6.08;3.72;3439
1.01;Ideal;F;I1;62.2;54;6.44;6.42;4;3439
0.73;Ideal;D;VS2;62;56;5.74;5.78;3.57;3440
0.85;Ideal;E;SI2;60.7;55;6.14;6.19;3.74;3441
0.8;Premium;D;SI1;62.9;60;5.94;5.89;3.72;3441
0.73;Very Good;F;VVS2;61.9;59;5.72;5.84;3.58;3442
0.53;Ideal;D;VVS1;62.1;57;5.15;5.18;3.21;3442
0.77;Ideal;D;VS2;61.3;56;5.87;5.9;3.61;3442
0.86;Ideal;G;SI2;61.9;55;6.11;6.14;3.79;3442
0.82;Very Good;I;VVS1;62.8;58;5.95;5.99;3.75;3443
0.76;Good;D;VS2;63.5;55;5.81;5.85;3.7;3443
0.76;Ideal;D;VS2;61.2;57;5.89;5.91;3.61;3443
1;Fair;F;SI2;65.7;61;6.13;6.11;4.02;3443
1.09;Fair;J;VS2;64.6;58;6.48;6.41;4.16;3443
1.22;Very Good;J;SI2;63.5;58;6.8;6.75;4.3;3443
1.03;Ideal;F;I1;61.1;55;6.51;6.54;3.99;3444
0.71;Very Good;H;IF;60.2;61;5.76;5.8;3.48;3444
1.03;Premium;F;I1;62.3;59;6.42;6.46;4.01;3444
1.02;Premium;J;SI1;58.9;62;6.51;6.43;3.81;3444
0.78;Premium;E;VS1;62.5;57;5.94;5.9;3.7;3444
0.9;Very Good;I;VS2;61.4;58;6.16;6.26;3.81;3445
0.9;Very Good;G;SI2;62;59;6.14;6.19;3.82;3445
0.9;Premium;G;SI2;60.4;58;6.25;6.3;3.79;3445
0.9;Very Good;G;SI2;61.1;55;6.21;6.26;3.81;3445
0.9;Ideal;J;SI1;62.7;56;6.21;6.16;3.88;3445
0.7;Good;F;VVS2;62.5;58;5.68;5.75;3.57;3445
0.91;Very Good;G;SI1;63.1;63;6.16;6.11;3.87;3445
0.78;Premium;F;VS1;61.5;58;5.93;5.98;3.66;3446
0.51;Ideal;D;IF;62;56;5.14;5.18;3.2;3446
0.76;Ideal;F;VS1;61.6;56;5.87;5.91;3.63;3446
0.51;Ideal;D;IF;62.1;55;5.12;5.13;3.19;3446
0.7;Ideal;E;VS1;61;56;5.7;5.77;3.5;3446
0.81;Ideal;H;SI1;61.4;56;6;6.05;3.7;3446
0.9;Very Good;H;SI1;62.6;58;6.08;6.12;3.82;3447
0.9;Very Good;I;VS1;62.6;58;6.14;6.17;3.85;3447
0.9;Good;I;VS1;62.8;59;6.11;6.18;3.86;3447
0.9;Good;H;SI1;62.8;62;6.05;6.09;3.81;3447
0.9;Very Good;H;SI1;61;59;6.11;6.16;3.74;3447
0.9;Very Good;H;SI1;62.3;63;6.06;6.13;3.8;3447
0.9;Very Good;H;SI1;58.7;59;6.3;6.35;3.71;3447
0.7;Premium;G;IF;60;59;5.75;5.79;3.46;3447
0.9;Good;H;SI1;62.1;61;6.07;6.11;3.78;3447
0.76;Premium;E;VS2;60.5;56;5.98;5.95;3.61;3447
0.7;Ideal;D;VS2;62.7;57;5.65;5.67;3.55;3448
0.72;Very Good;G;VVS2;60.1;60;5.79;5.82;3.49;3449
1.04;Very Good;I;SI2;61.6;58;6.47;6.58;4.02;3449
0.9;Very Good;E;SI2;64.2;54;6.08;6.11;3.91;3449
0.9;Good;E;SI1;63.8;56;6.17;6.09;3.91;3449
1;Premium;E;SI2;62.9;61;6.3;6.23;3.94;3450
1;Good;E;SI2;64.3;58;6.18;6.11;3.95;3450
0.72;Ideal;D;VS2;62.1;54;5.76;5.81;3.59;3450
1;Ideal;E;SI2;62.9;56;6.32;6.3;3.97;3450
1;Ideal;E;SI2;62.9;56;6.32;6.3;3.97;3450
1;Premium;E;SI2;61;59;6.4;6.33;3.88;3450
1.01;Ideal;E;I1;62;57;6.41;6.37;3.96;3450
0.7;Premium;G;VVS2;59.3;54;5.89;5.78;3.46;3450
0.77;Premium;F;VVS2;60.5;56;5.94;5.9;3.58;3450
1;Premium;E;SI2;58.5;59;6.62;6.51;3.84;3450
0.7;Ideal;G;VS2;61.6;56;5.7;5.73;3.52;3451
1.02;Ideal;J;VVS2;62.7;57;6.45;6.37;4.02;3451
0.93;Very Good;H;SI2;61.9;57;6.25;6.31;3.89;3452
0.9;Very Good;G;SI2;63.1;55;6.16;6.13;3.88;3452
0.84;Very Good;E;SI1;58.8;58;6.16;6.28;3.66;3453
0.73;Ideal;E;SI1;61.5;56;5.79;5.82;3.57;3453
0.82;Ideal;F;VS2;61.9;57;5.99;5.96;3.7;3453
0.91;Premium;H;SI2;60.9;61;6.24;6.18;3.78;3453
0.9;Good;F;SI2;63.9;55;6.15;6.12;3.92;3453
0.74;Ideal;F;VS2;61.9;57;5.79;5.81;3.59;3454
0.3;Very Good;E;VS1;63;57;4.25;4.29;2.69;568
0.36;Good;H;VS2;63.5;54;4.55;4.59;2.9;568
0.36;Ideal;I;VS1;60.5;57;4.56;4.59;2.77;568
0.36;Good;I;VS1;63.3;56;4.51;4.56;2.87;568
0.36;Ideal;H;VS2;62.1;55;4.57;4.58;2.84;568
0.36;Ideal;I;VS1;62.1;56;4.55;4.59;2.84;568
0.3;Good;D;VS2;63.1;58;4.26;4.3;2.7;568
0.36;Ideal;H;VS2;62.1;55;4.57;4.61;2.85;568
0.3;Good;E;VS1;63.2;57;4.26;4.29;2.7;568
0.36;Very Good;H;VS2;60;62;4.58;4.62;2.76;568
0.36;Very Good;I;VS1;60.9;61;4.58;4.61;2.8;568
0.36;Very Good;I;VS1;60.3;60;4.58;4.64;2.78;568
0.36;Ideal;I;VS1;62.1;57;4.54;4.58;2.83;568
0.26;Very Good;E;VVS2;60.5;55;4.1;4.16;2.5;569
0.35;Ideal;J;IF;61.8;55;4.54;4.56;2.81;569
0.35;Ideal;J;IF;61.8;53;4.58;4.61;2.84;569
0.3;Ideal;F;VS2;61.1;55;4.37;4.32;2.66;569
0.3;Ideal;F;VS2;62.3;58;4.26;4.23;2.64;569
0.33;Ideal;I;VVS1;61.7;55.7;4.43;4.45;2.74;570
0.41;Good;G;SI2;63.7;55;4.7;4.75;3.01;570
0.3;Good;F;VS1;63.7;56;4.26;4.28;2.72;570
0.3;Premium;E;VS2;61.7;60;4.28;4.31;2.65;570
0.3;Ideal;F;VS1;61.7;56;4.32;4.34;2.67;570
0.3;Ideal;F;VS1;61;56;4.35;4.37;2.66;570
0.3;Premium;F;VS1;61;58;4.33;4.36;2.65;570
0.3;Very Good;F;VS1;61;60;4.3;4.22;2.6;570
0.3;Ideal;F;VS1;61.3;55;4.32;4.36;2.66;570
0.3;Ideal;F;VS1;62.6;57;4.29;4.34;2.7;570
0.23;Premium;F;VVS2;61.3;59;3.99;3.94;2.43;571
0.36;Very Good;I;VVS2;59.7;55;4.65;4.69;2.79;571
0.74;Ideal;D;VS2;62.2;56;5.79;5.81;3.61;3454
0.78;Ideal;D;SI2;61.4;57;5.91;5.94;3.64;3454
0.7;Ideal;D;SI1;61.8;56;5.7;5.72;3.53;3454
0.96;Good;H;SI2;56.7;62;6.51;6.39;3.66;3454
1.02;Very Good;E;I1;60.4;62;6.47;6.52;3.92;3455
1.02;Premium;J;SI2;61.4;60;6.5;6.44;3.97;3455
0.9;Ideal;I;SI1;62.3;57;6.12;6.15;3.82;3455
1.02;Ideal;E;SI2;62.3;56;6.42;6.37;3.98;3455
0.75;Ideal;D;VS2;62.4;55;5.83;5.8;3.63;3456
0.86;Ideal;E;SI1;62.3;54;6.13;6.07;3.8;3456
0.94;Premium;F;SI2;62.4;58;6.23;6.17;3.87;3456
0.71;Ideal;F;VS1;62.1;56;5.69;5.75;3.55;3457
0.9;Premium;F;SI2;61.1;54;6.29;6.27;3.84;3457
1.05;Premium;J;SI2;60.9;60;6.59;6.51;3.99;3457
0.9;Very Good;F;SI2;63.1;58;6.13;6.11;3.86;3457
0.9;Very Good;F;SI2;63.1;56;6.18;6.12;3.88;3457
0.9;Premium;F;SI2;61.6;58;6.23;6.15;3.81;3457
1.5;Premium;H;I1;60.1;57;7.4;7.28;4.42;3457
1.04;Very Good;J;SI2;62.8;57;6.44;6.5;4.06;3459
1.02;Ideal;G;I1;61.2;56;6.47;6.5;3.97;3459
0.9;Premium;J;VVS2;62.5;61;6.15;6.08;3.82;3459
0.73;Ideal;G;VS1;60.9;59;5.79;5.83;3.54;3459
0.72;Premium;D;VVS2;60;57;5.92;5.84;3.53;3459
0.82;Very Good;G;VS1;63.3;56;5.96;5.98;3.78;3460
0.8;Very Good;F;VS1;63.7;56;5.87;5.9;3.75;3460
1.03;Ideal;F;SI2;62.6;57;6.44;6.4;4.02;3461
0.71;Very Good;F;VVS1;61.8;55;5.71;5.77;3.55;3461
1.01;Fair;G;SI2;65.1;58;6.29;6.21;4.07;3461
1.01;Premium;G;SI2;61.5;58;6.51;6.44;3.98;3461
1.06;Ideal;F;SI2;62.7;56;6.52;6.47;4.07;3461
1.01;Premium;I;SI2;62.9;58;6.34;6.31;3.98;3461
0.74;Premium;D;VS1;62.3;58;5.79;5.77;3.6;3461
1.01;Good;G;SI2;64;59;6.34;6.31;4.05;3461
0.96;Ideal;I;VS2;59.8;57;6.42;6.39;3.83;3462
0.74;Premium;E;VS1;61.1;58;5.81;5.84;3.56;3462
0.75;Ideal;E;VS1;62;55;5.83;5.88;3.66;3462
1.01;Very Good;J;SI2;63.5;59;6.3;6.36;4.02;3462
0.81;Very Good;D;SI1;63.1;57;5.91;5.94;3.74;3462
0.74;Ideal;G;VVS2;62.2;57;5.75;5.79;3.59;3462
0.73;Ideal;F;VVS2;61.7;54;5.82;5.76;3.57;3463
0.91;Very Good;D;SI2;62;62;6.16;6.25;3.85;3463
0.73;Ideal;H;VVS2;61.6;56;5.8;5.82;3.57;3463
0.7;Good;D;VS1;60.4;62;5.73;5.76;3.47;3463
0.71;Very Good;E;VS1;62.6;59;5.68;5.76;3.58;3464
0.71;Very Good;E;VS1;61.6;59;5.65;5.72;3.5;3464
0.9;Very Good;I;SI2;60.5;56;6.22;6.24;3.77;3464
0.73;Ideal;D;VS2;61.6;56;5.78;5.82;3.57;3464
0.71;Ideal;E;VS1;60.4;57;5.75;5.81;3.49;3464
0.71;Good;E;VS1;59.4;61;5.8;5.89;3.47;3464
1;Good;I;SI2;63.9;60;6.26;6.3;4.01;3465
1;Ideal;J;SI2;62.1;56;6.34;6.41;3.96;3465
1;Very Good;J;SI1;61.9;62;6.33;6.36;3.93;3465
0.56;Ideal;D;VVS1;61.9;56;5.28;5.32;3.28;3465
0.71;Very Good;D;VS1;62.9;56;5.65;5.7;3.57;3465
0.9;Very Good;F;SI2;63.4;60;6.06;6.09;3.85;3465
0.72;Ideal;E;VS1;62.5;57;5.73;5.76;3.59;3465
0.9;Good;F;SI2;65.9;60;5.98;6.01;3.95;3465
0.9;Good;H;SI1;64.4;58;6.04;6.08;3.9;3465
1.25;Good;I;SI2;60.5;64;6.91;6.82;4.15;3465
1.03;Good;G;SI2;63.9;60;6.33;6.37;4.06;3466
0.73;Good;E;VS1;59;61;5.88;5.92;3.48;3466
0.73;Ideal;D;VS2;61.4;56;5.81;5.78;3.56;3467
0.9;Very Good;F;SI2;61.3;60;6.18;6.22;3.8;3468
0.55;Ideal;D;VVS2;60.8;56;5.29;5.32;3.23;3468
0.55;Ideal;D;VVS2;61.5;56;5.26;5.28;3.24;3468
0.55;Ideal;D;VVS2;60.8;56;5.31;5.34;3.24;3468
0.7;Ideal;F;VS2;61;55;5.74;5.79;3.52;3468
0.77;Ideal;H;VS1;61.3;56;5.91;5.97;3.64;3468
0.9;Premium;I;SI1;62.1;59;6.2;6.17;3.84;3468
1.11;Premium;I;SI2;62.5;56;6.63;6.55;4.12;3469
0.73;Ideal;E;VS2;61.7;57;5.75;5.78;3.55;3470
0.9;Good;F;SI2;57.9;62;6.23;6.35;3.64;3470
0.7;Premium;D;VS1;62.5;60;5.62;5.67;3.53;3471
0.8;Very Good;F;VS2;62.1;60;5.86;5.92;3.66;3471
0.8;Very Good;F;VS1;63.6;56;5.83;5.94;3.74;3471
0.73;Ideal;E;VS1;61.4;55;5.8;5.82;3.57;3471
0.7;Ideal;D;SI1;61.6;57;5.69;5.74;3.52;3471
0.7;Ideal;D;SI1;61.8;55;5.72;5.74;3.54;3471
0.73;Good;E;VS1;60.8;61;5.77;5.8;3.52;3471
0.7;Ideal;E;VS1;62.1;56;5.7;5.66;3.53;3472
1;Premium;H;SI2;61;60;6.42;6.36;3.9;3472
1;Ideal;I;SI1;58.5;55;6.47;6.42;3.77;3472
0.88;Very Good;H;VS2;63.2;57;6.08;6.15;3.87;3472
0.78;Very Good;G;VS1;61.5;55;5.92;5.97;3.66;3472
1;Good;H;SI2;63.7;58;6.28;6.15;3.96;3472
1;Premium;H;SI2;59;58;6.62;6.5;3.87;3472
1;Fair;H;SI2;66.1;59;6.18;6.13;4.07;3472
0.9;Very Good;D;SI2;60.3;63;6.22;6.12;3.72;3473
0.9;Good;D;SI2;60.3;64;6.14;6.1;3.69;3473
0.9;Fair;D;SI2;64.9;57;6.03;5.98;3.9;3473
0.9;Premium;D;SI2;63;58;6.16;6.12;3.87;3473
0.9;Fair;D;SI2;64.5;61;6.1;6;3.9;3473
0.9;Very Good;I;VS2;63.1;57;6.12;6.09;3.85;3473
0.78;Premium;D;VS2;63;58;5.86;5.8;3.67;3473
0.91;Premium;H;SI1;60.9;58;6.22;6.26;3.8;3475
0.72;Ideal;H;VVS2;60.9;56;5.78;5.84;3.54;3475
0.84;Ideal;I;VS2;61.7;55;6.07;6.11;3.76;3475
0.74;Very Good;D;VS2;59.8;58;5.9;5.94;3.54;3476
0.7;Very Good;D;VS1;61.6;58;5.67;5.73;3.51;3477
0.8;Good;F;VS1;59;60.9;6.03;6.04;3.56;3477
1.01;Fair;F;SI2;64.8;55;6.37;6.26;4.1;3477
0.91;Very Good;J;VS2;61.9;59;6.11;6.16;3.8;3478
0.7;Ideal;F;VVS2;61;57;5.73;5.75;3.5;3478
0.72;Ideal;G;VS1;61.6;56;5.75;5.78;3.55;3478
0.72;Ideal;G;VS1;61.3;56;5.75;5.8;3.54;3478
0.72;Ideal;G;VS1;61.2;57;5.76;5.79;3.53;3478
0.72;Ideal;G;VS1;61.7;56;5.75;5.78;3.56;3478
0.72;Ideal;G;VS1;61.4;56;5.75;5.79;3.55;3478
0.72;Ideal;G;VS1;61.8;56;5.74;5.76;3.55;3478
0.72;Ideal;G;VS1;60.3;57;5.82;5.86;3.52;3478
0.72;Ideal;G;VS1;61.5;57;5.74;5.79;3.54;3478
0.72;Ideal;G;VS1;61;55;5.81;5.83;3.55;3478
0.72;Ideal;G;VS1;60.4;57;5.81;5.84;3.52;3478
0.86;Ideal;E;SI2;60;56;6.22;6.24;3.74;3478
0.9;Premium;G;SI2;62.4;55;6.17;6.13;3.84;3478
0.9;Very Good;G;SI2;60.3;63;6.33;6.25;3.79;3478
0.9;Premium;I;VS2;61.6;58;6.15;6.09;3.77;3478
0.71;Premium;D;VS1;61.6;58;5.78;5.72;3.54;3479
0.96;Very Good;D;SI2;60.2;63;6.3;6.36;3.81;3480
1.13;Premium;H;I1;62.7;59;6.58;6.63;4.14;3480
0.71;Ideal;F;VS1;61.3;56;5.76;5.78;3.53;3480
0.9;Very Good;H;SI2;61.2;57;6.21;6.27;3.82;3481
0.9;Very Good;H;SI2;62.3;61;6.15;6.17;3.84;3481
0.81;Ideal;F;SI1;62.3;55;5.96;6;3.72;3481
0.83;Premium;E;SI1;60.7;58;6.06;6.09;3.69;3482
0.9;Very Good;E;SI2;63.7;56;6.08;6.13;3.89;3482
0.83;Ideal;F;SI1;62.8;56;5.97;6.01;3.76;3482
1.01;Fair;H;SI1;64.4;59;6.22;6.17;3.99;3482
1.02;Very Good;J;SI1;61.9;60;6.37;6.42;3.96;3483
0.9;Very Good;I;VS1;63.2;57;6.1;6.05;3.84;3484
0.9;Premium;I;VS1;62.9;60;6.09;6.05;3.82;3484
0.9;Very Good;I;VS1;63.5;57;6.06;6.03;3.84;3484
0.9;Good;H;SI1;63.1;63;6.04;6.1;3.83;3484
1.01;Good;I;VS1;64.2;60;6.35;6.27;4.05;3484
0.9;Premium;I;VS1;61.2;61;6.2;6.15;3.78;3484
1.01;Good;E;I1;61.5;65;6.28;6.21;3.84;3484
0.91;Good;H;SI1;63.9;60;6.08;6.13;3.9;3485
0.98;Premium;F;SI2;62.3;56;6.44;6.35;3.98;3485
0.75;Premium;G;VVS2;62.5;56;5.84;5.78;3.63;3486
0.74;Ideal;D;VS2;62;57;5.79;5.83;3.6;3487
0.73;Ideal;G;VVS1;61.6;56;5.77;5.82;3.57;3487
0.77;Very Good;E;VS1;59.4;61;5.98;5.94;3.54;3488
0.9;Very Good;I;VS2;63.4;57;6.07;6.1;3.86;3489
0.9;Very Good;I;VS2;63.4;56;6.09;6.12;3.87;3489
0.77;Very Good;D;VS2;61.2;59;5.86;5.91;3.6;3489
0.77;Good;D;VS2;63.1;57;5.83;5.86;3.69;3489
0.9;Very Good;G;SI2;61.4;58;6.16;6.21;3.8;3489
0.91;Very Good;F;SI2;63.1;56;6.13;6.17;3.88;3489
0.89;Premium;H;VS1;60.5;59;6.22;6.17;3.75;3489
0.92;Ideal;J;VS1;62;55;6.24;6.27;3.88;3489
0.72;Ideal;F;VS1;61.8;56;5.72;5.77;3.55;3489
0.9;Good;G;SI2;62.7;59;6.04;6.12;3.81;3489
0.9;Premium;G;SI2;59.9;58;6.22;6.27;3.74;3492
0.73;Very Good;E;VS1;61.5;57;5.78;5.83;3.57;3492
0.9;Very Good;H;SI2;62.1;58;6.1;6.18;3.81;3492
0.72;Ideal;G;VVS1;62.2;54.4;5.73;5.76;3.57;3492
0.72;Very Good;D;VS2;62.9;58;5.67;5.71;3.58;3493
0.73;Ideal;F;VS1;61.4;55;5.81;5.84;3.57;3493
0.71;Very Good;F;VVS2;60.6;58;5.76;5.79;3.5;3494
0.8;Premium;E;VS2;63;56;5.91;5.84;3.7;3494
0.54;Ideal;D;VVS1;61.2;57;5.25;5.27;3.22;3494
0.8;Ideal;G;VS2;62.1;57;5.95;6;3.71;3494
0.78;Premium;E;VS2;62.8;60;5.86;5.79;3.66;3494
0.72;Very Good;E;VVS2;61.3;60;5.73;5.76;3.52;3495
0.74;Ideal;G;VVS2;60.9;58;5.85;5.88;3.57;3495
0.72;Ideal;F;VS2;61.3;55;5.78;5.83;3.56;3495
0.72;Ideal;D;VS2;62.6;58;5.7;5.73;3.58;3495
0.83;Premium;F;VS2;60.2;60;6.09;6.04;3.65;3495
1.02;Premium;J;SI1;61.2;57;6.58;6.43;3.98;3496
1.02;Premium;G;SI2;61.8;58;6.47;6.4;3.98;3496
0.56;Ideal;D;VVS1;61.9;56;5.32;5.28;3.28;3496
0.91;Very Good;F;SI2;63.5;56;6.16;6.12;3.89;3496
0.74;Very Good;E;SI1;59.9;56;5.89;5.93;3.54;3497
0.81;Ideal;H;VVS2;62;57;5.93;5.97;3.69;3497
0.76;Ideal;E;VS2;61.5;59;5.84;5.86;3.6;3497
0.74;Ideal;E;SI1;60.8;56;5.85;5.89;3.57;3497
1.51;Good;G;I1;64;59;7.29;7.17;4.63;3497
0.74;Very Good;D;VS2;62.2;59;5.8;5.84;3.62;3498
0.9;Ideal;J;VS1;62.4;56;6.15;6.18;3.85;3498
0.91;Premium;H;SI2;62.1;56;6.24;6.15;3.85;3498
1.01;Premium;J;SI2;61.7;58;6.4;6.44;3.96;3499
1.01;Premium;J;SI2;61.8;60;6.37;6.41;3.95;3499
1.01;Very Good;J;SI1;62.9;57;6.35;6.37;4;3499
0.62;Ideal;F;VVS1;61.9;56;5.46;5.48;3.38;3499
0.71;Ideal;F;VVS2;62;57;5.7;5.65;3.52;3499
0.9;Very Good;H;SI1;63.3;58;6.04;6.13;3.85;3500
0.93;Good;H;VS1;59.1;64;6.36;6.27;3.73;3500
0.9;Ideal;G;SI2;62.4;56;6.14;6.19;3.85;3500
0.83;Ideal;F;SI1;61.7;57;6.04;6.08;3.74;3500
0.9;Fair;H;VS1;65.9;60;5.99;5.96;3.94;3500
1.01;Ideal;H;SI2;61.6;56;6.48;6.44;3.98;3501
0.7;Premium;D;VS1;61;59;5.79;5.72;3.51;3501
0.8;Very Good;D;SI1;62.9;60;5.89;5.94;3.72;3502
0.72;Ideal;G;VVS1;62.2;57;5.72;5.75;3.57;3502
0.71;Ideal;D;SI1;60.8;57;5.75;5.78;3.5;3502
0.71;Ideal;D;SI1;61.8;56;5.72;5.76;3.54;3502
0.71;Ideal;D;SI1;61.4;55;5.78;5.82;3.56;3502
0.8;Premium;F;VS2;62.1;60;5.92;5.86;3.66;3502
0.9;Very Good;I;SI2;61.5;57;6.16;6.19;3.8;3503
0.85;Ideal;E;SI1;62.8;56;6.05;6.02;3.79;3503
0.7;Premium;F;VVS1;61.6;59;5.71;5.76;3.53;3504
0.71;Ideal;G;VVS2;61.5;56;5.74;5.69;3.52;3504
0.7;Ideal;E;VS2;61;56;5.74;5.78;3.52;3504
0.7;Ideal;E;VS2;61.3;57;5.73;5.75;3.52;3504
0.7;Ideal;E;VS2;60.8;56;5.74;5.78;3.5;3504
1.52;Fair;H;I1;64.9;58;7.18;7.13;4.65;3504
1.2;Ideal;I;I1;61.9;56;6.82;6.85;4.23;3505
0.9;Good;D;SI1;61.9;64;6.09;6;3.74;3505
0.91;Good;G;SI1;63.1;63;6.11;6.16;3.87;3506
0.83;Premium;E;SI1;58.4;59;6.22;6.18;3.62;3506
1.01;Very Good;G;SI2;63.1;55;6.36;6.31;4;3507
1.01;Premium;H;SI2;62;60;6.39;6.25;3.92;3507
0.81;Very Good;G;VS1;63.1;58;5.92;5.96;3.75;3507
1.01;Premium;F;SI2;61.8;54;6.47;6.42;3.98;3507
0.9;Premium;F;SI2;62.2;61;6.08;6.04;3.77;3507
0.9;Premium;F;SI2;61.5;61;6.1;6.06;3.74;3507
1.03;Ideal;F;I1;61.1;55;6.54;6.51;3.99;3507
1.19;Very Good;E;I1;60.2;61;6.87;6.91;4.15;3508
0.9;Premium;E;SI1;59;59;6.34;6.3;3.73;3508
0.9;Very Good;E;SI1;63.5;55;6.22;6.12;3.92;3508
0.9;Fair;E;SI1;65.5;59;6.06;6.03;3.96;3508
0.55;Good;D;IF;58;62;5.31;5.41;3.12;3509
0.73;Ideal;D;VS1;61.1;57;5.85;5.81;3.56;3509
0.9;Good;E;SI1;63.8;56;6.09;6.17;3.91;3510
1.15;Very Good;G;I1;61.2;58;6.74;6.8;4.14;3510
0.9;Very Good;E;SI1;62.9;57;6.11;6.17;3.86;3510
0.73;Ideal;E;VS1;61.9;56;5.78;5.81;3.59;3510
0.73;Very Good;E;VVS2;63.4;58;5.68;5.7;3.61;3511
0.91;Premium;D;SI2;58.3;60;6.4;6.33;3.71;3511
1;Premium;H;SI1;62.2;51;6.47;6.4;4;3511
1;Fair;H;SI1;65.5;57;6.26;6.21;4.08;3511
1;Fair;H;SI1;65.5;57;6.26;6.21;4.08;3511
1.01;Good;G;SI2;60.8;63;6.36;6.4;3.88;3512
1.04;Premium;I;SI2;61.6;58;6.58;6.47;4.02;3512
0.9;Good;G;SI1;63.9;60;6.1;6.07;3.89;3512
0.9;Very Good;G;SI1;63.2;62;6.19;6.09;3.88;3512
1.02;Premium;J;VS2;61.6;58;6.4;6.35;3.93;3513
0.82;Premium;F;VS1;62.1;56;6.02;5.97;3.72;3513
0.82;Ideal;F;VS2;61.9;57;5.96;5.99;3.7;3514
0.8;Premium;G;VS1;62.5;58;5.9;5.94;3.7;3514
0.81;Ideal;H;SI1;61.9;56;5.92;5.97;3.68;3514
1.06;Very Good;I;SI2;58.4;62;6.65;6.7;3.9;3515
0.71;Ideal;F;VS2;61.5;55;5.74;5.77;3.54;3516
0.71;Ideal;F;VS2;61.8;55;5.74;5.76;3.55;3516
0.71;Ideal;F;VS2;61.6;56;5.74;5.77;3.54;3516
0.71;Ideal;E;VS1;62;56;5.72;5.74;3.55;3516
0.9;Ideal;H;SI2;62;57;6.19;6.17;3.83;3516
0.76;Very Good;E;VS2;63.4;58;5.76;5.82;3.67;3517
0.7;Ideal;H;VVS1;61.5;57;5.69;5.73;3.51;3517
0.74;Ideal;D;SI1;61.8;56;5.84;5.88;3.62;3517
0.53;Ideal;D;IF;61.5;54;5.27;5.21;3.22;3517
0.94;Very Good;F;SI2;62.4;58;6.17;6.23;3.87;3518
0.74;Ideal;E;VS2;60.2;55;5.87;5.92;3.55;3518
0.71;Ideal;D;VS1;60.9;57;5.74;5.76;3.5;3518
0.9;Very Good;I;VS2;63.3;58;6.07;6.13;3.86;3519
0.9;Very Good;F;SI2;60.3;57;6.27;6.34;3.8;3519
0.9;Very Good;F;SI2;61.1;54;6.27;6.29;3.84;3519
0.9;Very Good;F;SI2;61.4;57;6.21;6.24;3.82;3519
0.9;Very Good;F;SI2;61.6;58;6.15;6.23;3.81;3519
0.9;Good;F;SI2;63.1;58;6.11;6.13;3.86;3519
0.9;Very Good;F;SI2;62.4;59;6.12;6.16;3.83;3519
0.9;Very Good;F;SI2;62.3;58;6.16;6.19;3.85;3519
0.9;Good;F;SI2;63.1;56;6.12;6.18;3.88;3519
0.79;Very Good;F;SI1;62.9;57;5.86;5.94;3.71;3519
1.02;Premium;E;I1;60.4;62;6.52;6.47;3.92;3519
1;Ideal;E;I1;61.8;56;6.38;6.43;3.96;3520
0.91;Good;E;SI2;63.1;61;6.04;6.14;3.84;3520
0.91;Good;H;SI1;63.8;60;6;6.16;3.88;3520
1.02;Ideal;I;SI2;62.9;56;6.45;6.37;4.03;3521
0.9;Ideal;G;SI2;62.5;56;6.15;6.2;3.86;3521
0.9;Ideal;G;SI2;61.2;57;6.24;6.28;3.83;3521
0.93;Ideal;G;SI1;60.9;57;6.29;6.25;3.82;3521
0.72;Ideal;D;VS1;61.6;56;5.73;5.8;3.55;3522
0.96;Good;G;SI1;56.6;63;6.52;6.39;3.67;3522
0.73;Ideal;F;VVS2;61.7;54;5.76;5.82;3.57;3524
0.7;Ideal;H;VVS1;60.3;56;5.77;5.82;3.49;3524
0.71;Good;D;VS1;59.2;56;5.84;5.85;3.46;3524
1.11;Premium;J;SI1;59.5;58;6.89;6.77;4.07;3524
0.75;Ideal;G;VVS2;61.3;55;5.85;5.89;3.59;3525
0.73;Ideal;G;VS1;61.7;56;5.76;5.79;3.56;3525
0.9;Very Good;E;SI2;63.2;59;6.1;6.15;3.87;3526
0.71;Ideal;E;SI1;60.5;56;5.81;5.84;3.53;3527
0.95;Very Good;E;SI2;58.7;63;6.43;6.37;3.76;3527
1;Premium;F;SI1;62.4;58;6.39;6.27;3.95;3528
1;Ideal;G;SI2;60.3;57;6.51;6.45;3.91;3528
0.82;Very Good;G;VS2;62.1;56;5.94;5.98;3.7;3528
0.73;Ideal;D;VS2;61.4;56;5.78;5.81;3.56;3528
1;Good;H;SI2;63.9;58;6.36;6.28;4.03;3528
1;Premium;J;SI1;61.9;62;6.36;6.33;3.93;3528
1;Good;I;SI2;63.9;60;6.3;6.26;4.01;3528
1.24;Premium;E;I1;61.1;62;6.91;6.86;4.21;3528
1;Ideal;J;SI2;62.1;56;6.41;6.34;3.96;3528
0.84;Premium;E;VS2;62.4;60;6.04;5.98;3.75;3528
1.05;Ideal;J;VS1;60.6;56;6.59;6.55;3.98;3528
1.05;Ideal;H;SI2;62;57;6.54;6.5;4.04;3528
0.92;Premium;I;SI1;60.7;58;6.3;6.25;3.81;3529
0.7;Ideal;D;VS1;62.8;54;5.65;5.69;3.56;3529
1.03;Fair;G;SI2;65.7;58;6.32;6.26;4.13;3530
1.03;Ideal;I;SI2;59.8;56;6.64;6.58;3.95;3530
1.03;Fair;I;SI2;65.2;56;6.42;6.35;4.16;3530
0.24;Very Good;E;SI1;59.9;58;4.06;4.1;2.44;571
0.35;Ideal;H;VS2;61.2;56;4.54;4.55;2.78;571
0.35;Ideal;H;VS2;61.7;56;4.55;4.59;2.82;571
0.35;Ideal;H;VS2;61.2;56;4.53;4.56;2.78;571
0.35;Ideal;I;VS1;61.7;54;4.54;4.57;2.81;571
0.35;Ideal;I;VS1;62.1;54;4.54;4.57;2.83;571
0.36;Ideal;G;SI1;61.5;54;4.6;4.63;2.84;571
0.36;Ideal;G;SI1;61.1;55;4.58;4.62;2.81;571
0.36;Ideal;G;SI1;61.4;55;4.61;4.64;2.84;571
0.32;Ideal;G;SI1;62.6;55;4.41;4.38;2.75;571
0.32;Good;D;SI2;64.1;54;4.37;4.34;2.79;571
0.34;Very Good;E;SI2;63.1;56;4.51;4.46;2.83;571
0.31;Premium;D;SI1;62;58;4.3;4.35;2.68;571
0.31;Good;D;SI1;63.5;57;4.28;4.32;2.73;571
0.31;Ideal;D;SI1;62.3;54;4.33;4.37;2.71;571
0.31;Premium;D;SI1;61.4;58;4.33;4.36;2.67;571
0.31;Good;D;SI1;63.4;55;4.28;4.3;2.72;571
0.31;Ideal;D;SI1;61.9;57;4.33;4.36;2.69;571
0.31;Ideal;D;SI1;62.7;56;4.32;4.36;2.72;571
0.31;Very Good;D;SI1;63;55;4.32;4.34;2.73;571
0.31;Ideal;D;SI1;62;55;4.36;4.38;2.71;571
0.31;Ideal;I;VVS1;61.4;54;4.38;4.41;2.7;571
0.31;Good;D;SI1;63.5;56;4.29;4.31;2.73;571
0.31;Ideal;D;SI1;61.8;57;4.32;4.36;2.68;571
0.31;Ideal;D;SI1;62.4;56;4.33;4.35;2.71;571
0.31;Very Good;D;SI1;61.7;59;4.31;4.35;2.67;571
0.31;Ideal;D;SI1;61.7;57;4.34;4.38;2.69;571
0.31;Good;D;SI1;63.1;57;4.3;4.32;2.72;571
0.31;Ideal;D;SI1;61.4;55;4.35;4.38;2.68;571
0.31;Good;D;SI1;63.4;58;4.32;4.35;2.75;571
0.91;Very Good;G;SI2;60;57;6.27;6.32;3.78;3531
0.78;Ideal;F;VS2;60.4;58;6;5.95;3.61;3531
0.78;Ideal;F;VS2;61.5;56;5.94;5.9;3.64;3531
0.78;Ideal;F;VS2;62.3;56;5.91;5.88;3.67;3531
1.01;Good;F;SI2;63.8;57;6.31;6.36;4.04;3532
0.77;Ideal;F;VS2;61.8;56;5.9;5.92;3.65;3533
0.96;Fair;E;SI2;65.6;58;6.11;6.15;4.02;3533
0.9;Very Good;D;SI2;60.3;63;6.12;6.22;3.72;3534
0.9;Very Good;D;SI2;60.6;61;6.14;6.2;3.74;3534
0.9;Very Good;D;SI2;63;58;6.12;6.16;3.87;3534
0.9;Good;D;SI2;60.3;64;6.1;6.14;3.69;3534
0.78;Very Good;D;VS2;63;58;5.8;5.86;3.67;3534
1.02;Good;J;SI2;63.4;56;6.36;6.42;4.05;3534
1.02;Very Good;J;SI2;62.6;60;6.39;6.42;4.01;3534
0.92;Very Good;F;SI2;60.6;63;6.34;6.25;3.81;3534
0.9;Very Good;I;VS2;62.1;61;6.08;6.12;3.79;3535
0.82;Very Good;G;VS2;59.8;56;6.13;6.18;3.68;3535
0.84;Very Good;G;VS2;62;56;6.07;6.09;3.77;3535
0.73;Ideal;E;VVS2;61.6;55;5.8;5.83;3.58;3535
0.7;Ideal;D;VS1;62.2;56;5.69;5.72;3.55;3535
1.01;Premium;J;VS2;59.8;61;6.47;6.43;3.86;3535
0.7;Very Good;F;VVS1;60.6;60;5.67;5.7;3.45;3536
0.65;Ideal;G;IF;60.1;57;5.61;5.65;3.38;3536
0.7;Good;F;VVS1;61.2;61;5.71;5.79;3.52;3536
1;Good;J;SI2;57.8;61;6.54;6.58;3.79;3536
0.92;Fair;H;SI2;64.5;60;6.06;6.01;3.89;3536
0.78;Ideal;F;VS1;61.6;56;5.9;5.92;3.64;3537
0.74;Ideal;G;VVS1;62.1;54;5.8;5.83;3.61;3537
1.08;Ideal;J;SI2;61.8;57;6.56;6.58;4.06;3537
0.9;Ideal;I;SI1;62;56;6.16;6.23;3.84;3537
0.91;Good;E;SI2;63.9;61;6.03;6.09;3.87;3538
0.9;Fair;H;VS2;64.8;58;6.07;6.03;3.92;3538
0.9;Good;H;VS2;64;57;6.14;6.11;3.92;3538
0.9;Fair;H;VS2;64.6;55;6.07;6;3.9;3538
0.78;Premium;E;VS1;62.2;58;5.9;5.86;3.66;3538
0.81;Ideal;E;VS2;62;55;5.99;5.97;3.71;3538
0.79;Premium;G;SI1;61.2;56;6;5.96;3.66;3539
0.79;Very Good;E;VS2;62.7;56;5.85;5.88;3.68;3539
0.9;Premium;I;VS2;62.4;58;6.16;6.22;3.86;3539
0.9;Very Good;G;SI2;62.4;55;6.13;6.17;3.84;3539
0.91;Good;F;SI2;63.8;59;6.04;6.09;3.87;3539
0.93;Good;D;SI2;63.4;59;6.15;6.18;3.91;3540
0.71;Ideal;D;VS2;59.9;57;5.8;5.83;3.48;3540
0.72;Ideal;G;VS1;62;56;5.74;5.78;3.57;3540
1.01;Fair;F;SI2;64.6;59;6.19;6.25;4.2;3540
0.64;Very Good;E;VVS2;61.8;59;5.51;5.53;3.41;3541
1;Fair;G;SI2;64.7;58;6.24;6.19;4.02;3541
1;Good;G;SI2;58.1;65;6.48;6.46;3.76;3541
1.52;Premium;I;I1;61.2;58;7.43;7.35;4.52;3541
1.13;Ideal;F;I1;62.2;55;6.63;6.68;4.14;3542
0.7;Very Good;G;IF;58.5;60;5.83;5.87;3.42;3543
0.75;Very Good;E;VS1;61.9;58;5.83;5.86;3.62;3543
0.72;Ideal;D;VS2;62;54.8;5.73;5.76;3.56;3543
1.06;Ideal;F;I1;62.1;55;6.54;6.57;4.07;3544
1.06;Ideal;F;I1;61.8;55;6.55;6.58;4.06;3544
0.81;Very Good;G;VS1;62.6;55;5.92;5.97;3.72;3544
0.95;Very Good;I;SI1;61;61;6.29;6.37;3.86;3544
0.86;Ideal;I;VVS2;61.4;58;6.07;6.1;3.74;3544
0.77;Ideal;G;VS2;62.1;56;5.84;5.88;3.64;3544
0.81;Ideal;G;VS1;62.3;57;5.99;5.95;3.72;3544
1.13;Premium;H;I1;62.7;59;6.63;6.58;4.14;3544
0.71;Premium;G;IF;61.9;58;5.74;5.77;3.56;3545
0.9;Premium;H;SI1;62.7;58;6.14;6.2;3.87;3545
0.9;Ideal;I;VS1;62.4;57;6.17;6.21;3.86;3545
1.07;Fair;G;SI2;66.8;57;6.34;6.26;4.21;3545
0.92;Premium;I;SI1;58.8;59;6.36;6.33;3.73;3545
1.07;Premium;G;SI2;62.2;58;6.56;6.49;4.06;3545
1.01;Good;E;SI2;63.9;58;6.31;6.37;4.05;3546
1.04;Very Good;H;SI2;62.4;58;6.4;6.49;4.02;3546
0.91;Premium;F;SI2;58.9;61;6.36;6.33;3.74;3546
0.91;Premium;F;SI2;61;51;6.24;6.21;3.8;3546
1.01;Fair;H;SI1;66.4;57;6.12;6.08;4.05;3546
0.72;Ideal;G;VS2;61;55;5.81;5.83;3.55;3547
1.07;Premium;G;I1;62.3;60;6.55;6.51;4.07;3547
0.9;Ideal;H;SI2;62.6;57;6.16;6.07;3.83;3548
0.72;Ideal;G;VVS1;61.7;54.8;5.73;5.77;3.55;3548
0.85;Ideal;I;VS1;61.9;56;6.08;6.1;3.77;3548
0.96;Good;H;SI2;60.1;64;6.43;6.35;3.84;3548
0.76;Very Good;G;VVS2;62.3;57;5.79;5.84;3.62;3549
1.09;Ideal;G;I1;61;56;6.62;6.66;4.05;3549
0.72;Very Good;E;VS2;60;57;5.81;5.86;3.5;3550
0.72;Ideal;D;SI1;60.5;56;5.79;5.84;3.52;3550
0.92;Premium;D;SI2;62.5;59;6.24;6.2;3.89;3550
0.75;Very Good;F;VVS2;61.1;55;5.85;5.9;3.59;3551
0.9;Very Good;F;SI2;60.8;55;6.25;6.28;3.81;3552
0.71;Ideal;E;VS2;61.6;56;5.73;5.77;3.54;3553
0.71;Ideal;E;VS2;61.3;56;5.76;5.79;3.54;3553
0.9;Premium;F;SI2;60.7;59;6.25;6.21;3.78;3553
1.04;Ideal;I;SI2;61.9;56;6.51;6.45;4.02;3553
1.03;Premium;I;VS1;61.6;58;6.5;6.42;3.98;3553
0.72;Ideal;D;VS1;61.6;56;5.8;5.73;3.55;3554
0.92;Premium;G;SI2;62.4;57;6.22;6.18;3.87;3555
0.92;Premium;H;SI1;62;60;6.27;6.21;3.87;3555
0.75;Ideal;E;VS1;62.5;57;5.8;5.85;3.64;3555
1.01;Good;J;VS2;63.3;54;6.34;6.42;4.04;3555
0.92;Premium;G;SI2;59.4;62;6.36;6.34;3.77;3555
0.9;Premium;F;SI2;61.4;58;6.19;6.13;3.78;3556
0.9;Premium;F;SI2;61.3;59;6.16;6.11;3.76;3556
0.83;Premium;D;SI1;62.5;54;6.08;6.02;3.78;3556
0.9;Very Good;F;SI2;63.4;58;6.08;6.01;3.83;3556
0.83;Premium;D;SI1;59.7;59;6.14;6.12;3.66;3556
0.73;Premium;D;VS1;60;58;5.9;5.86;3.53;3557
0.83;Premium;F;VS2;60.2;60;6.04;6.09;3.65;3557
0.91;Ideal;G;SI2;62.7;57;6.15;6.19;3.87;3557
0.91;Ideal;G;SI2;61.8;56;6.21;6.24;3.85;3557
0.88;Ideal;H;SI1;61.6;56;6.13;6.17;3.79;3557
0.95;Ideal;J;VVS2;60.6;57;6.4;6.34;3.86;3558
0.8;Very Good;F;VS1;63.6;57;5.82;5.91;3.73;3559
0.83;Ideal;F;SI1;62.2;55;6.01;6.03;3.74;3560
0.79;Ideal;G;VS1;62;56;5.91;5.94;3.67;3561
0.7;Good;D;VS2;59.9;59;5.69;5.73;3.42;3561
0.93;Very Good;I;VS1;62.5;58;6.2;6.25;3.89;3562
1;Premium;F;SI2;59.2;61;6.59;6.51;3.87;3562
1;Ideal;F;SI2;61;55;6.45;6.41;3.92;3562
0.75;Ideal;D;VS2;61.7;55;5.85;5.82;3.6;3562
0.93;Very Good;I;VS2;63.5;57;6.13;6.21;3.92;3563
0.78;Very Good;F;VS1;63.3;56;5.84;5.89;3.71;3563
1.01;Very Good;I;SI1;63.1;58;6.38;6.33;4.01;3563
1.01;Premium;J;SI2;62.5;62;6.41;6.36;3.99;3563
1.01;Very Good;F;SI2;63.4;60;6.33;6.26;3.99;3563
1.01;Premium;J;SI2;61.7;58;6.44;6.4;3.96;3563
1.01;Premium;J;SI2;61.8;60;6.41;6.37;3.95;3563
1.01;Premium;F;SI2;60.2;61;6.49;6.43;3.89;3563
0.78;Very Good;E;VS1;61;55;5.94;5.96;3.63;3564
1.04;Premium;G;SI2;62.8;59;6.47;6.42;4.05;3564
0.72;Ideal;F;VS2;61.8;56;5.72;5.74;3.54;3564
0.8;Ideal;D;SI1;62.7;57;5.88;5.92;3.7;3564
1.04;Fair;G;SI2;66.1;60;6.32;6.23;4.15;3564
0.73;Very Good;E;VVS2;60.2;60;5.81;5.85;3.51;3565
0.72;Premium;E;VVS1;62.9;59;5.75;5.67;3.59;3566
0.87;Ideal;E;SI2;60.4;58;6.19;6.23;3.75;3566
0.73;Very Good;G;VVS1;60.2;61;5.83;5.89;3.53;3567
0.9;Good;D;SI1;61.9;64;6;6.09;3.74;3567
0.7;Very Good;D;VS1;61.2;56;5.68;5.75;3.5;3567
0.91;Very Good;H;VS2;63.1;56;6.2;6.13;3.89;3567
0.9;Premium;D;SI1;61.7;56;6.16;6.09;3.78;3568
1;Premium;G;SI1;60;60;6.47;6.42;3.87;3568
0.72;Ideal;D;SI1;61.7;55;5.77;5.8;3.57;3568
0.9;Very Good;F;SI2;62.7;59;6.1;6.18;3.85;3569
0.9;Very Good;F;SI2;62.4;58;6.15;6.19;3.85;3569
1;Good;D;SI2;64;59;6.24;6.29;4.01;3569
0.97;Ideal;F;SI2;62.4;55;6.38;6.34;3.97;3569
0.72;Good;D;VS1;63.3;55;5.69;5.75;3.62;3570
0.9;Good;E;SI1;63.5;55;6.12;6.22;3.92;3570
0.83;Ideal;H;VVS1;61.7;57;6.02;6.07;3.73;3570
0.6;Ideal;D;VVS1;61.6;56;5.41;5.43;3.34;3570
0.9;Very Good;I;VS2;63.2;56;6.15;6.09;3.87;3570
1.2;Ideal;I;I1;61.9;56;6.85;6.82;4.23;3570
0.74;Ideal;G;VS1;61.5;56;5.79;5.82;3.57;3572
1.19;Premium;E;I1;60.2;61;6.91;6.87;4.15;3572
0.91;Very Good;D;SI2;58.3;60;6.33;6.4;3.71;3573
1.16;Premium;H;SI2;62.1;58;6.72;6.65;4.15;3573
1.1;Very Good;I;SI1;63.5;57;6.55;6.53;4.15;3573
0.9;Good;G;SI1;63.2;62;6.09;6.19;3.88;3574
0.9;Good;G;SI1;63.9;60;6.07;6.1;3.89;3574
0.91;Ideal;I;SI1;62.4;56;6.2;6.24;3.88;3574
1.15;Premium;G;I1;61.2;58;6.8;6.74;4.14;3574
1;Very Good;H;SI2;59.1;62;6.47;6.5;3.83;3575
1;Fair;E;SI2;65.1;59;6.3;6.23;4.08;3575
0.93;Very Good;J;VS2;62.8;56;6.14;6.22;3.88;3576
0.71;Ideal;D;VS1;60.4;60;5.77;5.82;3.5;3576
0.76;Ideal;I;VS2;61.8;56;5.85;5.89;3.63;3577
0.82;Ideal;E;SI1;62.1;55;5.98;6;3.72;3577
0.9;Good;H;SI1;59;62;6.23;6.27;3.69;3577
0.84;Good;E;SI1;61.9;61;6.03;6.05;3.74;3577
1.01;Very Good;G;SI2;60.8;63;6.4;6.36;3.88;3577
0.82;Premium;E;VS2;62.6;60;5.97;5.91;3.72;3577
0.9;Ideal;H;SI2;62;57;6.17;6.19;3.83;3578
0.9;Premium;D;SI2;58.7;58;6.3;6.28;3.69;3578
0.8;Ideal;G;VS1;61.1;58;5.96;6.03;3.66;3578
0.78;Good;E;SI1;59.4;62;6.02;6.07;3.59;3578
0.71;Premium;F;IF;61.1;58;5.8;5.72;3.52;3578
0.91;Very Good;I;VS2;62.5;58;6.13;6.19;3.85;3579
0.91;Premium;I;VS2;62.7;58;6.14;6.18;3.86;3579
1.06;Premium;I;SI2;58.4;62;6.7;6.65;3.9;3579
0.9;Premium;D;SI2;58.8;59;6.28;6.24;3.68;3579
0.71;Very Good;E;VVS2;61.5;61;5.7;5.75;3.52;3580
0.9;Very Good;I;SI1;62.3;58;6.12;6.17;3.83;3580
0.9;Very Good;I;VS1;63.3;59;6.1;6.06;3.85;3580
0.9;Premium;I;VS1;62.2;58;6.18;6.13;3.83;3580
1;Good;J;VS2;64.3;59;6.27;6.21;4.01;3580
0.9;Very Good;I;VS2;61.6;57;6.13;6.17;3.79;3581
0.76;Premium;D;VS2;61.7;59;5.87;5.9;3.63;3581
0.9;Very Good;G;SI2;59.9;60;6.19;6.23;3.72;3581
0.9;Very Good;G;SI2;60.9;56;6.18;6.24;3.78;3581
0.78;Ideal;H;VVS2;62.1;56;5.88;5.9;3.66;3581
1.04;Good;F;SI2;64;60;6.38;6.33;4.07;3581
0.8;Ideal;H;VS1;62.2;56;5.92;5.95;3.69;3581
1.02;Premium;H;SI1;62.2;52;6.47;6.43;4.01;3581
0.78;Ideal;E;VS2;61.4;56;5.91;5.95;3.64;3582
0.71;Ideal;D;VS1;61.5;58;5.75;5.77;3.54;3582
0.71;Good;G;IF;57.8;62;5.82;5.95;3.4;3583
0.79;Premium;E;VS1;62.6;56;5.92;5.87;3.69;3583
0.98;Fair;H;SI1;68.6;58;6.18;6.04;4.19;3583
0.9;Very Good;E;SI2;61;59;6.14;6.18;3.76;3584
1;Premium;G;SI2;60.2;58;6.55;6.48;3.92;3584
0.76;Ideal;E;SI1;61.3;55;5.87;5.91;3.61;3584
0.9;Good;E;SI2;63.6;59;6.05;6.09;3.86;3584
0.8;Ideal;E;VS2;62.2;57;5.98;5.95;3.71;3584
1;Good;H;SI2;63.9;55;6.41;6.34;4.07;3584
1;Premium;H;SI2;61.3;57;6.45;6.4;3.94;3584
1;Fair;I;SI1;64.8;59;6.23;6.14;4.01;3584
1;Premium;H;SI2;60;62;6.53;6.51;3.91;3584
1;Premium;E;I1;60.9;61;6.41;6.37;3.89;3584
1;Ideal;E;I1;61.8;56;6.43;6.38;3.96;3584
1;Premium;F;SI2;60.2;58;6.47;6.42;3.88;3584
0.7;Ideal;E;VVS2;62.2;54;5.68;5.74;3.55;3585
0.7;Ideal;E;VVS2;62.4;54;5.66;5.71;3.55;3585
0.97;Premium;D;SI2;60.4;61;6.4;6.37;3.86;3585
0.92;Very Good;E;SI1;63.3;57;6.22;6.17;3.92;3586
0.9;Ideal;J;VS1;61.6;55;6.24;6.27;3.85;3587
0.7;Premium;F;VVS1;61.9;60;5.68;5.63;3.5;3587
1.04;Ideal;E;SI2;59;57;6.65;6.6;3.91;3588
0.91;Ideal;F;SI2;60.9;57;6.27;6.3;3.83;3588
0.82;Ideal;E;SI1;61.8;55;5.97;6.01;3.7;3588
1.11;Premium;D;I1;61.9;58;6.63;6.66;4.11;3589
0.73;Ideal;G;VS1;61.2;56;5.82;5.85;3.57;3589
0.95;Very Good;E;SI2;58.7;63;6.37;6.43;3.76;3590
0.78;Ideal;G;VS2;62;57;5.9;5.86;3.65;3590
0.74;Ideal;F;VS1;61.9;54;5.78;5.82;3.59;3590
1.08;Very Good;F;SI2;63.1;59;6.51;6.46;4.09;3590
0.7;Premium;G;IF;62.2;58;5.63;5.69;3.52;3591
0.84;Premium;E;VS2;62.4;60;5.98;6.04;3.75;3591
1.01;Very Good;J;SI2;61.9;59;6.34;6.38;3.94;3592
1.01;Very Good;H;SI2;63.4;57;6.39;6.32;4.03;3592
0.9;Very Good;G;SI2;62.6;60;6.1;6.16;3.84;3593
0.82;Very Good;D;SI1;61.3;56;6.02;6.06;3.7;3593
0.99;Fair;H;VS2;71.6;57;5.94;5.8;4.2;3593
1.05;Premium;J;VS2;59.4;62;6.66;6.58;3.93;3593
0.74;Ideal;F;VS1;62;57;5.81;5.78;3.6;3593
0.93;Premium;G;SI2;60.8;59;6.35;6.28;3.84;3594
0.9;Very Good;H;SI1;61.9;59;6.17;6.21;3.83;3595
0.9;Very Good;H;SI1;62.3;58;6.16;6.19;3.85;3595
1.07;Ideal;G;SI2;60.8;57;6.62;6.6;4.02;3595
0.73;Ideal;G;VS2;61.6;56;5.8;5.83;3.58;3595
0.78;Ideal;D;VS2;61.7;57;5.87;5.93;3.64;3595
0.9;Good;E;SI2;63.7;63;6.05;6.1;3.87;3595
0.9;Good;E;SI2;61.6;61;6.12;6.16;3.78;3595
0.9;Good;E;SI2;64.1;58;6.04;6.09;3.89;3595
0.9;Good;E;SI2;65.8;60;5.94;5.97;3.92;3595
0.84;Very Good;G;VS2;61.8;57;6.04;6.07;3.74;3596
0.9;Very Good;G;SI1;61.6;59;6.13;6.19;3.8;3597
1.01;Fair;F;SI2;60.1;66;6.44;6.41;3.86;3597
0.8;Ideal;D;SI1;62.6;55;5.91;5.94;3.71;3597
1.01;Good;F;SI2;63.8;57;6.36;6.31;4.04;3597
1.01;Fair;I;VS2;68.7;58;6.14;6;4.19;3597
1.01;Fair;F;SI2;67.3;62;6.09;6.03;4.08;3597
1.01;Fair;F;SI2;66.7;64;6.14;6.05;4.06;3597
1.01;Premium;F;SI2;61.3;58;6.42;6.33;3.91;3597
1.01;Premium;F;SI2;62.2;58;6.4;6.37;3.97;3597
1.01;Ideal;J;SI1;60.5;56;6.49;6.53;3.94;3599
1.02;Premium;J;SI2;62.6;60;6.42;6.39;4.01;3599
0.9;Premium;E;SI2;62.6;60;6.18;6.09;3.84;3599
0.9;Premium;E;SI2;62.2;60;6.19;6.15;3.84;3599
1.05;Premium;G;SI2;60.7;61;6.56;6.52;3.97;3599
1.02;Ideal;F;I1;61;56;6.53;6.51;3.98;3599
0.9;Ideal;E;SI2;62;55;6.23;6.15;3.84;3599
1.02;Very Good;J;SI2;63.4;56;6.42;6.36;4.05;3599
1.5;Premium;H;I1;61.1;59;7.37;7.26;4.47;3599
0.9;Good;H;VS2;64;57;6.11;6.14;3.92;3601
0.81;Ideal;E;VS2;62;55;5.97;5.99;3.71;3601
0.78;Very Good;E;VS1;60;56;6;6.03;3.61;3601
1.02;Very Good;J;SI2;61.1;61;6.44;6.5;3.95;3601
0.9;Very Good;F;SI2;61.6;56;6.22;6.29;3.85;3601
0.72;Ideal;E;VS2;61.1;56;5.78;5.81;3.54;3601
0.78;Ideal;E;VS2;61.7;55;5.92;6;3.68;3601
0.72;Ideal;E;VS2;60.8;56;5.78;5.82;3.53;3601
0.72;Ideal;E;VS2;61.4;56;5.78;5.8;3.55;3601
0.72;Ideal;E;VS2;61.5;56;5.77;5.81;3.56;3601
0.72;Premium;D;VS1;62.7;56;5.76;5.69;3.59;3601
1.09;Premium;G;SI2;61.3;60;6.66;6.59;4.06;3601
0.7;Ideal;F;VVS1;61;57;5.71;5.76;3.5;3602
0.83;Premium;G;VS1;58.8;58;6.2;6.15;3.63;3602
1.13;Ideal;H;I1;61.1;56;6.71;6.77;4.12;3603
1.04;Very Good;I;SI2;59.6;57;6.6;6.62;3.94;3603
1.04;Premium;J;SI2;62;59;6.47;6.49;4.02;3603
0.8;Very Good;F;VS1;63.8;55;5.84;5.89;3.74;3603
0.83;Very Good;F;VS1;63.3;56;5.99;5.92;3.77;3603
1.1;Premium;I;SI2;62.9;59;6.6;6.53;4.13;3604
0.71;Premium;F;VVS1;60.9;58;5.76;5.8;3.52;3604
1.01;Premium;D;SI2;58;60;6.58;6.53;3.8;3604
0.9;Good;D;VS2;57.9;62;6.33;6.24;3.64;3604
1.1;Premium;I;SI2;59.7;62;6.8;6.64;4.01;3604
0.9;Good;F;SI1;63.9;58;6.12;6.08;3.9;3604
0.9;Very Good;I;VS2;62.3;64;6.1;6.13;3.81;3605
1.01;Very Good;D;SI2;59.1;63;6.54;6.59;3.88;3605
0.9;Very Good;F;SI2;63.4;59;6.07;6.11;3.86;3605
0.79;Ideal;E;VS2;61.8;56;5.91;5.94;3.66;3605
0.79;Ideal;D;SI1;61.2;57;5.94;5.98;3.65;3605
1.16;Ideal;I;SI2;62.8;57;6.8;6.64;4.22;3605
1.11;Premium;H;SI2;60.4;59;6.7;6.64;4.03;3605
0.73;Very Good;G;VVS1;62.9;59;5.7;5.78;3.61;3606
1.15;Ideal;H;I1;62;55;6.76;6.69;4.17;3606
0.73;Very Good;E;VS1;63;60;5.68;5.72;3.59;3607
1.13;Premium;F;I1;62.3;56;6.69;6.61;4.14;3607
1.03;Good;D;SI2;63.8;54;6.36;6.3;4.04;3607
1.13;Ideal;F;I1;62.2;55;6.68;6.63;4.14;3607
0.91;Premium;F;SI2;61.7;58;6.22;6.29;3.86;3609
1.06;Ideal;F;I1;62.1;55;6.57;6.54;4.07;3609
0.9;Premium;E;SI1;62.4;57;6.19;6.14;3.85;3609
0.31;Very Good;D;SI1;61.1;57;4.35;4.36;2.66;571
0.31;Very Good;D;SI1;62.1;58;4.3;4.33;2.68;571
0.31;Ideal;D;SI1;62.3;55;4.33;4.37;2.71;571
0.31;Very Good;D;SI1;62.9;57;4.27;4.32;2.7;571
0.31;Ideal;I;VVS1;62;54;4.34;4.37;2.7;571
0.31;Premium;D;SI1;61.2;60;4.35;4.41;2.68;571
0.31;Good;D;SI1;63.5;56;4.29;4.31;2.73;571
0.31;Very Good;D;SI1;60;61;4.41;4.43;2.65;571
0.31;Ideal;D;SI1;61;57;4.38;4.41;2.68;571
0.31;Ideal;D;SI1;62.6;57;4.3;4.33;2.7;571
0.31;Very Good;D;SI1;62.9;56;4.31;4.34;2.72;571
0.31;Very Good;I;VVS1;62.8;55;4.33;4.36;2.73;571
0.31;Ideal;D;SI1;62.6;56;4.33;4.36;2.72;571
0.31;Premium;D;SI1;61.4;58;4.34;4.39;2.68;571
0.31;Good;D;SI1;63.5;58;4.27;4.3;2.72;571
0.31;Very Good;D;SI1;63;54;4.32;4.35;2.73;571
0.31;Good;D;SI1;63.7;54;4.31;4.35;2.76;571
0.31;Ideal;D;SI1;61.8;56;4.34;4.37;2.69;571
0.31;Ideal;D;SI1;62.1;56;4.33;4.37;2.7;571
0.31;Very Good;D;SI1;60.2;56;4.37;4.4;2.64;571
0.31;Ideal;D;SI1;61.1;56;4.36;4.38;2.67;571
0.31;Ideal;D;SI1;61.2;55;4.37;4.49;2.71;571
0.31;Ideal;D;SI1;60.8;56;4.32;4.37;2.64;571
0.31;Premium;I;VVS1;61;58;4.33;4.39;2.66;571
0.31;Ideal;D;SI1;62.4;56;4.31;4.35;2.7;571
0.31;Good;I;VVS1;63.1;59;4.25;4.31;2.7;571
0.31;Good;D;SI1;63.9;54;4.27;4.3;2.74;571
0.31;Ideal;D;SI1;62.6;57;4.3;4.32;2.7;571
0.31;Ideal;I;VVS1;62.1;56;4.35;4.38;2.71;571
0.31;Ideal;D;SI1;61.5;56;4.33;4.35;2.67;571
0.91;Good;G;SI2;63.6;56;6.14;6.09;3.89;3610
0.72;Very Good;H;VVS1;59.9;57;5.83;5.86;3.5;3610
1.01;Very Good;I;SI1;58.8;58;6.52;6.57;3.85;3610
0.92;Ideal;I;SI1;62.1;55;6.24;6.29;3.89;3610
0.75;Ideal;F;SI1;60.8;57;5.87;5.9;3.58;3610
0.96;Good;H;SI2;56.7;62;6.51;6.39;3.66;3611
0.7;Ideal;H;VVS1;60.9;57;5.7;5.78;3.5;3611
1.01;Good;E;SI2;63.9;58;6.37;6.31;4.05;3611
1.04;Premium;H;SI2;62.4;58;6.49;6.4;4.02;3611
0.71;Very Good;F;VVS2;62;56;5.71;5.74;3.55;3612
0.7;Ideal;E;VS2;61.7;55;5.7;5.74;3.53;3612
1;Premium;E;SI2;59.9;55;6.48;6.4;3.86;3612
0.92;Very Good;D;SI2;62.5;59;6.2;6.24;3.89;3613
0.78;Ideal;G;VS2;61.7;56;5.89;5.94;3.65;3613
0.9;Fair;F;SI2;64.6;56;6.01;6.07;3.9;3613
1.15;Ideal;G;SI2;62.8;57;6.7;6.65;4.19;3613
0.72;Very Good;G;IF;60.7;56;5.78;5.81;3.52;3614
1;Good;J;SI1;58.7;62;6.47;6.51;3.81;3614
1.09;Ideal;G;I1;61;56;6.66;6.62;4.05;3614
0.91;Very Good;G;SI2;62.9;54;6.14;6.22;3.89;3615
0.9;Very Good;G;SI1;63.8;53;6.1;6.16;3.91;3615
0.9;Very Good;G;SI1;63.4;54;6.11;6.16;3.89;3615
1.05;Fair;F;SI2;66;60;6.3;6.22;4.13;3615
0.73;Ideal;D;SI1;61.3;57;5.81;5.83;3.57;3615
0.9;Good;G;SI1;64.5;57;6.04;6.09;3.91;3615
0.9;Good;G;SI1;65;57;5.96;6.01;3.89;3615
1.09;Ideal;J;VS2;62.5;55;6.64;6.58;4.13;3615
1.05;Ideal;J;SI2;61.6;57;6.55;6.51;4.02;3616
0.74;Very Good;E;VVS2;61.9;59;5.74;5.77;3.56;3616
0.73;Good;F;VVS2;59.5;61;5.8;5.83;3.46;3616
1;Good;J;SI1;59.5;61;6.46;6.52;3.86;3616
0.9;Premium;J;VVS1;62;58;6.19;6.11;3.81;3617
1.03;Fair;H;SI1;65.1;57;6.43;6.36;4.16;3617
0.91;Premium;F;SI1;62.6;56;6.18;6.13;3.85;3618
0.92;Premium;H;SI1;62;60;6.21;6.27;3.87;3618
0.92;Very Good;G;SI2;59.4;62;6.34;6.36;3.77;3618
0.91;Very Good;I;VVS2;63.5;59;6.1;6.06;3.86;3618
0.7;Ideal;D;VS1;62.8;53.4;5.64;5.68;3.55;3618
0.7;Ideal;D;VS1;63.1;54;5.62;5.65;3.56;3618
0.71;Premium;D;VVS2;60;58;5.92;5.84;3.53;3618
0.91;Premium;F;SI2;61.4;60;6.23;6.21;3.82;3618
0.9;Ideal;F;SI2;61.9;56;6.18;6.23;3.84;3619
0.9;Premium;F;SI2;61.4;58;6.13;6.19;3.78;3619
0.72;Very Good;D;VS1;59.4;56;5.85;5.9;3.49;3619
0.88;Ideal;F;SI2;62.2;56;6.11;6.17;3.82;3619
1.01;Very Good;J;VS2;63.3;54;6.42;6.34;4.04;3620
1.01;Good;I;VS2;63.6;57;6.3;6.21;3.98;3620
1.01;Good;G;SI2;63.8;56;6.32;6.22;4;3620
0.73;Premium;D;VS1;60;58;5.86;5.9;3.53;3620
0.91;Premium;I;VS1;59.5;62;6.3;6.24;3.73;3620
1.01;Premium;H;SI2;60.1;58;6.55;6.52;3.93;3620
0.93;Premium;F;SI2;59.5;60;6.39;6.36;3.79;3620
0.73;Ideal;E;VS1;61.2;57;5.85;5.8;3.57;3620
0.82;Very Good;F;VS2;58.7;58;6.1;6.2;3.61;3621
0.9;Good;F;SI2;61.3;59;6.12;6.15;3.76;3621
0.7;Very Good;D;VVS2;62.3;56;5.66;5.7;3.54;3622
0.7;Very Good;D;VVS2;61.1;57;5.7;5.75;3.5;3622
0.7;Very Good;F;VVS1;63.1;58;5.6;5.66;3.55;3622
0.72;Ideal;D;VS1;61.4;56;5.8;5.82;3.57;3622
0.72;Ideal;D;VS1;62.3;54;5.74;5.79;3.59;3622
0.8;Ideal;E;SI1;62.3;54;5.95;5.97;3.71;3622
0.82;Ideal;E;SI1;61.8;58;5.99;6.05;3.72;3622
0.98;Fair;F;SI1;61.8;66;6.38;6.27;3.91;3622
0.7;Very Good;E;IF;63.4;58;5.64;5.59;3.56;3622
1.1;Ideal;F;I1;61.3;56.9;6.62;6.68;4.08;3623
0.92;Premium;H;SI1;62.4;58;6.19;6.22;3.87;3624
0.94;Very Good;H;SI2;62.7;61;6.21;6.24;3.9;3624
0.9;Very Good;F;SI1;63.1;58;6.09;6.15;3.86;3624
0.81;Ideal;F;VS2;61.9;55;6;5.95;3.7;3624
0.81;Ideal;F;VS2;61.8;55;5.96;5.92;3.67;3624
0.75;Ideal;D;VS2;61.7;55;5.82;5.85;3.6;3625
0.92;Very Good;F;SI2;59.9;60;6.26;6.29;3.76;3625
0.61;Ideal;D;VVS1;62.3;54;5.4;5.45;3.38;3625
0.9;Premium;E;SI1;60.7;61;6.19;6.17;3.75;3625
0.83;Premium;E;VS2;61.3;59;6.08;6.02;3.71;3625
0.83;Ideal;E;VS2;61.8;57;6.04;6.03;3.73;3625
0.9;Good;E;SI1;60.8;65;6.31;6.18;3.8;3625
0.71;Very Good;F;VVS1;62.7;58;5.67;5.72;3.57;3626
1.01;Good;G;SI2;63.6;58;6.31;6.37;4.03;3626
1.01;Good;G;SI2;63.7;58;6.31;6.35;4.03;3626
0.9;Good;H;SI2;64.5;58;6;5.96;3.86;3627
0.79;Premium;E;VS2;62.1;59;5.9;5.86;3.65;3628
1;Ideal;I;SI2;58.8;55;6.53;6.46;3.82;3629
1;Ideal;I;SI2;58.8;55;6.53;6.46;3.82;3629
0.9;Ideal;I;VS2;61.5;58;6.19;6.23;3.82;3629
0.72;Ideal;D;VS1;62.5;55;5.71;5.74;3.58;3629
0.9;Fair;G;SI1;64.5;57;6.07;6.03;3.9;3629
0.9;Ideal;H;SI1;62.8;57;6.16;6.14;3.86;3629
0.9;Premium;H;SI1;60;56;6.33;6.27;3.78;3629
0.9;Premium;H;SI1;61.9;58;6.2;6.15;3.82;3629
0.9;Premium;H;VS2;60;59;6.23;6.16;3.72;3629
1.08;Ideal;H;SI2;62;57;6.65;6.55;4.06;3629
0.9;Premium;F;SI2;58.4;62;6.37;6.34;3.71;3629
0.9;Very Good;F;SI2;60.3;63;6.28;6.21;3.77;3630
0.8;Ideal;E;SI1;61.7;56;5.99;6.04;3.71;3630
1;Fair;G;SI1;67.7;57;6;6.15;4.11;3631
0.91;Very Good;E;SI2;62.5;59;6.16;6.23;3.87;3632
0.9;Very Good;D;SI2;59.8;53;6.2;6.25;3.72;3632
0.91;Good;E;SI2;64.3;57;6;6.04;3.87;3632
0.74;Ideal;E;VVS2;61.9;57;5.79;5.81;3.59;3633
1.02;Good;F;SI2;59.6;64;6.58;6.55;3.91;3633
1.06;Fair;G;SI2;65.3;62;6.33;6.25;4.11;3633
1.02;Fair;F;SI2;66.6;58;6.21;6.14;4.11;3633
1.02;Good;F;SI2;64.2;61;6.3;6.21;4.02;3633
0.94;Very Good;D;SI2;62;57;6.28;6.34;3.91;3634
1;Premium;D;SI2;62;60;6.38;6.3;3.93;3634
1;Fair;D;SI2;65.2;56;6.27;6.21;4.07;3634
1;Good;D;SI2;64;59;6.29;6.24;4.01;3634
1;Fair;G;SI1;43;59;6.32;6.27;3.97;3634
1;Premium;G;SI1;60.1;61;6.44;6.4;3.86;3634
1;Premium;G;SI1;60.1;61;6.44;6.4;3.86;3634
1.03;Premium;J;SI2;62.8;58;6.48;6.41;4.05;3634
1;Good;D;SI2;63.9;56;6.32;6.27;4.02;3634
1.03;Ideal;F;I1;61;56;6.58;6.52;3.99;3634
1.03;Ideal;H;SI2;60.8;56;6.56;6.47;3.96;3634
0.91;Ideal;H;SI1;62.4;57;6.18;6.23;3.87;3635
0.74;Ideal;G;VS1;61.2;56;5.83;5.86;3.58;3635
0.74;Ideal;G;VS1;60.9;55;5.84;5.91;3.58;3635
1.12;Ideal;J;VS2;62.9;57;6.55;6.52;4.11;3638
0.91;Very Good;E;SI2;60.3;59;6.28;6.25;3.78;3638
1.02;Good;J;SI2;62.2;61;6.41;6.48;4.01;3639
0.91;Premium;E;SI2;61.1;59;6.24;6.2;3.8;3639
0.91;Premium;E;SI2;62.8;61;6.09;6.07;3.82;3639
1.14;Good;I;SI1;63.9;58;6.64;6.6;4.23;3639
1;Premium;F;SI2;59.8;58;6.53;6.48;3.89;3640
0.76;Very Good;F;VVS2;62.9;58;5.76;5.85;3.65;3640
1.03;Very Good;J;SI2;63.1;57;6.41;6.43;4.05;3640
1;Fair;H;SI2;65.1;58;6.27;6.15;4.05;3640
1;Premium;H;SI2;59.1;62;6.5;6.47;3.83;3640
1;Good;H;SI2;64.1;61;6.36;6.27;4.05;3640
1;Premium;H;SI2;59.6;62;6.52;6.41;3.85;3640
1;Good;I;SI1;57.6;61;6.56;6.52;3.77;3640
1;Good;H;SI2;63.8;55;6.28;6.24;4;3640
1;Very Good;I;SI1;63.3;54;6.39;6.34;4.03;3640
1;Premium;J;VS1;59.7;62;6.52;6.46;3.87;3640
1;Premium;G;SI2;63;56;6.37;6.33;4;3640
1;Good;H;SI2;63.8;57;6.32;6.28;4.02;3640
0.82;Very Good;E;VS2;62.6;60;5.91;5.97;3.72;3641
0.85;Ideal;F;VS2;62.4;57;6.13;6.01;3.79;3641
0.71;Premium;G;IF;62;58;5.67;5.72;3.53;3642
0.91;Ideal;F;SI2;62.7;57;6.16;6.21;3.88;3642
0.9;Very Good;J;VS1;62.4;57;6.13;6.18;3.84;3643
0.9;Very Good;D;SI2;58.8;59;6.24;6.28;3.68;3643
0.77;Very Good;D;VS1;62.4;58;5.82;5.87;3.65;3643
0.81;Very Good;E;SI1;61.9;60;5.87;5.95;3.66;3643
0.9;Very Good;H;SI1;63;58;6.13;6.18;3.88;3643
1.16;Premium;D;I1;61.8;59;6.74;6.78;4.18;3644
0.9;Good;I;VS1;63.3;59;6.06;6.1;3.85;3644
0.9;Ideal;H;SI1;61.5;57;6.17;6.23;3.81;3644
0.9;Very Good;I;VS1;62.2;58;6.13;6.18;3.83;3644
0.93;Very Good;G;SI2;60.8;62;6.29;6.34;3.84;3644
0.7;Ideal;F;VVS2;61.7;58;5.66;5.71;3.51;3644
0.91;Premium;E;SI2;61;58;6.31;6.27;3.84;3644
0.91;Premium;F;SI1;62.7;59;6.23;6.18;3.89;3644
0.77;Premium;D;VS1;62.1;57;5.85;5.8;3.62;3644
1.16;Good;G;SI2;63.7;57;6.59;6.56;4.19;3644
1;Good;G;SI2;61.4;61;6.32;6.35;3.89;3646
0.93;Premium;H;SI1;62.8;58;6.24;6.21;3.91;3646
0.77;Ideal;F;VS1;61.2;56;5.9;5.93;3.62;3647
0.8;Ideal;E;VS2;62.2;57;5.95;5.98;3.71;3648
0.76;Ideal;H;VVS1;61.9;54;5.87;5.9;3.64;3648
0.76;Ideal;F;VS2;61.9;57;5.83;5.86;3.62;3648
0.76;Ideal;G;VS1;61.3;54;5.88;5.94;3.62;3648
0.92;Premium;G;SI2;58.4;58;6.4;6.34;3.73;3648
0.76;Ideal;E;VS1;60.5;56;5.94;5.99;3.61;3649
0.92;Good;E;SI1;63.3;57;6.17;6.22;3.92;3649
0.9;Very Good;G;SI1;63.6;57;6.09;6.12;3.88;3649
0.9;Very Good;G;SI1;63.5;59;6.07;6.11;3.87;3649
0.73;Ideal;E;VS2;61.7;57;5.77;5.8;3.57;3649
0.92;Premium;G;SI2;62.9;58;6.21;6.15;3.89;3650
0.93;Very Good;J;VS1;63;53;6.22;6.26;3.93;3651
1.02;Premium;J;VS2;58.9;60;6.57;6.53;3.86;3651
1;Good;G;SI2;57.8;64;6.55;6.5;3.77;3651
0.82;Ideal;G;VS1;61.5;56;6.01;6.05;3.71;3652
0.95;Premium;H;SI2;58.8;60;6.45;6.38;3.77;3652
0.8;Very Good;F;VS2;62.3;57;5.91;5.94;3.69;3653
0.91;Very Good;F;SI2;61.6;59;6.14;6.24;3.81;3653
0.8;Ideal;F;VS2;62;55;5.93;6;3.7;3653
0.76;Very Good;G;VVS2;62.1;56;5.81;5.85;3.63;3655
1.01;Good;J;VS2;62.8;58;6.3;6.35;3.97;3655
0.77;Ideal;F;VS1;60.9;58;5.91;5.95;3.61;3655
1.11;Premium;D;I1;61.9;58;6.66;6.63;4.11;3655
1.07;Very Good;G;SI2;63.5;59;6.52;6.46;4.12;3655
1.02;Premium;G;SI2;62.5;58;6.42;6.34;3.99;3656
0.9;Very Good;I;VS1;63.3;58;6.07;6.1;3.85;3656
0.7;Ideal;H;VS2;61.9;56;5.68;5.73;3.53;3656
0.7;Ideal;H;VS2;60.8;56;5.74;5.77;3.5;3656
0.9;Ideal;J;VS1;62.6;54;6.15;6.18;3.86;3656
1.02;Good;H;SI2;64;57;6.41;6.37;4.09;3656
1.02;Ideal;I;SI1;62.9;57;6.41;6.37;4.02;3656
1.01;Premium;J;SI2;61.9;59;6.38;6.34;3.94;3658
0.96;Fair;H;VS2;68.8;56;6.11;5.98;4.16;3658
0.91;Very Good;F;SI2;62.4;58;6.17;6.21;3.86;3659
0.9;Good;F;SI1;62.8;64;6.18;5.99;3.82;3659
0.73;Ideal;E;VS1;60.9;55.8;5.8;5.85;3.55;3660
0.9;Good;E;SI2;59.9;61;6.16;6.2;3.7;3660
0.91;Good;D;SI2;63.3;62;6.01;6.09;3.83;3660
1.09;Premium;I;SI1;62.7;60;6.57;6.51;4.1;3662
0.9;Premium;E;SI2;62.2;60;6.15;6.19;3.84;3662
0.9;Very Good;E;SI2;62.4;57;6.13;6.17;3.84;3662
0.9;Premium;E;SI2;61.3;60;6.17;6.23;3.8;3662
0.9;Premium;E;SI2;60.8;60;6.21;6.25;3.79;3662
0.9;Very Good;E;SI2;62.6;60;6.09;6.18;3.84;3662
0.9;Ideal;E;SI2;62;55;6.15;6.23;3.84;3662
0.7;Ideal;F;VS1;61.2;56;5.73;5.76;3.52;3662
1.22;Very Good;H;I1;61.6;56;6.8;6.87;4.21;3663
0.89;Good;F;SI1;64.3;55;6.12;6.01;3.9;3663
0.9;Premium;I;VS2;60.1;59;6.37;6.25;3.79;3663
0.91;Very Good;I;VS2;61;57;6.2;6.26;3.8;3664
0.87;Very Good;D;SI1;60.2;60;6.12;6.17;3.7;3664
0.91;Ideal;G;SI2;62.3;56;6.18;6.22;3.86;3664
1.01;Premium;I;SI2;59.6;62;6.56;6.5;3.89;3665
0.91;Ideal;E;SI1;60.7;56;6.26;6.22;3.79;3665
1.01;Premium;H;SI2;59.6;60;6.5;6.55;3.89;3665
1.19;Ideal;H;I1;61.5;57;6.79;6.83;4.19;3665
1.27;Very Good;I;I1;60.2;62;7;7.05;4.23;3665
0.91;Premium;E;SI1;62.2;58;6.29;6.18;3.86;3665
1.01;Good;J;SI1;63.6;54;6.44;6.36;4.07;3665
0.91;Very Good;J;VS1;62.1;55;6.16;6.24;3.85;3666
0.9;Good;I;VS1;63.5;61;5.96;6.01;3.8;3666
0.73;Ideal;G;VVS1;61.3;56;5.79;5.82;3.56;3667
0.7;Very Good;D;VS2;60.6;60;5.71;5.75;3.47;3668
0.78;Very Good;D;VS2;62.2;56;5.85;5.91;3.66;3668
1.03;Premium;F;SI2;62.2;60;6.47;6.45;4.02;3668
0.74;Ideal;D;VS2;61.4;58;5.8;5.83;3.57;3668
1.03;Very Good;F;SI2;63.1;57;6.42;6.38;4.04;3668
0.73;Very Good;F;VVS2;63.8;59;5.69;5.72;3.64;3669
0.95;Premium;J;VVS2;62.6;59;6.23;6.26;3.91;3669
0.85;Very Good;D;SI1;60.3;57;6.09;6.22;3.71;3669
0.73;Ideal;G;VVS1;61.9;57;5.76;5.8;3.58;3669
0.9;Good;G;SI1;57.7;65;6.25;6.29;3.62;3669
0.9;Good;G;SI1;65.2;58;6;6.06;3.93;3669
1.04;Premium;J;SI2;62;59;6.49;6.47;4.02;3669
0.91;Premium;H;SI1;62.8;58;6.16;6.13;3.86;3669
0.9;Good;G;SI1;63.7;60;6.11;6.07;3.88;3669
0.91;Premium;I;VS1;61.9;57;6.24;6.19;3.85;3669
0.9;Very Good;G;SI1;63.1;59;6.15;6.11;3.87;3669
0.9;Good;I;IF;63.7;64;6.07;6.02;3.85;3669
0.9;Good;G;SI1;63.7;58;6.12;6.09;3.89;3669
0.9;Good;H;VS1;64;59;6.05;6.01;3.86;3669
0.9;Good;G;SI1;63.8;59;6.08;6.05;3.87;3669
0.9;Very Good;G;SI1;63.2;59;6.1;6.05;3.84;3669
0.9;Premium;G;SI1;62;61;6.13;6.07;3.78;3669
1.12;Premium;I;SI2;61.2;58;6.72;6.68;4.1;3669
1;Fair;F;SI1;66.7;57;6.07;5.99;4.02;3669
1.04;Ideal;H;SI2;62;57;6.53;6.43;4.02;3669
0.91;Ideal;I;VS1;62.5;55;6.25;6.2;3.89;3669
0.9;Premium;G;SI1;61.9;59;6.18;6.13;3.81;3669
1.12;Fair;I;SI2;64.6;57;6.5;6.47;4.19;3669
1.17;Premium;H;I1;62.8;58;6.71;6.69;4.21;3669
1.13;Ideal;H;I1;61.1;56;6.77;6.71;4.12;3669
0.91;Premium;H;SI1;62.2;60;6.22;6.16;3.85;3669
1.04;Ideal;I;SI1;59.7;56;6.6;6.54;3.92;3669
0.9;Premium;G;SI1;62.6;62;6.08;6.06;3.8;3669
0.71;Very Good;D;VVS2;62.7;59;5.64;5.69;3.55;3670
0.85;Ideal;G;SI1;62.2;56;6.04;6.09;3.77;3670
1.13;Ideal;H;SI2;60.6;57;6.79;6.77;4.11;3670
1.01;Premium;H;SI2;63;59;6.33;6.27;3.97;3671
1.01;Fair;G;SI1;66.1;56;6.26;6.2;4.12;3671
1.01;Good;D;SI2;63.8;61;6.13;6.06;3.89;3671
0.76;Ideal;G;VVS1;62;54.7;5.83;5.87;3.62;3671
0.78;Ideal;E;SI1;60.4;57;5.95;6;3.61;3671
1.01;Very Good;D;SI2;59.1;63;6.59;6.54;3.88;3671
0.95;Premium;G;SI2;60.5;62;6.44;6.36;3.88;3671
0.78;Very Good;D;VS2;59.8;60;5.97;6.03;3.59;3672
1;Good;F;SI2;60.6;62;6.36;6.45;3.88;3672
1.06;Premium;J;SI2;61.3;60;6.52;6.59;4.02;3672
1.05;Premium;F;SI2;61.1;59;6.54;6.61;4.02;3672
0.7;Ideal;G;IF;60.2;57;5.78;5.84;3.5;3672
0.8;Very Good;G;VS1;62.7;56;5.9;5.94;3.71;3673
0.73;Ideal;D;VS2;62.3;54;5.77;5.8;3.6;3673
0.82;Premium;G;SI1;61.8;58;6.02;5.98;3.71;3674
0.71;Ideal;D;SI1;61.4;56;5.7;5.74;3.51;3674
0.71;Ideal;D;SI1;60.6;56;5.78;5.81;3.51;3674
0.96;Fair;E;SI2;57.7;67;6.49;6.46;3.73;3674
1.01;Premium;E;SI2;62.3;55;6.35;6.29;3.94;3674
1;Ideal;F;SI2;61.1;54;6.51;6.47;3.97;3674
0.81;Premium;E;VS2;61.5;58;5.99;5.94;3.97;3674
1.01;Very Good;E;SI2;63.3;58;6.4;6.31;4.02;3674
0.92;Premium;H;SI1;62.2;58;6.19;6.23;3.86;3675
1.03;Premium;D;SI2;62.3;58;6.5;6.4;4.03;3675
0.79;Ideal;H;VVS1;62;56;5.92;5.96;3.68;3675
0.63;Premium;E;VS1;60.5;57;5.58;5.53;3.36;3675
1;Good;G;SI2;63.4;60;6.22;6.34;3.98;3676
1.01;Premium;H;SI2;60.3;59;6.51;6.45;3.91;3676
1.01;Fair;H;VS1;67.1;59;6.16;6.09;4.11;3676
1.01;Premium;H;SI2;61.6;60;6.22;6.18;3.82;3676
1.01;Very Good;I;SI1;63.2;55;6.4;6.32;4.02;3676
1.01;Good;I;SI1;64.1;59;6.24;6.21;3.99;3676
0.9;Ideal;J;IF;62.2;57;6.17;6.14;3.83;3677
0.9;Ideal;I;VS1;61.6;56;6.22;6.16;3.81;3677
1.13;Ideal;H;I1;62.2;55;6.65;6.69;4.15;3678
1.1;Ideal;F;I1;61.8;56;6.61;6.65;4.1;3678
1.1;Very Good;F;I1;59.8;61;6.65;6.7;3.99;3678
0.9;Very Good;F;SI1;63.6;58;6.1;6.13;3.89;3679
0.75;Ideal;D;VS2;61.1;55;5.87;5.89;3.6;3679
0.92;Very Good;E;SI2;63.2;54;6.29;6.25;3.96;3679
1;Good;J;SI1;63.9;60;6.26;6.19;3.98;3679
0.9;Ideal;F;SI2;62.3;57;6.19;6.17;3.85;3679
0.9;Premium;H;SI1;62;62;6.13;6.03;3.77;3679
0.31;Very Good;I;VVS1;62.2;60;4.3;4.32;2.68;571
0.31;Premium;D;SI1;60.9;60;4.38;4.39;2.67;571
0.31;Good;D;SI1;63.5;55;4.27;4.3;2.72;571
0.31;Ideal;D;SI1;62.4;53;4.33;4.35;2.71;571
0.28;Very Good;E;VVS2;64;54;4.11;4.17;2.65;572
0.28;Very Good;E;VVS2;60.1;62;4.25;4.27;2.56;572
0.28;Very Good;F;VVS1;58.9;62;4.27;4.32;2.53;572
0.38;Ideal;J;VS2;62.3;55;4.63;4.65;2.89;572
0.24;Ideal;F;VS1;62.7;54;3.99;4.02;2.51;572
0.24;Ideal;F;VS1;61.8;54;3.99;4.03;2.48;572
0.37;Ideal;F;SI2;60.9;56;4.65;4.68;2.84;572
0.3;Ideal;H;SI1;61.6;57;4.28;4.32;2.65;572
0.33;Premium;I;SI1;62.8;58;4.43;4.39;2.77;572
0.33;Ideal;I;SI1;62.7;56;4.44;4.4;2.77;572
0.33;Ideal;I;SI1;61.5;57;4.49;4.46;2.75;572
0.33;Premium;I;SI1;61.4;58;4.5;4.46;2.75;572
0.33;Premium;I;SI1;61.3;59;4.51;4.46;2.75;572
0.33;Very Good;I;SI1;63.2;58;4.38;4.36;2.76;572
0.33;Good;I;SI1;63.6;57;4.42;4.39;2.8;572
0.42;Very Good;G;SI2;59.5;61;4.85;4.9;2.9;573
0.34;Ideal;G;VS2;61.6;56;4.48;4.51;2.77;573
0.3;Ideal;F;VS2;61.6;56;4.3;4.33;2.66;573
0.3;Ideal;F;VS2;61.9;56;4.32;4.34;2.68;573
0.3;Ideal;F;VS2;62.2;55;4.3;4.32;2.68;573
0.3;Ideal;F;VS2;62.5;54;4.29;4.32;2.69;573
0.3;Ideal;F;VS2;62.3;55;4.3;4.34;2.69;573
0.3;Ideal;F;VS2;61.1;56;4.36;4.38;2.67;573
0.3;Ideal;F;VS2;60.9;56;4.35;4.39;2.66;573
0.3;Ideal;F;VS2;61.9;54;4.29;4.33;2.67;573
0.3;Ideal;F;VS2;61.7;58;4.28;4.31;2.65;573
0.92;Premium;E;SI2;61.8;59;6.19;6.11;3.8;3679
0.76;Ideal;F;VS1;62.2;56;5.83;5.87;3.64;3680
0.9;Very Good;G;SI1;63;57;6.13;6.19;3.88;3681
1.01;Very Good;G;SI2;62;58;6.41;6.46;3.99;3682
0.91;Premium;F;SI2;61.4;60;6.21;6.23;3.82;3682
0.8;Ideal;D;SI2;61.9;54;5.98;5.96;3.7;3682
0.7;Ideal;F;VVS1;62.5;57;5.62;5.67;3.53;3683
0.92;Premium;F;SI1;62.6;59;6.23;6.19;3.89;3684
0.93;Very Good;I;SI1;58.9;60;6.43;6.48;3.8;3685
0.84;Ideal;D;SI1;62.4;57;6.03;6.08;3.78;3685
1;Premium;J;VS2;62;62;6.42;6.35;3.96;3685
1;Premium;J;VS2;60.7;61;6.5;6.41;3.92;3685
1.02;Premium;F;SI2;62.5;58;6.4;6.47;4.02;3686
1.21;Ideal;I;I1;61.3;57;6.94;6.89;4.24;3686
0.91;Very Good;F;SI2;61.2;59;6.2;6.22;3.8;3688
1.12;Ideal;I;SI2;62.4;57;6.69;6.62;4.15;3688
0.96;Fair;F;SI2;65.2;58;6.14;6.12;3.99;3688
0.9;Premium;D;SI1;59.5;57;6.29;6.21;3.72;3689
0.9;Very Good;E;SI1;60.7;61;6.17;6.19;3.75;3689
0.81;Very Good;F;VS1;62.7;56;5.92;5.98;3.73;3689
0.9;Good;D;SI1;63.6;63;6.07;6.03;3.85;3689
0.9;Fair;D;SI1;64.8;59;6.1;6.03;3.93;3689
0.9;Fair;D;SI1;64.5;61;6.05;6.01;3.89;3689
0.9;Good;D;SI1;64.1;56;6.07;6.04;3.88;3689
0.9;Good;D;SI1;63.9;57;6.1;6.04;3.88;3689
0.72;Premium;F;VVS1;62.8;58;5.75;5.68;3.59;3689
0.93;Premium;G;SI2;62.2;55;6.27;6.24;3.89;3689
0.71;Good;D;VS1;64.2;58;5.65;5.6;3.61;3690
0.72;Ideal;E;VS1;62.1;54;5.74;5.76;3.57;3690
1;Good;J;SI1;61.7;62;6.37;6.4;3.94;3690
0.96;Premium;H;SI2;59.4;56;6.47;6.42;3.83;3690
1.1;Ideal;F;I1;61.3;57;6.68;6.62;4.08;3690
0.94;Very Good;D;SI2;60.9;62;6.22;6.3;3.81;3691
0.71;Very Good;F;VVS1;61.8;58;5.63;5.73;3.51;3692
0.77;Very Good;F;VS2;62.6;55;5.85;5.88;3.67;3692
1.03;Ideal;G;SI2;60.4;56;6.56;6.53;3.95;3692
1.11;Premium;I;SI2;61.3;59;6.69;6.63;4.09;3692
1.03;Very Good;F;SI2;63.3;59;6.35;6.32;4.01;3692
1.03;Ideal;H;SI2;60.5;57;6.58;6.52;3.96;3692
1.23;Fair;E;I1;67.4;56;6.76;6.56;4.49;3692
0.97;Ideal;H;SI2;61.6;55;6.37;6.32;3.91;3694
0.74;Ideal;F;VS1;62;54;5.85;5.81;3.62;3694
1.21;Premium;J;VS2;59;60;6.93;6.88;4.07;3694
1;Ideal;F;SI2;62.3;56;6.34;6.27;3.93;3696
1.1;Good;H;SI2;57.6;61;6.82;6.73;3.9;3696
1;Good;E;SI2;57.7;65;6.55;6.59;3.79;3696
1.2;Very Good;H;I1;58.6;57;6.96;7.01;4.09;3696
0.9;Good;F;SI1;64;59;5.97;5.99;3.83;3696
1;Fair;E;SI1;66.5;55;6.21;6.19;4.12;3696
1;Premium;G;SI2;59.1;59;6.54;6.5;3.85;3696
1;Good;E;SI1;57.6;65;6.47;6.44;3.72;3696
1.1;Premium;G;SI2;63;59;6.5;6.47;0;3696
1.1;Premium;I;SI2;62.4;59;6.55;6.51;4.08;3696
1.1;Premium;J;VS2;61.2;57;6.66;6.61;4.06;3696
1.5;Good;I;I1;63.7;61;7.22;7.1;4.57;3696
1.2;Fair;H;SI2;65.6;57;6.73;6.57;4.36;3696
0.75;Ideal;D;VS1;62.4;54;5.86;5.84;3.65;3696
0.77;Ideal;E;VS1;62;56;5.87;5.9;3.65;3697
0.9;Very Good;E;SI2;63.5;58;6.08;6.14;3.88;3697
0.92;Ideal;G;SI2;63;57;6.16;6.13;3.87;3697
0.9;Fair;H;VS2;64.7;58;5.98;6.01;3.88;3697
0.82;Premium;E;VS2;59.7;61;6.08;6.04;3.62;3697
1.31;Premium;J;SI2;59.7;59;7.06;7.01;4.2;3697
1.01;Good;J;SI1;63.6;54;6.44;6.36;4.07;3699
0.9;Very Good;F;SI1;63.8;54;6.09;6.13;3.9;3699
0.9;Very Good;F;SI1;63.4;57;6.06;6.11;3.86;3699
0.9;Good;F;SI1;58;58;6.24;6.28;3.63;3699
1;Fair;G;SI1;66.1;62;6.1;6.03;4.01;3700
1.12;Very Good;G;SI2;63.4;57;6.51;6.47;4.12;3700
1.08;Premium;G;SI2;59.3;61;6.66;6.61;3.94;3701
1.02;Premium;H;SI2;59.2;59;6.57;6.54;3.88;3701
0.9;Good;H;VS2;63.6;61;6.03;5.97;3.8;3701
0.9;Premium;E;SI2;59.2;60;6.31;6.23;3.71;3701
0.71;Ideal;F;VS1;61.1;56;5.76;5.8;3.53;3701
0.71;Ideal;F;VS1;61;56;5.77;5.8;3.53;3701
0.71;Good;F;VS1;61.8;57;5.73;5.76;3.55;3701
0.77;Ideal;F;SI1;61.7;56;5.85;5.91;3.63;3702
0.91;Premium;E;SI2;61.1;59;6.2;6.24;3.8;3703
0.91;Very Good;E;SI2;62.8;61;6.07;6.09;3.82;3703
0.91;Very Good;I;SI1;62.8;57;6.09;6.18;3.85;3703
0.9;Premium;F;SI2;60.5;57;6.23;6.2;3.76;3704
0.9;Ideal;F;SI2;62.6;57;6.2;6.13;3.86;3704
0.9;Premium;F;SI2;60.1;59;6.31;6.24;3.77;3704
0.9;Premium;F;SI2;62.3;57;6.18;6.15;3.84;3704
0.9;Premium;F;SI2;58;57;6.41;6.34;3.7;3704
0.9;Premium;F;SI2;61.5;59;6.23;6.2;3.82;3704
0.9;Premium;F;SI2;62;61;6.16;6.14;3.81;3704
0.9;Premium;F;SI2;61.4;62;6.2;6.11;3.78;3704
0.9;Premium;F;SI2;60.3;55;6.35;6.28;3.81;3704
0.73;Very Good;F;VVS2;62.1;57;5.74;5.76;3.57;3705
0.85;Very Good;F;VS2;62.2;56;6.01;6.08;3.76;3705
0.71;Ideal;F;VVS2;61.2;55;5.73;5.84;3.54;3705
0.9;Very Good;D;SI2;62.9;59;6.06;6.15;3.84;3706
0.92;Very Good;D;SI2;63.7;57;6.12;6.21;3.93;3707
0.77;Ideal;H;VVS2;61.3;56;5.91;5.94;3.63;3707
0.72;Ideal;H;VVS1;61.8;56;5.75;5.78;3.56;3708
0.9;Very Good;I;VS2;58.7;60;6.28;6.35;3.71;3709
0.9;Very Good;I;VS2;60.7;59;6.23;6.26;3.79;3709
0.9;Very Good;I;VS2;63;60;6.15;6.17;3.88;3709
0.9;Very Good;I;VS2;59.9;58;6.17;6.22;3.71;3709
1.01;Very Good;F;SI2;59.5;57;6.61;6.66;3.95;3709
0.92;Premium;H;SI1;59;59;6.36;6.31;3.74;3709
0.86;Ideal;D;SI1;62.8;56;6.05;6.08;3.81;3709
0.91;Very Good;H;SI1;63.4;59;6.12;6.09;3.87;3710
0.75;Ideal;F;VVS2;61.9;54;5.83;5.84;3.61;3710
0.79;Ideal;I;VS2;60.9;56;5.97;5.99;3.64;3710
0.71;Ideal;F;VS1;60.9;57;5.76;5.78;3.51;3710
0.71;Ideal;F;VS1;60.8;56;5.81;5.82;3.54;3710
0.71;Ideal;F;VS1;61.5;56;5.72;5.76;3.53;3710
0.71;Ideal;F;VS1;61.9;56;5.7;5.74;3.54;3710
0.71;Ideal;F;VS1;61.4;56;5.75;5.78;3.54;3710
0.71;Ideal;F;VS1;61.5;57;5.71;5.77;3.53;3710
0.71;Ideal;F;VS1;61.3;56;5.69;5.75;3.51;3710
0.71;Ideal;F;VS1;60.9;56;5.76;5.79;3.52;3710
0.71;Ideal;F;VS1;61.9;56;5.69;5.72;3.53;3710
0.71;Ideal;F;VS1;61.8;55;5.71;5.73;3.54;3710
0.71;Ideal;F;VS1;61.5;56;5.72;5.75;3.52;3710
0.71;Ideal;F;VS1;61.4;57;5.72;5.73;3.52;3710
0.91;Very Good;G;SI1;63.5;61;6.1;6.05;3.86;3710
1.16;Premium;D;I1;61.8;59;6.78;6.74;4.18;3711
1;Premium;I;SI2;61.6;59;6.34;6.41;3.93;3712
1;Premium;J;SI1;60.8;58;6.39;6.44;3.9;3712
0.75;Ideal;D;SI1;61.1;56;5.85;5.9;3.59;3712
1.02;Premium;I;VS2;61.1;59;6.4;6.37;3.9;3713
0.78;Ideal;E;VS2;61.1;55;5.99;5.96;3.65;3713
0.92;Very Good;G;SI2;62.4;60;6.18;6.22;3.87;3713
0.8;Ideal;F;VS2;61.2;58;5.99;6.03;3.68;3713
1;Premium;G;SI2;61.4;61;6.35;6.32;3.89;3713
1.02;Premium;I;SI1;60.2;60;6.45;6.39;3.87;3713
1.02;Good;H;SI2;64.3;60;6.36;6.25;4.06;3713
1.02;Premium;H;SI2;61.3;57;6.51;6.45;3.97;3713
1;Very Good;G;SI2;63.1;63;6.33;6.23;3.96;3713
1.02;Very Good;H;SI2;63.4;63;6.36;6.32;4.02;3713
1.02;Premium;H;SI2;60.8;58;6.48;6.45;3.93;3713
1.02;Ideal;H;SI2;62;56;6.4;6.34;3.95;3713
1.02;Ideal;I;SI1;62.1;56;6.44;6.39;3.98;3713
0.9;Premium;F;SI1;61.3;58;6.13;6.08;3.74;3714
0.73;Ideal;E;VVS2;62;57;5.79;5.73;3.57;3714
0.9;Very Good;E;SI2;61.6;58;6.18;6.23;3.82;3715
0.9;Very Good;E;SI2;62.2;54;6.13;6.21;3.84;3715
0.79;Ideal;E;SI1;61.6;55;5.94;6.04;3.69;3715
0.76;Ideal;F;VVS2;60.9;57;5.89;5.96;3.61;3716
0.71;Ideal;D;VS1;60.9;58;5.72;5.78;3.5;3716
0.97;Good;J;VS2;60;56;6.4;6.46;3.86;3717
1.01;Premium;F;SI2;60;60;6.46;6.4;3.86;3717
1.01;Good;I;VS2;57.1;63;6.6;6.56;3.76;3717
0.75;Very Good;E;VS2;63;57;5.81;5.78;3.65;3718
0.9;Very Good;G;SI1;63.6;57;6.07;6.13;3.88;3718
0.9;Ideal;G;SI2;62.3;56;6.14;6.21;3.85;3718
0.9;Good;I;VVS2;64.8;55;6.04;6.15;3.95;3718
0.71;Premium;D;VS1;59.2;59;5.9;5.85;3.48;3718
1.04;Ideal;F;I1;61.6;57;6.51;6.46;4;3718
0.72;Very Good;E;VVS2;62;58;5.71;5.74;3.55;3719
0.73;Very Good;F;VVS1;60.6;56;5.79;5.83;3.52;3720
0.9;Very Good;I;VS2;61.2;57;6.15;6.2;3.78;3720
0.8;Very Good;F;VS1;62.6;57;5.9;5.98;3.72;3720
0.8;Very Good;F;VS1;62.3;57;5.92;5.95;3.7;3720
0.9;Premium;I;VS1;61;55;6.29;6.27;3.83;3720
0.77;Ideal;D;VS2;61.8;56;5.84;5.9;3.63;3721
1.01;Premium;J;VS2;61;61;6.28;6.22;3.81;3722
0.9;Ideal;G;SI2;61.5;57;6.07;6.19;3.77;3722
0.72;Ideal;D;SI1;61.2;56;5.77;5.79;3.54;3722
0.96;Very Good;G;SI2;62.6;59;6.18;6.29;3.9;3723
0.91;Ideal;E;SI2;61.1;58;6.25;6.29;3.83;3723
0.91;Ideal;E;SI2;61.8;53;6.22;6.3;3.87;3723
0.92;Good;I;VS1;60.9;63;6.27;6.34;3.84;3723
1.12;Premium;F;SI2;62.4;59;6.6;6.54;4.1;3723
0.95;Premium;G;SI2;59.5;56;6.41;6.36;3.8;3724
0.7;Very Good;E;VVS1;62.5;56;5.63;5.7;3.54;3724
0.7;Very Good;E;VVS1;60.9;59;5.67;5.81;3.5;3724
0.9;Very Good;F;SI1;61.6;56;6.14;6.2;3.8;3724
0.9;Good;F;SI1;63.1;57;6.12;6.15;3.87;3724
0.92;Very Good;G;SI1;63.8;57;6.13;6.16;3.92;3724
1.25;Premium;F;I1;58;59;7.12;7.05;4.11;3724
0.9;Ideal;I;VS1;61.8;56;6.2;6.23;3.84;3724
0.9;Good;E;SI2;62.1;63;6.09;6.12;3.79;3724
0.92;Premium;I;VS1;61.4;58;6.23;6.27;3.84;3725
0.7;Very Good;G;IF;63;59;5.58;5.62;3.53;3725
0.7;Ideal;G;VVS2;61.6;57;5.74;5.71;3.53;3725
0.9;Fair;H;VS2;64.6;54;6.09;6.14;3.95;3725
1.21;Good;E;I1;63.3;63;6.67;6.72;4.24;3726
0.91;Very Good;F;SI2;61.4;60;6.13;6.16;3.77;3726
1.1;Premium;J;SI2;59.6;59;6.74;6.72;4.01;3726
0.91;Ideal;I;VS2;62.2;59;6.13;6.18;3.83;3726
0.9;Good;H;SI1;57.1;56;6.33;6.28;3.6;3726
1.08;Very Good;E;SI2;63.5;56;6.53;6.48;4.13;3726
1.13;Ideal;E;I1;62;55;6.66;6.7;4.14;3729
1.03;Very Good;J;SI2;58;60;6.64;6.67;3.86;3729
0.97;Ideal;H;SI2;60.7;55;6.47;6.41;3.91;3729
1.11;Very Good;J;VS2;63.2;59;6.55;6.46;4.11;3730
0.9;Very Good;I;SI1;60.6;56;6.23;6.28;3.79;3730
0.9;Good;H;SI1;61.4;60;6.06;6.12;3.74;3730
0.91;Fair;D;SI1;64.7;61;6.06;5.99;3.9;3730
0.91;Fair;D;SI1;65.2;57;6.08;6.04;3.95;3730
0.91;Good;D;SI1;64;58;6.09;6.06;3.89;3730
0.9;Premium;I;VVS2;60.9;59;6.25;6.22;3.8;3730
1.11;Fair;H;SI2;64.4;58;6.55;6.5;4.2;3730
0.9;Premium;H;SI1;60.7;59;6.26;6.19;3.78;3730
0.98;Very Good;H;SI2;62.1;59;6.33;6.39;3.95;3731
1.01;Ideal;J;SI2;61.6;55;6.45;6.5;3.99;3732
1.01;Premium;H;SI2;59.6;60;6.55;6.5;3.89;3732
0.58;Ideal;D;VVS1;62.1;55;5.33;5.37;3.32;3732
0.76;Ideal;D;SI1;62.3;55;5.81;5.84;3.63;3732
0.8;Ideal;H;VVS1;61.8;57;5.93;5.89;3.65;3732
1.19;Ideal;H;I1;61.5;57;6.83;6.79;4.19;3732
1.27;Premium;I;I1;60.2;62;7.05;7;4.23;3732
1.01;Ideal;F;SI2;62.4;56;6.44;6.38;4;3733
1.01;Premium;F;SI2;62.7;58;6.38;6.32;3.98;3733
1.15;Good;J;SI2;63.8;60;6.63;6.56;4.21;3733
1.01;Good;G;SI1;64.3;55;6.34;6.31;4.07;3733
0.9;Good;F;SI1;61;62;6.17;6.26;3.79;3733
1.01;Premium;H;SI2;60.8;59;6.51;6.46;3.94;3733
1.01;Ideal;I;SI2;61.9;55;6.45;6.38;3.97;3733
1.01;Fair;H;VS2;65.2;56;6.23;6.19;4.05;3733
1.01;Premium;J;SI2;61.2;59;6.43;6.37;3.92;3733
0.9;Good;G;SI1;62.8;59;6.08;6.12;3.83;3734
0.9;Good;G;SI1;63.8;59;6.05;6.08;3.87;3734
0.9;Premium;G;SI1;62.2;60;6.1;6.16;3.81;3734
0.9;Good;G;SI1;63.2;59;6.05;6.1;3.84;3734
0.91;Very Good;H;SI1;62.2;60;6.16;6.22;3.85;3734
0.9;Good;I;IF;63.7;64;6.02;6.07;3.85;3734
0.9;Good;H;VS1;64;59;6.01;6.05;3.86;3734
0.9;Very Good;G;SI1;62;61;6.07;6.13;3.78;3734
0.9;Good;G;SI1;63.1;59;6.11;6.15;3.87;3734
0.9;Good;G;SI1;63.7;58;6.09;6.12;3.89;3734
0.9;Good;G;SI1;63.7;60;6.07;6.11;3.88;3734
0.91;Very Good;H;SI1;62.8;58;6.13;6.16;3.86;3734
0.91;Very Good;I;VS1;61.9;57;6.19;6.24;3.85;3734
0.9;Good;H;SI1;58.9;61;6.27;6.36;3.72;3734
1.13;Premium;I;SI2;62.1;60;6.74;6.66;4.16;3734
1.51;Fair;F;I1;67.8;59;7.09;7;4.78;3734
1.51;Fair;F;I1;67.5;56;7.17;7.05;4.8;3734
0.73;Ideal;D;VS2;62.6;55;5.71;5.76;3.59;3735
1.14;Good;I;SI2;60;65;6.8;6.75;4.06;3735
1.15;Premium;H;SI2;59.6;59;6.82;6.78;4.05;3735
0.78;Ideal;D;VS2;62.9;56;5.85;5.88;3.69;3736
0.78;Ideal;G;VS1;61.6;55;5.91;5.94;3.65;3736
0.9;Good;E;SI2;63;58;6.08;6.11;3.84;3736
0.8;Very Good;H;VVS1;61.9;56;5.93;5.96;3.69;3737
1.01;Good;E;SI2;63.9;58;6.37;6.31;4.05;3737
0.7;Ideal;D;VVS2;60.9;59;5.69;5.73;3.48;3737
0.93;Very Good;G;SI2;62.7;57;6.21;6.26;3.91;3738
1.03;Ideal;J;SI1;62.3;57;6.48;6.43;4.02;3738
0.71;Ideal;G;IF;60.9;57;5.74;5.79;3.51;3739
1.01;Ideal;G;SI2;61.5;57;6.42;6.46;3.96;3739
1.19;Very Good;G;SI2;63.4;56;6.69;6.56;4.2;3739
1;Good;H;SI2;63.2;60;6.27;6.3;3.97;3740
0.75;Ideal;G;VVS2;62;56;5.79;5.85;3.61;3740
1;Fair;F;SI2;65.1;60;6.19;6.1;4;3740
0.72;Ideal;F;VVS2;62.3;57;5.72;5.74;3.57;3740
1.06;Premium;J;SI2;61.3;60;6.59;6.52;4.02;3740
0.9;Premium;D;SI2;61;59;6.18;6.14;3.76;3740
0.9;Good;D;SI2;63.8;58;6.13;6.09;3.9;3740
0.9;Premium;D;SI2;62.3;58;6.27;6.05;3.84;3740
0.9;Good;D;SI2;63.6;57;6.07;6.03;3.85;3740
0.7;Ideal;F;VVS2;61.9;54.8;5.68;5.72;3.53;3741
0.58;Ideal;D;VVS1;62.2;56;5.34;5.36;3.33;3741
0.9;Good;I;VVS1;63.9;63;6.04;6.07;3.87;3741
1.08;Good;J;SI2;63.2;59;6.4;6.57;4.1;3742
1.05;Very Good;I;SI2;62.3;59;6.42;6.46;4.01;3742
0.87;Premium;D;SI1;58.8;56;6.3;6.26;3.69;3742
1.09;Very Good;D;SI2;63.4;59;6.59;6.54;4.16;3742
0.91;Premium;E;SI2;61.6;60;6.14;6.1;3.77;3743
0.91;Ideal;H;VS2;63;56;6.15;6.05;3.84;3743
1.03;Good;D;SI2;57.2;59;6.66;6.63;3.8;3743
0.9;Fair;E;SI1;64.9;56;6.12;6.18;3.99;3743
1.03;Fair;D;SI2;66.4;56;6.31;6.19;4.15;3743
0.92;Good;E;SI2;61.8;59;6.11;6.19;3.8;3744
0.78;Very Good;F;VS1;61.7;55;5.89;5.94;3.65;3744
0.93;Good;D;SI2;59.2;62;6.36;6.38;3.77;3744
1.02;Very Good;J;SI2;63.3;56;6.38;6.42;4.05;3745
1.13;Ideal;H;I1;62.2;55;6.69;6.65;4.15;3745
1.1;Premium;F;I1;59.8;61;6.7;6.65;3.99;3745
1.1;Ideal;F;I1;61.8;56;6.65;6.61;4.1;3745
1.52;Fair;I;I1;67.7;58;7.07;7;4.76;3745
0.91;Premium;F;SI2;62.6;58;6.14;6.09;3.83;3746
0.9;Very Good;J;VVS1;60.4;60;6.23;6.28;3.78;3746
0.72;Ideal;F;VVS2;60.9;56;5.77;5.83;3.53;3746
0.93;Very Good;E;SI2;63;58;6.16;6.18;3.89;3746
1.13;Premium;G;I1;61.2;58;6.77;6.66;4.11;3746
0.91;Premium;F;SI2;58.2;61;6.58;6.41;3.77;3746
0.91;Very Good;F;SI2;63.3;54;6.22;6.14;3.91;3746
0.74;Ideal;D;VS1;61.7;55;5.85;5.79;3.59;3746
0.91;Ideal;F;SI2;62.2;56;6.17;6.14;3.83;3746
0.91;Ideal;F;SI2;62.4;57;6.22;6.18;3.87;3746
0.91;Good;I;VS2;58;62;6.32;6.38;3.68;3747
0.9;Very Good;E;SI1;62.5;60;6.09;6.13;3.82;3748
0.71;Ideal;E;VS1;61.5;55;5.78;5.75;3.55;3748
0.92;Premium;F;SI1;62.6;59;6.19;6.23;3.89;3749
1.01;Very Good;J;SI1;62.9;56;6.35;6.4;4.01;3749
1.01;Premium;I;SI2;61.7;60;6.34;6.4;3.93;3749
1.03;Ideal;F;SI2;61.9;56;6.53;6.49;4.03;3749
0.63;Ideal;F;IF;60.9;57;5.53;5.57;3.38;3749
1.03;Fair;H;SI2;66.3;57;6.35;6.25;4.18;3749
1.03;Premium;H;SI2;62.7;62;6.43;6.38;4.02;3749
1.03;Premium;J;SI1;61.1;61;6.49;6.44;3.95;3749
1.03;Premium;H;SI2;62;60;6.47;6.41;4;3749
1.03;Premium;I;SI1;62;58;6.46;6.41;3.99;3749
0.9;Good;F;VS1;63.8;56;5.99;5.92;3.8;3750
1.08;Premium;I;SI2;60.1;59;6.75;6.69;4.04;3750
0.3;Ideal;F;VS2;60.5;58;4.3;4.36;2.62;573
0.33;Ideal;I;VS1;61.7;55;4.44;4.47;2.75;573
0.4;Ideal;G;SI2;62.6;54;4.73;4.76;2.97;573
0.4;Ideal;G;SI2;62.4;56;4.71;4.75;2.95;573
0.4;Ideal;G;SI2;62.1;53;4.75;4.78;2.96;573
0.4;Ideal;I;SI1;61.8;55;4.74;4.78;2.94;573
0.31;Ideal;H;SI1;61.4;55;4.44;4.36;2.7;573
0.31;Premium;H;SI1;59;57;4.44;4.4;2.61;573
0.31;Premium;H;SI1;62.3;55;4.36;4.34;2.71;573
0.31;Premium;H;SI1;61.1;55;4.39;4.35;2.67;573
0.31;Good;H;SI1;63.6;57;4.33;4.32;2.75;573
0.31;Premium;H;SI1;62.4;60;4.34;4.32;2.7;573
0.31;Premium;H;SI1;61.1;57;4.35;4.32;2.65;573
0.31;Ideal;H;SI1;62.7;56;4.38;4.33;2.73;573
0.31;Premium;H;SI1;60.5;60;4.4;4.33;2.64;573
0.31;Very Good;H;SI1;63.1;57;4.34;4.31;2.73;573
0.3;Ideal;D;SI2;60.2;56;4.4;4.37;2.64;574
0.31;Ideal;G;VS2;61.4;57;4.35;4.38;2.68;574
0.31;Ideal;G;VS2;61.4;56;4.34;4.37;2.67;574
0.34;Premium;G;SI2;62.8;58;4.46;4.43;2.79;574
0.34;Very Good;F;SI2;63.3;54;4.48;4.46;2.83;574
0.34;Premium;F;SI2;60;58;4.58;4.55;2.74;574
0.34;Premium;F;SI2;61.7;61;4.48;4.44;2.75;574
0.34;Premium;F;SI2;63;58;4.47;4.45;2.81;574
0.3;Premium;G;SI1;62.6;57;4.34;4.25;2.69;574
0.3;Premium;G;SI1;61.6;59;4.28;4.26;2.63;574
0.3;Good;G;SI1;63.8;56;4.3;4.26;2.73;574
0.3;Premium;G;SI1;61.4;57;4.35;4.31;2.66;574
0.3;Premium;G;SI1;59.8;57;4.37;4.32;2.6;574
0.3;Premium;G;SI1;59.7;60;4.39;4.35;2.61;574
0.77;Ideal;F;VS1;61.9;54;5.91;5.94;3.66;3750
0.95;Good;F;SI2;59.7;57;6.41;6.45;3.84;3750
0.9;Fair;F;VS1;65.7;59;5.96;5.92;3.9;3750
0.93;Premium;H;SI1;61.8;59;6.27;6.23;3.86;3750
0.9;Fair;F;VS2;65.7;57;6.03;5.99;3.95;3750
1.01;Premium;G;SI2;62.9;57;6.39;6.33;4;3750
0.93;Fair;H;SI1;64.6;58;6.13;6.07;3.94;3750
0.91;Very Good;E;SI2;63.8;60;6.05;6.09;3.87;3751
1.25;Premium;J;VS2;59.8;58;7.02;6.96;4.18;3751
0.92;Premium;G;SI1;61.5;60;6.26;6.19;3.83;3751
0.91;Ideal;I;VS2;62.2;56;6.22;6.18;3.86;3751
0.9;Fair;D;SI1;65.7;65;6.06;5.94;3.94;3751
0.9;Very Good;G;SI1;63.3;56;6.08;6.11;3.86;3752
0.9;Very Good;G;SI1;63.8;57;6.04;6.13;3.88;3752
0.7;Ideal;D;VS1;61.4;54.2;5.72;5.76;3.52;3752
0.9;Good;G;SI1;60;61;6.19;6.22;3.72;3752
1;Good;E;SI2;57.9;59;6.65;6.51;3.8;3752
1;Premium;E;SI2;61;59;6.4;6.33;3.89;3752
1.06;Very Good;J;SI2;62;58;6.45;6.53;4.04;3754
1.02;Fair;F;SI2;65.5;59;6.27;6.24;4.1;3754
1.02;Premium;F;SI2;62.5;58;6.47;6.4;4.02;3754
0.9;Good;D;SI1;64.1;56;6.04;6.07;3.88;3755
0.9;Good;D;SI1;63.6;63;6.03;6.07;3.85;3755
1.14;Ideal;F;I1;61.7;57;6.67;6.7;4.13;3755
1.03;Very Good;G;SI2;63;60;6.35;6.39;4.01;3755
1.02;Very Good;J;SI2;62.9;59;6.34;6.41;4.01;3755
0.77;Ideal;D;VS2;61.8;56;5.9;5.84;3.63;3755
0.91;Ideal;E;SI2;62.7;57;6.19;6.26;3.9;3756
0.91;Very Good;H;SI2;63.3;58;6.11;6.06;3.85;3756
0.81;Ideal;F;VS2;61.7;57;5.97;6.02;3.7;3756
1.01;Good;J;SI2;59.5;62;6.42;6.46;3.83;3756
0.86;Fair;G;VS1;64.6;58.8;5.95;6.04;3.87;3756
0.73;Ideal;E;VS1;61.7;57;5.77;5.8;3.57;3758
0.94;Premium;E;SI2;60.4;59;6.37;6.34;3.84;3758
0.61;Ideal;D;VVS2;61.7;56;5.47;5.42;3.36;3758
0.72;Ideal;F;VS1;61.6;56;5.76;5.79;3.56;3759
0.72;Ideal;F;VS1;61.5;56;5.77;5.8;3.56;3759
0.72;Ideal;F;VS1;60.7;57;5.79;5.87;3.54;3759
0.72;Ideal;F;VS1;61.7;56;5.75;5.78;3.56;3759
0.72;Ideal;F;VS1;61.4;56;5.75;5.79;3.54;3759
0.72;Ideal;F;VS1;61;55;5.77;5.81;3.53;3759
0.72;Ideal;F;VS1;61.3;56;5.74;5.78;3.54;3759
0.72;Ideal;F;VS1;61.5;56;5.74;5.77;3.53;3759
0.72;Ideal;F;VS1;60.5;56;5.82;5.85;3.53;3759
0.71;Very Good;E;VVS2;60.3;52;5.8;5.87;3.52;3760
0.79;Ideal;G;VVS2;62.1;56;5.89;5.93;3.67;3760
1.09;Ideal;E;SI2;59.4;57;6.74;6.65;3.98;3760
0.74;Ideal;H;IF;60.9;57;5.83;5.85;3.56;3760
1.01;Premium;I;SI2;60.5;61;6.47;6.42;3.9;3761
0.72;Very Good;F;VVS1;62.1;55;5.72;5.78;3.57;3762
0.91;Very Good;H;SI1;62.7;56;6.14;6.18;3.86;3762
1.04;Ideal;J;SI2;60.4;57;6.55;6.6;3.97;3762
0.92;Very Good;F;SI2;62.9;58;6.18;6.22;3.9;3763
0.91;Very Good;E;SI2;62.9;56;6.14;6.17;3.87;3763
0.91;Very Good;G;SI1;63.4;59;6.2;6.14;3.91;3763
0.7;Ideal;G;VVS1;61.6;57;5.69;5.73;3.52;3763
0.78;Ideal;D;VS2;61.9;56;5.88;5.94;3.66;3763
0.92;Ideal;F;SI2;61.5;56;6.27;6.32;3.87;3763
0.91;Ideal;F;SI2;60.3;57;6.26;6.34;3.8;3763
0.91;Good;D;SI2;64.7;57;6.02;6.04;3.9;3763
1;Fair;E;SI2;64.6;54;6.33;6.27;4.07;3763
1;Good;E;SI2;57.7;65;6.59;6.55;3.79;3763
1;Fair;I;VS1;65.3;55;6.34;6.25;4.11;3763
1;Premium;I;VS1;60.3;62;6.46;6.41;3.88;3763
1;Premium;E;SI2;60.7;58;6.45;6.38;3.9;3763
1;Good;I;VS1;64;53;6.34;6.28;4.04;3763
1.2;Ideal;H;I1;58.6;57;7.01;6.96;4.09;3763
1.12;Ideal;H;SI2;61.4;56;6.69;6.66;4.1;3763
1;Premium;I;VS1;60.1;62;6.5;6.47;3.9;3763
1;Fair;E;SI2;69;56;6.01;5.94;4.12;3763
1;Very Good;E;SI2;63.2;56;6.4;6.32;4.02;3763
0.91;Premium;G;SI1;62.6;56;6.21;6.16;3.87;3763
1.22;Fair;G;SI2;64.7;61;6.75;6.68;4.34;3763
1;Very Good;E;SI2;63.5;56;6.37;6.3;4.02;3763
0.9;Very Good;I;VS2;62.8;52;6.19;6.23;3.9;3764
1.51;Fair;H;I1;65.6;61;7.16;7;4.66;3765
1.03;Fair;G;SI2;65.6;58;6.3;6.26;4.12;3765
0.93;Very Good;I;VS2;63.1;58;6.19;6.21;3.91;3766
0.85;Ideal;G;SI1;62.1;56;6.05;6.1;3.77;3766
1.01;Premium;I;SI2;59.6;62;6.56;6.5;3.89;3767
0.76;Premium;E;VVS2;60.6;59;5.94;5.85;3.57;3767
1;Fair;D;SI2;65.6;66;6.1;6.01;3.97;3767
1.01;Good;F;SI2;64;56;6.25;6.32;4.02;3768
1.01;Good;F;SI2;63.1;58;6.34;6.38;4.01;3768
0.96;Premium;H;SI1;62.7;58;6.27;6.24;3.92;3768
1.02;Premium;D;I1;61.4;60;6.42;6.47;3.96;3769
1.02;Very Good;I;SI2;63.4;57;6.37;6.4;4.05;3769
1.02;Premium;H;SI2;59.2;59;6.57;6.54;3.88;3769
1;Good;J;VS2;58.7;61;6.5;6.52;3.82;3769
0.9;Good;F;SI2;58;57;6.34;6.41;3.7;3770
0.9;Very Good;F;SI2;62;61;6.14;6.16;3.81;3770
0.9;Very Good;F;SI2;61.4;62;6.11;6.2;3.78;3770
0.9;Premium;F;SI2;61.5;59;6.2;6.23;3.82;3770
1.01;Very Good;I;SI2;62.1;56;6.41;6.45;3.99;3770
0.9;Very Good;H;SI1;60.8;57;6.22;6.25;3.79;3770
0.9;Ideal;H;SI2;61.5;56;6.24;6.18;3.82;3770
1.02;Good;H;SI2;57.9;61;6.75;6.68;3.89;3770
0.91;Very Good;H;SI1;63.4;56;6.18;6.1;3.89;3771
0.91;Very Good;E;SI2;63;56;6.12;6.16;3.87;3772
0.9;Very Good;H;SI1;61.7;57;6.21;6.26;3.85;3772
0.91;Ideal;E;SI2;62.6;57;6.13;6.18;3.85;3772
0.71;Ideal;G;IF;61.8;57;5.7;5.75;3.54;3772
1.02;Good;D;SI2;58.9;65;6.54;6.59;3.87;3773
0.71;Ideal;E;VS2;61.9;55;5.68;5.72;3.53;3773
1.04;Premium;I;SI2;62;57;6.53;6.47;4.03;3774
1.04;Premium;I;SI2;62;57;6.53;6.47;4.03;3774
0.83;Very Good;I;VVS1;61.8;56;6;6.03;3.72;3774
1.29;Very Good;F;I1;58.2;61;7.11;7.15;4.15;3774
0.9;Premium;G;SI1;62.9;58;6.11;6.02;3.82;3774
0.9;Premium;G;SI1;60.6;61;6.21;6.16;3.75;3774
0.91;Ideal;E;SI2;62.5;56;6.16;6.19;3.86;3774
0.83;Ideal;D;SI2;62;55;6.02;6.05;3.74;3774
0.83;Ideal;F;SI1;62;55;6.03;6.07;3.75;3774
0.9;Premium;G;SI1;61.3;60;6.17;6.14;3.77;3774
0.9;Premium;G;SI1;62.7;59;6.14;6.1;3.84;3774
0.9;Good;G;SI1;63.8;61;6.09;6.05;3.87;3774
0.8;Ideal;H;IF;61.1;56;6.02;5.96;3.66;3774
0.9;Premium;G;SI1;62.7;58;6.13;6.08;3.83;3774
0.83;Ideal;E;SI1;61.6;56;6.03;6.05;3.72;3775
0.9;Good;H;VS2;63.6;55;6.14;6.09;3.89;3775
1.07;Ideal;J;SI1;60.8;56;6.61;6.57;4.01;3775
1.07;Premium;H;SI2;60;59;6.6;6.56;3.95;3775
0.91;Very Good;G;VS2;62.7;63;6.05;6;3.78;3776
0.91;Good;G;SI1;63.5;61;6.05;6.1;3.86;3776
1.06;Ideal;I;SI2;61.4;57;6.57;6.63;4.05;3777
0.73;Ideal;G;VVS2;62.4;57;5.71;5.79;3.59;3777
1.01;Ideal;F;SI2;61.3;57;6.4;6.35;3.91;3777
0.71;Premium;E;VVS1;62.7;60;5.73;5.62;3.56;3779
0.9;Good;F;SI1;62.7;58;6.11;6.13;3.84;3780
0.9;Good;F;SI1;62.9;57;6.08;6.13;3.84;3780
0.9;Very Good;F;SI1;61.3;58;6.08;6.13;3.74;3780
0.73;Ideal;E;VVS2;62;57;5.73;5.79;3.57;3780
1.04;Very Good;D;SI2;63.1;58;6.39;6.33;4.01;3780
1.04;Premium;D;SI2;58.3;58;6.67;6.63;3.88;3780
1;Good;J;SI1;63.8;59;6.34;6.27;4.02;3780
1.04;Premium;G;SI1;60.3;58;6.6;6.55;3.96;3780
1;Premium;J;SI1;62.8;59;6.37;6.27;3.97;3780
1;Fair;J;SI1;64.7;52;6.35;6.3;4.09;3780
1;Premium;I;SI2;62.5;56;6.38;6.3;3.96;3780
0.9;Ideal;G;SI1;60.3;56;6.27;6.23;3.77;3780
0.9;Premium;D;SI2;59.8;61;6.21;6.17;3.7;3780
0.72;Ideal;F;VVS2;60.9;56;5.83;5.77;3.53;3780
1;Premium;J;SI1;60.8;58;6.44;6.39;3.9;3780
1;Premium;I;SI2;61.6;59;6.41;6.34;3.93;3780
0.9;Premium;F;SI2;62.7;58;6.16;6.09;3.84;3780
1.04;Fair;D;SI2;65.8;58;6.32;6.25;4.13;3780
1.5;Premium;D;I1;62.4;60;7.37;7.19;4.54;3780
0.82;Ideal;H;VVS2;61.4;56;6.01;6.05;3.71;3781
0.91;Premium;D;SI2;62.3;57;6.22;6.14;3.85;3781
0.91;Good;D;SI2;63.8;58;6.09;6.04;3.87;3781
1.2;Premium;J;SI2;61.7;57;6.85;6.79;4.21;3782
1.01;Premium;H;SI2;62.3;60;6.39;6.32;3.96;3782
1.01;Premium;I;SI1;62.8;58;6.4;6.34;4;3782
1.07;Very Good;J;SI2;61.6;54;6.57;6.59;4.05;3783
0.73;Ideal;G;VVS2;61;56;5.82;5.86;3.56;3783
0.69;Ideal;F;VVS1;61.6;56;5.69;5.71;3.51;3784
0.73;Ideal;H;IF;62.3;55;5.77;5.79;3.6;3785
0.92;Good;I;VS2;59.6;61;6.28;6.34;3.76;3785
1.02;Ideal;I;SI2;60.7;57;6.54;6.57;3.98;3786
1.02;Good;I;SI2;63.6;56;6.37;6.4;4.06;3786
0.77;Ideal;G;VS2;61.7;55;5.89;5.91;3.64;3786
1.04;Ideal;H;SI2;60.5;57;6.55;6.51;3.95;3786
0.77;Very Good;D;VS2;59.6;57;6.01;6.03;3.59;3787
0.9;Very Good;G;SI2;63.2;58;6.05;6.1;3.84;3787
0.9;Very Good;F;SI2;62.4;59;6.1;6.17;3.83;3787
1.16;Premium;F;SI2;62.1;59;6.74;6.63;4.15;3787
0.85;Ideal;E;SI2;60.1;56;6.17;6.18;3.71;3787
0.9;Fair;F;SI2;62.6;58;6.01;6.06;3.78;3787
1.02;Fair;G;SI2;65.3;58;6.33;6.22;4.1;3787
0.92;Good;F;SI2;63.7;64;6.13;6.08;3.89;3787
0.92;Premium;F;SI2;62.1;59;6.26;6.21;3.87;3787
0.92;Premium;F;SI2;61.8;58;6.23;6.19;3.84;3787
0.7;Ideal;D;VS2;61.2;57;5.69;5.75;3.5;3788
1;Ideal;J;SI1;62.7;58;6.35;6.41;4;3788
1.23;Ideal;G;SI2;61.6;55;6.91;6.88;4.25;3788
1;Very Good;F;SI2;62.7;58;6.3;6.36;3.97;3789
1;Very Good;F;SI2;61.7;58;6.32;6.36;3.91;3789
0.9;Very Good;D;SI2;64;58;6.06;6.11;3.9;3789
1.01;Premium;J;VS1;63;55;6.39;6.34;4.01;3790
1.01;Premium;H;SI2;60.7;58;6.52;6.49;3.95;3790
1;Premium;J;VS2;60.3;58;6.49;6.44;3.9;3790
1.01;Premium;H;SI2;61.9;59;6.42;6.37;3.96;3790
1.24;Very Good;J;SI2;63.1;60;6.79;6.74;4.27;3791
0.59;Ideal;D;VVS1;62.3;54;5.36;5.39;3.35;3791
1.01;Very Good;I;SI2;59.2;59;6.52;6.62;3.89;3792
1.01;Very Good;I;SI2;61.4;63;6.33;6.38;3.9;3792
0.9;Good;G;VS2;63.9;61;6.01;5.97;3.83;3792
1.14;Premium;J;SI1;62.4;59;6.7;6.62;4.16;3792
1.01;Very Good;J;SI2;62.7;55;6.42;6.44;4.03;3793
0.8;Ideal;F;VS1;61.2;56;6.01;5.98;3.67;3793
1.19;Ideal;H;I1;60.3;57;6.83;6.93;4.15;3794
1.12;Very Good;E;SI2;60.9;63;6.59;6.65;4.03;3794
0.9;Ideal;H;SI2;62.3;57;6.16;6.19;3.85;3794
0.82;Very Good;E;VS2;60.4;61;6.06;6.09;3.67;3795
0.72;Ideal;F;VVS1;61.7;56;5.73;5.77;3.55;3795
1.21;Very Good;E;I1;63.3;63;6.72;6.67;4.24;3795
1.03;Good;J;VS2;63.7;56;6.42;6.35;4.07;3795
0.9;Good;E;SI1;63.9;57;6.12;6.08;3.9;3795
1.01;Very Good;G;SI2;62.7;58;6.32;6.43;4;3796
1.02;Very Good;J;VS2;59.3;58;6.56;6.62;3.91;3796
0.91;Good;D;SI1;64;58;6.06;6.09;3.89;3796
0.79;Very Good;E;VVS1;63.1;60;5.88;5.84;3.7;3796
0.9;Ideal;F;SI2;61.9;56;6.19;6.24;3.85;3796
0.73;Ideal;F;VS1;61.2;57;5.79;5.84;3.56;3797
0.73;Ideal;F;VS1;61.4;55;5.8;5.83;3.57;3797
1.13;Ideal;H;SI2;60.4;56;6.78;6.7;4.07;3797
1.13;Ideal;E;I1;62;55;6.7;6.66;4.14;3797
0.72;Very Good;E;VVS2;60.5;55;5.82;5.85;3.53;3798
0.79;Very Good;D;VS1;58.8;60;6.03;6.08;3.56;3798
0.9;Very Good;D;SI2;62.5;58;6.12;6.16;3.84;3798
0.82;Ideal;F;VS2;61.5;57;6.01;6.05;3.71;3798
0.9;Ideal;D;SI2;60.9;57;6.2;6.24;3.79;3798
0.9;Good;D;SI2;59.5;62;6.2;6.23;3.7;3798
0.71;Very Good;D;VVS2;62.3;60;5.65;5.71;3.54;3799
1;Good;F;SI2;64.1;58;6.35;6.26;4.04;3799
0.71;Ideal;F;VS1;61.9;56;5.66;5.72;3.53;3799
1;Very Good;F;SI2;63.2;59;6.31;6.25;3.97;3799
1.06;Ideal;H;SI2;60.4;57;6.64;6.58;3.99;3799
0.92;Very Good;H;SI1;60.6;60;6.28;6.33;3.82;3800
1.16;Ideal;I;SI2;62.4;55;6.76;6.69;4.2;3800
0.91;Ideal;E;SI2;62.2;57;6.2;6.24;3.87;3800
0.9;Premium;E;SI1;62.3;61;6.17;6.12;3.83;3800
0.78;Very Good;D;VS1;63.2;58;5.87;5.81;3.69;3800
0.9;Good;E;SI1;63.8;56;6.12;6.05;3.88;3800
1.01;Premium;E;SI2;60.4;57;6.53;6.49;3.93;3801
0.9;Good;G;VS2;64;59;6.04;6.08;3.88;3801
1.01;Premium;E;SI2;59.5;60;6.59;6.53;3.9;3801
0.71;Ideal;D;VS1;62.1;57;5.7;5.73;3.55;3801
1;Good;F;SI2;63.4;60;6.28;6.33;4;3801
1.01;Fair;E;SI2;60;60;6.48;6.38;3.86;3801
1.01;Ideal;J;SI2;61.6;55;6.5;6.45;3.99;3801
1.01;Fair;I;VS1;64.9;56;6.29;6.2;4.07;3801
1.01;Premium;E;SI2;61.8;61;6.35;6.29;3.9;3801
1.01;Very Good;E;SI2;63.4;58;6.43;6.34;4.05;3801
1.02;Fair;I;SI2;65.5;57;6.19;6.24;4.07;3802
0.93;Premium;G;SI2;61.7;60;6.25;6.2;3.84;3802
0.97;Ideal;H;SI2;61.6;56;6.39;6.36;3.93;3802
0.9;Very Good;F;SI2;61.8;60;6.13;6.14;3.79;3803
0.9;Premium;F;SI2;59.9;59;6.32;6.27;3.77;3803
0.9;Premium;F;SI2;58.9;59;6.31;6.26;3.7;3803
0.85;Premium;E;VS2;60.2;60;6.14;6.09;3.68;3803
0.9;Premium;E;SI2;60.1;62;6.28;6.24;3.76;3804
0.9;Ideal;E;SI2;62.1;56;6.25;6.19;3.86;3804
0.74;Ideal;H;VVS1;61.1;56;5.84;5.91;3.59;3804
0.74;Ideal;E;VS1;62.1;53;5.82;5.8;3.61;3804
1.11;Premium;G;SI2;62.5;57;6.54;6.49;4.07;3804
0.9;Ideal;I;VS2;61.3;56;6.24;6.2;3.81;3805
0.9;Ideal;G;SI2;62.7;53;6.18;6.22;3.89;3805
1.08;Premium;I;SI2;62.7;57;6.57;6.53;4.11;3805
0.9;Good;D;SI2;62.3;58;6.05;6.27;3.84;3806
0.9;Very Good;D;SI2;61;59;6.14;6.18;3.76;3806
0.9;Good;D;SI2;63.8;58;6.09;6.13;3.9;3806
0.79;Very Good;F;VS1;61;55;6.01;6.03;3.67;3806
0.9;Fair;G;VS1;65.7;58;6.02;5.97;3.94;3806
1.03;Ideal;F;SI2;62.4;57;6.43;6.38;4;3807
0.61;Good;F;SI2;62.5;65;5.36;5.29;3.33;3807
0.71;Very Good;E;VVS1;63;57;5.66;5.7;3.58;3808
1;Premium;G;SI2;61.8;58;6.44;6.4;3.97;3808
0.9;Ideal;E;SI2;62.6;57;6.13;6.2;3.86;3808
1;Premium;I;SI1;58.5;59;6.56;6.54;3.83;3808
0.96;Premium;I;VS2;60.6;60;6.47;6.4;3.9;3808
0.84;Very Good;D;SI1;59.2;59;6.18;6.21;3.67;3809
1.04;Very Good;J;SI2;63.5;59;6.37;6.42;4.06;3810
0.82;Ideal;F;SI1;61.7;56;6.01;6.06;3.72;3810
0.9;Very Good;H;VS2;61.6;63;6.14;6.1;3.77;3810
1.08;Very Good;J;SI2;63.2;59;6.57;6.4;4.1;3810
0.9;Premium;H;VS2;62.8;58;6.17;6.13;3.86;3810
0.9;Premium;H;VS2;61.2;61;6.21;6.14;3.78;3810
0.9;Premium;H;VS2;63;61;6.14;6.05;3.84;3810
1;Ideal;I;SI2;60.9;57;6.43;6.47;3.93;3811
0.78;Ideal;D;VS2;61.9;56;5.89;5.91;3.65;3811
1.02;Good;F;SI2;63.3;61;6.28;6.32;3.99;3811
0.91;Ideal;F;SI2;62.2;56;6.14;6.17;3.83;3812
0.91;Ideal;F;SI2;62.4;57;6.18;6.22;3.87;3812
0.74;Ideal;D;VS1;61.3;57;5.8;5.84;3.57;3812
0.53;Ideal;D;IF;62.2;55;5.17;5.19;3.22;3812
0.93;Premium;D;SI1;60.8;60;6.3;6.24;3.81;3812
0.9;Premium;D;SI1;62.1;60;6.2;6.14;3.83;3812
0.9;Very Good;D;SI1;62.4;63;6.13;6.04;3.8;3812
0.9;Fair;D;SI1;60.4;61;6.24;6.22;3.76;3812
0.93;Good;D;SI1;63.8;59;6.21;6.15;3.94;3812
0.8;Premium;F;VS1;60.5;59;6;6.03;3.64;3813
0.74;Ideal;D;VS1;61.7;55;5.79;5.85;3.59;3813
0.73;Fair;E;VVS2;57.4;59;5.99;5.95;3.43;3813
1.05;Very Good;E;SI2;62.2;59;6.44;6.51;4.03;3816
1.18;Very Good;D;I1;61.5;62;6.73;6.88;4.19;3816
0.93;Premium;H;SI1;61.8;59;6.23;6.27;3.86;3816
0.84;Very Good;D;SI1;62.9;58;5.93;6.02;3.76;3816
1.05;Fair;D;SI2;65.4;59;6.3;6.24;4.1;3816
0.72;Ideal;F;VVS2;61.2;56;5.78;5.81;3.55;3816
0.9;Good;G;SI1;64.1;59.4;6.04;6.08;3.88;3816
0.9;Good;G;SI1;62.2;62.5;6.08;6.1;3.78;3816
1.01;Fair;G;SI2;58.7;67;6.52;6.56;3.84;3816
1.01;Fair;G;SI2;59.8;66;6.42;6.48;3.86;3816
0.91;Premium;G;SI1;62.2;57;6.17;6.12;3.82;3816
0.91;Fair;H;SI1;64.7;56;6.1;6.07;3.94;3816
0.75;Very Good;E;VS2;60.4;56;5.9;5.96;3.58;3817
0.92;Very Good;G;SI1;61.5;60;6.19;6.26;3.83;3817
0.79;Ideal;D;VS2;61.3;57;5.95;6;3.66;3818
0.9;Very Good;D;SI2;63.2;57;6.08;6.1;3.85;3818
0.3;Very Good;D;SI2;63.2;57;4.24;4.21;2.67;574
0.3;Ideal;D;SI2;63;55;4.26;4.25;2.68;574
0.3;Premium;D;SI2;61.8;58;4.32;4.29;2.66;574
0.3;Premium;D;SI2;61.2;60;4.31;4.28;2.63;574
0.3;Premium;G;SI1;62.7;58;4.27;4.22;2.66;574
0.34;Premium;J;VS1;61.7;58;4.47;4.41;2.74;574
0.34;Good;I;SI1;63.7;54;4.48;4.43;2.84;574
0.34;Premium;I;SI1;61.3;61;4.49;4.45;2.74;574
0.34;Premium;I;SI1;61.8;57;4.51;4.46;2.77;574
0.34;Premium;I;SI1;60.2;59;4.55;4.52;2.73;574
0.34;Premium;I;SI1;59.2;61;4.58;4.57;2.71;574
0.34;Premium;I;SI1;62.7;58;4.43;4.4;2.77;574
0.34;Premium;G;SI2;62.8;59;4.47;4.45;2.8;574
0.34;Very Good;F;SI2;63.5;56;4.48;4.44;2.83;574
0.34;Premium;F;SI2;60;62;4.55;4.51;2.72;574
0.34;Ideal;F;SI2;60.1;56;4.55;4.54;2.73;574
0.3;Premium;G;SI1;58.8;60;4.39;4.35;2.57;574
0.3;Premium;G;SI1;60.1;62;4.37;4.35;2.62;574
0.3;Ideal;G;SI1;62.8;56;4.32;4.28;2.7;574
0.3;Very Good;G;SI1;59.5;63;4.32;4.29;2.56;574
0.3;Premium;G;SI1;61;57;4.34;4.31;2.64;574
0.3;Premium;G;SI1;62.9;59;4.28;4.24;2.68;574
0.3;Premium;D;SI2;60.9;58;4.32;4.29;2.62;574
0.3;Premium;D;SI2;62.3;58;4.32;4.29;2.68;574
0.3;Ideal;D;SI2;61.1;55;4.35;4.32;2.65;574
0.3;Premium;D;SI2;60.2;60;4.35;4.32;2.61;574
0.3;Ideal;D;SI2;62.1;57;4.33;4.3;2.68;574
0.3;Premium;D;SI2;62.4;58;4.31;4.28;2.68;574
0.3;Premium;D;SI2;61.4;59;4.31;4.26;2.63;574
0.3;Very Good;D;SI2;63.3;57;4.3;4.26;2.71;574
1.01;Ideal;J;SI1;62.9;56;6.4;6.35;4.01;3818
1.01;Premium;I;SI2;62.6;58;6.43;6.38;4.01;3818
1.01;Premium;I;SI2;62.6;55;6.43;6.38;4.01;3818
1.01;Very Good;I;SI2;63.1;54;6.39;6.35;4.02;3818
0.95;Premium;I;VS2;62.9;57;6.24;6.19;3.91;3818
1.01;Premium;I;SI2;61.7;60;6.4;6.34;3.93;3818
1;Good;E;SI2;63.7;61;6.27;6.32;4.01;3819
1;Fair;H;VS2;64.8;55;6.35;6.28;4.09;3819
1;Premium;H;VS2;59.8;56;6.5;6.48;3.88;3819
1;Good;H;VS2;63.9;57;6.32;6.26;4.02;3819
0.9;Ideal;I;VS2;62.6;54.3;6.14;6.17;3.86;3820
0.9;Ideal;G;SI2;62.8;54;6.11;6.15;3.85;3820
1.52;Premium;G;I1;61.7;58;7.43;7.34;4.56;3820
0.76;Ideal;F;VS1;61.9;55;5.88;5.84;3.63;3820
0.85;Ideal;D;VS2;61.9;55;6.07;6.14;3.78;3821
1.02;Premium;G;SI2;62.3;58.1;6.41;6.38;4;3822
0.75;Premium;F;VVS2;62.4;57;5.88;5.75;3.63;3822
1.05;Premium;J;VS1;62.7;61;6.58;6.49;4.09;3822
1.05;Premium;H;SI2;63;57;6.47;6.42;4.06;3822
1.05;Good;H;SI2;63.9;56;6.44;6.37;4.09;3822
0.91;Premium;F;SI2;62.5;56;6.21;6.15;3.86;3822
1.05;Ideal;I;SI1;60.4;57;6.6;6.58;3.98;3822
1.01;Good;J;VS1;63.2;62;6.29;6.33;3.99;3823
1.01;Good;I;SI2;62.6;59;6.34;6.43;4;3823
0.92;Very Good;D;SI2;63.3;59;6.18;6.12;3.89;3823
1.06;Premium;J;SI2;62;58;6.53;6.45;4.04;3823
1.03;Premium;G;SI2;63;60;6.39;6.35;4.01;3824
1.14;Ideal;F;I1;61.7;57;6.7;6.67;4.13;3824
0.94;Premium;E;SI2;60.4;59;6.34;6.37;3.84;3825
1.08;Ideal;G;SI2;62.7;54;6.63;6.57;4.14;3825
0.91;Ideal;J;VVS2;60.2;57;6.31;6.34;3.81;3826
1.01;Good;F;SI2;63;60;6.28;6.35;3.98;3827
0.79;Ideal;E;VS2;62.2;55;5.9;5.97;3.69;3827
0.79;Very Good;E;VS1;62.2;55;5.95;6.01;3.72;3827
0.53;Very Good;D;IF;59.8;60;5.22;5.28;3.14;3827
0.77;Ideal;E;SI1;61;56;5.92;5.94;3.62;3827
1.05;Premium;G;SI2;60.1;60;6.58;6.66;3.98;3828
0.91;Very Good;D;SI2;59.3;60;6.28;6.33;3.74;3828
0.86;Ideal;E;SI2;61.8;57;6.1;6.13;3.78;3828
0.93;Ideal;F;SI2;59.5;57;6.37;6.33;3.78;3828
0.77;Very Good;G;VVS2;62.8;58;5.84;5.78;3.65;3829
0.91;Very Good;G;SI1;63;57;6.14;6.2;3.89;3830
1.14;Premium;H;SI2;62.2;61;6.72;6.64;4.16;3830
0.9;Very Good;E;SI1;63.2;57;6.15;6.12;3.88;3830
0.7;Ideal;F;VVS1;62.4;55;5.63;5.71;3.54;3830
0.9;Very Good;J;SI1;63.4;59;6.14;6.1;3.88;3830
1;Fair;H;SI1;55.2;64;6.69;6.64;3.68;3830
1.2;Premium;H;SI2;60.9;60;6.91;6.81;4.18;3830
0.9;Premium;E;SI2;61.7;58;6.18;6.11;3.79;3830
1;Premium;I;SI2;62.6;56;6.4;6.34;3.99;3830
0.95;Premium;G;SI2;59.7;61;6.35;6.27;3.77;3830
1.06;Premium;F;SI2;62.6;59;6.47;6.51;4.06;3831
0.8;Very Good;E;VS1;63.2;54;5.88;5.93;3.73;3831
0.74;Ideal;G;VVS2;60.7;56;5.9;5.88;3.58;3831
0.71;Premium;E;VVS1;62.5;57;5.67;5.62;3.53;3831
1.04;Premium;H;SI2;62.1;58;6.5;6.52;4.04;3832
1.01;Very Good;I;SI1;62;58;6.43;6.47;4;3832
0.63;Ideal;D;IF;61.2;53;5.55;5.6;3.41;3832
0.76;Very Good;E;VVS2;60.6;59;5.85;5.94;3.57;3833
1.01;Very Good;I;SI2;61.4;59;6.42;6.45;3.95;3833
1;Fair;G;SI1;68.2;60;6.02;5.94;4.08;3833
1.17;Fair;I;SI2;59.2;68;6.91;6.84;4.07;3833
1;Fair;G;SI1;68.9;56;6.16;6.11;4.23;3833
1.23;Very Good;H;I1;61.9;60.6;6.79;6.85;4.22;3835
1;Good;J;VS2;62;61;6.36;6.45;3.97;3835
1;Good;I;SI1;65.2;56;6.21;6.27;4.07;3836
0.91;Very Good;D;SI2;63.9;56;6.06;6.09;3.88;3837
0.77;Ideal;D;VS2;61.1;57;5.93;5.96;3.63;3837
0.83;Ideal;E;SI1;62.3;55;5.98;6.02;3.74;3837
0.91;Fair;F;VS2;66.8;58;5.95;5.97;3.98;3837
1.01;Fair;F;SI2;65.2;57;6.33;6.24;4.1;3837
1.01;Premium;F;SI2;59.2;58;6.5;6.47;0;3837
0.93;Very Good;H;SI1;59.3;61;6.33;6.39;3.77;3838
1.02;Good;E;SI2;62.8;64;6.36;6.32;3.98;3838
0.71;Ideal;D;VS2;61;56;5.76;5.81;3.53;3838
1.02;Fair;E;SI2;65.3;59;6.28;6.22;4.08;3838
1.12;Good;I;SI2;64.3;60;6.59;6.56;4.23;3838
1.12;Premium;G;SI2;61;60;6.7;6.64;4.07;3838
1.02;Premium;D;I1;61.4;60;6.47;6.42;3.96;3838
0.9;Premium;H;VS1;63;62;6.09;6;3.81;3838
0.81;Very Good;E;VS2;62.8;57;5.9;5.95;3.72;3839
1.02;Good;D;SI2;57.5;62;6.6;6.62;3.8;3839
0.93;Good;D;SI2;64.5;58;6.11;6.14;3.95;3839
0.7;Ideal;D;VS1;62.3;55;5.64;5.68;3.53;3840
0.9;Very Good;G;SI1;61.3;60;6.14;6.17;3.77;3841
0.9;Very Good;G;SI1;62;58;6.14;6.18;3.82;3841
0.9;Premium;G;SI1;62.7;59;6.1;6.14;3.84;3841
0.9;Ideal;G;SI1;62.6;56;6.16;6.23;3.88;3841
0.9;Premium;G;VS2;59;58;6.29;6.25;3.7;3841
0.83;Ideal;F;VS2;61.6;58;6.04;6.07;3.73;3841
0.9;Very Good;G;SI2;59.8;61;6.32;6.28;3.77;3842
0.9;Very Good;F;SI1;62.8;56;6.11;6.15;3.85;3842
0.74;Ideal;F;VVS2;61.4;56;5.83;5.86;3.59;3842
1.06;Good;I;SI2;58.7;60;6.65;6.71;3.92;3842
1.02;Good;D;SI2;58.9;65;6.59;6.54;3.87;3842
0.91;Premium;E;SI1;61.5;60;6.24;6.19;3.82;3842
0.92;Good;D;SI2;60.3;61;6.29;6.38;3.82;3843
0.9;Very Good;I;VS1;62.6;58;6.09;6.15;3.83;3844
1.04;Good;J;VS2;57.4;60;6.76;6.72;3.87;3844
0.91;Ideal;G;SI2;60.8;57;6.28;6.22;3.81;3844
0.93;Ideal;H;SI1;62;55;6.32;6.29;3.91;3844
0.74;Ideal;F;VS1;61.7;56;5.79;5.87;3.6;3845
0.91;Premium;F;SI2;59.1;60;6.36;6.3;3.74;3845
0.91;Premium;F;SI2;60.8;59;6.28;6.25;3.81;3845
1.11;Good;J;SI1;63.6;58;6.48;6.57;4.15;3846
0.83;Ideal;H;VVS1;63.4;56;5.96;5.99;3.79;3846
0.91;Premium;E;SI2;61.6;60;6.14;6.1;3.77;3846
1.01;Premium;F;SI2;61.7;58;6.46;6.41;3.97;3846
1.08;Very Good;F;SI2;63.4;55;6.53;6.5;4.13;3847
0.9;Fair;D;SI2;64.6;59;6.04;6.01;3.89;3847
1.06;Premium;I;SI2;61.5;58;6.59;6.55;4.04;3847
0.91;Premium;D;SI2;62.7;59;6.17;6.21;3.88;3848
0.91;Very Good;D;SI2;62.3;57;6.14;6.22;3.85;3848
0.91;Good;D;SI2;63.8;58;6.04;6.09;3.87;3848
0.9;Very Good;F;SI1;63.6;58;6.08;6.12;3.88;3848
1.08;Ideal;I;SI2;61.9;55;6.58;6.61;4.08;3849
0.72;Ideal;G;VVS2;61.9;57;5.72;5.75;3.55;3849
1;Good;I;SI1;63.8;58;6.28;6.32;4.02;3850
1;Good;H;SI2;63.4;61;6.29;6.33;4;3850
1;Very Good;H;SI2;60.2;61;6.44;6.48;3.89;3850
1;Premium;H;SI2;61.2;59;6.38;6.42;3.92;3850
0.6;Ideal;D;VVS1;62.3;55;5.38;5.4;3.36;3850
0.9;Premium;G;VS2;62.9;62;6.06;6.02;3.8;3850
1.01;Very Good;G;SI2;61.9;55;6.43;6.46;3.99;3852
1.01;Good;G;SI2;63.7;58;6.31;6.35;4.03;3852
1.01;Good;G;SI2;62.8;57;6.3;6.34;3.97;3852
1.01;Good;G;SI2;63.4;57;6.32;6.37;4.02;3852
0.81;Ideal;D;SI1;62;56;5.97;6;3.71;3852
1.01;Good;J;SI1;58.8;57;6.57;6.63;3.88;3853
0.91;Very Good;H;VS2;63.1;59;6.16;6.13;3.88;3853
0.91;Premium;H;VS2;59.6;60;6.29;6.25;3.74;3853
1;Premium;F;SI2;61.7;57;6.42;6.35;3.94;3853
0.92;Very Good;F;SI2;62.1;59;6.21;6.26;3.87;3854
0.92;Premium;F;SI2;61.8;58;6.19;6.23;3.84;3854
0.9;Very Good;F;SI1;61.7;60;6.19;6.22;3.83;3854
1.11;Premium;H;SI2;59.3;59;6.8;6.76;4.02;3854
0.91;Ideal;H;SI2;60.6;57;6.3;6.26;3.81;3854
0.92;Ideal;H;SI2;60.5;57;6.3;6.29;3.81;3854
0.91;Good;H;SI1;58.2;59;6.36;6.4;3.71;3855
0.91;Fair;D;SI1;64.4;60;6.08;6.04;3.9;3855
0.73;Very Good;D;VS1;62.2;56;5.72;5.75;3.57;3856
0.71;Ideal;D;VVS2;61.3;57;5.7;5.81;3.53;3856
0.93;Ideal;I;SI1;62.5;55;6.23;6.29;3.91;3856
1.01;Fair;G;SI2;64.7;58;6.14;6.23;4;3856
1.02;Premium;I;SI2;61.2;59;6.51;6.46;3.97;3856
1.02;Premium;J;SI1;63;58;6.44;6.39;4.04;3856
1.02;Ideal;J;SI1;62.8;54;6.46;6.43;4.05;3856
1.02;Premium;J;SI1;61.8;58;6.5;6.44;4;3856
1.02;Premium;I;SI2;62;59;6.45;6.42;3.99;3856
1.02;Good;I;SI2;63.6;56;6.4;6.37;4.06;3856
1.02;Ideal;I;SI2;60.7;57;6.57;6.54;3.98;3856
0.9;Premium;E;SI2;60.4;59;6.24;6.21;3.76;3856
0.9;Premium;E;SI2;61.6;59;6.26;6.18;3.83;3856
1.01;Very Good;E;SI2;59.4;59;6.49;6.51;3.86;3857
1.02;Very Good;J;SI1;62.5;58;6.37;6.43;4;3857
1;Very Good;F;SI2;63.5;55;6.37;6.32;4.03;3858
1;Premium;F;SI2;60.2;62;6.53;6.45;3.91;3858
1;Good;F;SI2;56.7;60;6.62;6.58;3.74;3858
0.74;Ideal;D;VS2;61.8;56;5.79;5.82;3.59;3858
1;Ideal;I;VS2;62.6;54;6.39;6.35;3.99;3858
1;Premium;F;SI2;61.7;58;6.36;6.32;3.91;3858
0.96;Ideal;G;SI2;61.7;57;6.35;6.3;3.9;3858
1;Good;F;SI2;59.8;65;6.58;6.43;3.9;3858
1;Premium;F;SI2;59.3;62;6.49;6.43;3.83;3858
1;Premium;F;SI2;60.4;58;6.47;6.44;3.9;3858
1;Good;F;SI2;59.4;64;6.36;6.29;3.76;3858
0.9;Good;G;VS2;63.9;61;5.97;6.01;3.83;3859
0.8;Ideal;F;VS1;61.2;56;5.98;6.01;3.67;3860
1;Good;G;SI2;59.7;63;6.43;6.5;3.86;3860
1.04;Premium;I;SI2;62.1;59;6.46;6.52;4.03;3861
1.08;Fair;E;SI2;64.9;60;6.43;6.39;4.16;3861
1.04;Premium;G;SI2;62.2;59;6.57;6.49;4.06;3861
1.14;Premium;J;SI2;60.4;59;6.8;6.74;4.09;3861
0.79;Ideal;E;VS2;62.2;55;5.97;5.9;3.69;3861
0.94;Very Good;D;SI2;59;59;6.34;6.41;3.76;3862
1.21;Fair;H;SI1;69.6;55;6.49;6.42;4.49;3862
1.21;Fair;H;SI2;65.6;56;6.69;6.59;4.36;3862
0.9;Very Good;E;SI1;62.9;55;6.18;6.22;3.9;3863
0.9;Very Good;E;SI1;63.6;57;6.08;6.12;3.88;3863
0.91;Ideal;J;VS1;61.9;56;6.19;6.22;3.85;3863
1;Premium;H;SI2;61;61;6.31;6.27;3.84;3864
0.78;Ideal;D;VS2;62.2;55;5.87;5.97;3.68;3864
1.12;Ideal;E;SI2;60.9;57;6.66;6.6;4.04;3864
0.76;Ideal;E;VS2;61.6;56;5.85;5.9;3.62;3864
1.12;Very Good;E;SI2;60.9;63;6.65;6.59;4.03;3864
1;Fair;F;SI2;65.5;54;6.2;6.16;4.05;3864
1;Premium;J;VVS2;59.6;61;6.4;6.36;3.8;3864
1.19;Ideal;H;I1;60.3;57;6.93;6.83;4.15;3864
0.92;Premium;F;SI2;59.3;61;6.36;6.29;3.75;3864
1.5;Good;F;I1;63.7;59;7.29;7.18;4.62;3864
1.17;Good;D;SI2;57.4;59;7.02;6.95;4.01;3866
0.9;Ideal;I;VS1;62.9;58;6.13;6.18;3.87;3867
0.9;Ideal;I;VS1;62.4;56;6.14;6.19;3.85;3867
0.9;Very Good;E;SI1;62.3;61;6.12;6.17;3.83;3868
1.01;Fair;H;SI1;64.5;59;6.27;6.23;4.03;3869
1.01;Fair;H;SI1;65.3;61;6.23;6.18;4.05;3869
1.01;Premium;H;SI1;62.1;57;6.47;6.37;3.99;3869
1.01;Premium;H;SI1;62.8;58;6.43;6.34;4.01;3869
0.94;Premium;F;SI2;62.6;57;6.27;6.25;3.92;3869
0.85;Very Good;E;VS2;60.2;60;6.09;6.14;3.68;3871
1.2;Premium;E;I1;62.3;60;6.78;6.71;4.2;3871
1.01;Good;G;SI1;62.2;65;6.34;6.3;3.93;3871
0.96;Ideal;G;SI2;62.1;57;6.32;6.27;3.91;3871
0.9;Ideal;D;SI2;62.3;57;6.17;6.23;3.86;3871
0.96;Good;F;VS2;63.7;54;6.24;6.19;3.96;3871
1.01;Fair;D;SI2;64.7;57;6.31;6.27;4.07;3871
0.96;Premium;H;SI2;59.2;61;6.42;6.36;3.78;3871
0.9;Very Good;I;VVS1;63.4;57;6.09;6.12;3.87;3872
1.1;Ideal;E;I1;61.9;56;6.59;6.63;4.09;3872
0.74;Very Good;E;VS1;62.1;53.4;5.8;5.82;3.61;3872
0.9;Very Good;E;SI2;59.4;58;6.31;6.35;3.76;3872
0.89;Ideal;E;SI2;61.8;56;6.15;6.19;3.81;3872
0.92;Very Good;F;SI2;62.8;56;6.19;6.23;3.9;3873
0.98;Ideal;I;SI2;62.6;54;6.35;6.39;3.99;3873
0.87;Premium;D;VS2;59.9;59;6.2;6.16;3.7;3873
0.72;Ideal;E;VVS2;62;56;5.74;5.77;3.57;3874
1.12;Ideal;G;I1;60.3;57;6.73;6.8;4.08;3874
1.01;Premium;I;SI2;61.1;58;6.5;6.46;3.96;3874
1;Good;H;SI2;63.2;59;6.24;6.29;3.96;3874
1.02;Very Good;F;SI2;58.7;63;6.49;6.46;3.8;3875
0.9;Fair;E;VS2;65.2;61;6.01;5.98;3.91;3875
0.96;Premium;I;VS2;60.6;60;6.4;6.47;3.9;3876
0.91;Very Good;E;SI2;62.8;59;6.1;6.16;3.85;3876
1.03;Fair;E;SI2;65.3;59;6.3;6.25;4.1;3876
1.03;Premium;E;SI2;61.7;61;6.49;6.45;3.99;3876
1;Premium;J;VS2;60.7;58;6.49;6.52;3.95;3877
0.92;Premium;D;SI2;59.4;59;6.39;6.28;3.76;3877
0.71;Premium;D;VVS2;60.4;59;5.73;5.69;3.45;3877
0.9;Very Good;H;VS2;61.2;61;6.14;6.21;3.78;3878
0.9;Very Good;H;VS2;61.6;63;6.1;6.14;3.77;3878
0.9;Very Good;H;VS2;63;61;6.05;6.14;3.84;3878
0.9;Very Good;H;VS2;62.8;58;6.13;6.17;3.86;3878
1;Good;H;SI2;63.9;55;6.25;6.33;4.02;3878
1;Good;I;SI1;60.5;57;6.4;6.46;3.89;3878
0.95;Premium;I;SI1;60;60;6.39;6.37;3.83;3878
0.91;Very Good;F;SI1;60.1;58;6.3;6.35;3.8;3879
1.02;Very Good;J;SI1;63.1;60;6.35;6.4;4.02;3879
0.75;Ideal;G;VVS2;62.2;56;5.78;5.82;3.61;3879
0.9;Premium;G;SI1;61;60;6.17;6.12;3.75;3879
0.9;Premium;G;SI1;60.2;59;6.27;6.23;3.76;3879
0.74;Ideal;F;VVS2;61.5;55;5.85;5.82;3.59;3879
0.9;Very Good;I;VS1;62;61;6.12;6.18;3.81;3880
0.9;Good;D;SI1;62.4;63;6.04;6.13;3.8;3880
0.9;Very Good;D;SI1;62.1;60;6.14;6.2;3.83;3880
0.9;Very Good;D;SI1;61.6;54;6.18;6.25;3.83;3880
0.93;Very Good;D;SI1;60.8;60;6.24;6.3;3.81;3880
1.2;Very Good;J;SI2;59.6;62;6.9;6.95;4.13;3880
1.12;Good;J;SI1;63.7;61;6.5;6.54;4.15;3880
1;Good;E;SI2;63.3;56;6.3;6.36;4.01;3880
0.71;Ideal;F;VVS1;61.8;56;5.72;5.74;3.54;3880
0.82;Ideal;G;VS1;61.9;54;5.99;6.03;3.72;3880
0.73;Ideal;F;IF;61.2;55;5.86;5.8;3.57;3880
1.26;Fair;H;SI2;64.9;60;6.7;6.62;4.32;3881
0.9;Good;F;SI1;63.6;59;6.12;6.07;3.88;3881
0.9;Premium;F;SI1;62.5;62;6.11;6.08;3.81;3881
0.9;Premium;F;SI1;62.6;60;6.14;6.1;3.83;3881
0.9;Very Good;F;SI1;63.2;61;6.13;6.09;3.86;3881
0.9;Very Good;F;SI1;63.1;58;6.18;6.12;3.88;3881
1;Premium;F;SI1;59.4;62;6.55;6.52;3.88;3881
1.05;Good;J;VS1;57.8;64;6.74;6.67;3.88;3881
1;Ideal;I;SI2;60.9;57;6.47;6.43;3.93;3881
0.9;Good;H;VS2;63.6;58;6.11;6.09;3.88;3881
0.9;Ideal;F;SI2;62.4;57;6.23;6.15;3.86;3881
0.91;Very Good;H;VS1;62.7;63;6.1;6.03;3.8;3881
0.91;Premium;H;VS1;59.2;62;6.2;6.14;3.65;3881
1;Premium;F;SI1;59.4;62;6.55;6.52;3.88;3881
1.11;Very Good;I;SI2;63.7;58;6.57;6.53;4.17;3882
1.09;Ideal;F;SI2;61.6;54;6.69;6.62;4.1;3882
1.13;Premium;D;SI2;58.3;60;6.83;6.78;3.97;3883
1.29;Very Good;J;SI2;63.5;57;6.89;6.87;4.37;3884
0.91;Ideal;G;SI1;62.6;57;6.16;6.21;3.87;3884
0.91;Very Good;G;SI1;62.2;57;6.12;6.17;3.82;3884
0.9;Good;E;SI1;58.1;64;6.26;6.28;3.64;3884
1.02;Good;H;SI2;63.7;58;6.28;6.24;3.99;3884
0.8;Ideal;F;VS1;62.4;55;5.92;5.88;3.68;3884
0.8;Ideal;F;VS1;61.6;54;5.99;5.95;3.68;3884
0.95;Ideal;I;VS2;62.2;57;6.29;6.22;3.89;3884
0.97;Ideal;F;SI1;61.7;56;6.37;6.32;3.92;3884
1.01;Very Good;I;SI2;61.8;60;6.34;6.37;3.93;3885
0.91;Very Good;F;SI1;62.2;55;6.18;6.23;3.86;3885
1.01;Good;F;SI2;62.5;59;6.31;6.37;3.96;3886
1.01;Good;F;SI2;62.7;61;6.28;6.38;3.97;3886
0.94;Very Good;E;SI2;62;58;6.23;6.29;3.88;3886
1.05;Premium;E;SI2;62.2;59;6.51;6.44;4.03;3886
1.18;Ideal;D;I1;61.5;62;6.88;6.73;4.19;3886
1.01;Fair;J;VS2;59.6;62;6.54;6.49;3.88;3886
0.91;Very Good;H;VS2;61.6;60;6.19;6.21;3.82;3887
0.7;Very Good;F;IF;61.5;58;5.65;5.7;3.49;3887
1.01;Very Good;H;SI2;60.6;61;6.38;6.45;3.89;3888
1.01;Very Good;I;SI1;62.8;58;6.37;6.4;4.01;3888
1.01;Very Good;I;SI1;62.1;58;6.38;6.44;3.98;3888
1.01;Good;H;SI2;63.9;58;6.32;6.35;4.05;3888
1.01;Very Good;I;SI1;60.3;57;6.51;6.53;3.93;3888
1.01;Very Good;I;SI1;62;54;6.36;6.51;3.99;3888
0.73;Ideal;F;VVS2;61.9;55.2;5.74;5.79;3.58;3888
0.74;Ideal;E;VS1;62.2;55;5.79;5.82;3.61;3888
0.91;Premium;D;SI2;61.2;58;6.25;6.21;3.81;3889
1;Good;E;SI2;63.7;61;6.32;6.27;4.01;3889
1;Fair;E;SI2;56.9;63;6.54;6.49;3.71;3889
1.12;Premium;H;SI2;61.4;59;6.69;6.66;4.1;3889
0.3;Very Good;D;SI2;63.4;56;4.29;4.26;2.71;574
0.3;Premium;D;SI2;62.9;58;4.29;4.26;2.69;574
0.3;Premium;D;SI2;62.4;59;4.28;4.25;2.66;574
0.3;Premium;D;SI2;62.2;59;4.3;4.25;2.66;574
0.3;Premium;D;SI2;61;61;4.31;4.25;2.61;574
0.3;Premium;D;SI2;61.2;57;4.33;4.3;2.64;574
0.33;Good;E;VS2;57.3;59;4.6;4.62;2.64;574
0.25;Very Good;F;VVS2;59;58;4.1;4.14;2.43;575
0.25;Very Good;F;VVS2;59.4;57;4.1;4.12;2.44;575
0.25;Very Good;F;VVS2;61.8;58;4.05;4.07;2.51;575
0.25;Very Good;F;VVS2;61;58;4.02;4.05;2.46;575
0.25;Very Good;F;VVS2;60.4;59;4.09;4.12;2.48;575
0.25;Very Good;F;VVS2;63.2;57;3.99;4.01;2.53;575
0.27;Very Good;E;VVS2;58.6;61;4.27;4.3;2.51;575
0.25;Very Good;E;VVS2;60.2;59;4.07;4.14;2.47;575
0.25;Very Good;E;VVS2;62.7;59;4.01;4.03;2.52;575
0.27;Very Good;E;VVS2;61.9;58;4.1;4.14;2.55;575
0.25;Very Good;E;VVS2;59.8;59;4.07;4.09;2.44;575
0.25;Very Good;E;VVS2;62.1;58;4.03;4.06;2.51;575
0.25;Very Good;E;VVS2;63;57;4;4.06;2.54;575
0.25;Very Good;E;VVS2;60.9;59;4.03;4.11;2.48;575
0.25;Very Good;E;VVS2;61.9;59;3.99;4.02;2.48;575
0.25;Very Good;E;VVS2;63.4;58;3.97;4.01;2.53;575
0.25;Very Good;E;VVS2;63;55;4;4.03;2.53;575
0.25;Very Good;E;VVS2;60.5;59;4.06;4.1;2.47;575
0.25;Very Good;D;VVS2;58.8;59;4.11;4.16;2.43;575
0.27;Very Good;D;VVS2;64.6;53;4.04;4.1;2.63;575
0.25;Very Good;D;VVS2;61.3;59;4.07;4.12;2.51;575
0.25;Very Good;E;VVS1;59.7;58;4.13;4.14;2.47;575
0.25;Very Good;E;VVS1;60.7;58;4.07;4.1;2.48;575
0.9;Very Good;H;VS2;60.8;58;6.18;6.22;3.77;3890
1.09;Very Good;D;SI2;61.9;61;6.54;6.58;4.06;3890
0.8;Ideal;E;SI1;61;57;6;6.03;3.67;3890
0.9;Good;H;VS2;64.3;60;6.02;6.04;3.88;3890
0.92;Good;D;SI2;63.3;59;6.12;6.18;3.89;3891
0.91;Very Good;G;SI2;63.4;60;6.11;6.06;3.86;3891
1.1;Fair;E;SI1;65.5;57;6.45;6.37;4.2;3891
1.02;Premium;G;SI2;62.3;58;6.41;6.38;4;3892
1.03;Good;H;SI2;65;57;6.3;6.32;4.1;3892
1.03;Fair;I;SI1;57.4;61;6.67;6.71;3.84;3892
0.9;Very Good;F;SI1;61.1;56;6.23;6.3;3.83;3893
0.9;Good;F;SI1;61.3;60;6.13;6.18;3.77;3893
1.03;Ideal;J;SI1;62.3;56;6.51;6.45;4.04;3893
0.91;Good;F;SI1;66.1;57;5.99;6.03;3.97;3893
0.9;Ideal;G;SI1;60.2;56;6.24;6.29;3.77;3894
1.18;Very Good;E;I1;62.5;58;6.62;6.75;4.18;3894
1;Good;D;SI2;64.3;53;6.29;6.34;4.06;3894
0.9;Very Good;E;VS2;63.4;59;6.19;6.11;3.9;3894
0.76;Premium;D;VS1;60.6;58;5.95;5.89;3.59;3894
0.98;Very Good;E;SI2;61.1;60;6.31;6.36;3.87;3895
1.01;Good;G;SI2;64.5;61;6.24;6.31;4.05;3895
1.01;Good;F;SI2;61.5;61;6.33;6.38;3.91;3895
0.9;Good;E;SI2;61.3;61;6.13;6.17;3.77;3895
0.92;Premium;I;VS2;60.9;58;6.28;6.27;3.82;3895
0.93;Good;F;SI2;63.4;54;6.19;6.24;3.94;3896
0.72;Ideal;D;VS1;60.9;56;5.79;5.86;3.55;3896
1.24;Premium;G;SI2;60;60;6.94;6.88;4.15;3896
1.04;Premium;G;SI2;60.6;59;6.6;6.56;3.99;3896
1.01;Premium;F;SI2;63;60;6.35;6.28;3.98;3897
1.01;Premium;F;SI2;58.3;58;6.56;6.55;3.82;3897
1.01;Premium;F;SI2;60;59;6.47;6.41;3.86;3897
1.01;Good;F;SI2;63.7;60;6.37;6.29;4.02;3897
1.01;Very Good;F;SI2;63.5;56;6.38;6.35;4.04;3897
1.01;Premium;J;VVS2;62.7;59;6.46;6.39;4.03;3897
1.01;Good;F;SI2;64.3;57;6.32;6.25;4.04;3897
0.78;Very Good;E;VS1;61.5;60;5.86;5.92;3.62;3898
0.9;Very Good;F;SI1;63.4;56;6.06;6.12;3.86;3898
0.9;Good;F;SI1;62.4;55;6.17;6.21;3.86;3898
0.91;Premium;E;SI2;62.8;59;6.16;6.13;3.86;3898
1.05;Premium;G;SI2;60.1;60;6.66;6.58;3.98;3898
1.13;Premium;E;SI2;62.5;57;6.68;6.63;4.16;3898
0.91;Ideal;E;SI2;60.8;56;6.29;6.25;3.81;3898
0.91;Ideal;E;SI2;61.5;56;6.23;6.2;3.82;3898
1.05;Good;G;SI2;63.7;59;6.41;6.37;4.07;3898
1.01;Premium;I;SI2;62.1;59;6.39;6.42;3.98;3899
1.18;Fair;D;SI2;57;66;6.96;6.91;3.98;3899
0.73;Ideal;F;VVS1;62.7;56;5.76;5.72;3.6;3900
1.11;Very Good;J;SI1;62;58;6.57;6.62;4.09;3901
0.7;Ideal;E;VVS2;62.6;54;5.65;5.7;3.55;3901
1.06;Premium;F;SI2;62.6;59;6.51;6.47;4.06;3901
1.29;Premium;E;I1;58.6;60;7.18;7.12;4.19;3901
0.9;Very Good;E;SI2;62.6;58;6.1;6.16;3.84;3902
0.9;Very Good;E;SI2;61.1;58;6.12;6.26;3.78;3902
1.04;Premium;H;SI1;60;58;6.59;6.52;3.93;3902
0.9;Good;H;VS2;64.1;56;6;6.05;3.86;3902
0.72;Very Good;E;VVS1;61.2;58;5.75;5.79;3.53;3903
1.03;Very Good;F;SI2;60.2;55;6.53;6.59;3.95;3903
1.01;Good;H;SI2;57.9;59;6.64;6.59;3.83;3903
1.01;Premium;F;SI2;61.1;57;6.48;6.44;3.95;3903
0.82;Ideal;E;VS2;61.9;57;6.01;5.98;3.71;3903
1.02;Premium;G;SI2;60.7;56;6.56;6.51;3.97;3904
1.01;Very Good;J;SI2;62.2;58;6.37;6.4;3.97;3905
1.23;Ideal;H;I1;61.9;61;6.85;6.79;4.22;3905
1;Good;F;SI2;63.7;57;6.32;6.36;4.04;3906
1;Very Good;F;SI2;62.4;56;6.31;6.35;3.95;3906
1;Very Good;F;SI2;61.9;59;6.39;6.44;3.97;3906
1.01;Very Good;J;SI2;62.8;59;6.34;6.37;3.99;3906
0.91;Ideal;I;VS1;62.1;57;6.2;6.23;3.86;3906
1;Good;G;SI2;64.2;57;6.25;6.27;4.02;3906
0.71;Very Good;E;VVS1;57.9;61;5.88;5.96;3.43;3907
0.95;Premium;E;SI2;58.9;61;6.45;6.41;3.79;3907
0.9;Ideal;I;SI1;61.6;55;6.2;6.22;3.82;3908
1.24;Very Good;J;SI2;63.3;60;6.83;6.75;4.29;3908
0.9;Very Good;G;SI2;60.8;57;6.2;6.24;3.78;3909
0.71;Ideal;G;VVS2;61.5;57;5.74;5.78;3.54;3909
1.02;Good;D;SI2;63.8;59;6.43;6.33;4.07;3909
1.02;Good;D;SI2;57.5;62;6.62;6.6;3.8;3909
0.9;Very Good;G;VS2;59;58;6.25;6.29;3.7;3910
0.91;Very Good;D;SI2;60.8;58;6.26;6.31;3.82;3910
0.92;Premium;F;SI1;62;60;6.26;6.19;3.86;3910
0.77;Very Good;E;VS2;60.4;58;5.94;6.01;3.61;3911
0.91;Premium;E;SI1;61.5;60;6.19;6.24;3.82;3911
0.91;Very Good;D;SI2;63.4;59;6.12;6.15;3.89;3911
0.97;Premium;H;SI1;58;62;6.56;6.48;3.79;3911
1.02;Ideal;I;SI2;62.7;57;6.43;6.4;4.02;3913
0.73;Ideal;G;VVS1;61.6;56;5.76;5.79;3.56;3913
0.8;Ideal;F;VS2;61.3;55;5.98;6;3.67;3913
0.81;Ideal;E;SI1;61.9;55;5.98;6.01;3.71;3913
1.18;Premium;J;VS2;62.8;59;6.78;6.69;4.23;3913
1.39;Very Good;I;I1;62.6;57;7.1;7.15;4.46;3914
1.04;Premium;E;SI2;61.6;58;6.52;6.45;3.99;3914
1.02;Ideal;H;I1;62.1;56;6.4;6.45;3.99;3915
0.66;Ideal;D;VVS2;61.3;57;5.59;5.63;3.44;3915
0.94;Ideal;E;SI2;61.1;55;6.29;6.34;3.86;3915
1;Premium;H;SI1;62.9;60;6.36;6.32;3.99;3915
0.92;Premium;H;VS2;59.6;59;6.32;6.29;3.76;3916
1.01;Fair;E;SI2;57.9;57;6.51;6.55;3.78;3916
1.11;Good;J;SI1;63.6;58;6.57;6.48;4.15;3916
0.92;Good;D;SI2;63.9;55;6.14;6.09;3.91;3916
0.92;Premium;G;SI2;59.4;60;6.34;6.31;3.76;3916
0.77;Very Good;F;VVS2;60.6;60;5.89;5.92;3.58;3917
0.9;Premium;E;SI1;60.3;60;6.27;6.2;3.76;3917
1.1;Good;F;SI2;63.7;58;6.48;6.45;4.12;3918
0.9;Good;G;VS2;62.9;62;6.02;6.06;3.8;3918
0.9;Very Good;D;SI2;63.5;58;6.08;6.17;3.89;3918
0.95;Ideal;I;SI2;61.2;56;6.33;6.37;3.89;3918
1.1;Premium;F;SI2;62.1;56;6.68;6.56;4.12;3918
1;Premium;I;VS2;62.7;62;6.32;6.27;3.95;3918
0.9;Very Good;G;SI1;62.6;60;6.09;6.14;3.83;3919
0.9;Very Good;H;VS2;63.1;60;6.12;6.08;3.85;3919
0.9;Good;H;VS2;64;58;6.11;6.07;3.9;3919
0.9;Premium;H;VS2;62.3;58;6.18;6.09;3.82;3919
1;Premium;H;SI2;60.2;61;6.48;6.44;3.89;3920
1.01;Premium;F;SI1;62.8;59;6.4;6.36;4.01;3920
0.92;Very Good;F;SI1;63.8;56;6.12;6.17;3.92;3920
1;Fair;I;SI1;56.4;61;6.58;6.55;3.7;3920
1;Good;I;SI1;62.9;64;6.27;6.23;3.93;3920
1;Very Good;G;SI2;63.3;56;6.38;6.29;4.01;3920
1;Premium;H;SI2;61.3;58;6.45;6.41;3.94;3920
1;Premium;H;SI2;61.2;59;6.42;6.38;3.92;3920
1;Very Good;H;SI2;63.4;61;6.33;6.29;4;3920
1;Good;I;SI1;63.8;58;6.32;6.28;4.02;3920
1;Good;J;VS1;58.1;64;6.63;6.51;3.82;3920
1;Good;I;SI1;63.7;64;6.33;6.27;4.01;3920
1;Premium;F;SI2;61.5;58;6.41;6.38;3.93;3920
0.7;Very Good;D;VVS1;61.5;63;5.78;5.64;3.51;3920
1;Premium;J;SI1;58.7;58;6.55;6.51;3.83;3920
0.51;Fair;F;VVS2;65.4;60;4.98;4.9;3.23;3920
0.91;Premium;H;VS2;59.6;60;6.25;6.29;3.74;3921
0.91;Good;H;VS2;63.1;59;6.13;6.16;3.88;3921
1.03;Ideal;J;SI1;61.9;56;6.45;6.5;4.01;3921
0.9;Good;G;SI1;60.2;63;6.16;6.2;3.72;3921
0.88;Premium;F;VS1;60.7;55;6.28;6.22;3.79;3921
0.74;Ideal;G;VVS2;61.7;55;5.8;5.83;3.59;3922
1.03;Ideal;J;SI1;62.6;57;6.45;6.43;4.03;3922
0.78;Very Good;D;VS1;61.5;57;5.92;5.95;3.65;3923
1.01;Premium;G;SI2;63;59;6.38;6.32;4;3923
0.81;Ideal;G;VS1;61.6;56;5.99;6.02;3.7;3923
1.01;Good;G;SI2;63.7;58;6.35;6.31;4.03;3923
0.92;Fair;H;VS1;56;60;6.53;6.51;3.65;3924
0.91;Very Good;H;VS2;63.7;57;6.1;6.12;3.89;3924
0.9;Premium;E;SI2;60.4;59;6.21;6.24;3.76;3924
0.85;Ideal;E;VS2;59.3;57;6.19;6.22;3.68;3924
0.9;Very Good;E;SI2;61.6;59;6.18;6.26;3.83;3924
1.04;Very Good;J;SI2;63.2;58.6;6.35;6.39;4.03;3924
0.91;Good;F;SI1;63.7;58;6.17;6.1;3.91;3924
0.91;Good;F;SI1;63.7;58;6.09;6.02;3.86;3924
1.03;Ideal;I;SI2;62.2;57;6.46;6.5;4.03;3925
1.18;Premium;I;SI2;62.9;58;6.77;6.7;4.24;3925
1.01;Ideal;J;SI1;62.8;57;6.4;6.44;4.03;3926
1.01;Good;H;SI2;65.7;60;6.17;6.19;4.06;3926
1.02;Very Good;I;SI1;60.4;58;6.52;6.56;3.95;3927
1.02;Ideal;H;SI2;61.6;56;6.47;6.51;4;3927
1.02;Very Good;H;SI2;62.4;59;6.37;6.42;3.99;3927
1.02;Very Good;I;SI1;62.9;58;6.36;6.42;4.02;3927
0.76;Ideal;G;VVS2;62;56;5.86;5.88;3.64;3927
1.01;Premium;E;SI2;59.4;59;6.51;6.49;3.86;3928
1.03;Good;G;SI2;63.7;60;6.28;6.35;4.02;3929
1;Ideal;J;SI1;59.2;62;6.47;6.5;3.84;3929
0.8;Ideal;E;VS2;60.9;57;6.01;6.05;3.67;3930
0.9;Fair;F;VS2;64.7;54;6.09;6.03;3.92;3931
0.9;Premium;I;VVS2;58.3;60;6.32;6.28;3.67;3931
0.9;Good;G;SI1;57.8;58;6.42;6.38;3.7;3931
0.9;Ideal;G;SI1;61.6;57;6.24;6.17;3.82;3931
0.9;Fair;D;VS2;57.5;66;6.3;6.25;3.61;3931
1.04;Ideal;J;SI1;61.1;57;6.57;6.52;4;3931
0.9;Premium;G;SI1;61;59;6.29;6.17;3.8;3931
0.9;Ideal;G;SI1;62.2;56;6.2;6.14;3.84;3931
1.08;Premium;F;SI2;59.9;58;6.75;6.66;4.01;3931
1.2;Ideal;I;SI2;62.5;56;6.8;6.7;4.22;3931
1.01;Good;D;SI2;64;59;6.28;6.34;4.04;3932
0.92;Premium;I;VVS1;62.4;59;6.17;6.14;3.84;3932
1.06;Ideal;J;SI2;61.3;57;6.55;6.6;4.03;3932
0.9;Premium;H;VS2;62.6;58;6.14;6.19;3.86;3933
0.93;Very Good;G;SI1;62.5;57.8;6.15;6.28;3.87;3933
0.83;Ideal;D;SI1;61.5;53;6.09;6.07;3.74;3933
0.9;Good;E;SI1;60.8;65;6.14;6.17;3.74;3933
0.81;Ideal;F;VS1;61.5;55;6.01;5.96;3.68;3933
0.81;Ideal;E;SI1;61.9;56;5.97;6.02;3.71;3935
1.06;Ideal;G;SI2;62.3;55;6.54;6.49;4.06;3936
0.91;Very Good;F;SI1;61.4;58;6.19;6.23;3.81;3936
0.91;Very Good;E;SI2;62.4;58;6.11;6.14;3.82;3936
0.9;Premium;F;SI1;61.7;62;6.19;6.13;3.8;3936
0.84;Ideal;G;VS2;62;55;6.07;6.09;3.77;3936
0.92;Good;D;SI2;59;58;6.31;6.36;3.74;3936
1.02;Ideal;J;VVS2;62.1;57;6.46;6.43;4;3936
0.71;Premium;E;VVS1;61.8;56;5.71;5.68;3.52;3936
0.73;Ideal;D;VS1;60.9;55;5.83;5.86;3.56;3937
0.93;Premium;H;VS2;60.3;61;6.39;6.25;3.81;3937
0.94;Very Good;F;SI2;62.6;57;6.25;6.27;3.92;3938
1.02;Good;H;SI2;58.2;60;6.49;6.57;3.8;3940
1;Good;G;SI2;57.4;60;6.63;6.53;3.78;3941
1;Good;G;SI2;64;55;6.3;6.26;4.02;3941
0.93;Ideal;F;SI2;61.9;57;6.21;6.25;3.86;3941
0.92;Ideal;E;SI2;62.1;57;6.26;6.2;3.87;3941
0.92;Premium;E;SI2;62.1;58;6.22;6.18;3.85;3941
0.92;Premium;E;SI2;61.7;59;6.27;6.18;3.84;3941
0.92;Ideal;E;SI2;62.1;53;6.25;6.22;3.87;3941
0.92;Ideal;E;SI2;62.2;56;6.24;6.2;3.87;3941
1.12;Premium;E;I1;61;59;6.7;6.74;4.1;3942
1.28;Premium;I;SI1;59.4;61;7.11;7.04;4.2;3942
1.1;Ideal;E;I1;61.9;56;6.63;6.59;4.09;3942
0.91;Premium;D;SI2;61;61;6.24;6.16;3.78;3943
1.01;Premium;I;SI1;61.6;58;6.45;6.51;3.99;3944
0.9;Fair;D;SI1;66.1;55;5.98;5.92;3.93;3945
1.01;Ideal;F;SI2;62.7;57;6.37;6.43;4.01;3945
1.01;Very Good;F;SI2;60.8;63;6.32;6.38;3.86;3945
1.01;Very Good;F;SI2;62.5;61;6.33;6.37;3.97;3945
0.9;Very Good;G;SI1;62.9;56;6.11;6.17;3.86;3945
0.96;Ideal;G;SI2;62;58;6.3;6.34;3.92;3945
0.9;Good;E;SI1;62.6;62;6.15;6.18;3.86;3945
1.03;Premium;H;SI1;61.8;58;6.47;6.41;3.98;3945
1.12;Ideal;G;I1;60.3;57;6.8;6.73;4.08;3945
0.9;Good;I;VVS2;62.9;61;6.1;6.14;3.85;3946
0.93;Good;I;VS2;58.2;60;6.41;6.48;3.75;3946
1.02;Very Good;E;SI2;63.6;59;6.23;6.28;3.98;3947
0.72;Ideal;E;VS1;61.1;57;5.78;5.81;3.54;3947
0.74;Very Good;F;VVS2;61.5;55.1;5.82;5.85;3.59;3948
0.97;Premium;I;VS2;62.2;56;6.34;6.29;3.94;3948
0.76;Ideal;H;VS2;62;56;5.86;5.88;3.64;3948
0.9;Good;E;VS2;63.7;58;6.06;6.09;3.87;3948
1.01;Good;G;SI2;61.1;62;6.38;6.48;3.93;3948
0.91;Premium;D;SI2;62.4;56;6.2;6.17;3.86;3949
0.7;Ideal;G;IF;61.3;56;5.72;5.73;3.51;3949
1;Good;G;SI2;63.8;56;6.23;6.31;4;3949
0.9;Good;F;SI1;63.1;58;6.12;6.18;3.88;3950
0.9;Very Good;F;SI1;62.5;62;6.08;6.11;3.81;3950
0.9;Very Good;F;SI1;62.6;60;6.1;6.14;3.83;3950
0.9;Good;F;SI1;63.3;60;6.09;6.11;3.86;3950
0.9;Very Good;F;SI1;62;59;6.13;6.17;3.81;3950
0.9;Very Good;F;SI1;62.6;57;6.16;6.2;3.87;3950
0.9;Good;F;SI1;57.5;60;6.33;6.37;3.65;3950
0.9;Good;F;SI1;63.6;59;6.07;6.12;3.88;3950
0.9;Very Good;F;SI1;61.7;60;6.16;6.22;3.82;3950
0.9;Good;F;SI1;63.2;61;6.09;6.13;3.86;3950
0.9;Ideal;F;SI1;61.8;57;6.19;6.21;3.83;3950
0.9;Very Good;F;SI1;60.4;60;6.23;6.29;3.78;3950
0.9;Good;F;SI1;57.6;60;6.34;6.37;3.66;3950
1.14;Premium;D;I1;61.8;59;6.62;6.74;4.13;3950
0.9;Very Good;F;SI1;63.7;58;6.05;6.1;3.87;3950
0.9;Very Good;F;SI1;63.4;58;6.09;6.12;3.87;3950
0.9;Very Good;F;SI1;62.5;60;6.05;6.11;3.8;3950
0.9;Very Good;F;SI1;62.3;55;6.14;6.18;3.84;3950
0.76;Good;D;VS1;63.7;56;5.81;5.77;3.69;3950
0.9;Premium;F;SI2;59.7;60;6.25;6.22;3.72;3951
0.72;Premium;E;IF;61.3;60;5.74;5.71;3.51;3951
1.2;Premium;J;SI2;59.6;62;6.95;6.9;4.13;3951
1.12;Good;J;SI1;63.7;61;6.54;6.5;4.15;3951
0.9;Premium;F;SI2;60.6;59;6.27;6.21;3.78;3951
1;Fair;I;VS1;64;49;6.43;6.39;4.1;3951
1.05;Premium;E;SI2;60.9;61;6.61;6.55;4.01;3951
0.96;Very Good;G;SI2;63.1;56;6.29;6.22;3.95;3951
0.72;Very Good;F;VVS2;59.2;63;5.77;5.86;3.44;3952
1.13;Good;F;SI2;64;58;6.52;6.58;4.19;3952
1.01;Very Good;J;SI1;58.9;59;6.56;6.62;3.88;3952
0.71;Premium;D;VVS1;58.8;58;5.89;5.81;3.44;3952
0.8;Ideal;F;VS1;61.6;54;5.95;5.99;3.68;3953
1.04;Ideal;I;SI2;62.4;57;6.48;6.46;4.04;3953
0.8;Very Good;F;VS2;61.3;55;5.93;6.01;3.66;3954
0.9;Very Good;F;SI1;62.5;59;6.06;6.13;3.81;3954
0.91;Ideal;I;VS1;62.4;57;6.17;6.21;3.86;3954
0.9;Good;F;SI1;64.7;54;6.04;6.08;3.92;3954
1.16;Ideal;J;SI1;60.7;57;6.77;6.83;4.13;3955
0.71;Ideal;G;VVS1;61.1;57;5.76;5.8;3.53;3955
1.11;Very Good;I;SI2;61.2;61;6.65;6.69;4.08;3956
1.03;Premium;J;VS1;61.8;58;6.51;6.41;3.99;3957
0.91;Premium;D;SI2;61.2;58;6.21;6.25;3.81;3958
1.06;Very Good;H;SI2;62.6;58;6.46;6.52;4.06;3958
0.9;Ideal;E;SI2;61.9;54;6.23;6.18;3.84;3958
1.01;Premium;H;SI2;62.8;61;6.33;6.25;3.95;3959
1.01;Premium;H;SI2;60.6;61;6.45;6.38;3.89;3959
1.01;Good;H;SI2;63.9;58;6.35;6.32;4.05;3959
1.01;Premium;H;SI2;62.5;58;6.39;6.35;3.98;3959
1.01;Premium;I;SI1;62.7;59;6.43;6.36;4.01;3959
1.01;Good;D;SI2;63.6;61;6.35;6.33;4.03;3959
1.01;Very Good;H;SI2;63.4;55;6.35;6.29;4.01;3959
1.01;Good;I;SI1;63.6;55;6.39;6.31;4.04;3959
0.97;Very Good;G;SI2;59.8;58;6.38;6.42;3.83;3960
1.04;Premium;I;SI2;61.6;56;6.56;6.49;4.02;3960
0.91;Very Good;G;SI1;63.6;57;6.09;6.12;3.88;3961
0.75;Ideal;D;VS1;62.4;56;5.79;5.84;3.63;3961
0.91;Premium;E;SI1;61.9;61;6.14;6.11;3.79;3961
1.09;Premium;D;SI2;61.9;61;6.58;6.54;4.06;3961
0.88;Ideal;D;SI2;62.2;56;6.12;6.16;3.82;3962
0.91;Very Good;F;SI1;62.7;56;6.11;6.17;3.85;3963
0.94;Very Good;E;SI2;62;60;6.19;6.22;3.85;3963
0.91;Premium;H;VS2;62.3;57;6.22;6.13;3.85;3963
0.9;Very Good;H;VS1;62.6;55;6.14;6.19;3.86;3964
0.9;Very Good;H;VS1;62.7;56;6.15;6.2;3.87;3964
1.21;Very Good;I;SI2;63.4;62;6.84;6.69;4.31;3964
1;Fair;G;SI1;68.3;61;6.02;5.93;4.08;3965
1.18;Very Good;E;I1;63.3;57;6.7;6.64;4.22;3965
1.18;Premium;E;I1;62.5;58;6.75;6.62;4.18;3965
1;Good;D;SI2;64.3;60;6.22;6.19;3.99;3965
1;Good;D;SI2;64.3;53;6.34;6.29;4.06;3965
1;Fair;G;SI1;65.2;62;6.19;6.08;4.01;3965
1;Very Good;D;SI2;63.2;56;6.38;6.33;4.02;3965
1;Very Good;D;SI2;60.8;63;6.41;6.36;3.88;3965
1;Good;G;SI1;62.2;65;6.28;6.22;3.89;3965
1;Fair;D;SI2;65;56;6.27;6.23;4.06;3965
0.25;Very Good;E;VVS1;60;56;4.1;4.14;2.47;575
0.25;Very Good;E;VVS1;60.2;59;4.11;4.13;2.48;575
0.33;Very Good;I;VS1;59.9;62;4.48;4.57;2.71;575
0.3;Very Good;E;VS2;62.1;62;4.21;4.26;2.63;575
0.32;Ideal;I;VVS1;62.2;53;4.42;4.45;2.76;575
0.32;Ideal;I;VVS1;61.4;56;4.42;4.44;2.72;575
0.25;Ideal;F;VVS1;60.9;57;4.06;4.09;2.48;575
0.33;Ideal;D;SI1;62.2;54;4.45;4.46;2.77;575
0.25;Good;E;VVS1;61.3;61;4.04;4.08;2.49;575
0.37;Good;F;SI1;63.7;55;4.55;4.59;2.91;575
0.32;Very Good;G;VS2;61.9;56;4.36;4.39;2.71;576
0.32;Ideal;H;SI1;60.6;57;4.44;4.4;2.68;576
0.32;Premium;E;SI2;62.4;58;4.4;4.35;2.73;576
0.32;Ideal;E;SI2;62;55;4.41;4.36;2.72;576
0.32;Premium;E;SI2;59.7;60;4.45;4.43;2.65;576
0.32;Ideal;E;SI2;62.7;57;4.37;4.34;2.73;576
0.32;Ideal;I;VS2;60.3;56;4.45;4.44;2.68;576
0.32;Ideal;I;VS2;61.5;56;4.41;4.4;2.71;576
0.32;Ideal;I;VS2;62.2;57;4.42;4.39;2.74;576
0.32;Premium;I;VS2;62.6;58;4.42;4.37;2.75;576
0.32;Ideal;I;VS2;62.5;55;4.39;4.38;2.74;576
0.32;Ideal;I;VS2;63;56;4.42;4.38;2.77;576
0.32;Ideal;I;VS2;61.3;56;4.43;4.38;2.7;576
0.32;Premium;I;VS2;61.1;57;4.42;4.39;2.69;576
0.32;Ideal;I;VS2;62.5;57;4.39;4.35;2.73;576
0.32;Ideal;I;VS2;62;57;4.41;4.36;2.72;576
0.32;Ideal;I;VS2;61.6;56;4.39;4.37;2.7;576
0.32;Ideal;I;VS2;62.5;55;4.4;4.37;2.74;576
0.32;Ideal;I;VS2;62.9;57;4.4;4.37;2.76;576
0.32;Premium;I;VS2;62.2;59;4.37;4.35;2.71;576
1;Fair;D;SI2;66.5;59;6.24;6.21;4.14;3965
1.2;Premium;H;SI2;62.1;57;6.84;6.69;4.21;3965
0.77;Very Good;G;VVS1;62.7;54;5.84;5.89;3.67;3966
1.01;Very Good;G;SI2;61.8;58;6.36;6.39;3.94;3966
1.01;Very Good;G;SI2;62.1;61;6.27;6.38;3.93;3966
1.01;Very Good;G;SI2;63;58;6.29;6.34;3.98;3966
0.82;Ideal;E;SI1;61.9;56;6;6.02;3.72;3966
0.77;Premium;D;VS1;59.4;59;6;5.96;3.55;3966
0.8;Premium;E;VS1;61.7;58;5.98;5.95;3.68;3967
1.13;Very Good;E;SI2;59.4;62;6.78;6.83;4.04;3967
0.92;Very Good;F;SI1;63.5;58;6.16;6.12;3.9;3967
0.92;Premium;F;SI1;61.8;59;6.25;6.21;3.85;3967
0.9;Ideal;H;SI1;61.1;58;6.24;6.19;3.79;3967
1.09;Premium;I;SI1;61.6;61;6.64;6.57;4.07;3968
0.91;Ideal;E;SI2;61.5;56;6.2;6.23;3.82;3968
0.91;Ideal;E;SI2;60.8;56;6.25;6.29;3.81;3968
0.91;Very Good;E;SI2;62.8;59;6.13;6.16;3.86;3968
0.62;Ideal;D;VVS1;62.2;54;5.45;5.48;3.4;3968
1.09;Premium;I;SI1;61.9;58;6.65;6.58;4.1;3968
1.02;Very Good;D;SI2;61.3;62;6.42;6.46;3.95;3971
1.01;Good;H;SI2;63.5;60;6.23;6.31;3.98;3971
1.01;Premium;I;SI2;62.1;59;6.42;6.39;3.98;3971
1.01;Premium;I;SI2;59.4;57;6.59;6.57;3.91;3971
0.8;Ideal;E;VS2;61.4;56;5.97;6.02;3.68;3972
0.8;Ideal;H;IF;62.4;54;5.93;5.99;3.72;3972
0.9;Good;I;VVS1;62.4;61;6.05;6.09;3.79;3972
1.02;Fair;H;SI1;64.6;55;6.33;6.28;4.07;3972
0.91;Good;E;SI1;64;61;6.01;6.06;3.86;3973
0.7;Very Good;F;VVS2;61.3;59;5.69;5.73;3.5;3974
1.02;Very Good;F;SI2;59.6;59;6.51;6.54;3.89;3974
1.03;Premium;F;SI2;60.2;55;6.59;6.53;3.95;3974
1;Very Good;H;SI2;63.1;58;6.29;6.36;3.99;3975
0.9;Very Good;D;SI2;62.2;57;6.11;6.15;3.81;3975
0.9;Very Good;D;SI2;61.2;54;6.25;6.29;3.84;3975
0.81;Ideal;E;VS2;61.5;57;6;6.06;3.71;3975
1.06;Ideal;I;SI2;62.4;57;6.48;6.54;4.06;3975
0.96;Good;H;SI2;61.6;59;6.24;6.29;3.86;3975
1;Fair;F;SI2;59.3;66;6.44;6.51;3.84;3975
0.91;Premium;G;SI1;62.2;59;6.19;6.15;3.84;3975
0.91;Premium;G;SI1;62.6;58;6.17;6.14;3.85;3975
0.91;Premium;G;SI1;62.8;58;6.18;6.15;3.87;3975
0.91;Premium;G;SI1;61.8;60;6.21;6.18;3.83;3975
0.9;Good;G;VS2;63.2;58;6.09;6.16;3.87;3976
1.23;Good;D;I1;63.7;58;6.72;6.79;4.3;3977
0.97;Very Good;F;SI2;59.6;59;6.41;6.47;3.84;3977
0.9;Very Good;F;SI2;62;59;6.2;6.1;3.81;3977
0.9;Good;G;VS1;64.5;57;6.01;6.08;3.9;3977
1;Good;F;SI2;63.7;57;6.36;6.32;4.04;3977
1;Premium;F;SI2;62.4;56;6.35;6.31;3.95;3977
1.06;Ideal;E;SI2;60.7;57;6.61;6.59;4;3977
1.11;Premium;I;SI1;61.9;58;6.63;6.61;4.1;3978
0.82;Ideal;E;SI1;61.8;53;6.02;6.05;3.73;3979
0.91;Good;H;VS2;62.7;62;6.11;6.21;3.86;3979
1.02;Very Good;I;SI2;62.8;56;6.42;6.38;4.02;3980
0.77;Ideal;D;VS2;61.6;55;5.88;5.91;3.63;3980
0.73;Ideal;D;VS2;61.5;55;5.79;5.82;3.57;3980
1.08;Good;J;VS2;64.3;58;6.46;6.44;4.15;3980
1.08;Fair;J;VS2;65.1;54;6.47;6.44;4.2;3980
0.81;Very Good;G;VVS2;63.5;55;5.9;5.94;3.76;3981
1.01;Premium;G;SI2;60.6;59;6.49;6.41;3.91;3981
1.01;Ideal;J;SI2;59;59;6.57;6.61;3.89;3982
1.02;Ideal;I;SI1;61.9;55;6.43;6.46;3.99;3983
1.02;Very Good;F;SI2;61.1;62;6.49;6.54;3.98;3984
0.83;Very Good;D;VS1;61.3;57.2;6.02;6.11;3.72;3984
0.9;Premium;G;SI1;62.2;60;6.14;6.07;3.8;3984
1.21;Fair;J;SI2;64.6;59;6.74;6.64;4.32;3984
0.95;Premium;H;SI1;62.9;58;6.26;6.21;3.92;3984
0.93;Premium;E;SI2;62.9;57;6.25;6.19;3.91;3984
1.04;Ideal;H;SI1;61.3;55;6.49;6.44;3.96;3984
1.17;Premium;F;I1;62.2;58;6.76;6.72;4.19;3984
1.21;Premium;J;SI2;60.8;58;6.93;6.88;4.19;3984
0.93;Ideal;H;SI1;61.6;54;6.29;6.33;3.89;3985
1.39;Premium;I;I1;62.6;57;7.15;7.1;4.46;3985
0.91;Ideal;G;SI2;61.6;56;6.24;6.22;3.84;3985
0.92;Very Good;G;SI1;62.5;60;6.19;6.26;3.89;3986
0.91;Very Good;E;SI2;60.5;59;6.26;6.34;3.81;3986
1.13;Very Good;I;SI2;59.1;63;6.85;6.82;4.04;3987
1.13;Premium;J;SI2;62.4;59;6.68;6.62;4.15;3987
1.13;Premium;I;SI2;62.2;59;6.67;6.61;4.13;3987
1.02;Ideal;H;I1;62.1;56;6.45;6.4;3.99;3987
0.93;Ideal;H;SI1;62.8;56;6.19;6.27;3.91;3988
0.9;Premium;H;VS2;62.1;58;6.16;6.2;3.84;3989
0.9;Good;H;VS2;63.1;60;6.08;6.12;3.85;3989
0.9;Very Good;H;VS2;62.6;58;6.14;6.22;3.87;3989
0.9;Very Good;H;VS2;62.1;57;6.16;6.23;3.85;3989
0.9;Good;H;VS2;61.9;58;6.14;6.18;3.81;3989
0.9;Very Good;D;SI2;59.5;58;6.28;6.33;3.75;3989
0.96;Premium;D;SI2;60;60;6.47;6.43;3.87;3989
1.06;Premium;E;SI2;60;59;6.64;6.59;3.97;3989
1.05;Good;F;SI2;63.6;59;6.4;6.36;4.06;3989
0.7;Ideal;E;VVS2;62.3;53.7;5.67;5.72;3.55;3990
0.93;Ideal;E;SI2;62.1;55;6.27;6.29;3.9;3990
0.9;Ideal;D;SI2;62.7;57;6.1;6.15;3.84;3990
0.93;Ideal;D;SI2;62.5;55;6.2;6.24;3.89;3990
0.83;Ideal;D;SI1;61.3;56;6.04;6.06;3.71;3990
0.9;Good;G;VS2;62;63;6.06;6.13;3.78;3990
1.25;Fair;H;SI2;64.4;58;6.82;6.71;4.36;3990
0.73;Ideal;F;VVS1;61.8;54;5.8;5.78;3.58;3990
0.91;Ideal;G;SI1;62.6;56;6.27;6.3;3.81;3991
1;Very Good;J;SI2;62.8;54;6.35;6.43;4.01;3991
1;Very Good;H;SI2;64.1;54;6.3;6.33;4.05;3991
0.91;Very Good;F;SI1;63.7;58;6.08;6.11;3.88;3991
1.01;Fair;E;SI2;56.8;66;6.63;6.58;3.75;3991
1;Good;H;SI2;63.2;60;6.27;6.33;3.98;3991
1;Good;H;SI2;59;61;6.42;6.46;3.8;3991
1.01;Fair;F;SI1;66.8;60;6.21;6.13;4.12;3991
1.01;Ideal;I;VS1;62.8;57;6.42;6.38;4.02;3991
1;Premium;H;SI1;61.8;60;6.37;6.31;3.92;3991
1.08;Premium;F;SI2;62.7;58;6.53;6.49;4.08;3992
0.9;Very Good;I;VS2;59.3;59;6.27;6.3;3.73;3992
0.9;Fair;F;VS2;58.9;67;6.18;6.17;3.64;3992
0.9;Premium;F;SI1;62.8;59;6.16;6.13;3.86;3992
0.9;Very Good;F;SI1;59.6;63;6.24;6.17;3.7;3992
0.9;Good;F;SI1;63.9;59;6.09;6.06;3.88;3992
0.9;Very Good;F;SI1;63.4;62;6.05;6;3.82;3992
0.9;Ideal;F;SI1;62.4;56;6.22;6.18;3.87;3992
0.9;Premium;F;SI1;61.6;60;6.19;6.14;3.8;3992
0.81;Very Good;F;VVS2;63.1;56;5.99;5.9;3.75;3992
0.9;Good;F;SI1;63.9;58;6.08;6.03;3.87;3992
0.91;Good;F;SI1;63.7;58;6.1;6.17;3.91;3993
0.74;Very Good;E;VVS1;63.5;58;5.78;5.72;3.65;3993
0.97;Premium;F;SI2;61.9;58;6.35;6.31;3.92;3993
0.97;Premium;F;SI2;59.9;59;6.45;6.38;3.84;3993
0.91;Very Good;I;VS2;61.5;58;6.2;6.23;3.82;3994
0.95;Ideal;H;SI2;59.3;59;6.42;6.46;3.82;3994
0.91;Good;F;SI1;64.4;60;6.05;6.1;3.91;3994
1.06;Very Good;H;SI2;62.6;60;6.43;6.47;4.04;3996
0.77;Ideal;H;VS2;61.3;56;5.91;5.94;3.63;3996
1.02;Premium;F;SI2;58;60;6.7;6.64;3.87;3996
0.85;Very Good;E;VS2;63.6;56;5.97;6.01;3.81;3997
1.01;Ideal;J;SI2;61.4;56;6.44;6.47;3.97;3997
0.92;Ideal;D;SI2;60.3;56;6.32;6.35;3.82;3997
0.9;Very Good;D;SI1;61.1;63;6.21;6.17;3.78;3997
0.9;Very Good;D;SI1;62.4;63;6.18;6.15;3.85;3997
0.9;Very Good;D;SI1;62.5;63;6.14;6.11;3.83;3997
0.9;Premium;D;SI1;62.8;59;6.1;6.06;3.82;3997
0.9;Very Good;D;SI1;63.2;62;6.13;6.06;3.85;3997
1.03;Ideal;I;SI2;62.2;57;6.5;6.46;4.03;3997
1.01;Very Good;I;SI2;63.7;57;6.32;6.36;4.04;3998
1.01;Very Good;J;SI1;62.8;57;6.37;6.41;4.01;3998
0.91;Very Good;H;SI1;59.2;60;6.3;6.41;3.76;3998
1.02;Premium;H;SI2;62.4;59;6.42;6.37;3.99;3998
1.02;Good;I;SI1;64.2;53;6.3;6.26;4.03;3998
1;Premium;G;SI2;59;62;6.52;6.47;3.83;3998
1.19;Premium;H;SI2;61.5;58;6.88;6.78;4.2;3998
1.02;Very Good;H;SI2;63.5;60;6.33;6.24;3.99;3998
1;Premium;G;SI2;62.2;57;6.29;6.25;3.9;3998
1.01;Good;H;SI2;63.7;55;6.32;6.37;4.04;3999
1.01;Premium;H;SI2;59.4;59;6.53;6.56;3.89;3999
1.01;Ideal;I;SI1;60.6;57;6.51;6.56;3.96;3999
0.7;Ideal;E;VS1;61.2;56;5.72;5.75;3.51;4000
1.07;Very Good;I;SI1;58.4;60;6.68;6.78;3.93;4001
0.9;Ideal;G;SI1;61.6;57;6.17;6.24;3.82;4001
0.9;Ideal;H;SI2;62.1;55;6.17;6.2;3.84;4001
1.03;Good;G;SI2;63.7;60;6.35;6.28;4.02;4001
0.8;Very Good;G;VVS2;62.5;56;5.95;5.98;3.73;4002
0.99;Very Good;J;SI1;60.3;57;6.44;6.49;3.9;4002
0.7;Very Good;D;VS1;59.3;55;5.86;5.83;3.47;4003
0.89;Very Good;E;SI1;62.7;57;6.08;6.13;3.83;4003
1.01;Ideal;G;SI1;62.9;57;6.37;6.3;3.98;4004
1.01;Very Good;F;SI2;60.7;57;6.42;6.46;3.91;4004
1.01;Good;F;SI2;63.1;58;6.34;6.38;4.01;4004
1;Good;E;SI2;60.5;61;6.31;6.38;3.84;4004
1;Very Good;E;SI2;58.8;62;6.5;6.53;3.83;4004
1;Very Good;E;SI2;59.5;63;6.41;6.47;3.83;4004
1;Very Good;E;SI2;59.1;61;6.39;6.44;3.79;4004
1.02;Very Good;H;SI2;58.3;61;6.57;6.63;3.85;4004
1.02;Very Good;H;SI2;63.5;58;6.34;6.38;4.04;4004
0.9;Very Good;F;SI1;63.3;55;6.05;6.08;3.84;4004
0.9;Good;F;SI1;58.8;60;6.22;6.26;3.67;4004
1.01;Fair;G;SI1;64.2;59;6.31;6.28;4.04;4004
1.01;Good;D;SI2;64;59;6.34;6.28;4.04;4004
1.1;Premium;H;SI2;59.5;57;6.81;6.74;4.03;4004
1.1;Premium;H;SI2;62.8;55;6.68;6.57;4.16;4004
0.75;Very Good;E;VVS2;62.8;57;5.74;5.78;3.62;4005
0.9;Good;F;SI1;62.6;58;6.1;6.14;3.83;4006
0.9;Ideal;H;VS2;62.6;57;6.19;6.15;3.86;4007
0.75;Ideal;D;VS1;62;58;5.77;5.84;3.6;4007
0.71;Ideal;H;IF;61.2;56;5.76;5.86;3.54;4007
1.06;Premium;I;SI2;58.4;58;6.7;6.65;3.9;4007
0.9;Premium;D;SI2;62.9;56;6.19;6.09;3.86;4007
0.9;Ideal;D;SI2;62.4;56;6.24;6.16;3.87;4007
1.01;Premium;F;SI2;61.8;59;6.41;6.31;3.93;4008
0.91;Very Good;I;VS2;59.9;58;6.35;6.27;3.78;4008
1.03;Ideal;J;SI2;62.1;54;6.47;6.51;4.03;4008
0.9;Ideal;G;SI1;60.8;58;6.2;6.29;3.8;4008
0.9;Ideal;G;SI1;61.9;59;6.16;6.19;3.82;4008
0.9;Ideal;G;SI1;61.6;58;6.16;6.21;3.81;4008
0.9;Good;G;SI1;62.5;62;6.04;6.09;3.79;4008
0.9;Very Good;F;SI1;63;61;6.09;6.14;3.85;4009
0.83;Ideal;F;SI1;61.8;55;6.01;6.06;3.73;4009
1.05;Very Good;E;SI2;61.7;59;6.52;6.58;4.04;4010
1.17;Good;G;SI2;63.6;62;6.65;6.55;4.2;4010
0.93;Premium;F;SI1;58.8;60;6.49;6.37;3.78;4010
0.93;Premium;F;SI1;62.5;58;6.22;6.19;3.88;4010
0.92;Very Good;E;SI2;62.1;58;6.18;6.22;3.85;4011
0.92;Premium;E;SI2;61.7;59;6.18;6.27;3.84;4011
0.92;Ideal;E;SI2;62.2;56;6.2;6.24;3.87;4011
0.92;Ideal;E;SI2;62.1;57;6.2;6.26;3.87;4011
0.92;Ideal;E;SI2;62.1;53;6.22;6.25;3.87;4011
0.9;Ideal;I;VVS2;61.9;55;6.21;6.23;3.85;4011
1.01;Good;F;SI2;58.3;60;6.64;6.66;3.88;4011
1.01;Good;F;SI2;59.4;60;6.44;6.49;3.84;4011
1.27;Premium;J;VS2;62.8;58;6.96;6.92;4.36;4011
0.91;Very Good;H;VS2;63.5;57;6.12;6.16;3.9;4012
0.87;Ideal;D;SI2;61.4;54;6.15;6.2;3.79;4012
0.74;Ideal;F;VVS1;60.9;57;5.83;5.86;3.56;4013
0.9;Good;F;SI2;61.9;59;6.09;6.12;3.78;4013
1.04;Very Good;F;SI2;63.2;58;6.39;6.34;4.02;4013
1.04;Ideal;I;VS2;62.9;56;6.5;6.41;4.06;4013
1.04;Premium;F;SI2;62.8;60;6.41;6.38;4.01;4013
0.71;Very Good;D;VVS2;61.7;58;5.71;5.74;3.53;4014
1.12;Premium;H;SI2;62.1;56;6.7;6.65;4.14;4014
1.12;Premium;E;I1;61;59;6.74;6.7;4.1;4014
1;Premium;E;SI2;60.4;62;6.52;6.42;3.91;4014
1;Very Good;H;SI2;63;61;6.31;6.35;3.99;4015
1;Good;I;SI1;63.2;56;6.31;6.37;4.01;4015
0.71;Ideal;G;VVS1;61.2;56;5.75;5.81;3.54;4015
0.9;Ideal;H;SI2;61;56;6.23;6.29;3.82;4016
0.9;Good;F;SI1;59.3;56;6.27;6.32;3.73;4016
1.01;Good;I;VS1;63.8;57;6.31;6.23;4;4016
1.01;Very Good;F;SI2;60.8;63;6.38;6.32;3.86;4017
1.01;Premium;F;SI2;62.5;61;6.37;6.33;3.97;4017
1.01;Ideal;F;SI2;62.7;57;6.43;6.37;4.01;4017
1.25;Premium;J;SI2;61.3;58;6.98;6.95;4.27;4018
0.97;Very Good;I;VS2;62.2;55.9;6.34;6.29;3.94;4018
1.05;Premium;G;SI2;62.7;54;6.51;6.48;4.07;4018
0.91;Premium;H;VS2;62.5;59;6.19;6.09;3.84;4018
0.97;Premium;F;SI2;58.9;58;6.51;6.47;3.82;4020
0.97;Good;H;SI1;62.1;60;6.24;6.29;3.89;4020
1.07;Ideal;G;SI2;61.1;57;6.61;6.65;4.05;4021
0.9;Very Good;H;VS1;62.5;56;6.13;6.19;3.85;4021
0.9;Very Good;H;VS1;63;62;6.09;6;3.81;4021
1.15;Very Good;J;SI2;63.6;57;6.6;6.64;4.21;4021
0.7;Ideal;F;VVS1;62.7;54;5.66;5.7;3.56;4021
0.7;Very Good;D;VVS2;62.8;60;5.65;5.69;3.56;4022
1.01;Premium;G;SI2;59.4;60;6.55;6.58;3.9;4022
0.65;Ideal;D;VVS1;61.8;57;5.54;5.56;3.43;4022
0.91;Ideal;I;VS1;61.9;56;6.2;6.23;3.85;4022
0.9;Good;G;VS2;63.6;59;6.1;6.04;3.86;4022
1.14;Premium;J;SI2;62.3;56;6.73;6.66;4.17;4022
0.9;Premium;G;VS2;61;58;6.2;6.13;3.76;4022
0.9;Premium;G;VS2;59.6;61;6.25;6.2;3.71;4022
1.14;Premium;D;I1;61.8;59;6.74;6.62;4.13;4022
1.5;Premium;H;I1;62.9;60;7.31;7.22;4.57;4022
1.5;Good;H;I1;64;56;7.18;7.05;4.56;4022
1;Premium;F;SI1;62.8;61;6.37;6.25;3.96;4022
1.01;Very Good;H;SI2;63.9;56;6.29;6.38;4.05;4023
0.83;Ideal;E;SI1;61.5;55;6.05;6.08;3.73;4024
1.23;Ideal;H;I1;61.8;56;6.85;6.91;4.25;4025
0.56;Very Good;D;IF;62.5;59;5.26;5.3;3.3;4025
1.13;Good;F;SI2;64;58;6.58;6.52;4.19;4025
1.13;Premium;F;SI2;58.3;61;6.88;6.78;3.98;4025
0.91;Premium;F;SI1;61;59;6.23;6.19;3.79;4026
0.96;Premium;H;SI1;63;58;6.27;6.23;3.94;4026
1;Good;E;SI2;64;54;6.31;6.26;4.01;4026
0.71;Ideal;E;VVS1;61.9;55;5.73;5.77;3.56;4027
0.94;Premium;E;SI2;62.4;58;6.33;6.26;3.93;4027
1.16;Ideal;J;SI1;60.7;57;6.83;6.77;4.13;4028
1.01;Good;F;SI2;61.3;62;6.44;6.48;3.96;4028
1.11;Premium;I;SI2;61.2;61;6.69;6.65;4.08;4028
1.11;Very Good;H;SI2;63.4;55;6.54;6.51;4.14;4028
1;Good;H;VS2;63.8;59;6.28;6.26;4;4028
1.11;Very Good;H;SI2;61.5;59;6.56;6.61;4.05;4029
0.71;Ideal;D;VS2;60.1;56;5.77;5.83;3.48;4029
0.71;Ideal;D;VS2;61.2;57;5.72;5.76;3.51;4029
0.71;Ideal;D;VS2;61.2;55;5.74;5.78;3.53;4029
0.71;Ideal;D;VS2;60.9;56;5.76;5.79;3.52;4029
0.71;Ideal;D;VS2;61.7;56;5.71;5.74;3.53;4029
0.91;Ideal;G;VS1;61.3;56;6.28;6.21;3.83;4029
0.71;Ideal;E;VVS2;61.2;57;5.73;5.8;3.53;4030
0.83;Ideal;F;VS1;62;57;6.02;5.97;3.72;4030
0.91;Very Good;E;SI1;61.9;61;6.11;6.14;3.79;4031
1.06;Premium;H;SI2;62.6;58;6.52;6.46;4.06;4031
1;Premium;H;SI2;61;57;6.51;6.4;3.94;4032
1;Premium;J;VS1;62.8;57;6.39;6.35;4;4032
1;Ideal;J;VS1;62.3;56;6.43;6.38;3.99;4032
1;Premium;H;SI2;61;57;6.51;6.4;3.94;4032
0.57;Very Good;D;IF;61.3;57;5.33;5.41;3.29;4032
0.9;Ideal;G;SI2;61.5;57;6.19;6.23;3.82;4032
1;Fair;E;SI2;57.3;62;6.54;6.59;3.76;4032
1;Fair;G;VS2;44;53;6.31;6.24;4.12;4032
1;Very Good;I;SI1;60.4;63;6.44;6.37;3.87;4032
1.2;Premium;H;SI2;59.8;58;6.92;6.83;4.11;4032
0.9;Premium;H;VS2;61.6;58;6.26;6.18;3.83;4032
1.01;Good;E;SI1;64.2;56;6.31;6.27;4.04;4032
1;Premium;H;SI2;62.7;59;6.35;6.31;3.97;4032
1;Good;I;VVS2;57.4;59;6.61;6.53;3.77;4032
1.5;Premium;E;I1;61.5;58;7.38;7.2;4.5;4032
0.93;Very Good;I;VS1;62.6;59;6.17;6.2;3.87;4033
0.91;Ideal;H;VS2;62.6;57;6.2;6.23;3.89;4033
1;Very Good;F;SI2;63.4;55;6.3;6.38;4.02;4033
0.9;Very Good;E;SI1;60.1;58;6.25;6.29;3.77;4034
0.9;Ideal;E;SI2;61.7;56;6.21;6.26;3.85;4034
0.9;Ideal;E;SI1;60.1;56;6.3;6.35;3.8;4034
1.03;Ideal;E;SI1;58.9;56;6.61;6.57;3.88;4035
1;Very Good;F;SI2;63.4;58;6.31;6.25;3.98;4036
0.9;Ideal;G;SI1;62.4;55;6.19;6.15;3.85;4036
1;Fair;F;SI2;59;67;6.48;6.41;3.8;4036
0.91;Premium;F;SI1;61.7;59;6.21;6.17;3.82;4036
0.32;Very Good;I;VS2;63.2;56;4.38;4.32;2.75;576
0.32;Premium;I;VS2;62.8;58;4.37;4.33;2.73;576
0.32;Ideal;I;VS2;63;57;4.37;4.33;2.74;576
0.32;Ideal;I;VS2;63;55;4.39;4.34;2.75;576
0.32;Very Good;I;VS2;63.4;55;4.37;4.33;2.76;576
0.32;Premium;H;SI1;61.9;59;4.41;4.38;2.72;576
0.32;Very Good;H;SI1;63.1;54;4.42;4.36;2.77;576
0.32;Premium;H;SI1;61.3;60;4.42;4.36;2.69;576
0.32;Premium;H;SI1;62.2;56;4.39;4.36;2.72;576
0.32;Premium;H;SI1;61.9;58;4.38;4.34;2.7;576
0.32;Very Good;H;SI1;63.1;55;4.37;4.34;2.75;576
0.32;Premium;E;SI2;61.2;58;4.44;4.39;2.7;576
0.32;Ideal;E;SI2;62.7;55;4.42;4.39;2.76;576
0.32;Premium;E;SI2;61.7;60;4.41;4.38;2.71;576
0.3;Premium;H;VS1;60;60;4.4;4.3;2.61;576
0.25;Very Good;F;VVS2;62;59;3.99;4.04;2.49;576
0.25;Very Good;F;VVS1;60.7;59;4.07;4.1;2.48;576
0.25;Premium;E;VVS1;60.7;60;4.09;4.11;2.49;576
0.25;Ideal;E;VVS1;61.2;57;4.08;4.12;2.51;576
0.25;Premium;E;VVS2;61.5;59;4.02;4.04;2.48;576
0.25;Premium;E;VVS2;62.5;59;4.02;4.05;2.52;576
0.25;Ideal;E;VVS2;62.1;57;4.04;4.07;2.52;576
0.25;Premium;E;VVS2;62;59;4.05;4.08;2.52;576
0.25;Premium;F;IF;61.1;58;4.08;4.1;2.5;576
0.25;Very Good;E;VVS1;62.9;59;3.99;4.02;2.52;576
0.25;Premium;E;VVS2;62.5;59;4.02;4.04;2.52;576
0.25;Good;E;VVS2;63.1;56;4;4.05;2.54;576
0.25;Ideal;E;VVS2;61.6;57;4.08;4.1;2.52;576
0.25;Very Good;E;VVS1;62.9;58;4.01;4.03;2.53;576
0.36;Premium;F;SI1;60.2;58;4.6;4.63;2.78;576
1.04;Premium;J;SI1;60.2;56;6.61;6.54;3.96;4036
0.77;Premium;D;VS1;59.4;59;5.96;6;3.55;4037
0.92;Premium;F;SI1;61.8;59;6.21;6.25;3.85;4037
0.92;Very Good;F;SI1;62.9;56;6.2;6.24;3.91;4037
0.92;Very Good;F;SI1;62.7;57;6.14;6.2;3.87;4037
1;Very Good;F;SI2;62.9;59;6.27;6.38;3.98;4037
1.02;Premium;H;SI1;59.1;60;6.59;6.54;3.88;4037
1.01;Premium;G;SI2;61.8;58;6.39;6.36;3.94;4038
1.01;Premium;G;SI2;62.1;61;6.38;6.27;3.93;4038
1.01;Premium;G;SI2;63;58;6.34;6.29;3.98;4038
1.03;Premium;I;SI1;61;58;6.52;6.47;3.96;4038
1.03;Fair;H;SI2;67;61;6.25;6.17;4.16;4038
1.01;Ideal;G;SI2;61.2;57;6.45;6.4;3.92;4038
1.01;Premium;G;SI2;61.1;58;6.39;6.37;3.9;4038
1.01;Ideal;G;SI2;63.2;57;6.33;6.28;3.99;4038
1.03;Premium;H;SI2;62.1;59;6.47;6.42;4;4038
1.02;Very Good;H;SI2;60.9;58;6.41;6.53;3.94;4039
1.02;Very Good;H;SI2;61.1;61;6.48;6.51;3.97;4039
0.76;Ideal;E;VS2;62.1;55;5.84;5.88;3.64;4039
0.77;Ideal;D;VS1;62.2;55;5.85;5.88;3.65;4039
0.92;Premium;H;VS1;61.7;62;6.2;6.12;3.8;4039
1.13;Premium;E;SI2;59.4;62;6.83;6.78;4.04;4040
0.74;Fair;D;VVS2;65.4;53;5.73;5.71;3.74;4040
0.91;Very Good;D;SI1;63.1;61;6.16;6.1;3.87;4041
1.05;Very Good;H;SI2;61.4;58;6.54;6.58;4.03;4042
1;Very Good;H;SI2;62.5;58;6.27;6.36;3.95;4042
0.71;Ideal;E;VVS2;62;53.9;5.73;5.77;3.57;4042
0.54;Ideal;D;VVS1;61.3;56;5.24;5.26;3.22;4042
1;Good;I;SI1;65.6;56;6.23;6.3;4.11;4042
1.02;Premium;F;SI2;61;58;6.49;6.52;3.97;4043
0.8;Ideal;F;VS2;60.9;57;5.98;6.04;3.66;4043
0.8;Ideal;F;VS2;62.1;56;5.93;5.98;3.7;4043
1.04;Premium;J;VS2;58.7;58;6.68;6.61;3.9;4043
0.9;Ideal;H;VS2;62.4;56;6.15;6.18;3.85;4044
0.9;Premium;H;VS2;60.6;60;6.24;6.3;3.8;4044
1.01;Premium;E;SI2;60.6;58;6.47;6.53;3.94;4044
1.01;Ideal;E;SI2;61.7;57;6.5;6.47;4;4044
0.9;Ideal;G;SI2;61.4;56;6.19;6.23;3.81;4044
1.02;Premium;D;SI2;61.3;62;6.46;6.42;3.95;4044
1.01;Fair;H;VS1;66.1;55;6.28;6.24;4.14;4044
1.02;Premium;D;SI2;62.3;58;6.42;6.37;3.99;4044
1.02;Ideal;G;SI1;62.4;56;6.42;6.37;3.99;4044
1.02;Ideal;D;SI2;62.5;57;6.43;6.38;4;4044
1.02;Fair;G;SI1;64.5;56;6.3;6.23;4.04;4044
1.2;Fair;G;SI2;65.5;59;6.73;6.53;4.34;4044
0.91;Premium;G;SI1;62.6;58;6.14;6.17;3.85;4045
0.91;Very Good;G;SI1;62.8;58;6.15;6.18;3.87;4045
0.91;Premium;G;SI1;62.2;59;6.15;6.19;3.84;4045
0.91;Premium;G;SI1;61.8;60;6.18;6.21;3.83;4045
1.29;Very Good;G;SI2;63.2;54;6.96;6.94;4.39;4045
1.09;Premium;J;SI1;62.3;59;6.55;6.59;4.09;4046
0.79;Ideal;H;IF;61.3;56;5.96;5.98;3.66;4046
1.01;Very Good;I;SI2;63.7;56;6.33;6.38;4.05;4047
0.9;Premium;F;SI1;62.3;58;6.18;6.12;3.83;4047
0.72;Ideal;D;VS1;61.7;56;5.77;5.81;3.57;4047
1.01;Good;G;SI2;59.2;65;6.35;6.41;3.78;4047
1.01;Fair;G;SI2;58.3;62;6.46;6.5;3.78;4047
1.09;Premium;G;SI2;60.7;57;6.72;6.62;4.06;4047
1.1;Ideal;H;VS2;62.6;57;6.61;6.56;4.12;4048
0.91;Very Good;F;SI1;62.3;60;6.08;6.15;3.81;4049
0.91;Ideal;G;SI1;61.8;57;6.16;6.2;3.82;4049
1.01;Good;F;SI2;65.7;58;6.12;6.2;4.05;4049
1.14;Very Good;F;I1;61.3;55.8;6.74;6.76;4.13;4050
0.93;Premium;H;VS2;61;60;6.29;6.26;3.82;4050
1.23;Good;D;I1;63.7;58;6.79;6.72;4.3;4050
0.91;Premium;D;SI2;61.5;56;6.27;6.22;3.84;4051
0.91;Premium;D;SI2;62.2;59;6.23;6.19;3.86;4051
0.91;Premium;D;SI2;61.1;60;6.29;6.24;3.83;4051
1.01;Very Good;H;SI1;62.5;58;6.37;6.42;4;4052
0.99;Good;F;SI2;63.3;54;6.36;6.43;4.05;4052
0.9;Premium;G;VS2;62.8;60;6.14;6.08;3.84;4052
0.71;Ideal;E;VS1;61.1;57;5.74;5.78;3.52;4053
0.71;Ideal;E;VS1;61.9;56;5.7;5.73;3.54;4053
0.8;Ideal;E;SI1;61.1;56;5.98;6.01;3.66;4053
1;Good;F;SI2;61.8;58;6.43;6.48;3.99;4053
0.94;Fair;F;SI1;56.8;67;6.56;6.44;3.69;4053
1.17;Good;J;SI1;63.9;55;6.66;6.73;4.28;4054
0.9;Very Good;E;SI1;61.8;60;6.14;6.2;3.81;4054
0.9;Very Good;E;SI1;62.2;60;6.14;6.17;3.83;4054
0.9;Very Good;F;SI1;59.8;54;6.25;6.32;3.76;4054
0.9;Very Good;F;SI1;63.3;57;6.1;6.16;3.88;4054
0.91;Very Good;F;SI2;60.9;58;6.28;6.2;3.8;4054
1.03;Ideal;J;SI2;62.4;56;6.44;6.48;4.03;4054
0.9;Ideal;F;SI1;62.5;56;6.13;6.16;3.84;4054
0.88;Ideal;F;SI1;62.3;53;6.12;6.15;3.82;4054
0.9;Good;G;VS2;62.1;59;6.02;6.16;3.78;4054
0.9;Good;E;SI1;62.4;62;6.13;6.17;3.84;4054
1.01;Premium;E;SI2;62.8;57;6.41;6.36;4.01;4054
1.11;Fair;J;SI2;64.8;55.1;6.44;6.55;4.21;4056
1.02;Premium;F;SI2;61.1;62;6.54;6.49;3.98;4057
1.06;Very Good;G;SI2;63.4;61;6.46;6.37;4.07;4057
0.9;Fair;E;VS2;65;55;6.11;6.04;3.95;4057
1.22;Very Good;J;SI2;62.2;60;6.77;6.89;4.25;4058
1.24;Fair;G;SI2;65.7;57;6.72;6.68;4.4;4058
0.9;Very Good;G;SI1;62.7;59;6.12;6.17;3.85;4059
1.04;Ideal;J;SI1;60.8;57;6.54;6.59;3.99;4059
0.9;Ideal;G;SI1;62.4;57;6.15;6.19;3.85;4059
0.96;Premium;G;SI2;61.1;59;6.32;6.28;3.85;4059
1.03;Very Good;G;SI2;63.1;58;6.41;6.37;4.03;4060
1.01;Good;G;SI2;63.7;59;6.31;6.38;4.04;4060
0.96;Very Good;D;SI2;60;60;6.43;6.47;3.87;4060
1.25;Very Good;H;SI2;63.5;57;6.73;6.65;4.25;4060
1.06;Good;H;SI1;57.2;60;6.84;6.74;3.88;4060
1.02;Premium;I;SI2;62.2;58;6.41;6.36;3.97;4061
0.9;Good;F;SI1;63.9;59;6.06;6.09;3.88;4062
0.9;Premium;F;SI1;60.4;59;6.29;6.32;3.81;4062
0.9;Very Good;E;VS2;61.1;63;6.2;6.17;3.78;4062
0.89;Ideal;G;VVS2;61.7;55;6.22;6.19;3.83;4062
0.93;Premium;G;SI1;61;59;6.34;6.28;3.85;4062
0.9;Premium;E;VS2;62.3;55;6.18;6.14;3.84;4062
0.97;Premium;F;SI2;61.9;58;6.31;6.35;3.92;4063
0.97;Very Good;F;SI2;59.9;59;6.38;6.45;3.84;4063
0.97;Fair;F;SI1;56.4;66;6.59;6.54;3.7;4063
0.9;Premium;H;VS1;61.8;56;6.18;6.16;3.81;4064
0.9;Very Good;H;VS2;62.1;60;6.11;6.2;3.82;4064
1.01;Very Good;D;SI2;62.9;59;6.29;6.37;3.98;4064
1.01;Good;G;SI1;63.1;55;6.31;6.33;3.99;4064
1.01;Very Good;G;SI1;62.3;59;6.34;6.37;3.96;4064
0.96;Very Good;H;SI1;63.1;58;6.2;6.25;3.93;4064
0.9;Premium;H;VS1;63;59;6.13;6.1;3.85;4064
1.12;Premium;J;SI1;62.3;57;6.72;6.61;4.15;4064
1.12;Premium;J;SI1;62.7;55;6.65;6.61;4.16;4064
1.44;Premium;J;SI2;58.2;58;7.39;7.35;4.29;4064
0.9;Ideal;H;VS1;61.2;57;6.28;6.24;3.83;4064
0.9;Premium;H;VS1;61.5;59;6.19;6.13;3.79;4064
1.12;Premium;H;SI2;62.4;58;6.58;6.63;4.12;4065
1.1;Good;E;SI2;63.3;56;6.53;6.58;4.15;4065
0.92;Ideal;F;SI2;62;54;6.26;6.32;3.9;4065
1;Good;D;SI2;64.3;59;6.21;6.3;4.02;4065
0.91;Very Good;H;VS1;61.7;56;6.22;6.25;3.85;4066
0.91;Very Good;H;VS1;62.7;63;6.1;6.03;3.8;4066
1.12;Very Good;J;SI2;58.5;60;6.83;6.89;4.01;4066
1.1;Very Good;G;SI2;63.4;56;6.56;6.54;4.15;4066
0.91;Ideal;D;SI2;62.6;54;6.22;6.25;3.9;4067
0.91;Good;F;SI1;58;57;6.36;6.47;3.72;4067
0.9;Very Good;D;SI1;62.4;63;6.15;6.18;3.85;4068
0.9;Very Good;D;SI1;61.8;61;6.16;6.2;3.82;4068
0.9;Very Good;D;SI1;62.5;63;6.11;6.14;3.83;4068
0.9;Very Good;D;SI1;61.1;63;6.17;6.21;3.78;4068
0.9;Good;D;SI1;63.2;62;6.06;6.13;3.85;4068
0.9;Very Good;D;SI1;62.8;59;6.06;6.1;3.82;4068
0.92;Ideal;G;SI2;62.4;56;6.21;6.23;3.88;4068
0.95;Ideal;E;SI2;62.2;56;6.26;6.35;3.92;4068
0.84;Ideal;E;SI1;61.7;53;6.08;6.11;3.76;4068
0.8;Ideal;F;VS1;62.8;56;5.91;5.96;3.73;4070
0.95;Premium;E;SI2;60.7;59;6.36;6.3;3.84;4070
1.03;Premium;E;SI2;58.8;62;6.58;6.51;3.85;4070
1.1;Ideal;E;SI2;59.4;54;6.79;6.74;4.02;4071
1.18;Good;E;SI2;63.6;57;6.74;6.72;4.28;4071
1.12;Premium;D;SI2;61.2;59;6.7;6.66;4.09;4071
1.01;Premium;I;SI1;61.8;58;6.45;6.37;3.96;4072
1.01;Premium;G;SI1;60.2;58;6.48;6.44;3.89;4072
1.01;Very Good;F;SI2;63.1;57;6.37;6.3;4;4072
1.01;Premium;D;SI2;61.7;59;6.41;6.37;3.94;4072
0.9;Ideal;H;VS2;62.7;57;6.13;6.15;3.85;4072
0.9;Good;H;VS1;60.6;61;6.13;6.19;3.73;4072
1.01;Premium;H;SI2;59.4;59;6.56;6.53;3.89;4072
1.01;Good;H;SI2;63.7;55;6.37;6.32;4.04;4072
1.01;Fair;G;VS2;65.7;54;6.32;6.28;4.14;4072
1.01;Very Good;I;SI1;63.4;62;6.25;6.18;3.94;4072
1.01;Premium;F;SI2;62;59;6.49;6.43;4.01;4072
1.01;Good;F;SI2;63.6;59;6.38;6.34;4.04;4072
1.01;Premium;I;SI2;60.5;60;6.52;6.5;3.94;4072
1.01;Premium;I;SI1;58.6;62;6.51;6.45;3.8;4072
0.93;Premium;I;VS2;62.7;61;6.24;6.14;3.88;4073
1.11;Ideal;J;SI2;62.5;57;6.64;6.6;4.14;4073
0.9;Very Good;F;SI1;61.6;58;6.12;6.26;3.81;4074
0.99;Premium;F;SI2;60.6;61;6.45;6.38;3.89;4075
1.07;Premium;I;SI1;58.4;60;6.78;6.68;3.93;4075
1.11;Very Good;I;SI2;63.1;57;6.59;6.54;4.14;4075
1;Ideal;E;SI2;62.3;57;6.33;6.28;3.93;4077
0.91;Ideal;E;VS2;62.1;55;6.17;6.14;3.82;4077
0.92;Premium;H;VS2;61.3;58;6.21;6.26;3.82;4077
1.01;Good;F;SI2;56.9;60;6.68;6.64;3.79;4077
1;Good;E;SI2;61.5;64;6.29;6.22;3.85;4077
0.9;Ideal;G;SI2;60.6;55;6.27;6.33;3.82;4077
1;Premium;E;SI2;60.5;61;6.38;6.31;3.84;4077
1.12;Premium;H;SI2;61;59;6.72;6.66;4.08;4077
1;Premium;E;SI2;59.1;61;6.44;6.39;3.79;4077
1;Very Good;E;SI2;59.5;63;6.47;6.41;3.83;4077
1;Ideal;E;SI2;60.7;55;6.39;6.33;3.86;4077
1.12;Premium;H;SI2;61;56;6.68;6.65;4.07;4077
1;Premium;E;SI2;62.6;56;6.43;6.39;4.01;4077
1.04;Ideal;H;SI2;59.6;56;6.64;6.59;3.94;4077
1.04;Ideal;H;SI2;62.2;56;6.51;6.48;4.04;4077
1.12;Premium;I;SI1;61.3;58;6.69;6.68;4.1;4077
1;Premium;E;SI2;62;59;6.43;6.3;3.95;4077
1;Premium;I;VS1;60.6;58;6.47;6.4;3.9;4077
1;Fair;E;SI2;64.6;60;6.23;6.18;4.01;4077
0.9;Good;D;SI2;64;59;6.04;6.09;3.88;4078
0.9;Very Good;D;SI2;62.9;56;6.09;6.19;3.86;4078
0.9;Ideal;D;SI2;62.4;56;6.16;6.24;3.87;4078
1.03;Premium;H;SI2;60.7;59;6.48;6.54;3.95;4078
1.03;Ideal;I;SI1;61.3;56;6.49;6.53;3.99;4078
1.03;Premium;H;SI2;62.3;59;6.42;6.46;4.01;4078
1.09;Very Good;I;SI2;63.8;57;6.5;6.55;4.16;4078
1.01;Ideal;H;SI2;60.7;59;6.47;6.45;3.92;4078
1.01;Ideal;H;SI2;61.3;59;6.5;6.46;3.97;4078
0.97;Ideal;E;SI2;62.3;56;6.28;6.33;3.93;4078
1.06;Premium;E;SI1;59.2;60;6.64;6.6;3.92;4078
1.02;Premium;G;SI2;58.1;58;6.67;6.58;3.85;4078
1.19;Premium;G;SI2;62.4;59;6.74;6.71;4.2;4078
1.01;Good;G;SI2;63.5;58;6.34;6.39;4.04;4079
1.01;Ideal;G;SI2;59.5;57;6.56;6.59;3.91;4079
0.9;Premium;G;VS2;60.6;61;6.19;6.13;3.73;4079
1;Very Good;I;SI2;60.7;59;6.4;6.46;3.9;4080
0.91;Very Good;G;SI1;63.5;58;6.15;6.04;3.87;4081
0.9;Very Good;G;VS2;63.5;62;6.07;6.11;3.87;4081
1;Very Good;F;SI2;62.8;57;6.37;6.44;4.02;4081
1;Good;I;VS2;62.6;59;6.28;6.33;3.95;4081
1;Very Good;F;SI2;62.9;59;6.3;6.39;3.99;4081
1;Very Good;F;SI2;62.6;58;6.31;6.37;3.97;4081
1;Good;F;SI2;63.8;58;6.28;6.33;4.02;4081
1;Good;F;SI2;62.7;57;6.29;6.34;3.96;4081
0.93;Very Good;F;SI1;58.8;60;6.37;6.49;3.78;4081
0.93;Premium;F;SI1;62.5;58;6.19;6.22;3.88;4081
0.91;Very Good;F;SI2;60.6;56;6.27;6.3;3.81;4081
1;Good;H;SI2;63;56;6.31;6.38;4;4081
0.9;Very Good;H;VS2;63.3;59;6.05;6.01;3.82;4082
1;Very Good;F;SI2;60.2;59;6.41;6.48;3.88;4082
0.74;Ideal;E;VVS2;62.2;57;5.78;5.83;3.61;4082
0.72;Ideal;D;VS2;61.8;56;5.74;5.78;3.56;4082
0.72;Ideal;D;VS2;61;55;5.79;5.81;3.54;4082
0.9;Premium;H;VS2;61.8;58;6.17;6.12;3.8;4082
0.9;Premium;H;VS2;61.3;59;6.24;6.19;3.81;4082
0.9;Premium;H;VS2;62.7;59;6.15;6.1;3.84;4082
0.9;Premium;H;VS2;62;57;6.16;6.1;3.8;4082
0.9;Premium;H;VS2;61.8;56;6.25;6.18;3.84;4082
0.9;Premium;H;VS2;60.7;58;6.21;6.17;3.76;4082
1.35;Premium;J;SI1;62.1;54;7.15;7.09;4.42;4082
1.1;Very Good;I;SI2;62.8;57;6.56;6.63;4.14;4083
1.12;Premium;G;SI2;61.2;58;6.67;6.69;4.09;4084
1.04;Very Good;G;SI2;60.3;62;6.5;6.56;3.94;4084
1.02;Very Good;I;SI2;62.6;56;6.41;6.44;4.02;4084
0.64;Ideal;D;VVS1;61.8;54;5.54;5.56;3.43;4084
1.1;Good;G;SI2;64.2;56;6.55;6.51;4.19;4084
1.11;Very Good;J;SI1;63.3;61;6.56;6.49;4.13;4084
1.28;Good;H;SI2;56.8;62;7.22;7.16;4.08;4086
0.8;Ideal;E;VS1;62.1;56;5.92;5.97;3.69;4086
0.92;Good;D;SI1;63.6;57;6.14;6.09;3.89;4086
1;Good;H;SI1;56.8;65;6.61;6.49;3.72;4086
0.81;Ideal;D;VS2;62.1;56;6.01;5.98;3.72;4087
1;Very Good;F;SI1;63.2;54;6.3;6.23;3.96;4088
1;Premium;H;SI2;58.6;59;6.57;6.5;3.83;4088
0.9;Ideal;G;SI1;62.1;56;6.2;6.16;3.84;4088
1;Premium;H;SI2;63;61;6.35;6.31;3.99;4088
1;Very Good;I;SI1;63.2;56;6.37;6.31;4.01;4088
0.9;Very Good;I;VS2;61.4;58;6.22;6.25;3.83;4089
1.01;Premium;E;SI2;60.8;58;6.49;6.46;3.94;4089
0.85;Ideal;E;SI1;63;56;6;6.04;3.79;4089
0.92;Good;G;SI1;60.6;60;6.29;6.32;3.82;4089
1.09;Premium;I;SI1;62;58;6.6;6.56;4.08;4090
1.09;Premium;I;VS2;59;61;6.78;6.75;3.98;4090
0.9;Ideal;E;SI2;62.7;54;6.13;6.21;3.87;4091
1.17;Premium;F;SI2;59.9;59;6.82;6.86;4.1;4092
1.06;Ideal;I;SI2;61.3;56;6.55;6.59;4.03;4092
0.79;Ideal;I;VVS2;61.7;56;5.94;5.95;3.67;4092
1.11;Ideal;J;SI2;61.7;57;6.63;6.69;4.11;4092
0.9;Very Good;E;SI1;63.1;61;6.18;6.14;3.89;4092
0.9;Premium;E;SI1;59.8;58;6.26;6.21;3.73;4092
0.9;Ideal;E;SI1;63;56;6.15;6.1;3.86;4092
0.9;Premium;E;SI1;62.7;62;6.22;6.1;3.85;4092
0.9;Very Good;E;SI1;63.1;60;6.18;6.14;3.89;4092
0.9;Good;G;VS2;63.6;59;6.04;6.1;3.86;4093
0.9;Very Good;G;VS2;59.6;61;6.2;6.25;3.71;4093
1.02;Good;H;SI1;57.1;61;6.57;6.66;3.78;4093
0.9;Ideal;I;VS1;61.3;55;6.21;6.25;3.82;4093
1.13;Premium;J;SI2;59.7;59;6.85;6.76;4.06;4093
1.08;Ideal;J;VS2;62.3;56;6.6;6.53;4.09;4093
0.72;Ideal;E;VVS2;62;54.9;5.75;5.78;3.57;4094
1;Premium;G;SI2;62.7;59;6.3;6.36;3.97;4095
0.7;Very Good;D;VS1;60.3;58;5.76;5.79;3.48;4095
1.03;Good;F;SI2;57.7;63;6.68;6.64;3.84;4095
1.03;Ideal;E;SI2;62;55;6.46;6.44;4;4095
0.91;Ideal;H;SI1;61.6;56;6.21;6.25;3.84;4096
1.11;Premium;G;SI1;60.9;59;6.69;6.64;4.07;4096
0.92;Premium;D;SI2;62.4;58;6.19;6.18;3.86;4096
0.92;Premium;D;SI2;62.4;60;6.25;6.21;3.89;4096
1.5;Premium;F;I1;62.6;57;7.33;7.21;4.55;4096
1.06;Premium;I;SI2;60.9;58;6.6;6.56;4.01;4096
0.95;Very Good;J;VVS2;60.5;59;6.33;6.36;3.84;4098
0.94;Premium;E;SI2;62.4;58;6.26;6.33;3.93;4098
1.08;Premium;J;SI1;61;60;6.57;6.62;4.02;4098
1.23;Ideal;H;I1;61.8;56;6.91;6.85;4.25;4098
0.9;Very Good;I;VVS1;61.3;59;6.17;6.2;3.79;4099
1.01;Ideal;J;SI2;61.9;55.3;6.43;6.5;4.01;4099
0.9;Very Good;F;SI1;62.8;59;6.1;6.16;3.85;4099
1.22;Fair;I;SI1;66.2;60;6.61;6.56;4.36;4099
1.2;Ideal;J;VS2;61.6;54;6.88;6.82;4.22;4099
1.03;Very Good;H;SI2;60.9;57;6.5;6.58;3.98;4101
1.11;Ideal;J;SI2;62.6;54;6.61;6.64;4.15;4101
0.9;Ideal;H;SI2;61.8;57;6.17;6.19;3.82;4101
0.9;Ideal;H;SI2;61.8;56;6.17;6.2;3.82;4101
0.9;Ideal;H;SI2;61.9;55;6.21;6.19;3.84;4101
1.03;Good;F;SI2;61.7;63;6.46;6.51;4;4101
0.97;Ideal;G;SI2;62.7;57;6.31;6.28;3.95;4101
0.97;Premium;G;SI2;61.3;57;6.37;6.32;3.89;4101
1.11;Very Good;E;SI2;61.6;61;6.61;6.66;4.09;4102
1.11;Very Good;E;SI2;61.7;63;6.54;6.65;4.07;4102
1.2;Very Good;J;SI2;61.8;56;6.81;6.85;4.22;4102
0.31;Premium;G;SI2;60.3;59;4.35;4.37;2.63;408
0.31;Very Good;I;SI1;60.7;60;4.33;4.37;2.64;408
0.31;Premium;I;SI1;62.3;59;4.29;4.32;2.68;408
0.31;Premium;G;SI2;61.3;58;4.37;4.4;2.69;408
0.31;Ideal;G;SI2;61.7;56;4.34;4.38;2.69;408
0.31;Good;I;SI1;63.3;53;4.3;4.32;2.73;408
0.31;Ideal;G;SI2;60.5;57;4.36;4.4;2.65;408
0.31;Good;I;SI1;63.8;55;4.31;4.34;2.76;408
0.31;Good;G;SI2;63.3;54;4.29;4.34;2.73;408
0.32;Ideal;J;VS2;61.5;53;4.44;4.47;2.74;409
0.35;Good;J;SI1;63.3;56;4.5;4.53;2.86;409
0.25;Very Good;E;VS2;59.7;61;4.08;4.1;2.44;409
0.3;Premium;H;SI2;60.2;62;4.37;4.34;2.62;410
0.25;Very Good;D;VS1;62.1;60;4.03;4.05;2.51;410
0.36;Premium;J;SI1;61.6;60;4.54;4.58;2.81;410
0.3;Ideal;J;VS1;62;57;4.28;4.3;2.66;411
0.3;Ideal;J;VS1;62.2;57;4.27;4.28;2.66;411
0.23;Premium;D;VS2;58.5;61;4.06;3.98;2.35;411
0.24;Very Good;E;VS1;62.5;55;3.96;3.98;2.48;412
0.27;Ideal;I;VVS2;62;54.5;4.15;4.19;2.58;412
0.31;Good;J;VS1;61.9;61;4.29;4.34;2.67;412
0.27;Very Good;E;VS1;60.6;59;4.19;4.22;2.55;413
0.27;Very Good;D;VS1;62.2;58;4.14;4.15;2.58;413
0.3;Very Good;G;SI1;60.1;58;4.31;4.34;2.6;413
0.3;Very Good;D;SI2;62.3;58;4.26;4.28;2.66;413
0.3;Ideal;J;VVS2;62;54;4.3;4.34;2.68;413
0.32;Ideal;J;VS2;62.3;55.3;4.36;4.37;2.72;413
0.34;Ideal;J;VS1;61.9;55;4.5;4.54;2.8;413
0.33;Ideal;F;SI2;61.4;57;4.44;4.48;2.74;413
0.3;Ideal;D;SI2;61.1;58;4.31;4.33;2.64;413
0.23;Very Good;D;VS2;60.2;57;4.02;4.07;2.43;577
0.3;Ideal;H;VVS2;61;55;4.33;4.34;2.65;577
0.31;Ideal;G;VS2;62.1;55;4.35;4.38;2.71;577
0.27;Ideal;F;VS2;60.9;57;4.17;4.2;2.55;577
0.27;Ideal;F;VS2;60.3;56;4.24;4.27;2.56;577
0.27;Ideal;E;VS2;61;55;4.18;4.2;2.56;577
0.27;Ideal;F;VS1;61.7;57;4.15;4.18;2.57;577
0.27;Ideal;E;VS1;60.5;56;4.21;4.22;2.55;577
0.25;Ideal;H;VVS1;62.5;56;4.06;4.03;2.53;577
0.25;Premium;H;VVS1;59.8;59;4.09;4.07;2.44;577
0.25;Premium;H;VVS1;60.1;62;4.11;4.08;2.46;577
0.25;Premium;H;VVS1;62.7;60;4.03;3.98;2.51;577
0.33;Premium;F;VS2;60;60;4.45;4.49;2.68;577
0.31;Very Good;H;VVS2;62.6;56;4.33;4.36;2.72;578
0.31;Very Good;H;VVS2;61.2;55;4.41;4.44;2.7;578
0.26;Ideal;I;VS1;61.6;54;4.08;4.12;2.53;578
0.3;Very Good;E;VS1;61.5;57;4.28;4.31;2.64;578
0.4;Very Good;F;SI2;62.6;53;4.7;4.75;2.96;579
0.4;Very Good;F;SI2;62.1;57;4.7;4.74;2.93;579
0.36;Ideal;G;VS2;62.3;54;4.59;4.62;2.87;579
0.31;Fair;E;SI1;56.9;66;4.53;4.47;2.56;579
0.33;Premium;E;SI1;60.4;59;4.43;4.47;2.69;579
0.33;Ideal;G;VS2;62.2;56;4.43;4.44;2.76;579
0.33;Very Good;G;VS2;60.6;61;4.46;4.49;2.71;579
0.33;Good;E;SI1;63.4;55;4.37;4.4;2.78;579
0.33;Very Good;E;SI1;60.2;58;4.49;4.55;2.72;579
0.33;Good;E;SI1;63.8;55;4.36;4.38;2.79;579
0.33;Very Good;E;SI1;60.3;60;4.47;4.49;2.7;579
0.33;Premium;G;VS2;61.3;59;4.44;4.46;2.73;579
0.33;Ideal;H;VS1;61.5;56;4.44;4.47;2.74;579
1;Good;F;SI2;65.7;62;6.15;6.21;4.06;4102
1.01;Fair;G;SI1;66.9;56;6.15;6.22;4.14;4102
1.09;Premium;E;SI2;60.1;62;6.72;6.6;4;4102
1.02;Premium;H;SI1;61.8;56;6.47;6.42;3.98;4102
0.9;Ideal;F;SI1;62.3;56;6.17;6.13;3.83;4103
0.9;Premium;F;SI1;62.6;60;6.11;6.06;3.81;4103
1.06;Ideal;I;SI2;61.9;59;6.47;6.52;4.02;4103
0.9;Very Good;F;SI1;63.1;56;6.17;6.12;3.88;4103
0.91;Very Good;G;VS2;64;56.6;6.09;6.15;3.92;4105
1.07;Premium;J;SI2;62.4;58;6.54;6.47;4.06;4105
1.2;Ideal;J;VS2;62.2;54;6.84;6.8;4.24;4106
0.9;Premium;E;SI1;61.1;58;6.22;6.26;3.81;4106
1.01;Good;E;SI1;64.3;59;6.28;6.31;4.05;4106
0.94;Premium;G;SI1;61.9;57;6.29;6.24;3.88;4106
1.01;Fair;E;SI1;65.6;59;6.22;6.18;4.07;4106
1.3;Very Good;J;VS2;63.3;57;6.98;6.96;4.41;4106
1;Very Good;I;SI2;62.6;57;6.37;6.4;4;4107
0.91;Fair;D;VS2;65.7;56;6.1;6.05;3.99;4107
0.91;Fair;D;VS2;65.7;58;6.04;5.99;3.95;4107
0.91;Ideal;F;SI1;60.2;57;6.29;6.34;3.8;4108
0.91;Very Good;F;SI1;62.2;57;6.19;6.25;3.87;4108
0.87;Ideal;D;SI1;62.6;56;6.17;6.08;3.84;4108
0.9;Good;G;VS1;65.8;59;6;6.04;3.96;4108
0.91;Ideal;H;VS1;62.9;55;6.23;6.13;3.89;4109
0.93;Very Good;G;SI1;61.5;57;6.23;6.33;3.86;4111
0.81;Ideal;H;IF;61.6;58;5.98;6.01;3.69;4111
1.05;Very Good;H;SI2;63.8;58;6.38;6.45;4.09;4112
1.02;Premium;H;SI2;60.9;58;6.53;6.41;3.94;4113
0.91;Good;D;SI1;63.1;61;6.1;6.16;3.87;4113
1.09;Very Good;F;SI2;58.5;59;6.75;6.8;3.96;4113
0.93;Very Good;E;SI2;62.5;58;6.21;6.24;3.89;4113
1;Good;G;SI2;57.6;62;6.62;6.55;3.79;4113
0.82;Ideal;D;SI1;61.9;56;5.99;6.02;3.72;4113
1.13;Fair;H;SI2;64.4;58;6.59;6.51;4.22;4113
1.02;Premium;H;SI2;61.1;61;6.51;6.48;3.97;4113
1.13;Premium;I;SI1;61.7;58;6.66;6.62;4.1;4113
1.02;Premium;I;SI1;61.7;58;6.48;6.45;3.99;4113
1.2;Premium;J;SI1;62.8;58;6.77;6.7;4.23;4113
0.96;Premium;E;SI2;62.6;60;6.32;6.26;3.94;4113
1.02;Ideal;I;SI2;60.6;56;6.57;6.53;3.97;4113
0.7;Very Good;E;VVS1;61.9;58;5.6;5.67;3.49;4114
0.7;Ideal;F;VVS2;61.7;55;5.7;5.74;3.53;4114
0.7;Ideal;F;VVS2;61.2;56;5.73;5.78;3.52;4114
0.9;Good;I;VVS1;63.6;58;6.14;6.1;3.89;4114
0.9;Premium;D;SI2;59.2;60;6.34;6.3;3.74;4114
0.91;Fair;H;VVS1;56.5;67;6.38;6.4;3.61;4115
0.9;Very Good;G;VS1;61.5;56;6.15;6.2;3.8;4116
1.01;Good;H;SI1;64;58;6.31;6.37;4.06;4116
1.01;Good;H;SI1;63.4;58;6.37;6.41;4.05;4116
0.73;Very Good;D;VS1;61.1;59;5.79;5.86;3.56;4116
0.98;Ideal;G;SI2;62.9;57;6.33;6.29;3.97;4116
0.92;Good;H;VS1;62.3;63;6.18;6.3;3.88;4116
1.05;Premium;H;SI2;61.4;58;6.58;6.54;4.03;4116
1.05;Premium;G;SI2;61.7;56;6.57;6.53;4.04;4116
1.05;Premium;J;VS1;60;60;6.46;6.43;4;4116
1.05;Ideal;J;VS1;62.8;57;6.45;6.41;4.04;4116
1;Premium;E;SI2;62.6;60;6.35;6.33;3.97;4116
0.9;Good;D;SI1;64.4;60;5.95;6;3.85;4117
0.8;Very Good;E;VS1;60.7;60;6;6.09;3.67;4118
1.02;Ideal;I;SI2;61.8;57;6.44;6.46;3.99;4118
1.01;Ideal;E;SI2;63;56;6.34;6.3;3.98;4118
1.01;Premium;E;SI2;60.6;58;6.53;6.47;3.94;4118
1.01;Fair;E;SI2;55.2;65;6.78;6.67;3.71;4118
1.01;Very Good;E;SI2;63.1;61;6.34;6.27;3.98;4118
1.01;Fair;E;SI2;64.7;55;6.37;6.3;4.1;4118
1.01;Fair;D;SI1;66.3;55;6.22;6.17;4.11;4118
1.01;Good;E;SI2;63.7;55;6.38;6.31;4.05;4118
1.01;Premium;G;SI1;63;60;6.34;6.3;3.98;4118
1.01;Ideal;I;VS1;62.9;56;6.43;6.38;4.03;4118
1.01;Premium;G;SI1;60;59;6.51;6.47;3.89;4118
1.07;Premium;H;SI2;62.2;59;6.47;6.53;4.04;4119
0.9;Good;F;SI1;62.5;59;6.1;6.13;3.82;4119
0.9;Very Good;F;SI1;62.7;59;6.12;6.16;3.85;4119
1.01;Very Good;F;SI2;62.8;58;6.31;6.36;3.98;4119
1.01;Ideal;H;SI2;62.8;56;6.38;6.45;4.03;4119
1.01;Good;F;SI2;58.2;63;6.51;6.55;3.8;4119
1.01;Very Good;J;VS2;59.3;59;6.5;6.58;3.88;4120
1.11;Premium;I;SI2;61.5;58;6.61;6.65;4.08;4120
1.06;Ideal;H;SI1;62.7;57;6.48;6.53;4.08;4120
1.11;Premium;I;SI2;61.8;58;6.61;6.66;4.1;4120
0.9;Good;D;SI1;63.8;58;6.13;6.09;3.9;4120
1.09;Premium;I;SI2;61.3;55;6.66;6.62;4.07;4120
1.01;Very Good;F;SI2;62.7;56;6.35;6.4;4;4121
1.01;Good;I;VS2;62.8;59;6.34;6.4;4;4121
1.01;Very Good;F;SI2;62.2;58;6.36;6.4;3.97;4121
1.01;Good;F;SI2;63.6;59;6.34;6.37;4.04;4121
1.01;Very Good;F;SI2;61;60;6.44;6.48;3.94;4121
1.01;Premium;F;SI2;60.6;60;6.46;6.5;3.93;4121
0.91;Premium;D;SI2;62.2;59;6.19;6.23;3.86;4123
0.91;Very Good;D;SI2;61.5;56;6.22;6.27;3.84;4123
0.91;Premium;D;SI2;61.1;60;6.24;6.29;3.83;4123
1.13;Fair;J;SI1;64.9;55;6.49;6.56;4.24;4123
1.04;Premium;D;SI2;60.9;57;6.54;6.49;3.97;4123
0.9;Very Good;F;VS2;62.7;62;6.11;6.17;3.85;4124
0.71;Ideal;E;VVS2;62;57;5.7;5.72;3.54;4124
0.9;Good;G;VS2;64.9;61;5.91;5.99;3.86;4124
1.08;Premium;G;SI2;63;54;6.58;6.54;4.13;4124
1.14;Ideal;F;I1;61.3;56;6.76;6.74;4.13;4124
1;Good;H;SI2;62.7;58;6.31;6.33;3.96;4125
1;Very Good;E;SI2;62.8;59;6.3;6.34;3.97;4125
1;Ideal;I;SI1;59.8;57;6.44;6.5;3.87;4125
1;Very Good;I;SI1;63;58;6.3;6.33;3.98;4125
1.04;Very Good;G;SI2;62.7;57;6.4;6.46;4.03;4125
0.8;Ideal;E;SI1;61.9;55;5.94;5.98;3.69;4125
0.91;Good;G;VS2;59.9;61;6.2;6.33;3.75;4125
0.9;Fair;E;VS2;64.5;61;6.07;6.03;3.9;4125
0.8;Very Good;F;VVS2;62.7;58;5.88;5.92;3.7;4126
0.9;Very Good;I;VS1;62.6;59;6.11;6.15;3.84;4126
0.8;Ideal;E;VS2;62.2;55;5.95;5.98;3.71;4126
1.05;Ideal;J;SI2;62.3;54;6.52;6.55;4.07;4126
1.07;Premium;I;SI1;61.2;58;6.62;6.55;4.03;4126
0.81;Ideal;G;VVS2;61.7;55.1;5.97;6.04;3.71;4127
0.74;Ideal;F;VVS1;60.8;60;5.82;5.86;3.55;4127
0.89;Ideal;F;SI1;62.1;55;6.15;6.18;3.83;4127
1.01;Fair;F;SI2;58.2;61;6.48;6.52;3.78;4127
0.9;Ideal;D;VS2;61.5;56;6.25;6.2;3.83;4128
0.91;Premium;H;VS2;62.8;58;6.17;6.15;3.87;4128
0.91;Premium;H;VS2;61.9;59;6.23;6.18;3.84;4128
0.91;Premium;H;VS2;61;59;6.32;6.27;3.84;4128
1.07;Ideal;F;SI2;61.2;57;6.62;6.59;4.04;4128
0.91;Premium;H;VS2;59.9;62;6.33;6.26;3.77;4128
1.01;Ideal;G;SI1;61.5;56;6.52;6.46;3.99;4129
0.9;Very Good;H;VS2;63.7;61;6.04;6.07;3.86;4129
1.01;Ideal;H;SI2;61.7;56;6.47;6.43;3.98;4129
1.01;Very Good;I;VS1;63.1;56;6.42;6.36;4.03;4129
1.01;Good;J;VS1;60.4;64;6.48;6.44;3.9;4129
1.01;Fair;H;SI2;64.9;56;6.33;6.25;4.08;4129
1.01;Premium;I;SI1;59.9;59;6.46;6.42;3.86;4129
0.9;Very Good;D;SI1;60.1;58;6.27;6.3;3.78;4130
0.82;Ideal;G;VVS2;62.1;56;5.97;6.01;3.72;4130
1.08;Ideal;I;SI2;62.3;57;6.56;6.61;4.1;4130
1.16;Good;F;SI2;60.8;65;6.78;6.75;4.11;4131
1.01;Ideal;H;SI2;60.1;60;6.54;6.5;3.92;4131
1.09;Ideal;J;VS2;61.3;57;6.63;6.61;4.06;4131
1.2;Premium;I;VS2;61.3;60;6.79;6.75;4.15;4131
1.06;Very Good;I;SI2;62.8;56;6.47;6.55;4.09;4132
0.91;Ideal;E;SI1;61;58;6.23;6.29;3.82;4132
1.22;Premium;J;SI2;62.2;60;6.89;6.77;4.25;4132
0.9;Premium;D;SI2;61.2;62;6.22;6.07;3.76;4133
1.23;Premium;I;SI1;60.3;60;6.95;6.88;4.17;4133
1.01;Very Good;J;SI1;63.3;55;6.34;6.32;4.01;4133
1;Ideal;I;SI1;61.6;59;6.34;6.42;3.93;4133
1.1;Good;I;SI1;63.1;61;6.49;6.56;4.12;4133
0.9;Ideal;G;VS2;62.7;56;6.25;6.15;3.89;4133
0.9;Premium;E;SI2;61.7;57;6.23;6.21;3.84;4133
0.9;Ideal;H;VS2;61.9;55;6.22;6.19;3.84;4133
0.9;Very Good;E;VS2;61.1;63;6.17;6.2;3.78;4134
1.11;Premium;F;SI2;62.5;59;6.59;6.53;4.1;4134
0.73;Ideal;D;VS2;60.7;57;5.84;5.88;3.55;4134
0.73;Ideal;D;VS2;61.6;56;5.76;5.8;3.56;4134
0.9;Very Good;G;VS2;63.4;59;6.08;6.13;3.87;4135
0.82;Very Good;E;VS2;62.8;59;5.92;5.93;3.72;4135
0.82;Ideal;D;SI1;61.6;57;6.02;6.06;3.72;4135
0.82;Ideal;D;SI1;62.2;55;5.97;5.99;3.72;4135
0.9;Good;G;VS2;64.4;62;5.97;6.02;3.86;4135
1.04;Ideal;I;SI1;63;56;6.49;6.39;4.06;4135
1.01;Good;G;SI2;63.7;59;6.38;6.31;4.04;4135
0.9;Very Good;H;VS1;61.5;59;6.13;6.19;3.79;4136
0.9;Very Good;H;VS1;61.8;56;6.16;6.18;3.81;4136
0.96;Very Good;H;VS2;61.2;57;6.34;6.38;3.89;4136
0.9;Very Good;H;VS1;62.7;57;6.14;6.18;3.86;4136
0.9;Very Good;H;VS1;63;59;6.1;6.13;3.85;4136
0.96;Very Good;G;SI1;62;59;6.26;6.32;3.9;4136
1.02;Very Good;J;SI1;61.4;58;6.47;6.5;3.98;4137
0.9;Premium;G;VS2;62.4;61;6.17;6.13;3.84;4137
0.9;Premium;G;VS2;60.8;56;6.19;6.14;3.75;4137
0.9;Premium;G;VS2;62;60;6.19;6.14;3.82;4137
0.9;Premium;G;VS2;62.8;58;6.14;6.09;3.84;4137
1.01;Premium;F;SI2;62.8;57;6.31;6.24;3.94;4137
1;Good;H;SI1;56.8;65;6.61;6.49;3.72;4138
0.91;Premium;E;SI1;60.5;61;6.23;6.19;3.76;4138
0.91;Premium;E;SI1;62.4;57;6.23;6.11;3.85;4138
0.91;Premium;E;SI1;61.9;61;6.12;6.1;3.78;4138
1.01;Premium;G;SI1;62.3;59;6.37;6.34;3.96;4138
0.91;Very Good;E;SI1;63.5;57;6.11;6.07;3.87;4138
0.91;Premium;E;SI1;62.6;58;6.17;6.14;3.85;4138
1.01;Good;G;SI1;64.2;56;6.38;6.26;4.05;4138
1.05;Premium;E;SI2;61.5;59;6.52;6.58;4.03;4139
1.12;Ideal;D;I1;60.6;55;6.73;6.76;4.09;4139
0.97;Very Good;G;SI1;60.2;61;6.4;6.46;3.87;4140
1.01;Good;F;SI2;64.9;60;6.2;6.25;4.04;4140
1.01;Good;F;SI2;58.2;61;6.47;6.53;3.78;4140
1.1;Very Good;E;SI2;63.3;56;6.58;6.53;4.15;4140
1.32;Fair;H;I1;65.8;55;6.87;6.83;4.51;4140
0.8;Ideal;F;VVS2;61.6;57;5.97;5.94;3.67;4140
1.12;Ideal;F;SI2;61.8;55;6.69;6.66;4.13;4140
0.93;Premium;D;SI2;62.6;57;6.26;6.2;3.9;4140
0.93;Premium;D;SI2;60.6;59;6.34;6.3;3.83;4140
1.5;Premium;G;I1;60.4;55;7.4;7.32;4.45;4140
1;Fair;E;SI1;66.3;62;6.27;6.06;4.09;4140
1.5;Good;G;I1;63.7;57;7.28;7.21;4.62;4140
1.04;Premium;I;SI2;61.3;59;6.5;6.46;3.97;4141
0.82;Very Good;F;VVS2;63.1;59;5.91;5.97;3.75;4141
0.91;Very Good;F;SI1;62;59;6.2;6.22;3.85;4141
0.95;Premium;E;SI2;60.7;59;6.3;6.36;3.84;4142
1;Very Good;G;SI2;62.4;60;6.31;6.36;3.95;4142
0.96;Very Good;F;SI2;60.9;57;6.38;6.42;3.9;4142
0.73;Ideal;G;IF;62.3;56;5.72;5.78;3.58;4142
0.91;Very Good;H;VVS2;63.6;56;6.11;6.13;3.89;4143
1;Premium;F;SI1;59;59;6.55;6.5;3.85;4144
1;Premium;J;VS1;62.8;57;6.39;6.35;4;4144
1;Ideal;J;VS1;62.3;56;6.43;6.38;3.99;4144
0.9;Very Good;E;SI1;62;62;6.11;6.21;3.82;4144
0.93;Very Good;G;SI1;62.3;58;6.2;6.29;3.9;4144
1;Premium;H;SI1;61.7;59;6.41;6.36;3.94;4144
1;Premium;F;SI2;61.5;59;6.47;6.44;3.97;4144
1.41;Fair;H;I1;64.7;58;7.05;7;4.55;4145
1.05;Premium;J;VS2;61.1;58;6.56;6.51;3.99;4145
0.8;Ideal;G;VVS2;62.6;54;5.9;5.97;3.71;4146
1.21;Fair;J;SI1;65;59;6.64;6.57;4.29;4147
1.21;Fair;J;SI1;65.3;60;6.6;6.51;4.28;4147
0.9;Ideal;E;SI1;61.7;56;6.16;6.23;3.82;4147
0.9;Good;E;SI1;60.4;58;6.12;6.24;3.73;4147
1;Very Good;I;SI1;63.1;58;6.3;6.35;3.99;4149
1.01;Good;H;SI2;64.8;58;6.24;6.29;4.06;4149
1.01;Good;E;SI2;63.3;58;6.29;6.35;4;4149
1.14;Ideal;H;SI2;62.6;57;6.71;6.65;4.18;4150
0.92;Premium;D;SI2;62.5;55;6.21;6.18;3.87;4150
0.91;Good;G;VS1;64.1;59;6.1;6.13;3.92;4150
1.01;Good;G;SI2;62.4;60;6.32;6.38;3.96;4150
1;Fair;H;SI1;56.3;63;6.63;6.61;3.73;4150
0.95;Premium;G;SI1;62.6;58;6.26;6.21;3.9;4150
0.76;Ideal;D;VVS2;62.3;57;5.87;5.84;3.65;4150
1;Premium;H;SI1;61.8;59;6.4;6.35;3.94;4150
0.76;Premium;F;IF;60.6;60;5.89;5.85;3.56;4150
1.02;Premium;F;SI2;62.7;59;6.38;6.45;4.02;4151
0.9;Very Good;E;SI1;63.1;58;6.12;6.02;3.83;4151
0.9;Premium;G;VS2;61.1;58;6.22;6.25;3.81;4152
1.08;Very Good;J;SI2;62.5;60;6.51;6.57;4.09;4152
1.18;Ideal;E;I1;61.6;56;6.79;6.82;4.19;4153
1.01;Very Good;J;SI1;61.3;57;6.45;6.5;3.97;4153
1.03;Premium;H;SI2;62.3;59;6.46;6.42;4.01;4153
1.03;Premium;J;SI1;61.7;54;6.56;6.5;4.03;4153
1.01;Premium;G;SI2;60.1;59;6.45;6.39;3.86;4154
1.09;Good;F;SI1;61;64;6.58;6.63;4.03;4154
1.01;Very Good;G;SI2;63.5;58;6.39;6.34;4.04;4154
0.92;Premium;H;VS1;61;62;6.32;6.26;3.84;4155
0.9;Very Good;H;VS2;62;57;6.1;6.16;3.8;4155
0.9;Premium;H;VS2;61.8;58;6.12;6.17;3.8;4155
0.9;Premium;H;VS2;61.3;59;6.19;6.24;3.81;4155
0.9;Very Good;H;VS2;61.8;56;6.18;6.25;3.84;4155
0.9;Very Good;H;VS2;62.7;59;6.1;6.15;3.84;4155
1.02;Very Good;I;SI2;63.2;60;6.37;6.41;4.04;4155
1;Good;F;SI2;57.3;61;6.64;6.59;3.79;4155
1.06;Premium;F;SI1;61.9;59;6.57;6.52;4.05;4155
1;Premium;I;VS2;62.6;59;6.33;6.28;3.95;4155
1;Good;F;SI2;63.8;58;6.33;6.28;4.02;4155
1;Ideal;F;SI2;62.7;57;6.34;6.29;3.96;4155
1;Premium;F;SI2;62.9;59;6.39;6.3;3.99;4155
1;Premium;F;SI2;62.6;58;6.37;6.31;3.97;4155
1;Premium;F;SI2;62.8;57;6.44;6.37;4.02;4155
1;Good;I;VS2;59.7;64;6.51;6.45;3.87;4155
1;Good;D;SI1;57.6;62;6.62;6.5;3.78;4155
1.06;Premium;D;SI2;60.9;60;6.55;6.52;3.98;4155
1;Premium;F;SI2;62.4;61;6.34;6.32;3.95;4155
1;Premium;F;SI2;59.4;62;6.4;6.37;3.79;4155
1.06;Premium;I;SI1;62.9;60;6.47;6.43;4.06;4155
0.9;Good;H;VS2;61.5;61;6.15;6.24;3.81;4156
0.9;Very Good;H;VS2;62.2;58;6.11;6.18;3.82;4157
0.74;Ideal;F;VVS2;61.7;57;5.79;5.84;3.59;4157
0.9;Ideal;I;VS2;62;53;6.17;6.23;3.85;4157
1.1;Ideal;J;SI2;60.9;56;6.68;6.72;4.08;4157
1.16;Premium;H;SI2;58.8;61;6.93;6.84;4.05;4157
0.9;Premium;F;SI1;61.2;59;6.19;6.16;3.78;4158
0.9;Very Good;F;SI1;63.2;56;6.16;6.09;3.87;4158
0.92;Good;D;SI1;63.6;57;6.09;6.14;3.89;4158
0.92;Good;D;SI1;63.1;58;6.11;6.16;3.87;4158
1;Good;F;SI1;63.7;58;6.29;6.34;4.02;4158
1.05;Very Good;H;SI2;63;59;6.44;6.48;4.07;4158
1.1;Ideal;I;SI2;62.8;57;6.63;6.56;4.14;4158
1.12;Premium;G;SI2;61.2;58;6.69;6.67;4.09;4158
1.04;Premium;G;SI2;60.3;62;6.56;6.5;3.94;4158
1.36;Fair;J;SI2;67.8;55;6.73;6.66;4.54;4158
1.12;Good;G;SI2;56.7;62;6.91;6.86;3.9;4158
0.9;Premium;E;SI1;62.9;58;6.16;6.11;3.86;4158
0.9;Premium;F;SI1;63;60;6.13;6.09;3.85;4158
0.9;Premium;F;SI1;59.9;59;6.29;6.26;3.76;4158
1.12;Ideal;G;SI2;62.8;54;6.7;6.64;4.19;4158
0.83;Ideal;D;SI1;61.9;56;6.01;6.04;3.73;4159
1.02;Good;G;SI2;59.9;58;6.48;6.55;3.9;4159
0.94;Premium;G;SI1;61.3;61;6.33;6.27;3.86;4159
1.03;Premium;G;SI2;59.3;58;6.58;6.63;3.92;4160
0.91;Ideal;E;SI2;61.8;56;6.19;6.27;3.85;4160
1.32;Premium;J;SI2;61.2;59;7.08;7.04;4.32;4160
0.9;Very Good;I;VVS1;63.5;58;6.06;6.09;3.86;4161
0.9;Ideal;G;SI1;62.1;56;6.16;6.2;3.84;4161
0.9;Ideal;G;SI1;61.9;55;6.18;6.23;3.84;4161
0.59;Ideal;D;IF;60.7;58;5.45;5.49;3.32;4161
1.02;Very Good;F;SI2;63;58;6.38;6.44;4.04;4162
1.02;Very Good;F;SI2;60.4;60;6.49;6.53;3.93;4162
1.02;Ideal;F;SI2;62.1;56;6.41;6.44;3.99;4162
1.02;Very Good;F;SI2;59.9;62;6.5;6.53;3.9;4162
1.06;Very Good;G;SI2;61.1;62;6.55;6.61;4.02;4162
1.02;Very Good;F;SI2;62;59;6.33;6.42;3.95;4162
1.02;Very Good;F;SI2;60.2;61;6.48;6.52;3.91;4162
1.02;Good;F;SI2;63.8;53;6.37;6.46;4.09;4162
1.02;Premium;F;SI2;59.9;59;6.56;6.59;3.94;4162
1.03;Ideal;I;SI2;62.3;59;6.39;6.45;4;4162
0.93;Very Good;G;SI2;62.9;56;6.2;6.23;3.91;4163
1;Fair;G;SI1;63.1;59;6.32;6.27;3.97;4163
0.33;Ideal;E;SI1;62.5;55;4.42;4.45;2.77;579
0.33;Ideal;I;VVS2;62.4;56;4.41;4.43;2.76;579
0.33;Premium;G;VS2;61.4;60;4.41;4.45;2.72;579
0.33;Ideal;H;VS1;62;55;4.44;4.46;2.76;579
0.33;Ideal;H;VS1;61.7;54;4.45;4.47;2.75;579
0.33;Very Good;E;SI1;62.7;56;4.39;4.45;2.77;579
0.33;Premium;G;VS2;61.9;59;4.4;4.46;2.74;579
0.33;Ideal;E;SI1;62.4;56;4.41;4.43;2.76;579
0.33;Very Good;E;SI1;60.7;57;4.43;4.47;2.7;579
0.33;Premium;I;VVS2;61;58;4.42;4.46;2.71;579
0.33;Very Good;G;VS2;60.9;56;4.46;4.5;2.73;579
0.33;Premium;I;VVS2;61;59;4.41;4.44;2.7;579
0.33;Very Good;G;VS2;62;58;4.42;4.45;2.75;579
0.33;Ideal;I;VVS2;62.7;54;4.42;4.45;2.78;579
0.33;Very Good;G;VS2;59.3;61;4.49;4.51;2.67;579
0.33;Good;I;VVS2;63.7;56;4.36;4.4;2.79;579
0.33;Ideal;H;VS1;61.8;56;4.41;4.46;2.74;579
0.33;Premium;G;VS2;62.6;58;4.41;4.44;2.77;579
0.33;Premium;I;VVS2;61.4;58;4.45;4.48;2.74;579
0.33;Very Good;E;SI1;59.1;58;4.51;4.56;2.68;579
0.33;Very Good;G;VS2;60.8;62;4.42;4.46;2.7;579
0.33;Ideal;I;VVS2;62.4;57;4.41;4.44;2.76;579
0.33;Ideal;G;VS2;62.5;57;4.39;4.41;2.75;579
0.33;Very Good;G;VS2;61.1;59;4.43;4.47;2.72;579
0.33;Premium;G;VS2;60.8;58;4.45;4.47;2.71;579
0.33;Very Good;H;VS1;60;61;4.48;4.52;2.7;579
0.33;Premium;E;SI1;62.2;59;4.41;4.43;2.75;579
0.33;Premium;H;VS1;61.9;58;4.43;4.45;2.75;579
0.33;Premium;H;VS1;62.1;59;4.43;4.46;2.76;579
0.33;Ideal;G;VS2;61.6;55;4.43;4.46;2.74;579
1.05;Ideal;I;SI2;60.9;57;6.55;6.62;4.01;4163
1;Ideal;H;SI2;62.5;54;6.32;6.38;3.97;4163
1.04;Premium;E;SI2;61.6;59;6.55;6.57;4.04;4164
0.85;Ideal;G;VS1;61.6;54;6.08;6.12;3.76;4164
0.9;Good;E;SI1;63.1;61;6.14;6.18;3.89;4165
0.9;Very Good;E;SI1;61.3;57;6.24;6.29;3.84;4165
0.9;Very Good;E;SI1;59.8;58;6.21;6.26;3.73;4165
0.9;Very Good;E;SI1;61.8;59;6.11;6.16;3.79;4165
0.93;Good;D;SI2;61.4;63;6.22;6.26;3.83;4165
0.9;Good;E;SI1;58.3;61;6.24;6.29;3.65;4165
0.91;Premium;D;SI1;61.5;59;6.25;6.18;3.82;4165
1.01;Very Good;I;SI1;62.9;58;6.34;6.37;4;4166
1.01;Premium;I;SI1;61.8;59;6.37;6.44;3.96;4166
1.01;Premium;H;SI2;61.6;59;6.39;6.44;3.95;4166
1.01;Good;F;SI2;63.7;59;6.28;6.38;4.03;4166
1.01;Very Good;H;SI2;58.8;58;6.57;6.62;3.88;4166
1;Fair;H;VS2;66.8;63;6.19;6.08;4.1;4166
1;Good;H;VS2;57.8;59;6.53;6.47;3.75;4166
0.71;Ideal;F;VVS2;62.2;56;5.7;5.74;3.56;4167
0.71;Ideal;F;VVS2;61.6;54;5.76;5.79;3.56;4167
1.17;Premium;F;SI2;59.9;59;6.86;6.82;4.1;4167
1.02;Good;H;SI1;57.1;61;6.66;6.57;3.78;4167
1.06;Ideal;I;SI2;61.3;56;6.59;6.55;4.03;4167
0.9;Ideal;D;SI2;60.8;56;6.26;6.24;3.8;4167
1.08;Very Good;F;SI2;63.3;59;6.48;6.44;4.09;4167
1.51;Fair;G;I1;65.6;54;7.28;7.1;4.72;4167
1.01;Good;E;SI2;63.3;58;6.3;6.36;4.01;4168
0.92;Premium;D;SI2;62.4;58;6.18;6.19;3.86;4168
0.92;Very Good;D;SI2;62.4;60;6.21;6.25;3.89;4168
1.11;Very Good;I;SI2;62.6;55;6.65;6.71;4.18;4168
1.19;Premium;D;SI2;58.6;61;6.93;6.89;4.05;4168
1.11;Very Good;E;SI2;60;61;6.66;6.71;4.01;4170
0.8;Ideal;D;VS2;61;57;5.96;6;3.65;4170
1;Premium;G;SI2;62.7;59;6.36;6.3;3.97;4170
0.7;Very Good;E;VVS1;61.6;61;5.7;5.73;3.52;4171
1.01;Very Good;I;SI2;62.9;55;6.37;6.42;4.02;4171
0.95;Premium;F;SI2;62.4;59;6.26;6.21;3.89;4171
0.73;Ideal;F;VVS1;61.1;56;5.83;5.86;3.57;4171
1.01;Good;E;SI2;57.5;63;6.56;6.58;3.78;4171
1.01;Good;I;SI1;61.7;58;6.33;6.4;3.93;4171
1;Ideal;H;VS2;62.4;57;6.42;6.36;3.99;4172
0.6;Ideal;D;VVS1;62.5;55;5.4;5.42;3.38;4172
1;Very Good;H;SI2;61.6;58;6.43;6.47;3.97;4172
0.97;Premium;H;SI1;61.9;60;6.37;6.3;3.92;4172
1;Premium;G;SI2;59.4;62;6.5;6.47;3.85;4172
0.9;Very Good;H;VS2;62.7;59;6.11;6.17;3.85;4173
1.14;Very Good;J;SI1;63.3;55;6.6;6.67;4.2;4173
0.9;Ideal;H;VS2;61.6;57;6.17;6.29;3.84;4173
0.9;Good;E;SI1;60.7;63;6.07;6.13;3.7;4173
0.92;Very Good;H;VS2;63.4;57;6.17;6.11;3.89;4173
0.92;Very Good;H;VS2;63.1;57;6.2;6.17;3.9;4173
1.08;Premium;J;SI1;61;60;6.62;6.57;4.02;4173
0.92;Ideal;G;SI1;62.6;56;6.21;6.19;3.88;4173
1;Ideal;I;SI1;62.7;56;6.33;6.37;3.98;4174
1.01;Ideal;J;SI2;61.9;55;6.5;6.43;4.01;4174
1.04;Very Good;I;SI1;62.5;62;6.39;6.45;4.01;4175
1.03;Ideal;J;SI1;61.6;57;6.46;6.49;3.99;4175
1.13;Fair;F;SI2;64.4;56;6.58;6.52;4.22;4176
1.01;Very Good;G;SI2;62.9;56;6.36;6.39;4.01;4176
1.11;Premium;E;SI2;61;60;6.68;6.66;4.07;4177
1.03;Good;D;SI2;57.6;58;6.6;6.67;3.82;4177
1.11;Premium;E;SI2;61.6;61;6.66;6.61;4.09;4177
1.2;Premium;J;SI2;61.8;56;6.85;6.81;4.22;4177
1.11;Very Good;E;SI2;61.7;63;6.65;6.54;4.07;4177
0.9;Good;D;SI1;63.8;57;6.12;6.07;3.89;4178
1.01;Good;E;SI1;63.8;60;6.31;6.36;4.04;4179
0.93;Ideal;E;SI1;62;56;6.25;6.29;3.89;4179
1.02;Good;F;SI2;64.1;60;6.25;6.29;4.02;4179
0.91;Premium;D;SI1;59.3;58;6.38;6.33;3.77;4179
1.28;Ideal;F;SI2;59.7;57;7.12;7.06;4.23;4179
0.79;Ideal;F;VVS2;61.9;57;5.93;5.96;3.68;4180
0.9;Premium;D;SI1;61.8;59;6.13;6.11;3.78;4181
1.04;Very Good;F;SI2;62.3;58;6.44;6.5;4.03;4181
1;Very Good;E;SI2;63.7;60;6.24;6.32;4;4181
1.22;Good;G;SI2;64;61;6.75;6.68;4.3;4181
0.83;Ideal;G;VS1;62.1;57;5.99;6.03;3.73;4181
0.85;Ideal;E;SI1;60.7;57;6.11;6.14;3.72;4181
1.01;Good;E;SI1;64.3;59;6.31;6.28;4.05;4181
1.01;Fair;E;SI1;64.7;59;6.23;6.11;3.99;4181
0.9;Very Good;G;VS2;62.4;60;6.07;6.11;3.8;4182
0.73;Ideal;G;VVS1;61.7;57;5.77;5.8;3.57;4182
0.94;Ideal;D;SI2;62.1;56;6.21;6.25;3.87;4182
0.97;Good;F;SI2;59.1;62;6.49;6.54;3.85;4182
0.93;Premium;F;SI1;61.1;59;6.32;6.29;3.85;4182
0.9;Premium;G;VS2;60.9;58;6.34;6.19;3.79;4183
0.9;Premium;F;SI1;62;55;6.2;6.16;3.83;4183
0.92;Ideal;E;SI1;61.4;55;6.29;6.25;3.85;4183
0.78;Ideal;D;VS2;62.3;54;5.87;5.91;3.67;4183
0.92;Very Good;E;SI1;63.2;58;6.18;6.16;3.9;4183
0.91;Good;G;VS2;63.6;58;6.14;6.1;3.89;4183
0.92;Premium;E;SI1;59.4;62;6.3;6.24;3.73;4183
0.9;Fair;F;VS1;66.2;55;6.11;5.97;4;4183
0.92;Good;E;SI1;63.7;57;6.14;6.11;3.9;4183
0.65;Ideal;E;IF;62.3;56;5.52;5.56;3.45;4184
1;Good;E;SI2;59.9;63;6.45;6.5;3.88;4184
1.01;Premium;I;SI1;61.8;58;6.45;6.37;3.96;4185
1.01;Very Good;H;SI2;58.9;60;6.62;6.58;3.89;4185
1.01;Good;G;SI2;63.8;53;6.41;6.31;4.06;4185
1.01;Very Good;I;SI1;63.4;55;6.39;6.35;4.04;4185
1.11;Ideal;G;SI2;61.9;55;6.65;6.6;4.1;4185
1.01;Very Good;G;SI1;63.3;57;6.37;6.35;4.02;4185
0.9;Very Good;H;VVS2;62.9;58;6.1;6.15;3.85;4186
0.9;Very Good;F;VS2;61.2;59;6.2;6.26;3.81;4186
0.96;Very Good;E;SI2;62.6;60;6.26;6.32;3.94;4186
1.01;Very Good;I;SI1;59.7;60;6.49;6.55;3.89;4186
1.15;Ideal;H;SI2;62.2;57;6.68;6.63;4.14;4186
1.15;Premium;F;SI2;61.8;54;6.78;6.75;4.18;4186
0.96;Very Good;I;VS2;59.6;59;6.36;6.42;3.81;4187
0.9;Good;I;VVS1;63.6;58;6.1;6.14;3.89;4187
1.01;Very Good;F;SI2;62.4;58;6.37;6.42;3.99;4187
0.9;Very Good;D;SI1;63.4;53;6.1;6.17;3.89;4187
0.9;Good;D;SI1;62;62;6.06;6.1;3.77;4187
0.91;Very Good;E;SI1;63.7;59;6.13;6.17;3.92;4188
0.91;Very Good;F;SI1;63.1;60;6.13;6.17;3.88;4188
0.87;Ideal;F;SI1;61.7;56;6.1;6.12;3.77;4188
0.87;Premium;D;SI1;62.1;58;6.08;6.13;3.79;4189
1.01;Very Good;I;SI1;63.6;58;6.31;6.36;4.03;4189
0.85;Ideal;E;VS1;63;57;6.08;5.99;3.8;4189
1.02;Ideal;I;SI2;62.8;58;6.37;6.41;4.01;4189
1.01;Good;J;VS1;61.5;61;6.39;6.45;3.95;4189
1;Premium;G;SI1;60;62;6.48;6.45;3.88;4189
1.04;Very Good;I;SI1;64.1;57;6.35;6.38;4.08;4190
0.9;Good;E;SI1;57.9;60;6.3;6.34;3.66;4190
1.01;Premium;H;SI1;60.3;59;6.45;6.42;3.88;4191
0.86;Very Good;D;VS2;62.8;55;6.07;6.13;3.83;4191
1.21;Very Good;J;VS2;62.4;58;6.79;6.83;4.25;4191
0.91;Very Good;E;SI1;63.3;56;6.12;6.17;3.89;4191
0.91;Very Good;E;SI1;58.8;59;6.34;6.39;3.74;4191
0.9;Ideal;E;SI2;62.2;55;6.19;6.22;3.86;4191
1.04;Good;D;SI2;57.6;63;6.67;6.7;3.85;4191
1.01;Good;H;SI1;64;58;6.37;6.31;4.06;4191
0.9;Premium;H;VS2;61.7;59;6.19;6.13;3.8;4191
1.01;Very Good;H;SI1;63.4;58;6.41;6.37;4.05;4191
1.01;Fair;H;SI1;64.6;55;6.29;6.25;4.05;4191
1.01;Premium;H;SI1;61.9;59;6.35;6.32;3.92;4191
1.01;Ideal;H;SI1;60.2;56;6.47;6.42;3.88;4191
1.01;Premium;H;SI1;61.2;59;6.45;6.4;3.93;4191
1.01;Premium;H;SI1;58.8;62;6.59;6.54;3.86;4191
1.01;Premium;H;SI1;58.2;62;6.54;6.48;3.78;4191
1.1;Very Good;I;SI2;62.6;59;6.53;6.57;4.1;4192
1.21;Good;J;SI2;63.7;55;6.75;6.81;4.32;4192
0.89;Ideal;D;SI2;60.8;56;6.22;6.25;3.79;4192
1.04;Very Good;I;SI1;63.2;54;6.49;6.42;4.08;4193
0.91;Very Good;H;VS2;58.3;59;6.35;6.47;3.74;4193
0.9;Good;D;SI1;63.8;58;6.09;6.13;3.9;4193
1.04;Good;H;SI2;57.9;58;6.72;6.68;3.88;4193
1.04;Ideal;H;SI2;60.3;56;6.61;6.58;3.98;4193
0.8;Premium;G;IF;62.6;58;5.93;5.89;3.7;4193
1.07;Good;I;VS2;63.8;60;6.41;6.38;4.08;4194
0.9;Ideal;H;VS1;61.8;56;6.18;6.24;3.84;4194
0.95;Very Good;G;SI2;62.6;58;6.17;6.23;3.88;4194
1.01;Very Good;J;SI1;63;54;6.35;6.41;4.02;4194
0.92;Premium;F;SI1;62.2;59;6.21;6.14;3.84;4194
1.01;Ideal;J;SI1;60.2;59;6.48;6.51;3.91;4194
0.9;Fair;I;VVS1;63.5;57;5.98;6.09;3.83;4194
0.9;Good;G;VS2;63.6;58;6.12;6.08;3.88;4194
1.07;Premium;H;SI2;62.2;59;6.53;6.47;4.04;4194
0.9;Premium;G;VS2;61.3;59;6.21;6.15;3.79;4194
1.13;Very Good;I;SI2;59.9;57;6.76;6.8;4.06;4195
1.01;Good;G;SI1;63.6;58;6.29;6.35;4.02;4195
1;Very Good;G;SI2;60;62;6.45;6.48;3.88;4195
0.73;Ideal;D;VS1;61.5;58;5.76;5.79;3.55;4196
1.11;Premium;I;SI2;61.5;58;6.65;6.61;4.08;4196
1.06;Ideal;H;SI1;62.7;57;6.53;6.48;4.08;4196
1.11;Ideal;E;SI2;62;57;6.67;6.63;4.12;4196
1.11;Premium;I;SI2;61.8;58;6.66;6.61;4.1;4196
1.01;Premium;F;SI2;59.6;59;6.59;6.52;3.91;4197
1;Ideal;F;SI2;61.8;57;6.36;6.45;3.96;4197
1.06;Very Good;I;SI1;62.7;56;6.46;6.5;4.06;4197
1.18;Premium;J;SI2;61.3;60;6.78;6.83;4.17;4197
1.01;Premium;F;SI2;61;60;6.48;6.44;3.94;4197
1.01;Premium;F;SI2;62.7;56;6.4;6.35;4;4197
1.01;Good;F;SI2;63.6;59;6.37;6.34;4.04;4197
1.01;Premium;F;SI2;58.8;62;6.49;6.46;3.81;4197
1.01;Good;I;VS2;63.9;59;6.29;6.26;4.01;4197
1.01;Good;F;SI2;64.3;59;6.33;6.26;4.05;4197
1.01;Ideal;F;SI2;60.8;55;6.52;6.48;3.95;4197
0.7;Good;D;VVS1;59.2;59;5.76;5.79;3.42;4198
1.19;Premium;J;SI2;58.4;60;6.98;6.92;4.06;4198
0.9;Ideal;F;SI2;61.5;56;6.24;6.18;3.82;4198
1.05;Premium;G;SI2;61.8;60;6.49;6.46;4;4198
1.01;Good;F;SI1;64.2;58;6.31;6.33;4.06;4199
1.05;Very Good;J;SI1;62.5;58;6.47;6.52;4.06;4199
1.03;Ideal;E;SI2;61.6;56;6.5;6.45;3.99;4199
0.91;Ideal;I;VS2;61.6;56;6.17;6.25;3.83;4199
0.91;Ideal;I;VS2;61.9;56;6.18;6.22;3.84;4199
1.25;Very Good;H;SI2;63.2;60;6.87;6.81;4.32;4199
1.03;Ideal;I;VS1;62.4;57;6.48;6.4;4.02;4199
1.03;Premium;I;VS1;60.1;59;6.53;6.46;3.9;4199
1;Ideal;I;SI1;61.4;56;6.45;6.39;3.94;4200
1.04;Ideal;G;SI2;62;57;6.53;6.6;4.07;4200
1.04;Very Good;G;SI2;60.9;58;6.52;6.58;3.99;4200
1.04;Premium;G;SI2;61.2;58;6.5;6.57;4;4200
1.04;Very Good;G;SI2;62.9;58;6.43;6.47;4.06;4200
1;Very Good;H;SI2;63.3;57;6.37;6.3;4.01;4200
1;Premium;I;SI1;60.5;59;6.54;6.49;3.94;4200
1;Good;H;SI1;63.7;55;6.33;6.29;4.02;4200
1;Ideal;I;SI1;59.8;57;6.5;6.44;3.87;4200
1;Premium;H;SI2;62.7;58;6.33;6.31;3.96;4200
1;Very Good;I;SI1;63.3;58;6.34;6.3;4;4200
1;Premium;F;SI2;62.5;59;6.4;6.28;3.96;4200
1;Premium;E;SI2;61;62;6.41;6.34;3.89;4200
1;Premium;E;SI2;62.8;59;6.34;6.3;3.97;4200
1.25;Premium;J;SI1;62;61;6.86;6.84;4.25;4200
1.25;Premium;H;SI2;60.5;61;6.97;6.91;4.2;4200
0.9;Very Good;H;VS1;60.5;63;6.13;6.16;3.72;4201
1.07;Very Good;G;SI2;58.5;61;6.59;6.71;3.89;4201
1.07;Premium;G;SI2;59.8;60;6.65;6.7;3.99;4201
1.07;Very Good;G;SI2;59.9;59;6.61;6.67;3.98;4201
1.1;Premium;E;SI2;60;60;6.7;6.73;4.03;4201
0.91;Very Good;H;VS2;59.9;62;6.26;6.33;3.77;4201
0.91;Very Good;H;VS2;62.8;58;6.15;6.17;3.87;4201
0.91;Premium;H;VS2;61.9;59;6.18;6.23;3.84;4201
0.9;Very Good;E;SI1;62.1;59;6.13;6.17;3.82;4201
0.9;Ideal;H;VS1;60.9;57;6.2;6.24;3.79;4201
1.05;Ideal;J;VS2;62.3;56;6.55;6.51;4.07;4201
1.21;Good;E;I1;64;57;6.73;6.67;4.29;4201
1.1;Very Good;I;SI2;60.5;59;6.65;6.71;4.04;4202
1.11;Very Good;I;SI2;61.1;58;6.63;6.69;4.07;4202
1;Premium;E;SI2;58.5;61;6.52;6.48;3.8;4202
1;Good;I;VS1;63.8;56;6.35;6.32;4.04;4202
0.9;Good;E;VS2;64;58;6.07;6.02;3.87;4203
1.2;Premium;D;SI2;60.2;60;6.94;6.81;4.14;4203
1.05;Good;E;SI2;63.2;59;6.36;6.43;4.04;4204
1;Good;F;SI2;62;59;6.32;6.36;3.93;4204
0.96;Premium;G;SI2;59.3;58;6.49;6.43;3.83;4204
0.91;Premium;F;SI1;62.1;56;6.24;6.2;3.86;4204
0.84;Very Good;D;SI1;59.9;54;6.2;6.23;3.72;4205
0.7;Ideal;E;VVS2;61.6;56;5.72;5.75;3.53;4205
0.91;Good;H;VVS2;65.5;57;6.01;6.11;3.97;4205
1.01;Fair;D;SI2;65.3;55;6.33;6.19;4.09;4205
1.13;Very Good;J;VS2;62;59;6.62;6.66;4.12;4206
1.07;Premium;I;SI2;59.7;59;6.68;6.63;3.97;4206
1;Very Good;G;SI2;62.8;57;6.31;6.37;3.98;4207
1.02;Premium;H;SI2;60.9;59;6.46;6.51;3.95;4207
1.02;Premium;H;SI2;59.8;59;6.5;6.54;3.9;4207
1.02;Very Good;F;SI2;60;60;6.53;6.57;3.93;4207
1.02;Good;H;SI2;63.1;59;6.37;6.43;4.04;4207
1.02;Ideal;H;SI2;61.8;55;6.47;6.51;4.01;4207
1.01;Very Good;I;SI1;60.9;59;6.39;6.45;3.91;4207
0.59;Ideal;D;IF;60.9;57;5.4;5.43;3.3;4208
1.01;Very Good;H;VS2;63.1;62;6.18;6.15;3.89;4208
1.01;Good;H;VS2;63.9;58;6.26;6.22;3.99;4208
0.81;Premium;D;VS1;62.3;58;6;5.94;3.72;4209
1.01;Ideal;G;SI2;62.1;59;6.45;6.41;3.99;4209
0.9;Premium;E;SI1;61.3;60;6.19;6.14;3.78;4209
0.9;Premium;E;SI1;60.3;56;6.29;6.21;3.77;4209
0.9;Premium;E;SI1;61.9;58;6.17;6.1;3.8;4209
0.6;Ideal;D;VVS1;62.5;55;5.42;5.4;3.38;4209
0.91;Good;G;VS1;63.6;60;6.11;6.03;3.86;4209
0.91;Very Good;G;VS1;63.2;58;6.15;6.07;3.86;4209
0.91;Very Good;G;VS1;63.4;54;6.24;6.07;3.9;4209
0.9;Very Good;G;VS2;62.4;61;6.13;6.17;3.84;4210
0.9;Very Good;G;VS2;61;60;6.21;6.24;3.8;4210
0.9;Good;G;VS2;60.8;56;6.14;6.19;3.75;4210
1.01;Good;G;SI2;62.8;61;6.31;6.37;3.98;4210
0.85;Very Good;D;VS2;61.8;56;6.06;6.08;3.75;4211
0.91;Very Good;E;SI1;60.5;61;6.19;6.23;3.76;4211
0.91;Very Good;E;SI1;61.9;61;6.1;6.12;3.78;4211
0.91;Premium;E;SI1;62.6;58;6.14;6.17;3.85;4211
0.91;Very Good;E;SI1;62.4;57;6.11;6.23;3.85;4211
0.91;Good;E;SI1;63.5;57;6.07;6.11;3.87;4211
1.01;Good;G;SI2;63.7;56;6.26;6.34;4.01;4211
1.18;Premium;D;SI2;61.8;58;6.83;6.7;4.19;4211
1.01;Very Good;I;SI1;62.7;56;6.36;6.43;4.01;4212
1.14;Ideal;J;SI2;61.5;57;6.73;6.77;4.15;4212
1.09;Ideal;H;SI2;61.5;55;6.65;6.68;4.1;4212
1.11;Premium;H;SI2;61.5;59;6.61;6.56;4.05;4212
0.79;Very Good;D;VS1;62.4;60;5.86;5.88;3.66;4213
0.96;Ideal;H;SI2;62.1;57;6.3;6.35;3.93;4213
1;Good;E;SI1;59.8;65;6.56;6.45;3.89;4213
1;Fair;E;SI1;58.1;63;6.6;6.52;3.81;4213
0.93;Very Good;D;SI2;60.6;59;6.3;6.34;3.83;4214
0.93;Very Good;D;SI2;62.6;57;6.2;6.26;3.9;4214
1.13;Premium;J;SI1;61.3;59;6.77;6.67;4.12;4214
1.12;Ideal;D;I1;60.6;55;6.76;6.73;4.09;4215
1.12;Premium;E;SI2;63;61;6.66;6.61;4.18;4215
0.56;Ideal;D;IF;62.4;56;5.24;5.28;3.28;4216
1.1;Very Good;J;SI2;61.9;55;6.59;6.63;4.09;4217
1;Good;G;SI1;63.9;58;6.26;6.32;4.02;4218
1;Good;G;SI1;63.1;56;6.31;6.41;4.01;4218
1;Good;D;SI2;61.5;63;6.27;6.32;3.87;4218
1;Good;D;SI2;57.8;58;6.55;6.61;3.8;4218
1;Good;D;SI2;63.5;59;6.32;6.35;4.02;4218
1;Very Good;G;SI1;58.6;63;6.56;6.58;3.85;4218
1.03;Very Good;F;SI2;61.1;59;6.51;6.58;4;4218
0.96;Very Good;F;SI2;59.8;59;6.38;6.45;3.84;4218
0.93;Ideal;H;VS2;61.5;57;6.3;6.26;3.86;4218
0.9;Fair;E;SI1;59.2;60;6.17;6.22;3.67;4220
1.01;Good;F;SI2;63.2;58;6.3;6.43;4.02;4221
1.01;Good;F;SI2;63.3;57;6.37;6.39;4.04;4221
1.03;Ideal;J;SI1;62.1;55;6.46;6.51;4.03;4221
0.71;Ideal;D;VVS2;61.6;56;5.69;5.77;3.53;4222
1.12;Ideal;G;SI2;62.1;57;6.71;6.65;4.14;4222
1.16;Fair;H;SI2;66.3;57;6.56;6.5;4.33;4222
1.16;Premium;J;SI1;62.5;58;6.73;6.67;4.19;4222
0.76;Ideal;D;VVS2;62.3;57;5.84;5.87;3.65;4223
0.76;Premium;F;IF;60.6;60;5.85;5.89;3.56;4223
0.97;Very Good;F;SI2;62.9;57;6.28;6.31;3.96;4223
0.9;Good;G;VS1;63.9;57;6.08;6.03;3.87;4223
0.33;Premium;H;VS1;61;59;4.45;4.5;2.73;579
0.33;Ideal;G;VS2;61.2;55;4.46;4.52;2.75;579
0.33;Ideal;G;VS2;62.6;57;4.45;4.47;2.79;579
0.33;Very Good;G;VS2;59.4;61;4.49;4.53;2.68;579
0.33;Very Good;E;SI1;63;54;4.38;4.42;2.77;579
0.33;Very Good;G;VS2;62.1;56;4.41;4.44;2.75;579
0.33;Very Good;H;VS1;59.7;59;4.52;4.53;2.7;579
0.33;Ideal;G;VS2;62.2;56;4.44;4.47;2.77;579
0.33;Very Good;I;VVS2;62.1;56;4.41;4.45;2.75;579
0.33;Very Good;H;VS1;60.2;62;4.44;4.47;2.68;579
0.33;Very Good;E;SI1;62;60;4.38;4.43;2.73;579
0.33;Ideal;G;VS2;62;57;4.44;4.47;2.76;579
0.33;Ideal;G;VS2;62.3;57;4.4;4.43;2.75;579
0.33;Premium;H;VS1;61.5;58;4.39;4.46;2.72;579
0.33;Premium;H;VS1;59.5;59;4.48;4.53;2.68;579
0.33;Premium;E;SI1;60.9;58;4.46;4.5;2.73;579
0.33;Very Good;H;VS1;62.9;59;4.35;4.4;2.75;579
0.33;Ideal;G;VS2;62.3;55;4.42;4.47;2.77;579
0.33;Ideal;H;VS1;61.4;57;4.44;4.49;2.74;579
0.33;Premium;I;VVS2;62.2;59;4.41;4.47;2.76;579
0.33;Ideal;H;VS1;60.2;57;4.5;4.54;2.72;579
0.33;Ideal;H;VS1;61.9;56;4.44;4.48;2.76;579
0.33;Very Good;G;VS2;62.8;54;4.4;4.42;2.77;579
0.33;Very Good;G;VS2;62.6;58;4.36;4.4;2.74;579
0.33;Very Good;G;VS2;62.6;56;4.38;4.41;2.75;579
0.33;Good;E;SI1;63.3;56;4.41;4.43;2.8;579
0.33;Premium;I;VVS2;61.5;58;4.43;4.45;2.73;579
0.33;Premium;E;SI1;61.1;58;4.43;4.47;2.72;579
0.33;Premium;G;VS2;60;58;4.47;4.49;2.69;579
0.33;Very Good;E;SI1;60.6;60;4.41;4.44;2.68;579
1.05;Ideal;H;SI1;62;56;6.53;6.46;4.03;4223
1.06;Very Good;F;SI2;60;59;6.6;6.63;3.97;4224
0.91;Very Good;H;VS1;63.4;56;6.18;6.12;3.9;4224
1.07;Premium;J;VS2;62.8;57;6.54;6.49;4.09;4224
1.02;Ideal;H;SI2;60.5;60;6.56;6.53;3.96;4225
1.1;Ideal;J;SI2;62;59;6.58;6.61;4.09;4226
0.98;Good;F;SI1;56.8;64;6.68;6.52;3.75;4226
1.02;Premium;F;SI2;62.7;59;6.45;6.38;4.02;4227
1.02;Fair;F;SI1;61.8;50;6.59;6.51;4.05;4227
1.11;Ideal;F;SI2;62;57;6.67;6.64;4.13;4227
1;Premium;G;SI2;62.9;60;6.35;6.3;3.98;4227
1.02;Premium;I;SI1;62.7;58;6.44;6.41;4.03;4227
0.71;Very Good;E;VVS1;62.8;59;5.66;5.71;3.57;4228
0.92;Very Good;H;VS1;61;62;6.26;6.32;3.84;4228
0.92;Very Good;H;VS1;62.9;58;6.17;6.2;3.89;4228
0.92;Very Good;H;VS1;61.7;62;6.2;6.12;3.8;4228
1.01;Very Good;G;SI2;63.3;56;6.26;6.33;3.99;4228
0.86;Ideal;E;SI1;60.6;56;6.16;6.18;3.74;4228
0.72;Ideal;F;IF;62;57;5.71;5.78;3.56;4228
0.91;Premium;D;SI1;62.8;57;6.17;6.12;3.86;4228
1.02;Very Good;H;SI2;62.6;60;6.3;6.38;3.97;4229
0.76;Ideal;D;VS1;61.3;57;5.87;5.9;3.61;4229
0.9;Good;E;SI1;59.8;64;6.14;6.21;3.69;4229
0.93;Premium;E;SI1;61.4;57;6.34;6.23;3.86;4229
0.8;Premium;E;VVS2;62.9;59;5.95;5.88;3.72;4229
0.9;Fair;F;VS2;64.4;53;6.08;6.04;3.9;4229
0.9;Premium;F;VS2;62.7;54;6.13;6.11;3.84;4229
0.93;Ideal;E;SI1;62.8;56;6.24;6.19;3.9;4229
1.18;Ideal;E;I1;61.6;56;6.82;6.79;4.19;4229
1.09;Good;F;SI1;61;64;6.63;6.58;4.03;4230
0.94;Premium;F;SI2;62.2;59;6.27;6.23;3.89;4230
0.71;Ideal;E;VVS1;62.3;55;5.68;5.72;3.55;4231
0.9;Very Good;F;SI1;63;60;6.09;6.13;3.85;4232
0.9;Good;F;SI1;64.2;56;6.02;6.1;3.89;4232
0.9;Premium;F;SI1;59.9;59;6.26;6.29;3.76;4232
0.92;Very Good;E;SI1;60.7;59;6.25;6.28;3.8;4232
0.92;Ideal;F;SI1;62.8;56;6.14;6.18;3.87;4232
1.07;Good;F;SI2;58.7;64;6.64;6.68;3.91;4232
1.2;Very Good;J;VS2;63.1;56;6.77;6.71;4.25;4232
1.02;Ideal;H;SI1;63;57;6.36;6.3;3.99;4233
1.14;Premium;G;SI2;62.8;58;6.68;6.64;4.18;4233
1.14;Good;G;SI2;63.7;60;6.69;6.6;4.24;4233
0.9;Premium;H;VS1;62.7;60;6.12;6.07;3.82;4234
0.9;Good;H;VS1;64.1;57;6.07;6.04;3.88;4234
0.78;Very Good;D;VS1;60.5;55;6;6.03;3.64;4234
1;Premium;F;SI1;63;60;6.34;6.24;3.97;4234
1.01;Good;D;SI2;64;56;6.25;6.29;4.01;4234
0.96;Good;G;SI1;57.6;59;6.53;6.56;3.77;4234
0.9;Premium;H;VS1;62.4;58;6.19;6.15;3.85;4234
0.9;Very Good;H;VS1;63.5;59;6.13;6.1;3.88;4234
1.05;Premium;H;SI2;63;59;6.48;6.44;4.07;4234
0.9;Premium;H;VS1;62.9;58;6.12;6.06;3.83;4234
0.9;Premium;H;VS1;62.1;59;6.14;6.09;3.8;4234
0.9;Good;F;VS2;63.6;59;6.11;6.06;3.87;4234
0.9;Premium;F;VS2;58.7;59;6.34;6.3;3.71;4234
0.9;Ideal;H;VS1;62;56;6.22;6.19;3.85;4234
0.9;Premium;H;VS1;60.2;58;6.32;6.28;3.79;4234
1;Premium;F;SI1;60.8;59;6.44;6.38;3.9;4234
1.2;Premium;I;SI2;59;60;6.99;6.95;4.11;4234
1;Very Good;F;SI1;63.1;59;6.29;6.22;3.95;4234
1;Premium;F;SI1;62.1;60;6.29;6.23;3.88;4234
0.71;Premium;D;VVS1;59.2;59;5.88;5.84;3.47;4234
1.2;Premium;J;SI2;61.1;59;6.81;6.78;4.15;4234
1.2;Ideal;J;SI1;63;57;6.74;6.64;4.24;4234
1;Premium;F;SI1;60.8;59;6.45;6.41;3.91;4234
1.1;Very Good;I;SI1;60.4;61;6.69;6.73;4.05;4235
1.07;Ideal;J;SI1;62;56;6.53;6.57;4.06;4235
1.07;Premium;H;SI1;58.9;59;6.76;6.71;3.97;4235
1.07;Very Good;I;SI1;60.7;61;6.55;6.6;3.99;4237
1;Ideal;I;SI1;62.8;56;6.33;6.38;3.99;4237
1.02;Premium;F;SI2;60.2;61;6.52;6.48;3.91;4238
0.91;Premium;H;VS2;61.8;60;6.22;6.18;3.83;4238
1.06;Premium;G;SI2;61.1;62;6.61;6.55;4.02;4238
1.02;Premium;F;SI2;60.4;60;6.53;6.49;3.93;4238
1.02;Ideal;F;SI2;62.1;56;6.44;6.41;3.99;4238
1.02;Premium;F;SI2;63;58;6.44;6.38;4.04;4238
1.02;Good;F;SI2;63.8;53;6.46;6.37;4.09;4238
1.02;Premium;F;SI2;62;59;6.42;6.33;3.95;4238
1.06;Ideal;G;SI2;62.5;55;6.55;6.51;4.08;4238
1.02;Premium;F;SI2;59.9;59;6.59;6.56;3.94;4238
1.02;Premium;F;SI2;59.9;62;6.53;6.5;3.9;4238
1.01;Good;I;VS2;62.5;59;6.3;6.37;3.96;4239
1.01;Ideal;F;SI2;60.6;57;6.49;6.55;3.95;4239
1.01;Ideal;I;VS2;62.6;54;6.4;6.45;4.02;4239
1.01;Ideal;F;SI2;61.4;56;6.46;6.51;3.98;4239
0.91;Very Good;D;SI1;61.5;59;6.18;6.25;3.82;4239
0.9;Very Good;E;SI1;61.5;62;6.15;6.2;3.8;4239
1.04;Premium;I;VS1;61.4;57;6.52;6.47;3.99;4240
0.7;Very Good;E;VVS2;61.7;57;5.68;5.71;3.51;4240
0.79;Ideal;E;VS1;62;56;5.9;5.93;3.67;4240
0.91;Ideal;G;SI1;62.1;57;6.2;6.23;3.86;4240
1.04;Premium;E;SI2;61.6;59;6.57;6.55;4.04;4240
1.04;Premium;E;SI2;61;60;6.57;6.52;3.99;4240
1.05;Premium;G;SI2;61.3;58;6.55;6.6;4.03;4241
1.08;Very Good;G;SI2;59.8;57;6.66;6.72;4;4241
1.05;Very Good;G;SI2;62.5;60;6.45;6.5;4.05;4241
1.08;Good;G;SI2;63.2;57;6.5;6.54;4.12;4241
1.02;Very Good;F;SI2;60.3;59;6.5;6.53;3.93;4241
1.05;Good;G;SI2;63.2;54;6.49;6.52;4.11;4241
1.05;Very Good;G;SI2;61.6;60;6.49;6.56;4.02;4241
0.9;Ideal;D;SI2;60.8;56;6.24;6.26;3.8;4241
0.61;Ideal;D;VVS1;62.1;56;5.43;5.46;3.38;4241
1.01;Ideal;I;SI1;60.2;59;6.54;6.49;3.92;4241
0.9;Good;F;SI1;61.8;63;6.21;6.18;3.83;4241
0.91;Premium;G;VS2;59.5;58;6.34;6.26;3.75;4241
1.01;Good;H;SI1;60.6;61;6.35;6.39;3.86;4242
1.01;Good;H;SI1;60.3;64;6.49;6.52;3.92;4242
1.01;Very Good;H;SI1;62.7;59;6.27;6.33;3.95;4242
1.01;Premium;I;SI1;62.9;58;6.37;6.34;4;4242
1.01;Premium;I;SI1;61.8;59;6.44;6.37;3.96;4242
1.01;Premium;H;SI2;61.9;60;6.43;6.4;3.97;4242
1.01;Premium;H;SI2;61.1;59;6.54;6.46;3.97;4242
1.01;Ideal;G;SI2;62.4;56;6.42;6.37;3.99;4242
1.01;Premium;H;SI2;59.9;59;6.51;6.48;3.89;4242
1.01;Premium;G;SI2;59.1;59;6.55;6.51;3.86;4242
1.01;Premium;H;SI2;58.8;58;6.62;6.57;3.88;4242
1.01;Premium;H;SI2;61.6;59;6.44;6.39;3.95;4242
1.01;Premium;H;SI2;61.5;60;6.4;6.34;3.92;4242
1.01;Ideal;D;SI2;62;57;6.42;6.38;3.97;4242
1.01;Premium;H;SI2;59.9;59;6.55;6.48;3.9;4242
1.01;Good;F;SI2;63.7;59;6.38;6.28;4.03;4242
0.84;Premium;F;VVS2;60.4;62;6.15;6.1;3.7;4243
1.01;Very Good;I;SI1;61.2;59;6.34;6.44;3.92;4243
0.76;Ideal;D;VS1;62;56;5.84;5.87;3.63;4243
1.02;Ideal;H;SI2;60.5;56;6.53;6.57;3.96;4243
0.92;Good;G;VS2;63.4;57;6.17;6.23;3.93;4243
0.7;Very Good;D;VVS1;62.7;54;5.67;5.71;3.57;4244
1.04;Very Good;F;SI2;62.8;55;6.41;6.48;4.05;4244
1.09;Very Good;D;SI2;59.2;63;6.67;6.71;3.96;4244
1.01;Very Good;I;SI2;63.5;57;6.35;6.37;4.04;4244
1.01;Ideal;I;SI2;62.8;57;6.36;6.41;4.01;4244
1.1;Good;F;SI2;63.8;56;6.53;6.48;4.15;4244
1.01;Very Good;E;SI2;63.3;58;6.36;6.3;4.01;4244
1.02;Good;D;SI2;57.7;64;6.7;6.62;3.84;4246
0.7;Ideal;F;VVS1;61.6;56;5.86;5.71;3.51;4246
0.9;Premium;H;VS2;60.4;59;6.27;6.24;3.78;4246
0.92;Good;H;VS2;63.4;57;6.11;6.17;3.89;4247
0.96;Very Good;G;SI1;63.2;57;6.27;6.23;3.95;4247
1.03;Premium;I;SI1;62;58;6.43;6.47;4;4248
1.01;Premium;G;SI2;62.5;60;6.34;6.39;3.98;4249
1.01;Very Good;G;SI2;61;58;6.43;6.48;3.94;4249
1.01;Very Good;G;SI2;62;58;6.37;6.41;3.96;4249
0.92;Ideal;G;SI1;62.6;55;6.22;6.24;3.9;4249
1.21;Ideal;H;SI1;62.7;56;6.81;6.78;4.26;4249
1.21;Ideal;H;SI1;62.9;57;6.78;6.74;4.25;4249
1.01;Very Good;H;SI1;63.4;55;6.32;6.27;3.99;4249
1.15;Premium;E;SI2;62.5;58;6.65;6.72;4.18;4250
1.15;Very Good;E;SI2;61.7;60;6.7;6.78;4.16;4250
1.03;Good;E;SI2;63.8;62;6.3;6.37;4.04;4250
1.12;Premium;H;SI2;62.4;58;6.63;6.58;4.12;4250
1.1;Ideal;H;SI2;61.9;56;6.65;6.63;4.11;4250
0.93;Premium;E;SI2;60.5;57;6.37;6.32;3.84;4250
1.2;Premium;G;SI2;62.6;61;6.73;6.68;4.2;4250
0.9;Premium;G;VS2;62.1;59;6.15;6.09;3.8;4252
1.04;Very Good;D;SI2;58.2;59;6.62;6.67;3.87;4252
1.02;Very Good;H;SI2;63.4;54;6.37;6.43;4.06;4252
0.72;Ideal;F;VVS1;62;56;5.73;5.75;3.56;4252
0.9;Fair;D;SI1;63.8;61;6.07;5.99;3.85;4252
1.04;Premium;I;SI1;62.5;62;6.45;6.39;4.01;4252
0.73;Ideal;D;VVS2;62.2;56;5.79;5.73;3.58;4252
0.91;Very Good;D;SI1;59.3;58;6.33;6.38;3.77;4253
0.92;Very Good;D;SI1;60.7;58;6.27;6.39;3.84;4253
1.05;Ideal;J;SI1;62.3;56;6.47;6.5;4.04;4253
0.9;Good;F;VS2;59.8;61;6.18;6.22;3.71;4253
0.9;Good;F;VS2;63.3;57;6.04;6.09;3.84;4253
0.92;Very Good;E;SI1;63;57;6.17;6.21;3.9;4254
0.9;Very Good;H;VS2;60;56;6.3;6.34;3.79;4255
1;Very Good;F;SI2;62.9;56;6.36;6.42;4.02;4255
1;Very Good;F;SI2;59.9;61;6.42;6.46;3.86;4255
1.06;Very Good;I;SI1;62.8;56;6.47;6.52;4.08;4255
1;Premium;F;SI2;61.5;58;6.38;6.41;3.93;4255
1;Very Good;F;SI2;61.6;62;6.3;6.37;3.9;4255
1.26;Good;J;SI1;63.9;58;6.78;6.74;4.32;4255
1.02;Ideal;G;SI2;61.4;56;6.52;6.47;3.99;4255
0.93;Very Good;F;SI1;59.8;58;6.32;6.39;3.8;4256
1.13;Premium;H;SI1;62.6;60;6.68;6.62;4.16;4256
1;Fair;E;SI2;65.2;56;6.3;6.12;4.05;4256
0.91;Premium;E;SI1;62.1;58;6.18;6.15;3.83;4256
1.01;Good;E;SI1;63.8;60;6.36;6.31;4.04;4256
0.91;Good;E;SI1;63.7;64;6.09;6.03;3.86;4256
0.91;Fair;E;SI1;65;62;6.09;6.04;3.94;4256
1.01;Fair;H;SI1;65.3;57;6.33;6.23;4.1;4256
1;Ideal;H;SI2;62.6;56;6.38;6.34;3.98;4256
1;Fair;F;SI1;66.4;57;6.21;6.14;4.1;4256
1;Premium;G;SI1;61.8;59;6.43;6.38;3.96;4256
0.91;Good;G;VS2;63.6;58;6.1;6.14;3.89;4257
0.91;Ideal;G;VS2;62.3;57;6.18;6.24;3.87;4257
1.04;Good;F;SI2;58.5;61;6.63;6.68;3.89;4257
1.06;Good;E;SI2;58.8;61;6.63;6.67;3.91;4257
1.01;Premium;F;SI2;61.8;56;6.43;6.38;3.96;4257
0.9;Very Good;H;VS2;63.6;58;6.1;6.14;3.89;4258
0.92;Good;E;SI1;63.7;57;6.11;6.14;3.9;4258
0.92;Good;E;SI1;63.2;58;6.16;6.18;3.9;4258
0.92;Ideal;E;SI1;61.4;54.6;6.25;6.29;3.85;4258
0.92;Premium;E;SI1;60.9;59;6.25;6.27;3.81;4258
0.73;Ideal;D;VS1;61.9;55;5.78;5.81;3.59;4258
1;Good;E;SI2;61.5;61;6.35;6.43;3.93;4258
0.84;Very Good;G;VVS2;60.4;55;6.07;6.12;3.68;4259
1.11;Ideal;J;SI1;62.1;56;6.64;6.67;4.13;4259
1.17;Premium;F;SI2;62.5;57;6.8;6.71;4.22;4259
0.9;Premium;G;VS2;60.8;61;6.22;6.12;3.75;4259
0.9;Premium;E;SI1;62.2;59;6.21;6.16;3.88;4259
0.9;Premium;G;VS2;62.1;59;6.2;6.14;3.83;4259
1.01;Very Good;D;SI2;60.8;61;6.45;6.5;3.94;4260
1.01;Premium;G;SI1;59.2;59;6.52;6.58;3.88;4260
1.01;Very Good;D;SI2;59.8;57;6.51;6.57;3.91;4260
1.01;Good;D;SI2;57.6;62;6.56;6.66;3.81;4260
1.01;Good;D;SI2;61.5;56;6.36;6.42;3.93;4260
1.01;Very Good;D;SI2;58.9;56;6.55;6.59;3.87;4260
1.01;Very Good;D;SI2;61.8;57;6.42;6.47;3.98;4260
1.01;Good;D;SI2;63.1;54;6.37;6.43;4.04;4260
1;Ideal;H;SI2;61.2;57;6.42;6.45;3.94;4260
1.01;Ideal;G;SI2;61.7;56;6.47;6.43;3.98;4260
0.9;Ideal;G;SI1;62.5;55;6.17;6.21;3.87;4260
1.01;Very Good;J;VS1;61.3;57;6.43;6.5;3.96;4262
1.01;Very Good;H;SI2;61.5;62;6.35;6.44;3.93;4262
0.8;Very Good;E;VS2;61.6;57;5.95;5.97;3.67;4263
1.01;Fair;I;VS1;64.9;58;6.17;6.22;4.02;4263
1.09;Ideal;H;SI2;62;57;6.61;6.55;4.08;4264
0.94;Premium;H;VS2;62.5;58;6.26;6.18;3.89;4264
0.96;Very Good;G;SI1;60.3;57;6.35;6.38;3.84;4265
1;Fair;E;SI2;65.9;62;6.09;6.02;3.99;4265
0.91;Good;D;SI1;64.6;58;6.02;6.12;3.92;4265
1.11;Premium;J;VS2;62.6;59;6.6;6.56;4.12;4265
1;Good;E;SI2;63.7;61;6.27;6.2;3.97;4265
0.93;Ideal;H;VS1;62.7;54;6.25;6.2;3.9;4265
0.9;Premium;H;VS2;61.7;59;6.13;6.19;3.8;4266
1.06;Very Good;I;SI1;60.4;59;6.56;6.61;3.98;4267
1.06;Ideal;H;SI2;60.6;59;6.63;6.6;4.01;4267
0.91;Ideal;F;SI1;62.3;56;6.16;6.19;3.85;4267
0.9;Very Good;F;VS2;64.2;59;6.07;6.11;3.91;4268
0.8;Premium;G;IF;62.6;58;5.89;5.93;3.7;4268
1.03;Very Good;H;SI2;62.3;57;6.43;6.48;4.02;4268
0.9;Good;F;VS2;65;58;6.03;6.06;3.93;4268
0.9;Good;F;VS2;64.5;60;6.03;6.07;3.9;4268
1.21;Premium;J;VS2;62.4;58;6.83;6.79;4.25;4268
1.03;Ideal;F;SI2;62.3;56;6.51;6.43;4.03;4268
1.01;Premium;G;SI2;60.1;59;6.45;6.39;3.86;4269
0.9;Premium;G;VS2;61.7;59;6.14;6.22;3.81;4269
0.9;Very Good;G;VS2;61.9;56;6.17;6.23;3.84;4269
0.9;Very Good;G;VS2;61.3;59;6.15;6.21;3.79;4269
0.9;Very Good;G;VS2;60.9;59;6.18;6.24;3.78;4269
0.9;Ideal;G;VS2;62.6;57;6.14;6.2;3.86;4269
0.9;Good;G;VS2;63.6;58;6.08;6.12;3.88;4269
1;Very Good;F;SI2;63.3;58;6.26;6.29;3.97;4269
0.9;Ideal;F;SI1;61.7;55;6.19;6.16;3.81;4269
1.01;Ideal;G;SI2;62.8;56;6.4;6.44;4.03;4269
1.1;Premium;I;SI2;62.6;59;6.57;6.53;4.1;4269
1.21;Good;J;SI2;63.7;55;6.81;6.75;4.32;4269
1.21;Premium;J;SI1;62.6;58;6.74;6.71;4.21;4269
1.01;Premium;G;SI2;60.1;60;6.48;6.44;3.88;4270
1.01;Very Good;F;SI2;63.4;54;6.42;6.39;4.06;4270
0.81;Ideal;F;VS1;61.8;55;5.97;6.03;3.71;4270
1.06;Ideal;I;SI2;61.8;57;6.57;6.6;4.07;4270
1.15;Premium;G;SI2;62.7;58;6.71;6.69;4.2;4270
1.01;Very Good;E;SI2;63.3;57;6.39;6.31;4.02;4270
1.01;Very Good;G;SI1;63.5;60;6.41;6.38;3.92;4271
0.83;Ideal;E;VS2;61.3;56;6.06;6.08;3.72;4271
1.13;Premium;I;SI2;59.9;57;6.8;6.76;4.06;4271
1.11;Very Good;I;SI1;61.9;59;6.58;6.64;4.09;4273
1.11;Ideal;I;SI1;62.4;55;6.6;6.64;4.13;4273
1;Very Good;H;SI2;59.7;58;6.48;6.55;3.89;4273
1;Good;I;SI1;58;58;6.56;6.62;3.82;4273
1.09;Premium;I;SI1;61.7;59;6.59;6.53;4.05;4273
1.09;Fair;I;SI1;56.4;62;6.97;6.9;3.9;4273
1.02;Premium;G;SI1;61.4;55;6.51;6.48;3.99;4273
1.2;Very Good;F;SI2;63.3;59;6.7;6.66;4.23;4274
0.74;Good;D;VVS1;59.2;62.6;5.85;5.87;3.47;4274
1.01;Good;H;SI1;64.6;56;6.17;6.21;4;4274
1.18;Premium;J;SI2;61.3;60;6.83;6.78;4.17;4274
1;Ideal;F;SI2;61.8;57;6.45;6.36;3.96;4274
1.03;Premium;H;SI1;62.4;58;6.5;6.42;4.03;4274
0.92;Premium;D;SI1;62.3;58;6.27;6.21;3.89;4274
1.03;Premium;H;SI1;63;59;6.43;6.4;4.04;4274
0.96;Premium;D;SI2;60;61;6.36;6.32;3.81;4274
1.2;Premium;F;SI2;62.7;60;6.73;6.67;4.21;4274
0.65;Ideal;D;VVS2;60.7;57;5.63;5.65;3.42;4275
1.1;Ideal;J;SI1;62.2;55;6.62;6.65;4.13;4275
1.01;Premium;F;SI1;62.7;54;6.42;6.37;4.01;4276
0.9;Very Good;G;VS2;58.4;61;6.33;6.38;3.71;4276
1.1;Very Good;H;SI1;63;58;6.53;6.59;4.13;4276
1.1;Very Good;H;SI1;62.1;58;6.59;6.61;4.1;4276
1.08;Very Good;I;SI1;60.5;60;6.61;6.67;4.02;4276
1.14;Ideal;I;SI2;62.1;55;6.71;6.72;4.17;4276
1.07;Ideal;J;SI1;62.1;56;6.54;6.6;4.08;4276
1;Good;H;SI1;64.9;56;6.24;6.31;4.07;4276
1.01;Good;F;SI1;64.2;58;6.33;6.31;4.06;4276
1.01;Good;F;SI1;64.1;60;6.21;6.16;3.97;4276
1.01;Fair;F;SI1;65.9;58;6.16;6.1;4.04;4276
1.01;Fair;F;SI1;67.2;60;6.06;6;4.05;4276
1.01;Fair;D;SI1;65.9;60;6.32;6.18;4.12;4276
1.01;Ideal;F;SI1;62.3;55;6.38;6.31;3.95;4276
1.12;Premium;E;SI2;62.4;58;6.59;6.64;4.13;4277
1.29;Fair;G;I1;66;58;6.82;6.75;4.48;4277
0.9;Fair;D;VS2;57.4;65;6.26;6.29;3.6;4277
1.04;Ideal;G;SI2;62;57;6.6;6.53;4.07;4277
1.04;Premium;G;SI2;60.9;58;6.58;6.52;3.99;4277
1.04;Premium;G;SI2;62.9;58;6.47;6.43;4.06;4277
0.9;Good;E;VS2;64;58;6.02;6.07;3.87;4278
1;Ideal;J;VS2;61.9;54;6.41;6.45;3.98;4278
0.33;Ideal;E;SI1;62;54;4.41;4.43;2.74;579
0.33;Ideal;E;SI1;62.5;55;4.42;4.45;2.77;579
0.33;Premium;H;VS1;59.2;58;4.5;4.55;2.68;579
0.33;Ideal;G;VS2;61.2;55;4.46;4.49;2.74;579
0.33;Ideal;E;SI1;61.9;57;4.43;4.46;2.75;579
0.32;Ideal;G;VS2;61.5;55;4.39;4.43;2.71;580
0.32;Ideal;H;VS1;61.4;55;4.43;4.49;2.74;580
0.32;Ideal;H;VS1;61;56;4.43;4.45;2.71;580
0.26;Premium;F;VS1;59.5;58;4.22;4.18;2.5;580
0.26;Ideal;F;VS1;62.3;56;4.1;4.08;2.55;580
0.26;Ideal;F;VS1;60.9;57;4.13;4.11;2.51;580
0.26;Premium;E;VS1;60.1;60;4.15;4.1;2.48;580
0.26;Premium;E;VS2;62.1;56;4.13;4.11;2.56;580
0.26;Premium;E;VS2;60.4;58;4.19;4.15;2.52;580
0.26;Ideal;E;VS1;61.8;55;4.13;4.09;2.54;580
0.26;Premium;E;VS1;61.9;58;4.11;4.1;2.54;580
0.26;Ideal;D;VS1;62;55;4.12;4.1;2.55;580
0.35;Ideal;I;SI2;61.6;55;4.62;4.53;2.82;580
0.32;Premium;E;VS2;59.3;58;4.45;4.49;2.65;580
0.3;Very Good;H;VVS2;63;56;4.24;4.27;2.68;581
0.3;Very Good;H;VVS2;62;59;4.27;4.34;2.67;581
0.3;Very Good;G;VS1;62.6;56;4.29;4.31;2.69;581
0.3;Ideal;H;VVS2;62.5;55;4.29;4.32;2.69;581
0.3;Ideal;H;VVS2;61.5;56;4.34;4.38;2.68;581
0.38;Ideal;D;SI1;62.3;57;4.6;4.65;2.88;581
0.34;Good;F;SI1;61.9;56;4.5;4.52;2.79;581
0.43;Premium;H;I1;62;59;4.83;4.78;2.98;581
0.31;Fair;E;VS2;55.9;62;4.6;4.56;2.56;581
0.38;Very Good;I;SI1;60.2;60;4.65;4.68;2.81;581
0.38;Ideal;I;SI1;62.3;56;4.58;4.63;2.87;581
0.97;Ideal;J;VS1;61.3;57;6.37;6.41;3.92;4278
1.07;Premium;G;SI2;58.5;61;6.71;6.59;3.89;4278
1.07;Premium;G;SI2;59.9;59;6.67;6.61;3.98;4278
1.24;Premium;E;SI2;60.8;57;6.98;6.94;4.23;4278
1.24;Premium;E;SI2;60.8;57;6.98;6.94;4.23;4278
1.07;Premium;G;SI2;59.8;60;6.7;6.65;3.99;4278
0.91;Good;F;SI1;63.9;55;6.1;6.17;3.92;4279
0.91;Very Good;F;SI1;59.7;55;6.33;6.36;3.79;4279
0.61;Ideal;D;VVS1;62.1;56;5.46;5.43;3.38;4279
1.03;Ideal;F;SI2;61.9;56;6.47;6.43;3.99;4280
1.02;Ideal;I;VS2;60.8;57;6.42;6.5;3.93;4281
1.02;Ideal;I;VS2;62.7;56;6.37;6.43;4.01;4281
0.92;Very Good;G;SI1;61.8;54;6.25;6.37;3.9;4281
0.64;Ideal;D;VVS1;61.5;56;5.57;5.59;3.43;4281
0.98;Fair;G;SI1;64.4;56;6.33;6.24;4.03;4281
1.05;Fair;I;VS1;58.9;66;6.71;6.6;3.92;4281
1.05;Very Good;E;SI2;63.2;59;6.43;6.36;4.04;4281
1.13;Very Good;F;SI2;62.3;59;6.65;6.68;4.15;4282
1.03;Very Good;F;SI1;62.5;59;6.41;6.45;4.02;4282
1.03;Ideal;J;VS2;61.6;57;6.52;6.47;4;4283
1.11;Very Good;J;VS2;61.8;56;6.59;6.64;4.09;4283
1.1;Very Good;J;SI2;61.8;58;6.6;6.63;4.09;4283
1.03;Very Good;H;SI2;62.8;59;6.4;6.43;4.03;4283
1.03;Ideal;H;SI2;60.6;56;6.53;6.63;3.99;4283
1.11;Premium;F;SI2;62.1;58;6.63;6.51;4.1;4283
1.07;Premium;E;SI2;60.5;59;6.59;6.67;4.01;4284
0.91;Good;G;VS1;63.4;54;6.07;6.24;3.9;4284
0.91;Good;G;VS1;63.6;60;6.03;6.11;3.86;4284
0.91;Good;G;VS1;63.2;58;6.07;6.15;3.86;4284
0.81;Premium;D;VS1;62.3;58;5.94;6;3.72;4284
0.91;Very Good;E;SI1;62.1;60;6.21;6.25;3.87;4284
1.02;Very Good;F;SI2;60.9;58;6.43;6.55;3.95;4284
1;Premium;G;SI2;61.8;60;6.37;6.34;3.93;4284
1.5;Fair;J;I1;68.8;57;6.94;6.87;4.75;4284
0.91;Ideal;E;SI1;62.3;57;6.21;6.25;3.88;4284
1;Ideal;G;SI2;62.8;57;6.37;6.31;3.98;4284
1.02;Very Good;H;SI2;63.1;59;6.43;6.37;4.04;4284
1.02;Premium;I;SI1;62.7;55;6.48;6.41;4.04;4284
1.02;Premium;H;SI2;62.5;54;6.44;6.4;4.01;4284
1.02;Premium;I;SI1;58;58;6.84;6.6;3.9;4284
0.9;Ideal;F;SI1;61.5;56;6.25;6.2;3.83;4284
1.02;Premium;H;SI2;60.9;59;6.51;6.46;3.95;4284
1.02;Premium;H;SI2;59.8;59;6.54;6.5;3.9;4284
1.02;Ideal;H;SI2;61.8;55;6.51;6.47;4.01;4284
1.02;Premium;F;SI2;60;60;6.57;6.53;3.93;4284
0.72;Ideal;E;VVS2;62.1;56;5.72;5.77;3.57;4285
1.01;Good;E;SI2;61.4;64;6.29;6.42;3.9;4285
1.02;Very Good;E;SI2;58.7;63;6.61;6.55;3.86;4286
0.9;Very Good;E;SI1;62.9;56;6.09;6.12;3.84;4286
0.92;Premium;G;VS2;61.6;62;6.3;6.24;3.86;4287
0.9;Very Good;E;SI2;59.9;57;6.25;6.34;3.77;4288
0.71;Good;D;VS2;63.6;54;5.7;5.75;3.64;4289
0.91;Very Good;E;SI1;63.9;57;6.05;6.12;3.89;4289
0.9;Very Good;D;SI1;62.1;60;6.11;6.19;3.82;4289
1.04;Very Good;I;SI1;62;57;6.47;6.5;4.02;4290
1.04;Premium;I;SI1;61.8;60;6.47;6.51;4.01;4290
1.04;Ideal;H;SI2;61.1;56;6.6;6.66;4.05;4290
1.03;Ideal;G;SI2;62.9;57;6.37;6.47;4.04;4290
1.04;Good;E;SI2;62.3;62;6.4;6.44;4;4290
1.12;Ideal;H;SI1;62.7;56;6.66;6.61;4.16;4290
1.02;Ideal;G;SI2;62.7;57;6.42;6.44;4.03;4291
1.02;Very Good;G;SI2;62.9;59;6.38;6.4;4.02;4291
1.02;Premium;G;SI2;62.5;59;6.37;6.42;4;4291
1.02;Very Good;G;SI2;61.6;61;6.46;6.47;3.98;4291
0.9;Very Good;D;SI1;61.8;59;6.13;6.16;3.8;4291
1.29;Premium;I;SI2;61.1;62;7;6.94;4.26;4291
1.03;Very Good;J;VS1;63.4;58;6.36;6.42;4.05;4292
1.05;Very Good;I;SI1;63.5;58;6.46;6.43;4.09;4292
0.85;Very Good;F;VS1;62;55;6.08;6.14;3.78;4293
0.56;Ideal;D;IF;61.9;57;5.28;5.31;3.28;4293
0.91;Premium;H;VS2;60.6;58;6.3;6.25;3.8;4293
1.18;Very Good;J;SI2;63.5;57;6.68;6.74;4.26;4294
1.13;Premium;H;SI2;62.3;59;6.68;6.65;4.15;4294
1.01;Very Good;J;SI1;62.2;57;6.35;6.39;3.96;4295
1;Ideal;H;SI2;59.4;55;6.59;6.65;3.93;4295
1;Very Good;D;SI2;61.5;63;6.32;6.27;3.87;4295
1;Good;D;SI2;57.8;58;6.61;6.55;3.8;4295
1;Very Good;D;SI2;63.5;59;6.35;6.32;4.02;4295
1;Fair;G;SI1;64.4;57;6.32;6.28;4.06;4295
1;Very Good;G;SI1;63.1;56;6.41;6.31;4.01;4295
1;Fair;G;SI1;66.2;58;6.25;6.15;4.11;4295
1;Very Good;D;SI2;63.3;60;6.29;6.19;3.95;4295
1;Premium;D;SI2;60.3;58;6.48;6.45;3.9;4295
1;Premium;D;SI2;60.8;60;6.45;6.41;3.91;4295
0.9;Very Good;G;VS2;60.5;60;6.2;6.24;3.76;4296
0.9;Good;G;VS2;61.5;61;6.18;6.21;3.81;4296
1.02;Ideal;H;SI2;60.5;57;6.52;6.56;3.95;4297
0.9;Very Good;G;VS1;62.4;58;6.14;6.16;3.84;4297
0.93;Premium;F;SI1;62.3;58;6.22;6.18;3.86;4297
0.91;Good;H;VS1;63.4;56;6.12;6.18;3.9;4298
1.01;Very Good;F;SI2;61.8;56;6.43;6.38;3.96;4298
1.01;Premium;E;SI1;61.6;59;6.44;6.42;3.96;4299
1.01;Very Good;E;SI2;63.4;59;6.32;6.26;3.99;4299
1.01;Very Good;F;SI2;63.2;58;6.43;6.3;4.02;4299
1.01;Very Good;F;SI2;63.3;57;6.39;6.37;4.04;4299
1.01;Ideal;G;SI2;61.5;57;6.5;6.42;3.97;4299
1.2;Very Good;I;SI1;63.1;61;6.65;6.58;4.18;4301
1.2;Premium;H;SI2;60.8;59;6.8;6.75;4.12;4301
0.96;Ideal;G;SI1;63;53;6.24;6.21;3.92;4301
1.01;Good;F;SI2;61.5;62;6.41;6.46;3.96;4302
1.13;Ideal;E;SI2;62.4;56;6.66;6.63;4.15;4303
0.91;Very Good;D;SI1;62.8;57;6.12;6.17;3.86;4303
1.02;Very Good;H;SI2;59.7;58;6.53;6.57;3.91;4303
1.09;Premium;J;VS1;59.3;57;6.79;6.74;4.01;4303
0.77;Very Good;F;VVS1;61.1;57;5.91;5.94;3.62;4304
0.93;Very Good;E;SI1;62.8;56;6.19;6.24;3.9;4304
0.8;Very Good;E;VVS2;62.9;59;5.88;5.95;3.72;4304
1.01;Very Good;F;SI2;59.1;57;6.57;6.62;3.9;4304
0.9;Ideal;D;SI1;60.7;57;6.23;6.16;3.76;4304
0.9;Very Good;D;SI1;63.3;57;6.12;6.07;3.86;4304
0.9;Premium;D;SI1;61.2;60;6.19;6.14;3.77;4304
0.9;Premium;D;SI1;62.7;56;6.16;6.12;3.85;4304
0.9;Premium;D;SI1;61.5;58;6.21;6.15;3.8;4304
0.9;Very Good;D;SI1;61;63;6.13;6.1;3.73;4304
0.9;Very Good;D;SI1;63.5;57;6.15;6.11;3.89;4304
0.9;Premium;D;SI1;59.4;62;6.24;6.19;3.69;4304
0.9;Premium;D;SI1;62.7;58;6.15;6.09;3.84;4304
0.9;Premium;D;SI1;62.6;58;6.15;6.11;3.84;4304
1;Good;H;VS2;63.6;57;6.35;6.26;4.01;4305
1.01;Very Good;H;SI1;62.5;58;6.35;6.38;3.98;4306
1.01;Very Good;H;SI1;62.3;57;6.36;6.42;3.98;4306
1.13;Ideal;I;SI2;61.7;57;6.59;6.7;4.13;4307
1.11;Very Good;E;SI2;62.3;58;6.64;6.68;4.15;4307
1.07;Very Good;I;SI1;61.8;60;6.52;6.56;4.04;4307
1;Good;E;SI2;62.1;61;6.36;6.4;3.96;4307
1.16;Fair;G;SI2;60.1;60;6.9;6.72;4.09;4307
1;Very Good;E;SI2;62.5;59;6.31;6.37;3.96;4308
0.98;Premium;F;SI2;61.8;58;6.37;6.32;3.92;4308
1.01;Premium;E;SI2;58.6;58;6.66;6.62;3.89;4308
0.9;Very Good;G;VS2;63.1;56;6.14;6.04;3.84;4309
0.9;Good;G;VS2;63.7;60;6.02;5.98;3.82;4309
0.9;Good;F;VS2;63.6;59;6.06;6.11;3.87;4309
0.9;Good;H;VS1;63.5;59;6.1;6.13;3.88;4309
0.9;Very Good;H;VS1;62.9;58;6.06;6.12;3.83;4309
0.9;Very Good;H;VS1;62.1;59;6.09;6.14;3.8;4309
0.9;Good;F;VS2;63.8;55;6.09;6.13;3.9;4309
0.9;Premium;H;VS1;62.4;58;6.15;6.19;3.85;4309
0.91;Good;H;VS2;59.9;61;6.18;6.24;3.72;4309
0.9;Premium;G;VS2;61.5;60;6.16;6.13;3.78;4309
0.92;Ideal;E;SI2;62.6;57;6.22;6.18;3.88;4309
0.9;Very Good;G;VS2;63.3;54;6.19;6.11;3.89;4309
0.9;Fair;G;VS2;65.8;61;5.99;5.96;3.93;4309
0.9;Ideal;G;VS2;62.4;54;6.22;6.19;3.87;4309
1.04;Very Good;H;SI1;63.2;57;6.45;6.4;4.06;4310
1.21;Premium;F;SI2;62.4;60;6.77;6.73;4.21;4310
0.66;Very Good;D;VVS2;60.7;59;5.6;5.67;3.42;4311
1;Very Good;E;SI2;61.9;59;6.39;6.43;3.97;4311
1;Very Good;E;SI2;60.7;59;6.38;6.44;3.89;4311
1;Fair;D;SI2;64.5;54;6.34;6.28;4.07;4312
1;Very Good;E;SI2;62.2;59;6.35;6.38;3.96;4312
1.21;Very Good;J;SI1;62.7;57;6.72;6.77;4.23;4312
1;Very Good;E;SI2;60.6;61;6.39;6.44;3.89;4312
1;Good;E;SI2;63.3;55;6.25;6.29;3.97;4312
1.12;Very Good;I;SI1;60.6;60;6.73;6.77;4.09;4312
1.1;Good;I;SI1;57.7;60;6.82;6.77;3.92;4312
1.1;Premium;I;SI1;60.4;61;6.73;6.69;4.05;4312
1;Fair;H;VVS2;65.3;58;6.25;6.18;4.06;4312
1;Fair;H;VVS2;65.1;57;6.27;6.23;4.07;4312
1;Premium;H;VVS2;61.9;61;6.36;6.31;3.92;4312
1;Fair;G;SI1;64.7;60;6.22;6.18;4.01;4312
1;Fair;F;VS2;68.3;58;5.98;5.95;4.08;4312
1;Good;D;SI1;64.3;62;6.18;6.13;3.96;4312
1;Ideal;H;SI2;61.4;56;6.46;6.41;3.95;4312
0.91;Premium;H;VS2;61.8;60;6.18;6.22;3.83;4313
1.01;Very Good;I;SI1;63.1;57;6.32;6.36;4;4313
1.06;Ideal;I;SI1;62.2;56;6.49;6.53;4.05;4313
1.07;Ideal;H;SI2;59.2;57;6.7;6.64;3.95;4314
0.81;Ideal;E;VS2;62;57;5.96;5.98;3.7;4314
0.9;Ideal;G;SI2;60.7;57;6.19;6.33;3.8;4314
1.07;Premium;I;SI1;60.7;61;6.6;6.55;3.99;4314
1.07;Very Good;E;SI1;60.4;63;6.67;6.6;4.01;4314
1.03;Very Good;G;SI2;63;57;6.4;6.42;4.04;4315
0.9;Very Good;E;SI1;62.6;58;6.11;6.15;3.84;4315
0.9;Very Good;E;SI1;62.6;61;6.06;6.11;3.81;4315
0.9;Very Good;E;SI1;63;56;6.11;6.15;3.86;4315
1.15;Ideal;H;SI2;60.5;56;6.83;6.8;4.13;4315
0.81;Ideal;D;VS2;59.5;60;6.08;6.15;3.64;4315
1.09;Ideal;I;SI2;60.3;57;6.64;6.7;4.02;4315
0.9;Good;E;VS2;64.2;59;6.02;6.1;3.89;4315
1.11;Premium;J;VS2;59.9;60;6.78;6.71;4.04;4315
0.91;Very Good;G;VS2;59.5;58;6.26;6.34;3.75;4316
1;Very Good;H;SI2;61.7;55;6.4;6.46;3.97;4316
1.11;Very Good;J;SI1;62.4;57.7;6.57;6.64;4.12;4316
1.01;Ideal;I;SI1;62.2;56;6.35;6.42;3.97;4316
1.04;Very Good;H;SI1;63.1;58;6.43;6.37;4.04;4316
1.04;Premium;H;SI1;62.1;56;6.48;6.41;4.01;4316
1.01;Premium;F;SI2;59.6;59;6.59;6.52;3.91;4317
0.91;Ideal;I;VS2;61.6;55;6.21;6.28;3.85;4317
0.93;Ideal;H;SI1;61.7;55;6.26;6.29;3.87;4317
1.01;Fair;F;SI2;65.3;59;6.28;6.24;4.09;4317
0.84;Very Good;F;VVS2;60.4;62;6.1;6.15;3.7;4318
1.08;Premium;G;SI2;60.7;60;6.64;6.61;4.02;4318
0.9;Ideal;F;SI1;62;57;6.21;6.25;3.86;4318
1.02;Good;D;SI2;61.5;61;6.34;6.41;3.92;4318
1.08;Premium;G;SI2;59.8;57;6.72;6.66;4;4318
1.08;Very Good;G;SI2;63.2;57;6.54;6.5;4.12;4318
1.05;Premium;G;SI2;62.5;60;6.5;6.45;4.05;4318
1.05;Premium;G;SI2;61.3;58;6.6;6.55;4.03;4318
1.05;Very Good;G;SI2;63.2;54;6.52;6.49;4.11;4318
1.05;Premium;G;SI2;61.6;60;6.56;6.49;4.02;4318
1.02;Premium;F;SI2;60.3;59;6.53;6.5;3.93;4318
0.84;Premium;E;VS1;59.7;59;6.16;6.13;3.67;4318
1.02;Very Good;F;SI2;63;58;6.37;6.43;4.03;4319
1.02;Ideal;F;SI2;62.4;57;6.4;6.43;4;4319
1;Premium;G;SI2;61.8;58;6.39;6.43;3.96;4319
1.02;Ideal;H;SI2;60.7;57;6.51;6.54;3.96;4319
1.07;Premium;F;SI2;58.2;58;6.79;6.72;3.93;4319
1.07;Ideal;I;VS2;61.1;57;6.66;6.6;4.05;4319
1.16;Premium;G;SI2;62;59;6.74;6.62;4.14;4320
0.9;Very Good;G;SI1;62.4;59;6.1;6.15;3.82;4320
0.65;Ideal;D;VVS1;61.9;56;5.53;5.56;3.43;4320
1.01;Premium;H;SI1;62.7;59;6.33;6.27;3.95;4320
1.01;Good;H;SI1;60.3;64;6.52;6.49;3.92;4320
1.01;Premium;H;SI1;60.6;61;6.39;6.35;3.86;4320
1.45;Fair;F;I1;64.8;67;7.16;7;4.64;4320
1.07;Very Good;G;SI2;62.9;59;6.51;6.58;4.12;4321
0.9;Premium;H;VS2;60.4;59;6.24;6.27;3.78;4321
1;Very Good;E;SI2;59.8;58;6.47;6.53;3.89;4321
1;Very Good;E;SI2;59.6;59;6.48;6.51;3.87;4321
1;Very Good;E;SI2;63.9;57;6.24;6.27;4;4321
1.04;Premium;F;SI2;62.8;55;6.48;6.41;4.05;4321
1.04;Good;F;SI2;64.2;56;6.39;6.36;4.09;4321
1.12;Premium;I;VS2;62.4;58;6.63;6.59;4.13;4321
1.06;Good;E;SI2;63.9;60;6.45;6.41;4.11;4321
1.09;Very Good;D;SI2;59.2;63;6.71;6.67;3.96;4322
1.09;Premium;G;SI1;62.5;59;6.56;6.53;4.09;4322
1.09;Premium;G;SI1;61.8;59;6.59;6.53;4.06;4322
1.16;Very Good;J;VS2;63.7;56;6.63;6.68;4.24;4323
0.7;Ideal;D;VS1;61.4;57;5.71;5.76;3.52;4323
0.7;Ideal;D;VS1;61.5;57;5.68;5.71;3.5;4323
1.04;Ideal;H;SI2;60.3;57;6.54;6.59;3.96;4323
0.9;Very Good;H;VS1;62.2;57;6.1;6.15;3.81;4324
0.9;Very Good;H;VS1;63.2;59;6.08;6.11;3.85;4324
0.9;Very Good;H;VS1;62.2;59;6.14;6.18;3.83;4324
1.17;Premium;F;SI2;59.6;60;6.88;6.85;4.09;4324
1.27;Good;F;I1;59.2;64;7.06;6.99;4.16;4324
0.9;Ideal;F;SI1;60.7;57;6.25;6.21;3.78;4324
0.93;Very Good;E;SI2;60.5;57;6.32;6.37;3.84;4325
0.71;Ideal;D;VVS2;61.6;54;5.74;5.78;3.55;4325
0.68;Ideal;D;VVS1;61.3;57;5.66;5.69;3.48;4325
0.84;Ideal;G;VS1;61.8;56;6.02;6.11;3.75;4325
1.12;Ideal;J;SI2;62.5;57;6.63;6.59;4.13;4325
1.03;Ideal;H;SI2;61.1;57;6.48;6.52;3.97;4325
0.92;Ideal;H;SI1;60.5;57;6.27;6.32;3.81;4325
1.03;Good;H;SI1;63.1;56;6.35;6.39;4.02;4326
1.03;Very Good;H;SI1;58.6;61;6.6;6.64;3.88;4326
1.01;Good;G;SI1;63.2;55;6.32;6.4;4.02;4326
0.92;Good;F;SI1;64;56;6.12;6.17;3.93;4326
1.03;Premium;I;SI1;62;58;6.47;6.43;4;4326
1.16;Premium;J;SI1;62.2;58;6.75;6.68;4.18;4326
1.16;Premium;I;SI2;62.1;58;6.78;6.71;4.19;4326
1.03;Very Good;E;SI2;60.7;63;6.48;6.44;3.92;4326
1.01;Premium;G;SI2;62.4;59;6.39;6.34;3.97;4327
1.01;Good;G;SI2;63.8;56;6.32;6.28;4.02;4327
0.92;Very Good;D;SI2;61.6;58;6.19;6.22;3.82;4327
0.82;Ideal;D;VS2;62.4;54;5.99;6.02;3.75;4327
1.01;Premium;G;SI2;62;58;6.41;6.37;3.96;4327
1.01;Premium;G;SI2;62.7;58;6.44;6.38;4.02;4327
1.01;Premium;G;SI2;60.5;58;6.55;6.47;3.94;4327
1.01;Premium;G;SI2;61.9;59;6.46;6.39;3.98;4327
1.01;Ideal;G;SI2;59.6;57;6.59;6.54;3.91;4327
1.01;Premium;G;SI2;60.1;59;6.55;6.46;3.91;4327
1.01;Ideal;G;SI2;60.5;58;6.52;6.48;3.93;4327
1.01;Premium;G;SI2;60.4;59;6.57;6.52;3.95;4327
1.01;Premium;G;SI2;62.5;60;6.39;6.34;3.98;4327
1.01;Premium;G;SI2;61;58;6.48;6.43;3.94;4327
1.01;Premium;G;SI2;60.1;61;6.6;6.55;3.95;4327
0.9;Very Good;H;VS2;62.3;59;6.1;6.17;3.82;4328
0.9;Very Good;H;VS1;62.5;58;6.08;6.14;3.82;4328
1;Fair;F;SI1;67.1;57;6.06;6.1;4.08;4328
1.15;Premium;E;SI2;62.5;58;6.72;6.65;4.18;4328
1.15;Premium;E;SI2;61.7;60;6.78;6.7;4.16;4328
1.03;Fair;I;VS1;57.6;58;6.67;6.58;3.81;4328
1.03;Premium;E;SI2;61.4;58;6.49;6.45;3.97;4328
1.5;Fair;I;SI2;70.1;58;6.96;6.85;4.84;4328
0.92;Ideal;H;VS1;60.9;57;6.33;6.29;3.84;4328
1.19;Very Good;J;SI2;63.4;56.8;6.7;6.79;4.27;4329
1.04;Premium;D;SI2;58.2;59;6.67;6.62;3.87;4330
1.01;Premium;E;SI1;61.7;56;6.44;6.39;3.96;4330
1.05;Ideal;H;SI2;61.2;57;6.55;6.62;4.03;4331
1.05;Ideal;H;SI2;61.2;57;6.54;6.59;4.02;4331
1.25;Premium;J;SI2;62.3;59;6.82;6.86;4.26;4331
1.19;Premium;H;SI2;61.9;58;6.84;6.77;4.21;4332
0.91;Premium;E;SI1;62.1;58;6.15;6.18;3.83;4332
1.04;Very Good;H;SI2;60.2;60;6.52;6.57;3.94;4332
1.01;Very Good;F;SI2;62.2;58;6.33;6.38;3.95;4332
1.01;Very Good;F;SI2;62.1;58;6.35;6.41;3.96;4332
1.06;Ideal;I;SI1;62.8;56;6.52;6.47;4.08;4333
1.08;Ideal;H;SI1;62.2;57;6.56;6.6;4.09;4333
0.96;Ideal;F;VS1;61.7;56;6.4;6.34;3.93;4333
1;Premium;F;SI2;62.9;56;6.42;6.36;4.02;4333
1;Premium;F;SI2;59.9;61;6.46;6.42;3.86;4333
1;Premium;F;SI2;61.6;62;6.37;6.3;3.9;4333
0.91;Very Good;F;SI2;62.5;58;6.1;6.16;3.83;4334
0.88;Ideal;H;VVS1;62;59;6.12;6.13;3.8;4334
0.9;Premium;E;VS2;62.9;58;6.15;6.12;3.86;4334
0.9;Good;D;VS2;62.6;65;6.1;6.04;3.8;4334
0.9;Premium;E;SI1;63;59;6.13;6.1;3.85;4334
0.78;Ideal;D;VS1;62.1;55;5.9;5.95;3.68;4336
1.01;Ideal;I;SI2;62.5;57;6.38;6.45;4.01;4336
0.39;Good;J;VS2;63.3;56;4.6;4.63;2.92;581
0.39;Ideal;J;VS2;61.4;57;4.66;4.72;2.88;581
0.39;Very Good;G;SI2;62.7;54;4.64;4.71;2.93;581
0.38;Premium;I;SI1;60.5;58;4.67;4.72;2.84;581
0.39;Premium;J;VS2;61.3;60;4.65;4.68;2.86;581
0.25;Ideal;G;VVS1;61.7;56;4.05;4.07;2.51;582
0.25;Ideal;G;VVS1;62.6;55;4.03;4.04;2.52;582
0.25;Ideal;G;VVS1;62.6;56;4.01;4.05;2.52;582
0.31;Ideal;E;SI1;62.1;56;4.35;4.38;2.71;582
0.25;Ideal;G;IF;61.1;57;4.06;4.07;2.48;582
0.25;Very Good;F;VVS2;61.2;55;4.1;4.14;2.52;583
0.23;Very Good;F;VVS2;61.4;56;3.94;3.97;2.43;583
0.23;Very Good;F;VVS2;61.5;56;3.95;4;2.44;583
0.23;Very Good;F;VVS2;61.6;57;3.96;3.99;2.45;583
0.23;Very Good;F;VVS1;61.8;57;3.94;3.96;2.44;583
0.23;Very Good;F;VVS1;62.3;55;3.93;3.96;2.46;583
0.23;Very Good;F;VVS1;62.8;54;3.92;3.94;2.47;583
0.23;Very Good;E;VVS1;62.4;54;3.95;3.98;2.47;583
0.23;Very Good;E;VVS1;62.2;57;3.93;3.96;2.45;583
0.36;Very Good;H;VS2;61;55;4.62;4.66;2.83;583
0.27;Ideal;F;VVS2;60;62;4.21;4.22;2.53;583
0.27;Ideal;F;VS2;61.9;54;4.14;4.16;2.57;583
0.27;Ideal;F;VS2;61.8;53;4.18;4.2;2.59;583
0.37;Ideal;F;SI1;61.3;55;4.61;4.65;2.84;583
0.37;Premium;J;VS2;61.1;60;4.63;4.6;2.82;583
0.37;Premium;J;VS2;60.7;60;4.68;4.65;2.83;583
0.31;Ideal;G;VS1;61.9;55;4.36;4.37;2.7;583
0.31;Good;G;VS1;63.3;57;4.28;4.31;2.72;583
0.31;Good;F;VS2;63.5;55;4.31;4.32;2.74;583
0.31;Ideal;F;VS2;61.6;56;4.35;4.38;2.69;583
1.01;Ideal;I;SI2;62.4;57;6.37;6.41;3.99;4336
0.74;Good;F;VVS1;58.4;60;6.03;6.06;3.53;4336
1.01;Very Good;J;VS2;60.6;59;6.42;6.45;3.9;4337
0.91;Ideal;H;SI1;62;56;6.19;6.22;3.85;4337
1.21;Premium;I;SI2;59.9;61;6.89;6.85;4.11;4337
1.01;Very Good;D;SI2;63.1;54;6.43;6.37;4.04;4338
1.01;Good;D;SI2;63.6;57;6.34;6.3;4.02;4338
1.01;Premium;D;SI2;60.8;61;6.5;6.45;3.94;4338
1.01;Good;D;SI2;57.6;62;6.66;6.56;3.81;4338
1.01;Premium;G;SI1;59.2;59;6.58;6.52;3.88;4338
1.23;Premium;J;VS2;58;61;7.07;7.03;4.09;4338
1.01;Premium;G;SI1;62.6;60;6.39;6.35;3.99;4338
1.01;Premium;D;SI2;61.8;57;6.47;6.42;3.98;4338
1.01;Premium;G;SI1;63;59;6.32;6.27;3.96;4338
1.01;Premium;D;SI2;62.6;60;6.4;6.37;4;4338
1.01;Premium;G;SI1;62.8;59;6.33;6.29;3.96;4338
0.72;Very Good;E;VVS1;60.8;58;5.79;5.83;3.53;4339
1.01;Good;F;SI1;63.4;55;6.35;6.42;4.05;4339
1.01;Good;F;SI1;64.2;58;6.24;6.29;4.02;4339
1.07;Very Good;G;SI2;64.6;60;6.35;6.4;4.12;4340
1;Premium;F;SI2;61.5;60;6.35;6.33;3.9;4340
1.25;Premium;I;SI2;60.1;60;6.99;6.95;4.19;4340
1.25;Premium;G;SI2;61.1;58;6.96;6.91;4.24;4340
1.02;Very Good;H;SI2;62.6;57;6.42;6.46;4.03;4341
0.7;Ideal;F;VVS1;62.4;55;5.65;5.69;3.54;4341
1.02;Premium;G;SI1;61.3;58;6.47;6.45;3.96;4341
0.95;Premium;D;SI2;60.1;61;6.37;6.35;3.82;4341
1.08;Ideal;H;SI2;62.1;56;6.54;6.6;4.08;4344
1.04;Ideal;I;SI1;61.7;57;6.49;6.54;4.02;4344
0.91;Good;E;VS2;63.1;58;6.13;6.19;3.89;4345
1.52;Premium;G;I1;62.3;60;7.34;7.28;4.56;4345
1.01;Very Good;J;SI1;61.9;58;6.36;6.4;3.95;4346
1.2;Good;D;I1;63.6;60;6.72;6.67;4.26;4346
1.03;Ideal;J;SI2;60.6;56;6.58;6.57;3.99;4347
1.15;Premium;J;SI1;62.3;55;6.76;6.66;4.18;4347
1.15;Premium;I;SI2;62.6;57;6.73;6.69;4.2;4347
1.15;Ideal;J;SI1;61.8;57;6.73;6.67;4.14;4347
1.02;Very Good;H;SI1;62.8;59;6.33;6.38;3.99;4348
1;Very Good;D;SI2;62.3;56;6.33;6.39;3.96;4348
1.13;Very Good;I;VS2;61.6;57;6.73;6.78;4.16;4348
1.01;Premium;H;VS2;58.1;60;6.61;6.55;3.82;4348
1.09;Very Good;H;SI2;60.9;57;6.64;6.69;4.06;4349
1.13;Premium;H;SI2;59.4;58;6.74;6.8;4.02;4350
0.92;Premium;D;SI1;62.3;58;6.21;6.27;3.89;4350
0.78;Ideal;D;VS1;62.2;57;5.86;5.9;3.66;4350
1.01;Ideal;G;SI2;62.1;57;6.48;6.44;4.01;4350
0.93;Very Good;H;VS2;62.8;59;6.13;6.16;3.86;4351
0.9;Ideal;D;SI1;61.6;56;6.19;6.21;3.82;4351
1.01;Very Good;E;SI2;60.4;60;6.48;6.57;3.94;4352
0.91;Premium;D;SI1;63;59;6.15;6.11;3.86;4352
1.34;Very Good;H;SI2;61.1;63;7.08;7.01;4.3;4352
1.18;Very Good;J;SI2;62.2;58;6.74;6.79;4.21;4353
1.27;Premium;G;SI2;62.4;56;6.93;6.88;4.32;4353
1.02;Ideal;H;SI2;61.9;56;6.47;6.51;4.02;4353
0.9;Good;E;VS1;64.8;54;6.12;6.07;3.95;4353
1.02;Very Good;J;VS2;63.9;57.9;6.28;6.33;4.03;4354
1.1;Premium;H;SI1;62.1;58;6.61;6.59;4.1;4354
1.05;Premium;F;SI2;60.4;57;6.61;6.54;3.97;4354
1.08;Ideal;I;SI1;61.4;57;6.67;6.62;4.08;4355
0.9;Premium;H;VS2;61.2;61;6.18;6.08;3.75;4355
1.01;Ideal;E;SI2;62.1;56;6.39;6.43;3.98;4355
1.01;Premium;E;SI2;62.5;60;6.39;6.42;4;4355
1.01;Very Good;E;SI2;61.8;56;6.42;6.5;3.99;4355
1.01;Very Good;E;SI2;62.4;58;6.36;6.42;3.99;4355
1.01;Very Good;E;SI2;59.6;61;6.56;6.59;3.92;4355
1.01;Very Good;E;SI2;62.8;57;6.35;6.38;4;4355
1.01;Good;E;SI2;63.3;58;6.37;6.39;4.04;4355
1.01;Very Good;F;SI2;63.4;56;6.4;6.34;4.04;4355
1.01;Premium;I;SI1;62.3;58;6.44;6.4;4;4355
0.97;Good;I;VS2;64.5;61;6.16;6.21;3.99;4355
0.9;Premium;H;VVS2;60.3;61;6.25;6.22;3.76;4355
0.9;Premium;H;VVS2;62;58;6.16;6.13;3.81;4355
1.08;Premium;I;SI1;60.5;60;6.67;6.61;4.02;4355
1.01;Fair;H;VVS2;65;55;6.31;6.27;4.09;4355
1.01;Premium;H;SI2;61.3;59;6.47;6.41;3.95;4355
0.96;Ideal;G;SI1;62.6;57;6.28;6.24;3.92;4355
0.96;Ideal;G;SI1;63;54;6.27;6.24;3.94;4355
1.01;Good;F;SI1;63.6;58;6.36;6.28;4.02;4355
1.01;Premium;I;SI1;61.9;58;6.48;6.42;3.99;4355
1.01;Premium;G;SI2;59.5;55;6.59;6.53;3.9;4355
1.1;Very Good;I;SI1;62.7;58;6.54;6.58;4.11;4356
1.02;Good;F;SI2;59.2;58;6.51;6.56;3.87;4356
1.01;Ideal;H;SI2;61.7;56;6.41;6.46;3.97;4357
1.06;Good;F;SI2;62.2;61;6.47;6.53;4.04;4357
0.91;Premium;G;VS2;60.8;56;6.28;6.21;3.8;4357
0.9;Very Good;G;VS1;62.4;55;6.11;6.17;3.83;4358
1.02;Ideal;H;SI2;61;58;6.5;6.54;3.98;4360
0.91;Ideal;G;SI2;61;57;6.25;6.28;3.82;4360
1.13;Premium;F;SI2;62.3;59;6.68;6.65;4.15;4360
1.1;Good;D;SI2;57;62;6.91;6.84;3.92;4361
1.1;Very Good;D;SI2;58.6;63;6.76;6.69;3.94;4361
1.09;Ideal;J;VS2;62;54;6.64;6.61;4.11;4361
0.7;Very Good;D;VVS1;63.4;59;5.63;5.64;3.57;4362
1.03;Premium;I;SI1;61.6;59;6.46;6.49;3.99;4362
1.08;Very Good;G;SI2;60.3;58;6.65;6.72;4.03;4362
1.01;Premium;G;SI2;62.4;58;6.38;6.41;3.99;4362
0.72;Ideal;F;VVS1;61;56;5.78;5.8;3.53;4362
0.8;Ideal;F;VS1;62.2;56;5.93;5.96;3.7;4362
0.9;Good;D;SI1;61.1;62;6.2;6.24;3.8;4362
1.07;Premium;E;SI2;60.5;59;6.67;6.59;4.01;4362
0.71;Very Good;D;VVS2;61;56;5.75;5.79;3.52;4363
1.01;Very Good;E;SI2;63.5;55;6.32;6.38;4.03;4363
1.05;Premium;F;SI2;61.7;60;6.58;6.49;4.03;4363
1.02;Ideal;G;SI2;62.6;58;6.42;6.4;4.01;4363
0.85;Ideal;E;SI1;61.6;57;6.07;6.1;3.75;4363
1.05;Premium;F;SI2;62.8;55;6.55;6.48;4.09;4363
1.05;Premium;F;SI2;62.3;56;6.55;6.51;4.07;4363
1.04;Very Good;F;SI2;62.4;54;6.46;6.53;4.05;4364
1.05;Ideal;J;SI2;61.3;56;6.56;6.59;4.03;4364
0.96;Premium;E;SI1;58.7;62;6.41;6.39;3.76;4365
0.84;Premium;D;VS1;60.6;57;6.15;6.06;3.7;4365
1.07;Premium;F;SI2;61.7;58;6.55;6.58;4.05;4366
1.07;Premium;F;SI2;61.8;58;6.51;6.57;4.04;4366
1.02;Ideal;G;SI2;62;55;6.4;6.51;4;4366
0.94;Ideal;E;SI2;60.9;57;6.34;6.36;3.87;4366
1.2;Ideal;I;SI1;62.2;57;6.8;6.77;4.22;4368
1.5;Fair;I;I1;71.3;58;6.85;6.81;4.87;4368
1.2;Fair;I;SI1;66.2;59;6.55;6.47;4.31;4368
1.04;Ideal;H;SI2;61.8;55;6.54;6.5;4.03;4368
1.04;Premium;H;SI1;60.4;59;6.59;6.55;3.97;4368
1.2;Ideal;H;SI2;61.1;57;6.9;6.81;4.19;4368
1.02;Good;F;SI2;61.4;61;6.4;6.44;3.94;4368
1.04;Premium;I;SI1;62;57;6.5;6.47;4.02;4368
1.04;Premium;I;SI1;61.8;60;6.51;6.47;4.01;4368
1.04;Premium;H;SI2;61.5;59;6.54;6.51;4.01;4368
1.2;Premium;H;SI2;62.5;58;6.74;6.69;4.2;4368
1.3;Premium;H;SI2;60.7;59;7.06;7;4.27;4368
1.2;Fair;H;SI2;64.8;58;6.61;6.56;4.27;4368
1;Premium;G;SI2;61.8;59;6.38;6.33;3.93;4368
1.04;Premium;H;SI2;58.6;60;6.67;6.63;3.9;4368
1;Fair;H;VS1;65.4;61;6.22;6.17;4.05;4368
1.04;Ideal;H;SI2;61.1;56;6.66;6.6;4.05;4368
1;Fair;H;VS1;57.4;68;6.52;6.47;3.73;4368
0.51;Fair;F;VVS2;60.7;66;5.21;5.11;3.13;4368
0.9;Very Good;G;VS2;62.5;58;6.1;6.15;3.83;4369
1.01;Very Good;H;SI1;62.6;58;6.34;6.44;4;4369
0.7;Ideal;D;VVS2;62;53.4;5.69;5.72;3.54;4369
0.9;Ideal;H;VS2;62.5;53;6.17;6.22;3.87;4369
1.01;Good;F;SI1;65.5;58;6.11;6.25;4.05;4369
0.91;Very Good;H;VS1;62.1;59;6.17;6.2;3.84;4370
0.9;Good;F;VS2;62.4;58;6.08;6.1;3.8;4370
0.9;Good;F;VS2;63.1;57;6.13;6.16;3.88;4370
1.02;Premium;G;SI2;62.9;59;6.4;6.38;4.02;4370
1.02;Very Good;G;SI2;63.1;60;6.41;6.34;4.02;4370
1.04;Premium;E;SI2;62.8;59;6.45;6.41;4.04;4370
1.02;Ideal;G;SI2;62.7;57;6.44;6.42;4.03;4370
1.02;Premium;G;SI2;62.5;59;6.42;6.37;4;4370
1.13;Ideal;J;SI2;61.9;56;6.67;6.71;4.14;4371
1.01;Premium;E;SI2;61;56;6.42;6.36;3.9;4371
1.09;Very Good;J;VS2;62.3;59;6.56;6.63;4.11;4372
1.06;Very Good;H;SI2;62.8;57;6.49;6.57;4.1;4372
1.06;Premium;I;SI1;61.9;59;6.5;6.52;4.03;4372
1;Very Good;F;SI2;61.3;61;6.36;6.39;3.91;4372
1;Very Good;F;SI2;61.6;61;6.33;6.36;3.91;4372
1.06;Premium;F;SI2;62.4;58;6.5;6.54;4.07;4372
1;Ideal;F;SI2;61.2;57;6.39;6.48;3.94;4372
1;Ideal;F;SI2;61.3;56;6.43;6.46;3.95;4372
1;Premium;I;VS2;61.6;59;6.39;6.47;3.96;4372
1;Good;F;SI1;64;57;6.29;6.33;4.04;4372
1;Very Good;F;SI2;61.1;61;6.35;6.38;3.89;4372
0.73;Ideal;D;VVS2;61.3;56;5.79;5.82;3.56;4372
0.84;Ideal;G;VS1;61.4;56;6.04;6.15;3.74;4372
0.93;Premium;F;SI1;62.3;58;6.18;6.22;3.86;4373
1.12;Premium;I;SI1;61.1;59;6.66;6.69;4.08;4373
1.12;Very Good;H;SI2;62.5;58;6.58;6.63;4.13;4373
1.02;Very Good;F;SI2;60;57;6.53;6.57;3.93;4373
0.85;Ideal;G;VS1;61.8;55;6.09;6.11;3.77;4373
0.85;Ideal;D;SI1;61.9;56;6.03;6.09;3.75;4373
1.32;Premium;G;SI2;59.2;61;7.21;7.14;4.25;4373
1.03;Very Good;G;SI2;62.2;56;6.46;6.49;4.03;4374
1.07;Ideal;F;SI2;61.9;55;6.53;6.58;4.06;4374
0.93;Ideal;E;SI1;62.2;55;6.24;6.27;3.89;4374
1.05;Premium;I;SI2;60.2;61;6.64;6.61;3.99;4374
1.07;Ideal;E;SI2;61.7;57;6.59;6.56;4.06;4374
1.07;Premium;H;VS2;60.6;60;6.66;6.63;4.03;4374
1.04;Ideal;G;SI2;60.7;57;6.51;6.61;3.98;4375
1.04;Ideal;G;SI2;61.4;57;6.48;6.54;4;4375
1.04;Very Good;G;SI2;62.6;58;6.42;6.49;4.04;4375
1.01;Very Good;I;SI1;60;62;6.41;6.53;3.88;4375
1.24;Premium;I;SI2;62.8;58;6.88;6.79;4.28;4375
1.24;Fair;F;SI2;64.9;60;6.7;6.63;4.32;4375
1.02;Ideal;H;SI2;60.5;57;6.56;6.52;3.95;4375
0.93;Good;G;SI1;63.8;58;6.14;6.09;3.9;4375
1.11;Ideal;I;SI2;61.9;57;6.62;6.66;4.11;4377
0.76;Ideal;D;VS1;61.7;56;5.84;5.87;3.61;4377
1.21;Ideal;F;I1;62;56;6.84;6.8;4.23;4377
0.83;Ideal;D;VS2;62;54.9;6.03;6.04;3.74;4378
1.01;Ideal;I;VS2;64.1;58;6.27;6.21;4;4378
0.92;Premium;E;SI1;61.3;58;6.19;6.25;3.81;4379
1;Very Good;H;SI2;62;57;6.4;6.34;3.95;4379
0.9;Very Good;F;SI1;61.4;58;6.18;6.23;3.81;4379
0.71;Ideal;D;VS1;61.7;56;5.71;5.74;3.53;4380
1.02;Premium;G;SI1;61.9;58;6.47;6.42;3.99;4381
0.9;Very Good;H;VS2;63;57;6.09;6.13;3.85;4381
0.9;Good;D;SI1;63.5;57;6.11;6.15;3.89;4381
0.9;Very Good;D;SI1;61;63;6.1;6.13;3.73;4381
0.9;Good;D;SI1;63.3;57;6.07;6.12;3.86;4381
0.9;Premium;D;SI1;62.7;58;6.09;6.15;3.84;4381
0.9;Very Good;D;SI1;59.4;62;6.19;6.24;3.69;4381
0.9;Very Good;D;SI1;61.5;58;6.15;6.21;3.8;4381
0.9;Very Good;D;SI1;62.6;58;6.11;6.15;3.84;4381
0.9;Good;D;SI1;63.2;55;6.1;6.14;3.87;4381
0.9;Very Good;D;SI1;62.7;56;6.12;6.16;3.85;4381
0.9;Very Good;D;SI1;61.2;60;6.14;6.19;3.77;4381
0.9;Good;H;VVS1;64.3;59;6.04;6.09;3.9;4381
1.02;Premium;D;SI2;60;62;6.59;6.5;3.93;4381
1.02;Fair;D;SI2;65.5;60;6.27;6.24;4.1;4381
1.02;Premium;D;SI2;60.9;61;6.39;6.31;3.87;4381
1.02;Premium;D;SI2;61.5;58;6.51;6.33;3.95;4381
1.02;Premium;D;SI2;62.1;57;6.41;6.37;3.97;4381
0.9;Very Good;E;SI1;63.2;54;6.1;6.17;3.88;4382
0.9;Good;G;VVS1;64;55;6.05;6.02;3.86;4382
1.03;Ideal;H;SI2;62.5;54;6.46;6.5;4.05;4382
0.9;Good;D;SI2;62.2;63;6.14;6.23;3.85;4382
0.76;Ideal;E;VVS1;61.8;54;5.9;5.87;3.64;4382
1;Very Good;F;SI2;62.2;55;6.39;6.44;3.99;4383
1.09;Ideal;H;SI2;60;59;6.72;6.77;4.05;4383
1.01;Ideal;G;SI2;61;56;6.48;6.54;3.97;4383
0.74;Ideal;F;IF;61.9;55;5.79;5.84;3.6;4383
1.01;Very Good;F;SI2;62.3;59;6.31;6.37;3.95;4384
1.03;Premium;H;SI1;60.7;60;6.61;6.53;3.99;4384
1.03;Ideal;H;SI2;61.1;57;6.55;6.52;3.99;4384
0.9;Premium;E;SI1;60.8;59;6.24;6.19;3.78;4385
1.13;Very Good;J;SI1;63.5;59;6.62;6.55;4.18;4385
0.9;Premium;E;SI1;59.1;62;6.33;6.3;3.73;4385
0.9;Premium;E;VS2;58;61;6.45;6.34;3.71;4385
1.13;Ideal;I;SI2;61.7;57;6.7;6.59;4.13;4385
0.9;Premium;E;SI1;61.6;57;6.25;6.19;3.83;4385
0.9;Premium;E;SI1;59.8;55;6.34;6.3;3.78;4385
0.9;Premium;G;VS2;61.8;60;6.16;6.21;3.82;4386
0.9;Very Good;G;VS2;61.5;60;6.13;6.16;3.78;4386
0.91;Ideal;H;SI1;61.9;56;6.17;6.21;3.83;4386
1;Good;F;SI2;60.2;65;6.38;6.41;3.85;4386
1.2;Premium;G;SI2;62.8;62;6.69;6.65;4.19;4387
1.44;Premium;I;I1;62.7;55;7.21;7.18;4.51;4387
0.93;Premium;H;VS2;58.3;60;6.45;6.37;3.74;4387
0.8;Ideal;G;VS1;61.1;57;5.97;6;3.65;4388
0.96;Premium;D;SI2;59.1;58;6.53;6.44;3.83;4388
1;Good;H;SI1;62.7;60;6.24;6.3;3.93;4389
1;Very Good;H;SI1;62.2;60;6.34;6.45;3.98;4389
1;Good;H;SI1;63.4;56;6.34;6.37;4.03;4389
1;Premium;H;SI1;59;60;6.52;6.56;3.86;4389
1;Good;H;SI1;63.9;56;6.28;6.31;4.02;4389
1;Good;H;SI1;61.2;62;6.32;6.36;3.88;4389
0.91;Very Good;D;SI1;63.5;56;6.13;6.18;3.91;4389
1;Ideal;H;SI2;58.3;61;6.56;6.61;3.84;4390
1.1;Ideal;J;SI1;61.5;55;6.65;6.68;4.1;4390
0.9;Ideal;F;SI1;62.2;55;6.16;6.21;3.85;4390
1;Very Good;E;SI2;63.3;55;6.29;6.25;3.97;4390
1.12;Premium;I;SI1;60.6;60;6.77;6.73;4.09;4390
1;Premium;E;SI2;62.2;59;6.38;6.35;3.96;4390
1;Premium;E;SI2;60.6;61;6.44;6.39;3.89;4390
1.13;Very Good;J;SI1;62.9;57.7;6.6;6.64;4.16;4391
1.03;Ideal;G;SI2;61.7;55;6.48;6.52;4.01;4391
1.08;Good;F;SI2;58;61;6.72;6.77;3.91;4391
1.21;Premium;J;SI1;62.7;57;6.77;6.72;4.23;4391
1.21;Premium;I;SI2;61.8;60;6.86;6.76;4.21;4391
0.91;Ideal;E;SI1;61;57;6.2;6.26;3.8;4392
1;Very Good;E;SI2;62.5;55;6.38;6.41;4;4392
1;Good;E;SI2;61;61;6.37;6.44;3.91;4394
1.09;Premium;H;SI2;61.2;62;6.63;6.58;4.04;4395
1.09;Premium;H;SI2;61.2;62;6.63;6.58;4.04;4395
1.16;Good;F;SI2;63.7;63;6.55;6.63;4.2;4395
1;Very Good;H;SI2;63.7;58;6.31;6.35;4.03;4395
1.03;Ideal;J;SI1;61.7;56;6.49;6.53;4.02;4395
0.9;Good;G;VS1;61;62;6.16;6.24;3.78;4395
1.01;Premium;G;SI1;58.8;58;6.59;6.51;3.85;4395
1.01;Premium;G;SI1;62.3;60;6.31;6.25;3.91;4395
0.9;Very Good;F;VS2;59.6;59;6.27;6.31;3.75;4397
1.02;Ideal;J;VS2;61.1;58;6.45;6.49;3.95;4397
1.02;Ideal;J;VS2;60.7;57;6.5;6.54;3.96;4397
1.01;Good;G;SI2;59.3;62;6.51;6.58;3.88;4397
1.02;Fair;H;SI2;59.6;57;6.65;6.5;3.92;4398
1.02;Very Good;E;SI2;60.5;58;6.54;6.58;3.97;4398
1.02;Good;E;SI2;63.3;59;6.32;6.42;4.03;4398
1.02;Very Good;E;SI2;62.8;55;6.4;6.43;4.03;4398
1.02;Very Good;E;SI2;62.9;56;6.36;6.43;4.02;4398
1.02;Very Good;E;SI2;63;57;6.39;6.44;4.04;4398
1.02;Ideal;E;SI2;62.4;55;6.44;6.47;4.03;4398
1.02;Very Good;E;SI2;59.6;59;6.54;6.59;3.91;4398
1.05;Very Good;E;SI2;62.9;57;6.47;6.51;4.08;4398
1.04;Fair;D;SI2;64.9;56;6.39;6.34;4.13;4398
1.02;Ideal;G;SI2;61.4;54;6.55;6.52;4.01;4398
1;Premium;G;SI2;61.8;58;6.43;6.39;3.96;4398
1.02;Premium;F;SI2;63;58;6.43;6.37;4.03;4398
1.02;Ideal;F;SI2;62.4;57;6.43;6.4;4;4398
1.02;Fair;D;SI1;70.6;57;6.08;6.01;4.27;4398
1.02;Ideal;H;SI2;60.7;57;6.54;6.51;3.96;4398
0.77;Very Good;F;VVS1;60.2;58;5.93;5.97;3.58;4399
1.01;Premium;E;SI1;62.4;58;6.37;6.42;3.99;4399
1.01;Good;E;SI1;64.1;59;6.31;6.35;4.06;4399
1.01;Good;E;SI1;64.1;62;6.19;6.26;3.99;4399
1.01;Very Good;E;SI1;61;56;6.47;6.54;3.97;4399
1.01;Good;E;SI1;59.3;64;6.47;6.49;3.84;4399
1.14;Premium;F;SI2;62.8;58;6.61;6.56;4.14;4399
0.9;Very Good;G;VS2;63.8;58;6.08;6.12;3.89;4400
0.9;Very Good;G;VS2;58.8;61;6.28;6.3;3.7;4400
0.9;Very Good;F;VS2;63.4;58;6.07;6.11;3.86;4400
1;Good;E;SI2;63.5;54;6.35;6.41;4.05;4400
0.97;Premium;G;SI1;62.6;58;6.24;6.18;3.89;4400
0.31;Very Good;F;VS2;60.7;61;4.36;4.4;2.66;583
0.31;Good;F;VS2;63.7;59;4.26;4.31;2.73;583
0.31;Ideal;F;VS2;60.8;57;4.38;4.41;2.67;583
0.31;Ideal;F;VS2;61.6;56;4.35;4.39;2.69;583
0.31;Premium;F;VS2;59.4;58;4.37;4.45;2.62;583
0.31;Very Good;F;VS2;63;57;4.27;4.33;2.71;583
0.31;Good;F;VS2;63.6;54;4.28;4.33;2.74;583
0.31;Very Good;G;VS1;58.2;61;4.42;4.45;2.58;583
0.31;Ideal;F;VS2;61.9;57;4.32;4.34;2.68;583
0.31;Very Good;F;VS2;58.3;61;4.44;4.48;2.6;583
0.31;Ideal;F;VS2;62.2;56;4.36;4.39;2.72;583
0.35;Ideal;F;SI1;62.5;54;4.5;4.52;2.82;583
0.35;Premium;F;SI1;60.2;58;4.54;4.6;2.75;583
0.35;Ideal;F;SI1;62.4;55;4.52;4.55;2.83;583
0.35;Ideal;F;SI1;62.2;56;4.48;4.52;2.8;583
0.35;Good;F;SI1;63.6;54;4.51;4.52;2.87;583
0.35;Good;F;SI1;63.1;56;4.46;4.51;2.83;583
0.35;Premium;F;SI1;62.3;58;4.49;4.53;2.81;583
0.35;Very Good;F;SI1;61.7;58;4.51;4.54;2.79;583
0.26;Very Good;E;VVS2;60.9;58;4.13;4.15;2.52;584
0.32;Very Good;E;SI1;59.9;57;4.47;4.49;2.68;584
0.32;Very Good;E;SI1;62.3;55;4.36;4.38;2.72;584
0.5;Fair;F;I1;69.8;55;4.89;4.8;3.38;584
0.34;Ideal;D;SI1;62;55;4.5;4.53;2.8;584
0.37;Good;H;VS2;63.1;55;4.59;4.63;2.91;584
0.37;Very Good;H;VS2;59.5;61;4.64;4.67;2.77;584
0.37;Good;H;VS2;63.7;55;4.54;4.56;2.9;584
0.37;Premium;I;VS1;61.4;59;4.55;4.61;2.81;584
0.34;Premium;D;SI1;62;58;4.43;4.47;2.76;584
0.3;Very Good;E;VS2;61.6;61;4.26;4.31;2.64;585
1.07;Premium;G;SI2;62;59;6.54;6.5;4.04;4401
0.9;Ideal;F;SI1;60.7;57;6.21;6.25;3.78;4401
0.9;Very Good;G;SI1;62.9;54;6.14;6.16;3.87;4401
1.06;Ideal;H;SI2;60.1;59;6.65;6.63;3.99;4401
1.03;Ideal;I;SI1;63.3;57;6.37;6.46;4.06;4401
1.07;Premium;G;SI2;62.9;59;6.58;6.51;4.12;4401
0.9;Good;G;VS1;63.9;60;6.14;6.09;3.91;4401
1.07;Ideal;G;SI2;62;57;6.58;6.55;4.07;4401
1.06;Ideal;H;SI2;62.8;57;6.52;6.56;4.11;4402
1.04;Ideal;F;SI1;59.9;56;6.64;6.58;3.96;4403
0.9;Ideal;H;VS2;61.9;58;6.2;6.24;3.85;4403
1.04;Fair;F;SI1;66.9;62;6.22;6.15;4.14;4403
1.04;Ideal;H;SI2;62.1;56;6.48;6.5;4.03;4404
0.92;Good;F;VS2;63.1;57;6.11;6.16;3.87;4404
1.02;Very Good;E;SI2;63.1;59;6.33;6.39;4.01;4404
1.02;Very Good;E;SI2;60.7;62;6.44;6.47;3.92;4404
0.97;Very Good;H;SI1;62.8;55;6.25;6.3;3.94;4404
1.51;Premium;H;I1;60.9;56;7.38;7.26;4.46;4404
1.21;Very Good;I;SI1;63.3;60;6.76;6.69;4.26;4404
1.21;Premium;I;SI1;61;56;6.91;6.87;4.2;4404
1.15;Very Good;I;SI2;62;58;6.69;6.73;4.16;4405
1.05;Ideal;J;SI1;61.7;55;6.54;6.56;4.04;4405
1.05;Ideal;J;SI1;61.5;55;6.53;6.57;4.03;4405
1;Good;H;SI1;61.6;61;6.29;6.35;3.89;4405
0.93;Good;G;SI1;58.8;61;6.36;6.39;3.75;4405
0.92;Ideal;G;VS2;62.6;56;6.2;6.17;3.87;4405
1.06;Ideal;I;VS2;61.4;57;6.57;6.52;4.02;4405
0.92;Ideal;G;SI2;61.9;57;6.23;6.25;3.86;4406
0.92;Good;E;VS2;58.9;57;6.35;6.38;3.75;4406
1.03;Premium;H;SI1;58.6;61;6.64;6.6;3.88;4406
1.03;Very Good;H;SI1;63.4;62;6.46;6.27;4.05;4406
1.13;Good;D;SI2;60.7;64;6.68;6.63;4;4406
0.9;Premium;D;SI1;61.4;62;6.19;6.05;3.76;4407
1.08;Very Good;F;SI2;62.6;56;6.55;6.61;4.12;4407
1.08;Premium;F;SI2;60.2;59;6.6;6.65;3.99;4407
0.77;Ideal;D;VS1;62.3;56;5.83;5.89;3.65;4407
1.03;Ideal;G;SI2;62.1;56;6.44;6.48;4.01;4407
0.7;Good;D;VVS1;61;61;5.69;5.72;3.48;4407
1.23;Premium;G;SI2;58.9;62;7.03;6.97;4.12;4408
0.9;Good;H;VS1;62.4;55;6.09;6.16;3.82;4409
1.25;Premium;J;SI2;62.3;59;6.86;6.82;4.26;4410
1.05;Ideal;H;SI2;61.2;57;6.62;6.55;4.03;4410
1.05;Ideal;H;SI2;61.2;57;6.59;6.54;4.02;4410
1.01;Premium;F;SI1;61.9;58;6.38;6.34;3.94;4412
1.01;Very Good;I;SI1;63.5;59;6.36;6.31;4.02;4412
1.01;Premium;H;VS2;62.3;58;6.45;6.36;3.99;4412
0.81;Ideal;F;VS1;62.3;55;5.97;6;3.73;4412
1.01;Very Good;H;VS1;63.5;56;6.32;6.27;4;4412
1.01;Premium;E;SI2;59.1;60;6.57;6.55;3.88;4412
1.01;Premium;H;SI2;60.3;60;6.49;6.45;3.9;4412
1.06;Very Good;J;VS2;62.6;59;6.49;6.57;4.09;4413
1.07;Premium;H;SI2;61.2;60;6.53;6.57;4.01;4413
1.07;Very Good;H;SI2;62.8;57;6.5;6.58;4.11;4413
1;Very Good;G;SI1;62.6;57;6.31;6.37;3.97;4413
1.01;Ideal;I;SI1;62.5;56;6.4;6.44;4.01;4413
1.01;Good;E;SI2;56.7;61;6.68;6.7;3.79;4413
1.08;Ideal;H;SI1;62.2;57;6.6;6.56;4.09;4413
1.03;Very Good;G;SI2;63.5;56;6.37;6.33;4.03;4413
1.03;Premium;G;SI2;59.9;60;6.56;6.5;3.91;4413
1.02;Good;E;SI2;64.2;59;6.26;6.2;4;4414
1.02;Very Good;E;SI2;58.7;63;6.61;6.55;3.86;4414
1.08;Premium;F;SI2;62.3;58;6.55;6.52;4.07;4414
1.1;Very Good;H;SI1;62.5;56;6.56;6.63;4.12;4414
1.03;Very Good;F;SI2;61.8;59;6.43;6.48;3.99;4414
1.03;Very Good;F;SI2;62;58;6.43;6.51;4.01;4414
1.04;Ideal;G;SI2;63.1;55;6.45;6.52;4.09;4414
1.03;Good;F;SI2;59;59;6.55;6.6;3.88;4414
1.08;Very Good;E;SI2;59.8;59;6.65;6.73;4;4415
1.01;Very Good;F;SI2;60;59;6.48;6.61;3.93;4416
1.01;Very Good;F;SI2;62.4;58;6.37;6.41;3.99;4416
1.01;Good;F;SI2;63.2;59;6.35;6.38;4.02;4416
1.01;Premium;F;SI2;62.2;59;6.41;6.45;4;4416
1.01;Premium;F;SI2;62.6;60;6.35;6.37;3.98;4416
1.01;Ideal;F;SI2;62.5;55;6.39;6.4;4;4416
1.01;Premium;F;SI2;61.3;60;6.4;6.43;3.93;4416
1.01;Premium;F;SI2;62.2;59;6.38;6.42;3.98;4416
1.01;Premium;F;SI2;61.6;58;6.39;6.4;3.94;4416
1.01;Ideal;F;SI2;60.5;57;6.49;6.53;3.94;4416
1.01;Good;F;SI2;63.9;54;6.33;6.44;4.08;4416
1.01;Very Good;F;SI2;62.7;59;6.35;6.4;4;4416
1.01;Very Good;F;SI2;62.8;60;6.33;6.4;4;4416
1;Good;G;SI1;62.2;62;6.34;6.39;3.96;4416
1.06;Ideal;H;VS2;62.4;57;6.54;6.48;4.06;4416
0.83;Ideal;F;VS2;62.3;56;5.99;6.02;3.74;4417
1.01;Fair;G;SI1;65.3;58;6.14;6.2;4.03;4417
0.95;Very Good;D;SI2;60.1;61;6.35;6.37;3.82;4418
1.15;Very Good;H;SI2;61.4;58;6.7;6.75;4.13;4418
1.01;Very Good;I;SI1;62.1;59;6.36;6.42;3.97;4418
1.01;Premium;F;SI1;62.2;59;6.44;6.35;3.98;4418
0.9;Very Good;E;VS2;62.8;57;6.13;6.16;3.86;4419
1;Very Good;D;SI2;63.7;55;6.32;6.37;4.04;4419
0.9;Very Good;D;SI1;59.5;57;6.19;6.34;3.73;4419
0.9;Ideal;E;VS2;62.1;57;6.15;6.18;3.83;4419
1.07;Ideal;G;SI2;62.4;57;6.56;6.58;4.1;4419
0.9;Good;D;SI1;61.9;62;6.15;6.17;3.81;4419
0.92;Premium;F;SI1;62.1;60;6.22;6.21;3.86;4420
0.86;Ideal;G;VS1;62.2;57;6.05;6.1;3.78;4420
1.07;Ideal;G;SI2;61.7;57;6.55;6.59;4.05;4421
1.1;Very Good;H;SI2;62.9;58;6.53;6.56;4.12;4422
1.07;Ideal;J;SI1;62.4;56;6.52;6.56;4.08;4422
1.12;Ideal;J;VS2;60.1;57;6.82;6.75;4.08;4422
1.12;Premium;J;VS2;58.6;58;6.85;6.81;4;4422
1.04;Ideal;I;SI1;61.4;55;6.5;6.59;4.02;4423
0.91;Very Good;F;VS1;63.1;59;6.19;6.14;3.89;4423
1.17;Premium;I;SI2;62.7;57;6.77;6.69;4.22;4423
1.35;Ideal;J;SI1;61;55;7.17;7.09;4.35;4423
1.17;Premium;J;SI1;61.9;58;6.77;6.73;4.18;4423
1.35;Good;I;SI2;57.9;60;7.33;7.29;4.23;4423
1.35;Fair;I;SI2;66.5;57;6.79;6.74;4.5;4423
0.9;Premium;G;VS2;60.2;59;6.28;6.22;3.76;4424
1.03;Fair;G;SI1;64.7;63;6.36;6.31;4.1;4424
0.9;Premium;G;VS2;60;59;6.3;6.23;3.76;4424
1.16;Ideal;G;SI2;61.3;55;6.79;6.84;4.18;4425
1.01;Very Good;F;SI2;60;55;6.56;6.53;3.93;4425
1.01;Ideal;J;VS2;62.3;55;6.4;6.44;4;4425
1;Ideal;F;SI2;61.3;57;6.4;6.46;3.94;4425
0.93;Good;G;VS1;63.8;59;6.21;6.15;3.94;4425
1.04;Ideal;F;SI1;62.1;56;6.54;6.47;4.04;4426
1;Very Good;E;SI2;62.6;58;6.33;6.39;3.98;4426
1.04;Very Good;I;SI1;61.9;58;6.45;6.47;4;4426
0.95;Premium;G;SI1;58;62;6.47;6.42;3.74;4426
1.23;Premium;G;SI2;62.8;59;6.76;6.72;4.23;4426
1.04;Good;F;SI2;63.1;60;6.35;6.42;4.03;4427
1.05;Very Good;G;SI2;63.5;57;6.39;6.43;4.07;4427
1.04;Very Good;F;SI2;60;61;6.5;6.57;3.92;4427
0.9;Premium;D;SI1;61.5;60;6.19;6.17;3.8;4427
1;Ideal;D;SI2;62.3;56;6.39;6.33;3.96;4427
1;Premium;G;SI1;60.2;59;6.5;6.39;3.88;4427
1;Good;D;SI2;58.1;65;6.54;6.48;3.78;4427
1;Good;G;SI1;64.3;58;6.25;6.22;4.01;4427
0.9;Very Good;H;VS1;62.5;58;6.09;6.13;3.82;4428
1.28;Ideal;G;I1;61.6;57;6.93;6.96;4.28;4428
0.9;Ideal;H;VS1;62.2;58;6.14;6.17;3.83;4428
1.11;Ideal;I;SI2;61.6;54;6.66;6.72;4.12;4428
0.91;Premium;D;SI1;60.2;60;6.25;6.3;3.78;4429
0.91;Very Good;D;SI1;63;59;6.11;6.15;3.86;4429
1.05;Very Good;G;SI1;59.1;57;6.63;6.73;3.95;4429
0.91;Very Good;G;SI1;60.2;58;6.29;6.31;3.79;4429
0.91;Ideal;E;SI1;60.8;57;6.27;6.29;3.82;4429
0.91;Very Good;H;VS2;60.8;58;6.21;6.25;3.79;4430
1.13;Premium;H;SI2;59.4;58;6.8;6.74;4.02;4430
1.13;Premium;I;VS2;60.2;61;6.74;6.71;4.05;4430
0.9;Very Good;H;VVS2;60.3;61;6.22;6.25;3.76;4432
0.9;Good;F;VS2;63.3;57;6.11;6.15;3.88;4432
0.9;Premium;H;VVS2;62;58;6.13;6.16;3.81;4432
1.01;Very Good;H;SI1;61.8;61;6.4;6.47;3.98;4432
1.01;Very Good;H;SI1;62.1;60;6.4;6.44;3.99;4432
1.01;Very Good;H;SI1;61.9;57;6.36;6.41;3.95;4432
1.01;Good;H;SI1;63.1;60;6.37;6.41;4.03;4432
1.07;Ideal;H;SI2;59.2;57;6.7;6.64;3.95;4434
1.03;Ideal;I;SI1;62.2;58;6.45;6.41;4;4434
0.91;Very Good;E;SI1;63.1;58;6.17;6.12;3.88;4434
1.01;Ideal;E;SI2;62.8;57;6.38;6.35;4;4434
1.01;Premium;E;SI2;62.5;60;6.42;6.39;4;4434
1.01;Very Good;E;SI2;63.3;58;6.39;6.37;4.04;4434
0.91;Very Good;F;VS2;63.4;55;6.22;6.18;3.93;4434
1.01;Premium;E;SI2;59.6;61;6.59;6.56;3.92;4434
1.01;Ideal;E;SI2;62.1;56;6.43;6.39;3.98;4434
0.91;Premium;E;SI1;62.5;61;6.19;6.1;3.84;4434
1.1;Premium;H;SI2;62.6;57;6.6;6.56;4.12;4435
0.9;Ideal;D;SI1;61.9;55;6.22;6.18;3.84;4435
1.02;Premium;G;SI1;62.2;58;6.44;6.48;4.02;4435
1.04;Very Good;H;SI2;62.9;57;6.39;6.45;4.04;4435
1.01;Very Good;G;SI2;59.3;61;6.56;6.52;3.88;4435
1.01;Very Good;G;SI2;62.1;60;6.38;6.35;3.95;4435
0.9;Very Good;G;SI1;62.2;58;6.15;6.2;3.84;4435
1;Very Good;E;SI2;60.5;59;6.44;6.48;3.91;4435
0.9;Premium;F;SI1;61.4;55;6.18;6.16;3.79;4435
0.9;Premium;E;VS2;61.4;57;6.19;6.16;3.79;4435
1.2;Premium;J;VS2;58;59;6.98;6.92;4.03;4435
1.1;Premium;I;SI1;62.7;58;6.58;6.54;4.11;4435
1;Good;E;SI1;63.1;64;6.31;6.25;3.96;4435
0.9;Very Good;F;SI1;58;63;6.33;6.25;3.65;4435
1;Very Good;E;SI1;63.1;58;6.34;6.2;3.95;4435
1;Fair;E;SI1;65.1;61;6.15;6.08;3.98;4435
1;Fair;G;VS2;69.8;54;6.03;5.94;4.18;4435
1;Premium;E;SI1;60.3;62;6.52;6.43;3.91;4435
1.05;Very Good;F;SI2;62.1;58;6.47;6.5;4.03;4436
1.04;Premium;E;SI2;60.1;60;6.53;6.51;3.92;4436
1.01;Good;E;SI2;60.7;62;6.43;6.49;3.92;4436
1.13;Very Good;G;SI2;60;61;6.71;6.78;4.05;4437
0.91;Very Good;F;SI1;60.4;59;6.22;6.26;3.77;4437
1.15;Premium;F;SI2;62.2;59;6.7;6.62;4.14;4437
1.15;Good;F;SI2;63.8;57;6.65;6.6;4.23;4437
1.19;Premium;I;SI2;61.6;56;6.87;6.83;4.22;4438
1.01;Very Good;I;VS2;61.3;56;6.53;6.45;3.98;4438
0.9;Very Good;D;SI1;60.9;57;6.22;6.26;3.8;4438
1.01;Premium;H;SI1;62.1;60;6.43;6.39;3.98;4439
0.7;Ideal;F;VVS2;61.5;56;5.7;5.78;3.53;4439
0.9;Ideal;E;SI1;59.1;59;6.31;6.37;3.75;4439
0.91;Fair;D;VS2;65.1;63;6.02;6;3.91;4439
1.07;Premium;H;SI1;62.9;61;6.47;6.41;4.05;4440
0.56;Very Good;D;IF;60.7;56;5.34;5.36;3.25;4440
1.21;Premium;J;SI2;60.9;60;6.82;6.78;4.14;4440
1.01;Good;E;SI2;63.9;55;6.38;6.33;4.08;4440
1.03;Ideal;E;SI2;62.5;56;6.45;6.48;4.04;4441
1.03;Premium;E;SI2;61;60;6.46;6.53;3.96;4441
0.9;Very Good;F;SI2;61;61;6.14;6.18;3.76;4441
1.03;Fair;D;SI1;65.5;58;6.18;6.13;4.03;4441
1.03;Premium;I;SI1;61.6;59;6.49;6.46;3.99;4441
1.03;Good;D;SI1;64.3;58;6.31;6.28;4.05;4441
1.03;Good;D;SI1;64.3;58;6.31;6.28;4.05;4441
1.11;Very Good;I;SI2;62.5;58;6.59;6.65;4.14;4442
1.07;Ideal;H;SI2;61.8;56;6.58;6.63;4.08;4442
1.01;Premium;G;SI2;62.4;58;6.41;6.38;3.99;4442
1.08;Premium;G;SI2;60.3;58;6.72;6.65;4.03;4442
1.2;Very Good;G;SI2;61.8;60;6.78;6.85;4.21;4443
1.2;Very Good;G;SI2;61.5;58;6.83;6.85;4.21;4443
1.08;Ideal;J;SI1;61.8;56.2;6.55;6.58;4.06;4443
1.02;Good;E;SI1;63.7;62;6.31;6.4;4.05;4443
1.02;Good;E;SI1;63.1;57;6.37;6.43;4.04;4443
0.84;Very Good;D;VS1;60.6;57;6.06;6.15;3.7;4443
0.9;Premium;E;SI1;62.7;60;6.13;6.03;3.81;4443
1.01;Ideal;J;VS2;62.2;54;6.41;6.47;4.01;4443
0.91;Very Good;D;SI1;62;60;6.12;6.2;3.82;4444
0.8;Good;E;VS1;60.2;54;6.04;6.01;3.63;4444
1.09;Premium;E;SI2;59.4;60;6.81;6.7;4.01;4444
1.24;Premium;H;SI2;62.3;58;6.84;6.8;4.25;4444
1.01;Very Good;E;SI2;62;60;6.36;6.41;3.96;4445
1;Good;I;VVS1;56.5;62;6.58;6.55;3.71;4445
1.05;Premium;F;SI1;61.8;58;6.51;6.44;4.01;4445
1.07;Premium;F;SI2;61.8;58;6.57;6.51;4.04;4446
1.07;Good;F;SI2;61.3;65;6.59;6.41;4;4446
1.07;Premium;F;SI2;61.7;58;6.58;6.55;4.05;4446
0.9;Very Good;D;SI1;63.4;57;6.13;6.1;3.88;4447
0.71;Ideal;E;VVS2;61.7;56;5.78;5.8;3.57;4447
0.93;Premium;D;SI1;60.8;59;6.27;6.24;3.8;4448
1.06;Ideal;I;VS2;62.3;56;6.51;6.56;4.07;4449
0.9;Very Good;E;VS1;63;55;6.08;6.15;3.85;4449
1.03;Very Good;F;SI2;62.2;56;6.51;6.48;4.04;4449
1.13;Ideal;F;SI2;60.4;56;6.78;6.72;4.08;4449
1.02;Premium;G;SI1;62.6;59;6.43;6.38;4.01;4449
1.01;Very Good;H;SI1;62.3;63;6.3;6.23;3.9;4449
0.92;Premium;H;VS2;62.4;60;6.24;6.16;3.87;4451
1.04;Very Good;J;VS2;59.5;59;6.59;6.66;3.94;4451
1.07;Very Good;I;SI1;62.6;58;6.49;6.57;4.09;4451
0.85;Premium;F;VVS2;61.2;60;6.13;6.1;3.74;4451
0.93;Good;G;SI1;63.8;58;6.09;6.14;3.9;4452
0.9;Ideal;G;SI1;62.3;58;6.17;6.22;3.86;4452
1.06;Premium;I;SI1;61.9;59;6.52;6.5;4.03;4452
1;Premium;I;VS2;61.6;59;6.47;6.39;3.96;4452
1.06;Premium;I;SI1;61.9;57;6.61;6.51;4.06;4452
1;Ideal;F;SI2;61.2;57;6.48;6.39;3.94;4452
1;Ideal;F;SI2;61.3;56;6.46;6.43;3.95;4452
1.06;Ideal;H;SI2;62.8;57;6.57;6.49;4.1;4452
1.06;Premium;F;SI2;62.4;58;6.54;6.5;4.07;4452
1;Premium;F;SI2;61.3;61;6.39;6.36;3.91;4452
1;Premium;F;SI2;61.1;61;6.38;6.35;3.89;4452
1;Premium;F;SI2;61.6;61;6.36;6.33;3.91;4452
1;Good;F;SI1;64;57;6.33;6.29;4.04;4452
1.06;Ideal;H;SI2;59.4;57;6.67;6.63;3.95;4452
0.91;Ideal;G;SI1;62;54;6.23;6.26;3.87;4453
1.07;Good;E;SI2;60;62;6.57;6.62;3.96;4453
0.71;Ideal;F;VVS1;62;56;5.72;5.77;3.56;4454
1.03;Ideal;F;SI2;61.8;56;6.49;6.46;4;4454
1.02;Premium;H;SI2;62.7;59;6.41;6.34;4;4455
0.9;Very Good;H;VS1;62.1;57;6.17;6.23;3.85;4455
1.08;Ideal;H;SI2;59.3;57;6.71;6.74;3.99;4455
1.2;Very Good;I;SI2;61.9;59;6.77;6.84;4.21;4455
1.2;Very Good;J;SI1;60.5;59;6.79;6.84;4.12;4455
1.08;Ideal;H;SI2;60.4;57;6.63;6.68;4.02;4455
1.16;Very Good;H;SI2;59.6;59;6.85;6.87;4.09;4455
1.16;Very Good;H;SI2;63.2;57;6.66;6.7;4.22;4455
1.04;Ideal;G;SI2;61.7;56;6.57;6.52;4.04;4455
0.9;Premium;G;SI1;62.6;57;6.16;6.11;3.84;4455
1.3;Premium;G;SI2;63;59;6.97;6.9;4.37;4455
1.17;Very Good;H;SI2;63.1;58;6.72;6.64;4.22;4455
0.9;Premium;G;SI1;60.6;57;6.28;6.2;3.78;4455
1.02;Premium;F;SI1;62.6;58;6.42;6.36;4;4455
1.04;Premium;G;SI2;62.6;58;6.49;6.42;4.04;4455
1.04;Ideal;G;SI2;61.4;57;6.54;6.48;4;4455
1.04;Ideal;G;SI2;60.7;57;6.61;6.51;3.98;4455
1.02;Fair;H;VS1;71.8;56;6.04;5.97;4.31;4455
1;Fair;G;VS1;64.9;65;6.31;6.18;4.05;4455
1.02;Ideal;I;SI1;61.3;56;6.52;6.47;3.98;4455
1.11;Good;H;SI2;63.5;60.3;6.49;6.58;4.15;4456
1.11;Very Good;H;SI2;59.8;60;6.66;6.75;4.01;4456
0.96;Good;H;VS1;63.9;54;6.27;6.22;3.99;4456
1.09;Premium;G;SI2;59;58;6.78;6.72;3.98;4456
1.01;Good;D;SI2;63.5;61;6.33;6.37;4.03;4457
1.02;Ideal;F;SI2;61;58;6.48;6.51;3.96;4457
0.92;Ideal;I;SI1;61.7;56;6.2;6.23;3.83;4457
1.1;Good;G;SI2;60.5;61;6.69;6.74;4.06;4457
1.11;Ideal;I;SI2;61.9;57;6.66;6.62;4.11;4457
0.7;Ideal;F;VVS1;62.2;57;5.7;5.74;3.56;4458
1.01;Ideal;F;SI2;61.5;56;6.42;6.49;3.97;4458
1.01;Ideal;F;SI2;62.1;55;6.42;6.47;4;4458
1.03;Ideal;I;SI1;60.7;60;6.5;6.55;3.96;4458
1.07;Ideal;H;VS2;62.1;57;6.53;6.49;4.04;4458
1.02;Premium;F;SI2;61.1;59;6.41;6.45;3.93;4459
1.06;Ideal;G;SI2;62.2;55;6.53;6.56;4.07;4459
1.02;Premium;F;SI2;61.5;58;6.42;6.49;3.97;4459
1.02;Premium;F;SI2;62.5;60;6.36;6.43;4;4459
1.02;Premium;I;VS2;62;58;6.44;6.47;4;4459
0.91;Premium;G;VS1;62.2;58;6.22;6.12;3.85;4459
1;Ideal;H;SI2;61.5;55.6;6.41;6.48;3.96;4459
1.02;Good;D;SI2;64.1;58;6.25;6.32;4.03;4459
1.58;Premium;I;I1;60.2;61;7.55;7.51;4.53;4459
0.9;Good;G;VS1;63.6;58;6.12;6.09;3.88;4460
0.9;Good;G;VS1;63.7;56;6.15;6.07;3.89;4460
0.3;Very Good;G;VS1;60.8;56;4.35;4.37;2.65;585
0.3;Very Good;G;VS1;62.1;55;4.28;4.31;2.67;585
0.38;Very Good;F;SI2;61.2;57;4.67;4.71;2.87;585
0.4;Premium;I;SI2;62.9;59;4.68;4.63;2.93;585
0.28;Very Good;G;VVS1;61.9;55;4.18;4.2;2.6;586
0.28;Very Good;G;VVS1;60.7;56;4.27;4.29;2.6;586
0.28;Ideal;G;VVS2;61.6;56;4.18;4.2;2.58;586
0.28;Ideal;G;VVS2;61.5;56;4.22;4.24;2.6;586
0.28;Ideal;H;VVS1;62;55;4.17;4.22;2.6;586
0.39;Ideal;J;VS2;61.8;55.9;4.66;4.69;2.89;586
0.31;Ideal;G;VS1;62.3;54;4.31;4.33;2.69;586
0.23;Ideal;E;VS1;61.9;55;3.94;3.98;2.45;586
0.23;Ideal;E;VS1;61.5;54;3.96;3.97;2.44;586
0.37;Ideal;G;SI1;61.4;56;4.63;4.65;2.85;586
0.37;Ideal;G;SI1;61.4;55;4.63;4.68;2.86;586
0.37;Ideal;G;SI1;62;55;4.62;4.64;2.87;586
0.37;Ideal;G;SI1;61.9;55;4.62;4.66;2.87;586
0.32;Ideal;F;SI1;61.4;54;4.42;4.44;2.72;586
0.32;Ideal;F;SI1;60.9;55;4.46;4.53;2.72;586
0.28;Ideal;H;IF;63;55;4.14;4.19;2.62;586
0.28;Ideal;H;IF;62;56;4.2;4.23;2.61;586
0.3;Fair;E;VVS2;66.6;54;4.14;4.18;2.77;586
0.31;Good;I;VS1;63.9;55;4.3;4.28;2.74;586
0.31;Premium;H;VS2;58.9;61;4.46;4.43;2.62;586
0.31;Good;H;VS2;63.8;56;4.33;4.29;2.75;586
0.38;Very Good;D;SI1;62;55;4.67;4.72;2.91;586
0.27;Very Good;E;VVS2;61.8;59;4.14;4.18;2.57;586
0.27;Ideal;D;VVS1;61.7;57;4.16;4.2;2.58;586
0.27;Ideal;E;VVS1;62;56;4.16;4.19;2.59;586
0.27;Good;E;VVS1;63.9;57;4.07;4.1;2.61;586
1.18;Premium;J;SI1;62.5;55;6.82;6.74;4.24;4460
1.18;Premium;I;SI2;61.2;59;6.85;6.78;4.17;4460
0.9;Premium;G;VS1;62.7;60;6.13;6.06;3.82;4460
0.9;Ideal;G;VS1;61.6;55;6.27;6.23;3.85;4460
0.9;Premium;G;VS1;62.3;60;6.08;6;3.76;4460
1.04;Ideal;H;SI2;61.7;57;6.49;6.54;4.02;4461
1.02;Fair;H;VS2;64.6;61;6.32;6.24;4.06;4462
1.02;Fair;F;SI1;65.1;56;6.29;6.25;4.08;4462
0.96;Premium;E;SI2;58.2;58;6.52;6.47;3.78;4462
1.24;Very Good;G;SI2;63.3;57;6.85;6.79;4.32;4462
0.9;Very Good;E;SI1;59.8;55;6.3;6.34;3.78;4463
0.9;Good;E;SI1;63.9;55;6.08;6.13;3.9;4463
0.9;Very Good;E;SI1;61.6;57;6.19;6.25;3.83;4463
0.9;Good;E;SI1;63.9;57;6.05;6.1;3.88;4463
0.9;Premium;E;SI1;60.8;59;6.19;6.24;3.78;4463
1.14;Premium;H;SI1;62.1;59;6.73;6.61;4.14;4463
0.91;Good;G;VVS2;64.1;58;6.1;6.06;3.9;4464
1.06;Very Good;I;SI2;61.4;56.5;6.55;6.58;4.03;4465
1.06;Very Good;H;SI2;61.7;59.5;6.51;6.53;4.02;4465
1.02;Ideal;E;SI2;61.6;56;6.48;6.55;3.99;4465
1.09;Ideal;J;SI1;62.7;57;6.53;6.59;4.11;4465
0.9;Very Good;H;VS1;61.7;58;6.18;6.26;3.84;4466
1.2;Good;J;VS2;63.7;58;6.61;6.68;4.23;4466
1.03;Very Good;G;SI2;61.4;54;6.52;6.57;4.02;4466
0.91;Very Good;D;SI1;63.2;59;6.11;6.14;3.87;4466
0.91;Very Good;D;SI1;60.2;60;6.22;6.27;3.76;4466
0.91;Very Good;D;SI1;62.1;59;6.1;6.18;3.81;4466
0.9;Very Good;D;SI1;61.7;60;6.14;6.17;3.8;4466
0.9;Very Good;D;SI1;62.8;59;6.12;6.18;3.86;4466
0.9;Very Good;D;SI1;62.5;59;6.13;6.19;3.85;4466
1;Ideal;J;VS1;61.1;57;6.43;6.48;3.95;4466
1.05;Ideal;I;SI1;62.6;56;6.45;6.53;4.06;4466
0.9;Good;F;VS2;62.6;57;6.07;6.19;3.84;4466
1;Good;G;SI1;62.5;62;6.32;6.36;3.96;4466
1.01;Good;D;VS2;64.1;57;6.32;6.22;4.02;4466
1;Very Good;H;SI1;63.6;54;6.33;6.37;4.04;4467
0.71;Ideal;E;VVS2;62;56;5.71;5.74;3.55;4467
1.06;Ideal;G;SI2;62.2;57;6.51;6.49;4.04;4467
1.04;Premium;G;SI1;62.3;57;6.5;6.46;4.04;4467
1.04;Premium;G;SI1;62.8;57;6.5;6.41;4.05;4467
0.8;Very Good;H;VVS1;62.9;58;5.82;5.88;3.68;4468
1.01;Good;D;SI2;64.6;59;6.23;6.3;4.05;4468
1.01;Good;D;SI2;65.1;57;6.27;6.32;4.1;4468
1.01;Premium;F;SI2;58.8;61;6.53;6.46;3.82;4468
1.01;Premium;F;SI2;62.6;54;6.38;6.34;3.98;4468
1;Good;H;SI1;57.9;54;6.68;6.62;3.85;4469
0.95;Ideal;G;SI1;60.7;56;6.31;6.27;3.82;4469
1.04;Ideal;J;SI1;62;53;6.51;6.55;4.05;4469
0.9;Good;D;SI1;58.5;63;6.21;6.3;3.66;4469
1;Very Good;H;SI1;63.4;56;6.37;6.34;4.03;4469
1;Premium;H;SI1;62.7;60;6.3;6.24;3.93;4469
1;Premium;H;SI1;61.2;62;6.36;6.32;3.88;4469
1;Premium;H;SI1;62.2;60;6.45;6.34;3.98;4469
1;Very Good;H;SI1;60;63;6.37;6.34;3.81;4469
1;Premium;D;SI1;62.3;60;6.23;6.19;3.87;4469
1;Ideal;H;SI1;62.6;57;6.4;6.37;4;4469
1;Ideal;H;SI1;61.4;55;6.49;6.44;3.97;4469
1;Good;H;SI1;63.9;56;6.31;6.28;4.02;4469
1.14;Very Good;J;SI2;62.4;57;6.66;6.7;4.17;4470
1.23;Premium;D;SI2;58;59;7.02;6.97;4.06;4470
0.98;Ideal;G;SI2;61.7;56;6.36;6.4;3.93;4470
1.03;Ideal;G;SI2;62.1;57;6.44;6.42;3.99;4470
1.06;Very Good;D;SI2;60.9;58;6.57;6.63;4.02;4471
1.02;Premium;G;SI2;62.5;58;6.4;6.43;4.01;4471
1.21;Premium;F;SI2;61.8;59;6.82;6.77;4.2;4472
1.04;Very Good;E;SI2;60.7;59;6.5;6.54;3.96;4472
1.1;Premium;E;SI1;60;58;6.68;6.65;4.05;4472
1.01;Very Good;D;SI2;63.4;57;6.4;6.31;4.03;4472
1.21;Premium;G;SI2;60.9;59;6.87;6.82;4.17;4472
1.03;Very Good;G;SI2;59.2;63;6.55;6.6;3.89;4473
0.91;Fair;F;VS2;58;56;6.34;6.41;3.7;4474
1;Good;E;SI1;63.8;55;6.34;6.31;4.03;4474
1;Very Good;F;SI1;63.1;56;6.36;6.34;4.01;4474
1.05;Premium;F;SI2;62.6;59;6.43;6.47;4.04;4475
1.01;Very Good;H;SI2;63.5;58;6.29;6.37;4.02;4475
1.01;Very Good;I;SI1;64.2;55;6.28;6.34;4.05;4475
1.01;Good;H;SI1;60.5;56;6.43;6.49;3.91;4475
1.31;Premium;J;SI1;60.7;58;7.11;7.06;4.3;4475
0.91;Premium;D;SI1;62.8;59;6.21;6.17;3.89;4476
1.08;Ideal;I;SI1;61.4;57;6.67;6.62;4.08;4476
1.2;Good;I;SI2;64.1;57;6.7;6.62;4.27;4476
1.2;Very Good;J;SI1;63.1;61;6.66;6.58;4.18;4476
1.02;Good;H;SI1;63.9;55;6.37;6.4;4.08;4476
1.02;Very Good;H;SI1;60.3;59;6.44;6.5;3.9;4476
1.02;Ideal;H;SI1;61.6;56;6.51;6.55;4.02;4476
1.02;Very Good;H;SI1;61.9;61;6.34;6.42;3.95;4476
1.16;Premium;F;SI2;61.9;59;6.71;6.66;4.14;4476
1.16;Good;F;SI2;63.7;63;6.63;6.55;4.2;4476
1.08;Premium;I;SI1;62.2;58;6.6;6.56;4.09;4476
1.01;Very Good;H;VS2;61.9;62;6.37;6.45;3.97;4477
1.04;Premium;H;VS2;58.7;62;6.67;6.65;3.91;4477
1.23;Very Good;G;SI2;61;63;6.91;6.85;4.2;4477
1.02;Good;E;SI2;64.3;58;6.36;6.26;4.06;4478
1.16;Ideal;I;SI2;62.6;56;6.68;6.73;4.2;4478
1.03;Very Good;D;SI2;61.8;60;6.42;6.45;3.98;4478
1.12;Very Good;G;SI2;63.3;58;6.7;6.63;4.22;4478
1.02;Ideal;E;SI2;62.8;55;6.43;6.4;4.03;4478
1.02;Ideal;E;SI2;62.4;55;6.47;6.44;4.03;4478
1.02;Premium;E;SI2;62.9;56;6.43;6.36;4.02;4478
1.02;Ideal;E;SI2;63;57;6.44;6.39;4.04;4478
0.98;Premium;E;SI2;61.7;61;6.38;6.34;3.93;4478
1.12;Premium;G;SI2;62.8;58;6.62;6.57;4.14;4478
1.02;Good;I;VS1;63.7;58;6.33;6.26;4.01;4478
1.02;Premium;E;SI2;59.9;58;6.6;6.55;3.94;4478
1.02;Premium;E;SI2;58.7;59;6.61;6.57;3.87;4478
1.02;Premium;E;SI2;59.6;59;6.59;6.54;3.91;4478
1.02;Very Good;E;SI2;63.3;59;6.42;6.32;4.03;4478
1.02;Premium;E;SI2;60.5;58;6.58;6.54;3.97;4478
1.01;Good;F;SI1;63.3;58;6.31;6.4;4.02;4479
1.01;Good;E;SI2;63.2;59;6.34;6.38;4.02;4479
1.01;Ideal;E;SI2;60.9;57;6.47;6.51;3.95;4479
0.9;Good;G;VS1;63.9;60;6.09;6.14;3.91;4479
0.9;Ideal;G;VS1;61.4;57;6.18;6.32;3.84;4479
0.98;Very Good;H;SI2;62.2;60;6.31;6.36;3.94;4479
1;Premium;F;SI2;58.2;59;6.51;6.49;3.78;4480
1;Ideal;E;SI1;62.6;56;6.37;6.29;3.96;4480
0.96;Premium;F;SI1;60.6;62;6.39;6.35;3.86;4480
1.01;Good;E;SI1;64.1;62;6.26;6.19;3.99;4480
1.01;Fair;E;SI1;65.1;61;6.27;6.24;4.07;4480
1.01;Good;E;SI1;64.1;59;6.35;6.31;4.06;4480
1.01;Premium;E;SI1;62.4;58;6.42;6.37;3.99;4480
1.01;Fair;E;SI1;64.8;58;6.34;6.29;4.09;4480
1.01;Good;E;SI1;59.3;64;6.49;6.47;3.84;4480
1;Fair;E;VS2;66.4;51;6.31;6.22;4.16;4480
1;Very Good;E;SI2;63.5;54;6.41;6.35;4.05;4480
1.01;Fair;G;VS2;66.8;56;6.15;6.09;4.09;4480
1;Premium;F;SI2;61.6;58;6.44;6.35;3.94;4480
1;Premium;G;SI2;62.2;59;6.39;6.35;3.96;4480
1.08;Very Good;H;SI2;63;59;6.51;6.54;4.11;4481
1.13;Ideal;I;SI2;61.4;56;6.69;6.71;4.12;4481
0.97;Premium;F;SI1;62.7;59;6.31;6.28;3.95;4481
0.9;Very Good;E;VS2;63.3;59;6.08;6.12;3.86;4482
0.71;Premium;D;VVS1;59.7;59;5.81;5.88;3.49;4482
0.92;Premium;E;SI1;62.2;58;6.23;6.18;3.86;4482
0.9;Ideal;G;VS2;62;57;6.22;6.19;3.85;4482
0.92;Fair;E;SI1;66.8;55;6.04;5.99;4.02;4482
0.92;Premium;E;SI1;62.1;58;6.22;6.15;3.84;4482
1.15;Very Good;H;SI2;63;54;6.64;6.73;4.21;4483
1.06;Premium;D;SI2;59.8;61;6.63;6.58;3.95;4483
1.04;Ideal;H;SI2;60.7;57;6.51;6.43;3.93;4484
1.04;Ideal;I;SI1;62.2;56;6.51;6.47;4.04;4484
0.9;Very Good;G;VS2;58.5;59;6.35;6.36;3.72;4484
1.04;Premium;E;SI2;59.2;58;6.64;6.7;3.95;4484
1.01;Very Good;F;SI2;61.9;57;6.42;6.35;3.95;4484
1.04;Ideal;I;SI1;61.8;59;6.46;6.48;4;4484
1.04;Very Good;H;SI1;58.9;63;6.59;6.55;3.87;4484
1.04;Ideal;H;SI2;62.1;56;6.5;6.48;4.03;4484
1.1;Ideal;G;SI1;62.5;57;6.61;6.58;4.12;4484
0.9;Very Good;H;VVS1;63.5;57;6.02;6.07;3.84;4485
1.08;Premium;G;SI1;61.2;59;6.61;6.66;4.06;4485
1.02;Ideal;J;VS2;62;56;6.42;6.45;3.99;4485
0.9;Good;G;VVS2;62.6;63;6.1;6.14;3.83;4485
1.04;Very Good;E;SI2;60.9;59;6.58;6.62;4.02;4486
1.01;Ideal;J;VS2;61.3;57;6.47;6.54;3.99;4486
1.04;Ideal;F;SI2;62.4;56;6.4;6.48;4.02;4486
1.02;Premium;G;SI2;60.9;59;6.56;6.45;3.96;4486
0.9;Premium;G;VVS2;63;58;6.15;6.07;3.85;4486
1.02;Very Good;H;SI1;63.5;55;6.31;6.35;4.02;4487
0.94;Very Good;G;VS2;62.9;58.6;6.1;6.25;3.89;4488
1.06;Good;F;SI1;57;64;6.8;6.71;3.85;4488
1.06;Very Good;F;SI1;59.5;63;6.62;6.59;3.93;4488
1.17;Ideal;I;SI2;62.2;56;6.72;6.79;4.2;4488
0.92;Ideal;I;SI1;61.8;57;6.22;6.27;3.86;4488
1.01;Good;H;SI1;57.1;58;6.6;6.64;3.78;4488
1.08;Premium;F;SI2;60.2;59;6.65;6.6;3.99;4488
1.08;Premium;F;SI2;62.6;56;6.61;6.55;4.12;4488
1.08;Ideal;G;SI2;62.3;56;6.53;6.57;4.08;4489
1.01;Good;H;VS2;64.3;58;6.27;6.2;4.01;4489
1.31;Premium;J;SI1;60.3;62;7.12;7.04;4.26;4490
0.79;Premium;E;VVS1;62.8;60;5.89;5.8;3.67;4490
1.07;Premium;F;SI2;60.8;58;6.62;6.68;4.04;4491
1.07;Premium;I;VS2;60.7;58;6.62;6.66;4.03;4491
1.08;Ideal;H;SI2;61.8;55;6.57;6.6;4.07;4491
1.54;Good;J;I1;61.7;60;7.26;7.32;4.5;4492
1.21;Premium;J;SI1;59.7;60;6.9;6.93;4.13;4492
0.9;Ideal;I;VS1;60.9;60;6.2;6.24;3.79;4492
0.9;Ideal;H;SI1;62.5;56;6.14;6.18;3.85;4492
0.9;Ideal;H;SI1;62.1;56;6.14;6.19;3.83;4492
0.8;Ideal;E;VVS2;61.4;57;5.98;5.94;3.66;4493
0.9;Very Good;F;VS2;61.7;57;6.17;6.21;3.82;4493
0.9;Good;F;VS2;62.7;59;6.1;6.14;3.84;4493
1;Good;G;SI2;61.7;63;6.36;6.37;3.93;4493
1;Premium;G;SI1;62.5;59;6.35;6.29;3.95;4493
1.05;Ideal;I;SI1;61;57;6.55;6.62;4.02;4494
1.07;Premium;H;SI2;61.2;60;6.57;6.53;4.01;4494
1.07;Ideal;H;SI2;62.8;57;6.58;6.5;4.11;4494
1.07;Premium;H;VS1;60.5;61;6.67;6.59;4.01;4494
0.8;Very Good;E;VS1;62.4;54;5.98;5.94;3.72;4495
1.07;Fair;E;SI2;62.2;66;6.57;6.48;4.06;4496
1.09;Premium;H;SI2;61.7;60;6.57;6.59;4.06;4496
1;Good;E;SI2;63.3;58;6.32;6.35;4.01;4496
1;Premium;E;SI2;62.7;58;6.34;6.41;4;4496
1;Very Good;H;SI2;60.8;60;6.44;6.49;3.93;4496
1;Good;I;SI1;61;60;6.36;6.39;3.89;4496
1.01;Good;H;SI1;62.9;57;6.27;6.36;3.97;4496
0.9;Very Good;D;SI1;62.3;58;6.14;6.16;3.83;4497
0.71;Ideal;F;VVS2;61.6;56;5.73;5.75;3.53;4497
1.11;Ideal;J;SI1;62.4;57;6.57;6.6;4.11;4497
1.01;Premium;F;SI2;62.7;59;6.4;6.35;4;4497
1.1;Premium;H;SI2;58.9;57;6.86;6.82;4.03;4497
1.1;Good;I;SI1;63.7;59;6.56;6.5;4.16;4497
1.01;Ideal;F;SI2;60.5;57;6.53;6.49;3.94;4497
1.01;Premium;F;SI2;61.6;58;6.4;6.39;3.94;4497
1.01;Premium;F;SI2;60;59;6.61;6.48;3.93;4497
1.01;Premium;F;SI2;62.2;59;6.45;6.41;4;4497
1.01;Premium;F;SI2;61.3;60;6.43;6.4;3.93;4497
1.01;Ideal;F;SI2;62.5;55;6.4;6.39;4;4497
1.01;Premium;F;SI2;62.8;60;6.4;6.33;4;4497
1.01;Premium;F;SI2;62.4;58;6.41;6.37;3.99;4497
1.01;Premium;F;SI2;62.6;60;6.37;6.35;3.98;4497
1.01;Very Good;F;SI2;63.2;59;6.38;6.35;4.02;4497
1.01;Premium;F;SI2;62.2;59;6.42;6.38;3.98;4497
1.01;Premium;F;SI2;61.6;58;6.45;6.4;3.96;4497
1.12;Very Good;H;SI2;60.9;60;6.71;6.76;4.1;4498
1.12;Very Good;H;SI2;62.9;58;6.55;6.62;4.14;4498
1.01;Very Good;G;SI2;63.7;57;6.3;6.35;4.03;4498
0.9;Very Good;F;SI1;59.1;59;6.3;6.35;3.74;4498
1.19;Good;J;SI1;59.8;64;6.94;6.9;4.14;4498
1.19;Premium;I;SI2;62.6;58;6.82;6.69;4.23;4498
1.19;Premium;I;SI2;60.1;59;6.9;6.82;4.12;4498
1.19;Premium;I;SI2;59.5;59;6.95;6.89;4.12;4498
1.19;Premium;J;SI1;63;54;6.82;6.74;4.27;4498
1;Good;I;VS1;63.9;56;6.18;6.37;4.01;4499
0.96;Ideal;F;SI2;60.9;60;6.31;6.36;3.86;4500
0.9;Premium;E;VS2;62.2;59;6.18;6.13;3.83;4500
1.02;Very Good;G;SI2;63.8;55;6.37;6.4;4.07;4501
1.14;Good;G;SI2;63.7;58;6.62;6.54;4.19;4501
1.02;Ideal;G;SI2;62.4;54;6.39;6.47;4.02;4501
0.91;Good;F;VS1;63.1;59;6.14;6.19;3.89;4502
1.2;Very Good;F;SI2;63.2;58;6.78;6.74;4.27;4502
0.9;Premium;E;SI1;62.3;56;6.21;6.14;3.85;4502
1.34;Premium;H;SI2;61.6;60;7.05;6.97;4.32;4502
0.93;Good;G;VS1;63.8;59;6.15;6.21;3.94;4503
0.9;Very Good;G;VS2;60.2;59;6.22;6.28;3.76;4503
1.03;Premium;F;SI2;60.7;60;6.47;6.52;3.94;4503
1.03;Very Good;F;SI2;61.4;57;6.53;6.6;4.03;4503
1.03;Premium;F;SI2;61.6;58;6.43;6.46;3.97;4503
1.03;Very Good;F;SI2;62.4;59;6.38;6.45;4;4503
0.76;Very Good;F;VVS1;62.1;57;5.8;5.83;3.61;4504
0.76;Very Good;F;VVS1;59.6;58;5.91;5.96;3.54;4504
0.9;Very Good;F;VS2;63.2;58;6.11;6.16;3.88;4504
1;Good;F;SI1;63.6;62;6.24;6.3;3.99;4504
1;Good;F;SI1;62.5;57;6.28;6.39;3.96;4504
1.05;Ideal;H;SI2;61.9;56;6.49;6.56;4.04;4504
1;Very Good;F;SI1;61.4;60;6.35;6.38;3.91;4504
0.97;Very Good;G;SI1;61;59;6.36;6.4;3.89;4504
1.01;Ideal;E;SI2;61.5;55;6.45;6.49;3.98;4504
1.01;Good;G;SI1;63.8;56;6.32;6.37;4.05;4504
0.9;Premium;D;VS2;58.7;62;6.32;6.29;3.7;4505
1.01;Good;E;SI2;58.5;61;6.51;6.55;3.82;4506
1.06;Very Good;I;SI1;60.2;59;6.62;6.67;4;4507
1.04;Premium;F;SI2;62.6;58;6.49;6.44;4.05;4507
1.19;Ideal;J;SI2;61.7;56;6.8;6.85;4.21;4508
0.95;Ideal;H;SI1;61.9;56;6.29;6.35;3.91;4508
0.9;Good;F;VS1;63.3;59;6.03;6.07;3.83;4508
1.04;Very Good;F;SI2;63.1;60;6.42;6.35;4.03;4508
1.15;Premium;H;SI2;62.4;57;6.66;6.59;4.14;4508
1.36;Premium;G;I1;62.1;57;7.11;7.06;4.4;4509
1.2;Ideal;J;SI2;59.1;62;6.97;6.94;4.11;4509
1.01;Ideal;I;SI1;61.9;57;6.4;6.5;3.98;4509
1.28;Ideal;G;I1;61.6;57;6.96;6.93;4.28;4509
1.22;Premium;H;SI2;61.3;60;6.87;6.81;4.19;4509
1.22;Premium;J;SI2;62.1;59;6.82;6.77;4.22;4509
1;Good;H;SI1;61;61;6.36;6.42;3.9;4510
1.05;Premium;G;SI1;59.1;57;6.73;6.63;3.95;4510
0.91;Premium;G;VS1;60.9;54;6.38;6.27;3.85;4510
1.04;Very Good;I;VS2;61.9;58;6.47;6.55;4.03;4511
1;Ideal;I;VS2;62.5;55;6.41;6.36;4;4511
0.93;Ideal;E;SI1;61.9;55;6.26;6.31;3.89;4511
0.91;Good;E;SI1;63.5;57;6.11;6.14;3.89;4512
0.91;Very Good;E;SI1;62.5;61;6.1;6.19;3.84;4512
0.91;Good;E;SI1;63.1;58;6.12;6.17;3.88;4512
1.01;Ideal;H;SI1;62.6;55;6.42;6.36;4;4513
1.07;Ideal;D;SI2;61.4;56;6.55;6.58;4.03;4513
1.14;Premium;D;SI2;62.4;58;6.67;6.7;4.17;4513
0.93;Very Good;G;SI1;61.7;56;6.22;6.26;3.85;4513
1.01;Premium;H;SI1;62.3;61;6.39;6.32;3.96;4513
0.91;Ideal;E;SI1;61.2;58;6.24;6.3;3.84;4513
1.01;Very Good;H;SI1;63.1;60;6.41;6.37;4.03;4513
1.01;Premium;H;SI1;61.8;61;6.47;6.4;3.98;4513
1.01;Premium;H;SI1;62.4;58;6.41;6.35;3.98;4513
1.01;Premium;H;SI1;62.3;58;6.42;6.35;3.98;4513
1.01;Premium;H;SI1;61.3;58;6.47;6.39;3.94;4513
1.01;Very Good;H;SI1;63.5;62;6.36;6.24;4;4513
0.91;Very Good;H;VS1;60;58;6.29;6.38;3.8;4514
1.2;Very Good;I;SI2;60.3;57;6.88;6.95;4.17;4514
1.2;Premium;J;SI1;60.7;60;6.88;6.92;4.19;4514
0.9;Very Good;D;SI1;61.9;55;6.18;6.22;3.84;4514
1;Very Good;H;VS2;63.3;60;6.31;6.22;3.97;4514
1;Premium;H;VS2;60.2;62;6.46;6.43;3.88;4514
1;Premium;H;VS2;58.9;56;6.53;6.51;3.84;4514
1;Premium;H;VS2;58.4;60;6.36;6.3;3.7;4514
0.9;Very Good;G;VS1;61.3;61;6.15;6.25;3.8;4515
1.04;Ideal;H;SI1;61.9;57;6.49;6.46;4.01;4515
1.04;Ideal;H;SI1;62.7;54;6.51;6.47;4.07;4515
1;Very Good;I;VS1;63.3;55;6.39;6.34;4.03;4516
1.05;Very Good;G;SI2;62.6;62;6.45;6.49;4.05;4516
1.06;Very Good;H;SI2;62.4;54;6.5;6.54;4.07;4516
1.06;Ideal;H;SI2;60.1;59;6.58;6.67;3.98;4516
1.05;Ideal;I;SI1;62.1;59;6.5;6.47;4.03;4516
0.27;Ideal;D;VVS2;61.5;56;4.15;4.18;2.56;586
0.27;Ideal;I;VVS2;61.2;56;4.18;4.2;2.56;587
0.41;Ideal;J;VS2;61.7;55;4.79;4.81;2.96;587
0.36;Ideal;H;VS2;61;57;4.59;4.63;2.81;587
0.36;Ideal;H;VS2;60.8;56;4.61;4.63;2.81;587
0.36;Ideal;H;VS2;61.4;57;4.59;4.63;2.83;587
0.36;Ideal;H;VS2;61;55;4.59;4.62;2.81;587
0.36;Ideal;H;VS2;61;56;4.61;4.63;2.82;587
0.36;Ideal;I;VS1;62;54;4.58;4.61;2.85;587
0.31;Ideal;G;VS1;60.6;58;4.39;4.42;2.67;587
0.38;Ideal;G;SI2;61.7;56;4.64;4.67;2.87;587
0.39;Ideal;F;SI2;62.2;55;4.68;4.71;2.92;587
0.27;Ideal;I;IF;60.5;57;4.2;4.22;2.55;587
0.31;Very Good;E;VS1;61.2;61;4.29;4.37;2.65;587
0.3;Ideal;F;VS1;61.5;55;4.33;4.35;2.67;587
0.39;Very Good;H;SI2;60.4;60;4.74;4.8;2.88;588
0.33;Very Good;F;SI1;60.9;54;4.47;4.52;2.73;588
0.4;Good;E;SI2;61.2;61;4.71;4.74;2.89;588
0.28;Very Good;E;VS1;63.1;55;4.18;4.15;2.63;588
0.35;Good;E;SI2;64;55;4.49;4.45;2.86;588
0.34;Premium;I;SI1;61.7;56;4.54;4.51;2.79;589
0.34;Premium;I;SI1;60;58;4.55;4.51;2.72;589
0.34;Premium;I;SI1;60.4;56;4.56;4.54;2.75;589
0.34;Ideal;I;SI1;61.9;57;4.52;4.49;2.79;589
0.34;Ideal;I;SI1;60.2;57;4.54;4.5;2.72;589
0.34;Ideal;I;SI1;62.8;57;4.45;4.43;2.79;589
0.34;Ideal;I;SI1;61.9;57;4.48;4.44;2.76;589
0.34;Ideal;I;SI1;62.4;56;4.49;4.45;2.79;589
0.34;Ideal;I;SI1;62.3;55;4.47;4.42;2.77;589
0.32;Very Good;D;SI1;62.6;58;4.33;4.36;2.72;589
0.9;Premium;I;IF;62.6;59;6.15;6.12;3.84;4516
1;Fair;E;SI2;65.2;59;6.28;6.27;4.09;4516
1.2;Ideal;J;SI2;62.5;57;6.8;6.74;4.23;4516
1.28;Good;H;SI2;63.8;55;6.84;6.79;4.35;4516
1;Fair;E;SI2;63;58;6.35;6.26;3.97;4516
1.06;Good;J;VS2;63.5;60.1;6.43;6.51;4.11;4517
1.02;Good;H;SI2;60.3;63;6.45;6.49;3.9;4517
1.02;Very Good;H;SI1;58.4;62;6.55;6.61;3.84;4518
1.01;Ideal;I;SI1;62.3;59;6.41;6.37;3.98;4518
1.13;Premium;G;SI2;60;61;6.78;6.71;4.05;4518
1.09;Premium;I;VS2;63;56;6.61;6.57;4.15;4519
1.03;Ideal;H;SI1;62.3;56;6.45;6.48;4.03;4520
1.03;Very Good;H;SI1;61.1;59;6.5;6.56;3.99;4520
1.14;Premium;D;SI2;62.6;58;6.64;6.58;4.14;4520
1.11;Ideal;H;SI2;61.3;60;6.68;6.66;4.09;4520
1;Good;D;SI2;62.8;61;6.31;6.36;3.98;4520
1.2;Very Good;G;SI1;63.4;55;6.72;6.65;4.24;4520
0.83;Very Good;D;VS1;58.2;59;6.19;6.24;3.62;4521
1.08;Ideal;I;SI1;62.1;59;6.57;6.53;4.07;4521
1.02;Good;H;SI2;61.4;60;6.44;6.49;3.97;4521
0.9;Very Good;D;VS2;63.5;61;6.16;6.09;3.89;4521
1.03;Ideal;E;SI2;62.5;56;6.48;6.45;4.04;4522
1.03;Premium;E;SI2;61;60;6.53;6.46;3.96;4522
1.07;Premium;G;SI2;62;59;6.54;6.5;4.04;4523
1.11;Good;H;SI1;64.2;58;6.47;6.53;4.17;4523
1.2;Very Good;J;SI2;61.2;58;6.77;6.82;4.16;4523
0.9;Very Good;D;SI1;64.2;55;6.09;6.16;3.93;4523
0.9;Very Good;D;SI1;63;58;6.11;6.14;3.86;4523
1.06;Ideal;H;SI2;62.7;57;6.46;6.5;4.06;4523
0.9;Ideal;F;SI1;62.5;57;6.13;6.15;3.84;4523
0.9;Ideal;D;SI1;62.1;57;6.18;6.25;3.86;4523
0.91;Good;E;SI1;60.2;60;6.17;6.26;3.74;4523
1.32;Premium;G;SI2;58.9;59;7.25;7.18;4.25;4524
1.2;Premium;G;SI2;61.8;60;6.85;6.78;4.21;4524
1.02;Very Good;E;SI1;63.1;57;6.43;6.37;4.04;4524
1.08;Ideal;J;SI1;61.8;56;6.58;6.55;4.06;4524
1.01;Premium;I;SI1;60.8;61;6.47;6.43;3.92;4525
1.01;Fair;E;VS2;66.6;55;6.27;6.2;4.15;4525
1.01;Very Good;I;SI1;63.2;54;6.41;6.35;4.03;4525
1.01;Premium;G;SI2;61.9;60;6.37;6.33;3.93;4525
1.01;Premium;G;SI1;63;58;6.35;6.29;3.98;4525
0.93;Very Good;D;SI1;60.8;59;6.24;6.27;3.8;4527
1.01;Very Good;D;SI2;62;59;6.36;6.4;3.96;4528
1;Good;G;SI1;62.5;65;6.24;6.31;3.92;4528
1;Good;G;SI1;61.6;62;6.37;6.45;3.95;4528
1.05;Good;I;VS2;63.1;58;6.42;6.47;4.07;4529
0.96;Premium;H;VS2;61.7;55;6.36;6.31;3.91;4529
0.85;Premium;F;VVS2;61.2;60;6.1;6.13;3.74;4530
1.04;Ideal;E;SI1;62;57;6.47;6.5;4.02;4530
1.06;Ideal;I;VS2;62.3;56;6.56;6.51;4.07;4530
0.9;Very Good;G;VS2;63.2;58;6.11;6.17;3.88;4531
0.9;Ideal;G;VS1;61.6;56.3;6.22;6.3;3.86;4531
0.9;Ideal;F;VS2;60.5;54;6.22;6.17;3.75;4531
0.93;Very Good;E;SI1;63.1;57;6.19;6.17;3.9;4531
1.02;Very Good;I;VS2;59.3;59;6.56;6.6;3.9;4532
1;Very Good;E;SI2;63.2;56;6.33;6.36;4.01;4532
1.11;Good;E;SI2;58.3;60;6.76;6.83;3.96;4532
1.01;Premium;F;SI2;61.7;60;6.36;6.42;3.94;4533
1.12;Very Good;I;SI2;61.2;59;6.69;6.74;4.11;4533
0.93;Very Good;F;SI1;61.1;58;6.26;6.3;3.84;4534
1;Fair;G;VVS2;66.9;55;6.2;6.17;4.14;4534
0.96;Good;H;VS1;63.9;54;6.22;6.27;3.99;4535
1.13;Ideal;H;SI2;61;60;6.73;6.69;4.09;4535
1;Good;E;SI1;63.5;62;6.27;6.4;4.02;4535
0.91;Very Good;G;VS1;63.1;61;6.13;6.07;3.85;4536
0.9;Premium;F;VS2;61.9;55;6.25;6.23;3.86;4536
1.13;Premium;I;SI1;61.8;59;6.65;6.68;4.12;4536
1.2;Ideal;J;SI1;62.5;55;6.84;6.79;4.26;4536
1.2;Premium;J;SI1;60.5;59;6.84;6.79;4.12;4536
0.9;Fair;F;VS2;59.5;67;6.29;6.24;3.73;4536
1.08;Ideal;H;SI2;61;57;6.64;6.6;4.04;4536
1.08;Ideal;H;SI2;59.3;57;6.74;6.71;3.99;4536
1.08;Ideal;H;SI2;60.4;57;6.68;6.63;4.02;4536
1;Premium;H;VS2;61.9;61;6.37;6.23;3.9;4536
1.1;Very Good;I;SI1;62;59;6.54;6.59;4.07;4537
1.1;Premium;H;SI2;62.2;58;6.6;6.69;4.13;4537
1.1;Ideal;H;SI2;62;55;6.6;6.62;4.1;4537
1.1;Ideal;H;SI2;62.6;56;6.57;6.65;4.14;4537
1.13;Very Good;H;SI2;59.8;59;6.75;6.82;4.06;4537
1.13;Very Good;H;SI2;62.5;62;6.59;6.66;4.14;4537
0.93;Very Good;E;SI1;62.5;58;6.18;6.24;3.88;4537
1.1;Ideal;J;VS2;62.4;55;6.59;6.64;4.13;4537
1.12;Very Good;H;SI2;62.4;55;6.63;6.68;4.15;4538
1;Very Good;I;SI1;63.3;56;6.27;6.36;4;4538
1.01;Very Good;D;SI2;63.5;61;6.37;6.33;4.03;4538
1.01;Fair;D;SI2;64.6;62;6.26;6.21;4.03;4538
1.11;Ideal;H;SI2;63.5;60;6.58;6.49;4.15;4538
1.11;Premium;H;SI2;59.8;60;6.75;6.66;4.01;4538
1.01;Good;G;SI1;63.5;64;6.41;6.28;4.03;4538
1.09;Premium;D;SI2;62.8;56;6.49;6.45;4.06;4538
1.1;Very Good;E;SI2;60;58;6.72;6.75;4.04;4539
1.1;Very Good;E;SI2;60.9;60;6.61;6.66;4.04;4539
1;Ideal;J;VS2;62.4;54;6.4;6.46;4.01;4539
1.02;Ideal;H;SI1;61.6;57;6.43;6.5;3.98;4540
0.9;Very Good;G;VS1;62.7;60;6.06;6.13;3.82;4540
0.9;Good;G;VS1;63.6;58;6.09;6.12;3.88;4540
0.9;Good;G;VS1;63.7;56;6.07;6.15;3.89;4540
0.9;Very Good;G;VS1;62.3;60;6;6.08;3.76;4540
1.02;Very Good;E;SI2;63.3;58;6.31;6.4;4.02;4540
1.01;Very Good;E;SI2;60;60;6.57;6.49;3.92;4540
1;Very Good;D;SI2;64.7;57;6.29;6.36;4.09;4541
1;Good;D;SI2;64.5;59;6.25;6.31;4.05;4541
1.06;Ideal;G;SI2;62.2;55;6.56;6.53;4.07;4541
1.02;Ideal;F;SI2;60.7;56;6.53;6.5;3.95;4541
1.02;Premium;F;SI2;61.5;58;6.49;6.42;3.97;4541
1.02;Premium;F;SI2;62.5;60;6.43;6.36;4;4541
1.02;Premium;F;SI2;61.1;59;6.45;6.41;3.93;4541
0.98;Very Good;G;SI2;62.2;57;6.33;6.37;3.95;4542
1.27;Good;J;SI2;66;59;6.71;6.75;4.44;4542
0.9;Very Good;G;VS2;62.7;59;6.09;6.16;3.84;4543
0.91;Good;G;VVS2;64.1;58;6.06;6.1;3.9;4543
1;Very Good;D;SI2;59.5;62;6.49;6.52;3.87;4543
1;Good;D;SI2;62.2;61;6.3;6.36;3.94;4543
1;Good;G;SI1;63.3;60;6.24;6.33;3.98;4543
1;Very Good;D;SI2;59.4;60;6.48;6.56;3.87;4543
1;Very Good;D;SI2;61.6;58;6.37;6.45;3.95;4543
1;Very Good;D;SI2;58.3;61;6.54;6.59;3.83;4543
1.04;Premium;D;SI2;61.9;58;6.54;6.49;4.03;4543
1.04;Ideal;I;SI1;62.6;56;6.55;6.48;4.08;4543
1.25;Premium;D;SI2;59.8;55;7.07;7.01;4.21;4543
1.04;Ideal;H;SI2;61.7;57;6.54;6.49;4.02;4543
1.08;Very Good;G;SI2;62.9;59;6.53;6.57;4.12;4544
1.08;Ideal;G;SI2;61.9;57;6.55;6.57;4.06;4544
1.08;Ideal;G;SI2;62.2;56;6.56;6.59;4.09;4544
1.1;Very Good;J;VS1;60.9;59;6.65;6.74;4.08;4545
1.03;Very Good;D;SI2;60.9;57;6.53;6.55;3.98;4545
0.9;Very Good;F;SI1;63.3;55;6.18;6.12;3.89;4545
1.01;Good;E;SI1;63.5;58;6.28;6.35;4.01;4546
0.93;Ideal;G;SI1;62;56;6.22;6.26;3.87;4546
1.04;Ideal;F;SI2;62.6;57;6.45;6.48;4.05;4547
1.04;Ideal;F;SI2;61.8;56;6.49;6.53;4.02;4547
0.73;Ideal;D;VVS2;62;53.6;5.76;5.8;3.59;4547
0.9;Good;G;VS2;60.4;61;6.23;6.32;3.79;4547
1.06;Ideal;H;SI2;61.7;60;6.53;6.51;4.02;4547
1.02;Ideal;E;SI2;61.6;56;6.55;6.48;3.99;4547
1.31;Premium;H;SI2;61.7;59;7.03;6.98;4.32;4548
1.31;Premium;H;SI2;61.7;59;7.03;6.98;4.32;4548
1.2;Good;J;VS2;63.7;58;6.68;6.61;4.23;4548
0.94;Premium;H;VS2;60.1;59;6.35;6.32;3.81;4548
0.95;Ideal;G;VS2;61.6;56;6.34;6.3;3.89;4549
1.01;Good;F;SI1;63.5;57;6.29;6.33;4.01;4549
1.01;Very Good;F;SI1;63;57;6.36;6.4;4.02;4549
1.04;Ideal;J;VS2;61.3;54;6.53;6.55;4.01;4550
0.91;Fair;E;VS2;61.8;66;6.11;6.09;3.77;4550
1.05;Good;I;VS2;64.3;55;6.46;6.42;4.14;4550
1;Ideal;G;SI2;62;53;6.42;6.45;3.99;4551
1.26;Fair;I;SI2;64.8;57;6.73;6.69;4.35;4551
1.07;Very Good;F;SI2;59.4;60;6.68;6.75;3.99;4552
1.02;Very Good;H;SI1;63.7;55;6.31;6.38;4.04;4552
1.27;Good;H;SI2;63.6;58;6.82;6.74;4.31;4552
1.02;Premium;G;SI2;62.5;58;6.43;6.4;4.01;4552
1.28;Premium;J;SI2;62.3;58;6.89;6.94;4.31;4553
0.87;Ideal;G;VS2;61.4;55;6.15;6.17;3.78;4553
1.18;Fair;I;VS2;62;66;6.75;6.63;4.16;4553
1.07;Fair;F;SI1;60.6;66;6.65;6.46;3.97;4554
1.18;Premium;I;SI2;61.7;58;6.75;6.79;4.18;4555
0.91;Very Good;D;SI1;62.8;59;6.17;6.21;3.89;4556
1.01;Ideal;G;SI2;59.3;60;6.54;6.58;3.89;4556
1.13;Ideal;H;SI2;62;57;6.74;6.64;4.15;4556
1.13;Ideal;H;SI1;61.3;57;6.72;6.7;4.11;4556
1.04;Ideal;H;SI2;61.7;55;6.49;6.53;4.02;4557
1.03;Ideal;G;SI2;62.8;54;6.51;6.46;4.07;4557
1.05;Premium;F;SI2;62.6;59;6.47;6.43;4.04;4557
1.03;Premium;G;SI2;60.6;60;6.53;6.5;3.95;4557
1.1;Premium;H;SI2;62.6;57;6.6;6.56;4.12;4558
1.19;Premium;I;SI2;61.6;56;6.87;6.83;4.22;4558
1.02;Ideal;H;SI1;61.8;57;6.48;6.41;3.98;4558
1.02;Good;H;SI1;63.9;55;6.4;6.37;4.08;4558
1.02;Premium;H;SI1;60.3;59;6.5;6.44;3.9;4558
1.02;Premium;H;SI1;61.9;61;6.42;6.34;3.95;4558
1.05;Premium;H;SI1;62.5;57;6.52;6.45;4.05;4558
1.1;Premium;H;SI2;60.9;57;6.67;6.62;4.05;4558
1.02;Good;D;SI1;64.3;54;6.32;6.27;4.05;4558
1.19;Very Good;H;SI2;63.4;58;6.79;6.76;4.29;4558
1.14;Ideal;G;SI2;63;57;6.7;6.64;4.2;4558
1.01;Good;H;SI1;63.3;58;6.37;6.4;4.04;4559
1.01;Very Good;H;SI1;63;60;6.33;6.36;4;4559
1.01;Premium;H;SI1;59.8;60;6.48;6.52;3.89;4559
1.01;Very Good;H;SI1;62.8;58;6.36;6.38;4;4559
1.01;Good;H;SI1;63.4;58;6.34;6.38;4.03;4559
1.01;Premium;H;SI1;61.2;58;6.43;6.47;3.95;4559
1.01;Good;H;SI1;60.3;64;6.5;6.53;3.93;4559
1.01;Ideal;H;SI1;62.4;53;6.42;6.47;4.02;4559
1.21;Good;J;SI2;60.4;56;6.84;6.93;4.16;4559
1.01;Premium;H;VS2;61.9;62;6.45;6.37;3.97;4559
1.01;Ideal;F;SI1;63;57;6.39;6.34;4.01;4559
1.01;Very Good;H;VS2;63.3;57;6.32;6.27;3.99;4559
1.01;Premium;H;VS2;62.9;60;6.33;6.22;3.95;4559
1.35;Ideal;G;I1;62.5;57;7.01;7.04;4.39;4560
1.07;Premium;F;SI2;61.8;59;6.53;6.57;4.05;4560
0.96;Very Good;F;SI1;60.6;62;6.35;6.39;3.86;4560
0.9;Very Good;E;SI1;63.2;58;6.12;6.1;3.86;4560
1.01;Ideal;G;SI2;61.6;54;6.4;6.45;3.96;4560
1.05;Good;D;SI2;60;63;6.59;6.64;3.97;4560
1.03;Premium;D;SI2;61.8;60;6.45;6.42;3.98;4560
1.16;Ideal;I;SI2;62.6;56;6.73;6.68;4.2;4560
0.97;Premium;F;SI1;62.7;59;6.28;6.31;3.95;4561
0.9;Ideal;G;VS2;62;57;6.19;6.22;3.85;4561
1.1;Very Good;H;SI2;59.8;60;6.7;6.77;4.03;4561
0.91;Very Good;D;SI1;60.8;60;6.24;6.21;3.79;4561
1.05;Ideal;G;SI2;62.3;56;6.52;6.58;4.08;4561
0.92;Ideal;D;SI1;62.2;56;6.23;6.27;3.89;4561
1.01;Very Good;E;SI2;63.2;59;6.38;6.34;4.02;4561
1.01;Fair;F;SI1;65.9;60;6.25;6.17;4.09;4561
0.92;Premium;E;SI1;62.2;58;6.18;6.23;3.86;4562
0.92;Premium;E;SI1;59.8;59;6.33;6.37;3.8;4562
0.92;Very Good;E;SI1;62.1;58;6.15;6.22;3.84;4562
0.9;Premium;E;VS2;63;57;6.15;6.07;3.85;4562
0.9;Premium;E;VS2;60.6;53;6.3;6.27;3.81;4562
1.22;Premium;I;VS2;61.6;59;6.86;6.81;4.21;4562
1.01;Very Good;E;SI1;61.1;57;6.44;6.5;3.95;4563
1.06;Ideal;H;SI2;60.9;56;6.58;6.63;4.02;4563
1.01;Good;E;SI1;64.5;56;6.24;6.29;4.04;4563
1.07;Ideal;E;SI2;61.6;55;6.62;6.59;4.07;4564
1.04;Very Good;H;SI1;62.8;57;6.44;6.48;4.06;4564
1.01;Very Good;D;SI2;59.7;58;6.55;6.61;3.93;4564
1.01;Very Good;D;SI2;61.4;60;6.33;6.38;3.9;4564
1.08;Ideal;H;SI2;61.2;57.4;6.57;6.63;4.04;4564
1;Ideal;H;SI1;61.4;57;6.37;6.34;3.9;4564
0.9;Very Good;G;VVS2;63;58;6.07;6.15;3.85;4565
1.09;Ideal;J;SI1;61.4;55;6.61;6.67;4.08;4565
1.04;Fair;E;SI2;67.5;56;6.28;6.22;4.22;4566
1.01;Very Good;E;SI2;60.9;58;6.45;6.49;3.94;4566
1.04;Ideal;G;SI2;60.4;58;6.56;6.62;3.98;4566
1.01;Good;E;SI2;60.2;60;6.37;6.42;3.85;4566
0.91;Good;H;VS1;57.8;61;6.4;6.36;3.69;4566
1.04;Premium;E;SI2;59.2;58;6.7;6.64;3.95;4566
0.92;Ideal;H;VS2;62.2;55;6.21;6.27;3.88;4568
1.06;Ideal;F;SI2;60.7;57;6.57;6.61;4;4568
1;Good;H;SI1;61.5;64;6.38;6.41;3.93;4568
1;Good;H;VS2;62.7;54;6.26;6.31;3.94;4569
1.12;Premium;F;SI2;60.5;59;6.73;6.79;4.09;4570
0.79;Very Good;E;VVS1;62.8;60;5.8;5.89;3.67;4570
1.06;Very Good;E;SI2;61.7;62;6.5;6.54;4.02;4570
1.45;Fair;J;SI2;58.6;68;7.45;7.33;4.34;4570
0.91;Premium;G;VS1;62.5;61;6.17;6.05;3.82;4570
1.02;Premium;F;SI2;62.5;57;6.47;6.43;4.03;4570
1.06;Premium;G;SI2;61.5;58;6.6;6.54;4.04;4571
1.06;Premium;G;SI2;61.9;60;6.53;6.52;4.04;4571
1.12;Premium;H;SI1;62;56;6.69;6.59;4.13;4572
1.15;Ideal;H;SI2;62.6;55;6.74;6.65;4.19;4572
1;Good;E;SI1;63.9;57;6.31;6.34;4.04;4573
1.32;Good;J;SI1;63.5;57;6.95;6.98;4.42;4573
1.03;Very Good;H;SI1;63.5;53;6.43;6.46;4.09;4573
1.07;Premium;F;SI2;62.4;57;6.58;6.53;4.09;4573
1;Very Good;H;SI1;62.4;58;6.37;6.42;3.99;4574
1.01;Good;H;SI1;62.9;55;6.35;6.41;4.01;4574
1.21;Premium;J;SI1;59.7;60;6.93;6.9;4.13;4574
0.94;Ideal;D;SI1;62.3;57;6.24;6.29;3.9;4575
1.01;Very Good;E;SI2;62.2;58;6.36;6.43;3.98;4575
1;Very Good;E;SI2;60.6;60;6.33;6.4;3.86;4576
1.12;Very Good;H;SI1;63.1;56;6.62;6.59;4.17;4576
1.02;Ideal;F;SI2;61.4;56;6.47;6.5;3.98;4578
1.06;Ideal;G;SI2;61;57;6.56;6.61;4.02;4578
1.11;Ideal;H;SI2;62.7;57;6.59;6.66;4.14;4578
1.11;Ideal;H;SI2;62;54;6.61;6.64;4.11;4578
1.11;Ideal;H;SI2;61.3;55;6.65;6.73;4.1;4578
1.11;Premium;H;SI2;61.6;60;6.6;6.67;4.09;4578
1.09;Premium;H;SI2;61.7;60;6.59;6.57;4.06;4578
1.09;Premium;H;SI2;62.1;55;6.63;6.58;4.1;4578
1.01;Premium;H;SI1;60.5;58;6.47;6.39;3.89;4578
0.9;Very Good;D;SI1;62.5;59;6.11;6.15;3.83;4579
0.9;Ideal;D;SI1;62.5;57;6.12;6.2;3.85;4579
1.18;Premium;I;SI2;60.8;58;6.84;6.78;4.14;4579
1.03;Premium;F;SI1;60.9;60;6.52;6.45;3.95;4579
0.9;Premium;G;VS1;62.7;58;6.15;6.06;3.83;4579
1;Premium;E;SI2;62.7;58;6.41;6.34;4;4579
1;Very Good;E;SI2;63.3;58;6.35;6.32;4.01;4579
1.27;Premium;J;VS2;62.2;58;6.88;6.84;4.27;4580
0.9;Very Good;E;VS2;59.1;62;6.24;6.28;3.7;4580
0.9;Good;F;VS1;63.5;57;6.06;6.09;3.86;4580
0.9;Very Good;E;VS2;62.2;59;6.13;6.18;3.83;4580
0.9;Good;E;VS2;63.1;58;6.11;6.15;3.87;4580
0.9;Very Good;E;VS2;62.9;57;6.16;6.18;3.88;4580
1.2;Very Good;J;SI2;61.8;60;6.76;6.83;4.2;4580
1.03;Very Good;D;SI2;63.7;56;6.32;6.39;4.05;4580
1;Ideal;H;SI2;62;55;6.39;6.43;3.98;4580
0.94;Premium;E;SI1;62;58;6.27;6.24;3.88;4580
0.94;Premium;E;SI1;60;58;6.44;6.37;3.84;4580
0.94;Premium;E;SI1;62.4;56;6.27;6.24;3.9;4580
1.11;Premium;E;SI2;62.5;58;6.61;6.63;4.14;4581
1.01;Very Good;E;SI2;63.3;58;6.37;6.3;4.01;4581
1;Good;I;VS1;63.9;56;6.37;6.18;4.01;4581
1.03;Ideal;G;SI2;61.8;55;6.46;6.51;4.01;4582
1.03;Good;J;VS1;60.1;62.4;6.43;6.49;3.88;4582
1.24;Very Good;J;SI2;62.2;58;6.82;6.94;4.28;4583
1.02;Premium;D;SI2;59.3;60;6.56;6.52;3.88;4583
1.02;Very Good;D;SI2;58.6;63;6.56;6.54;3.84;4583
1.09;Very Good;I;SI2;62.5;57;6.56;6.58;4.11;4584
1.11;Very Good;H;SI2;59;59;6.79;6.82;4.02;4584
0.9;Ideal;H;VS2;59.9;57;6.27;6.31;3.77;4584
1.13;Ideal;H;SI2;62.5;57;6.67;6.71;4.18;4584
1.01;Ideal;I;SI1;62.4;56;6.36;6.4;3.98;4584
1.07;Premium;G;SI2;62.1;59;6.54;6.48;4.04;4584
1.03;Ideal;H;SI1;59.7;55;6.6;6.64;3.95;4585
1.02;Ideal;E;SI2;62.7;57;6.35;6.44;4.01;4585
1.09;Ideal;G;SI2;61.2;57;6.63;6.68;4.07;4586
1.09;Ideal;G;SI2;62.1;56;6.59;6.66;4.12;4586
1.16;Very Good;I;SI1;62.9;58;6.64;6.69;4.19;4586
1;Good;F;SI1;63.6;62;6.3;6.24;3.99;4586
0.32;Ideal;D;SI1;61.3;55;4.39;4.42;2.7;589
0.32;Very Good;D;SI1;62.8;56;4.37;4.42;2.76;589
0.32;Premium;D;SI1;61.5;59;4.39;4.42;2.71;589
0.32;Ideal;D;SI1;61.3;57;4.37;4.41;2.69;589
0.32;Ideal;D;SI1;61.4;57;4.41;4.42;2.71;589
0.32;Good;D;SI1;63.1;57;4.37;4.38;2.76;589
0.32;Good;D;SI1;63.1;56;4.34;4.38;2.75;589
0.32;Good;D;SI1;63.7;55;4.35;4.38;2.78;589
0.32;Ideal;D;SI1;62.7;54;4.37;4.4;2.75;589
0.32;Very Good;D;SI1;58.3;58;4.49;4.54;2.63;589
0.32;Very Good;D;SI1;62.8;56;4.34;4.35;2.73;589
0.32;Premium;D;SI1;61.3;60;4.41;4.43;2.71;589
0.32;Premium;D;SI1;60.8;58;4.41;4.44;2.69;589
0.32;Ideal;D;SI1;61.9;57;4.36;4.4;2.71;589
0.32;Ideal;I;VVS1;62.5;55;4.37;4.4;2.74;589
0.32;Premium;D;SI1;60.2;58;4.4;4.43;2.66;589
0.32;Premium;D;SI1;60.4;58;4.44;4.47;2.69;589
0.32;Very Good;I;VVS1;63;58;4.32;4.38;2.74;589
0.32;Ideal;D;SI1;62;57;4.38;4.42;2.73;589
0.32;Ideal;I;VVS1;61.7;55;4.39;4.4;2.71;589
0.36;Premium;G;VS2;62.5;58;4.51;4.55;2.83;589
0.32;Good;D;SI1;63.5;55;4.31;4.35;2.75;589
0.32;Ideal;D;SI1;62;55;4.37;4.47;2.74;589
0.32;Very Good;D;SI1;58.9;60;4.47;4.49;2.64;589
0.32;Ideal;D;SI1;61.5;56;4.39;4.42;2.71;589
0.32;Good;D;SI1;63.6;56;4.34;4.37;2.77;589
0.32;Good;D;SI1;63.3;57;4.37;4.38;2.77;589
0.32;Good;D;SI1;63.8;56;4.33;4.35;2.77;589
0.32;Ideal;D;SI1;62.5;54;4.39;4.41;2.75;589
0.32;Good;D;SI1;63.2;54;4.36;4.38;2.76;589
1;Premium;F;SI1;61.4;60;6.38;6.35;3.91;4586
0.9;Premium;D;VS2;63;62;6.13;6.06;3.84;4586
1.17;Good;I;SI1;60;64;6.91;6.83;4.12;4586
1;Good;F;SI1;64.1;60;6.25;6.19;3.99;4586
1;Fair;F;SI1;64.8;58;6.26;6.21;4.04;4586
1.03;Ideal;F;SI2;60.5;58;6.55;6.49;3.94;4586
1.26;Premium;H;SI2;62;56;6.92;6.88;4.28;4586
1;Very Good;F;SI1;58.1;63;6.45;6.36;3.72;4586
1.03;Premium;F;SI2;60.7;60;6.52;6.47;3.94;4586
1.03;Premium;F;SI2;61.4;57;6.6;6.53;4.03;4586
1.05;Ideal;H;SI2;61.9;56;6.56;6.49;4.04;4586
1.03;Premium;F;SI2;62.4;59;6.45;6.38;4;4586
1;Good;F;SI1;63.8;58;6.28;6.22;3.99;4586
1;Premium;F;SI1;62.2;58;6.39;6.35;3.96;4586
0.91;Very Good;D;SI1;63.1;59;6.14;6.1;3.86;4586
1.03;Premium;F;SI2;61.6;58;6.46;6.43;3.97;4586
1;Premium;F;SI1;62.9;57;6.37;6.32;3.99;4586
0.92;Ideal;I;VS1;62.3;55;6.24;6.28;3.9;4587
0.92;Ideal;H;SI1;61.6;56;6.21;6.25;3.84;4587
0.9;Very Good;H;VS2;62.3;59;6.13;6.17;3.83;4588
1.01;Very Good;J;VS1;59.5;59;6.54;6.6;3.91;4588
1.01;Very Good;D;SI2;62.2;60;6.4;6.43;3.99;4588
1.01;Very Good;G;SI1;62.9;61;6.36;6.4;4.01;4588
1.01;Good;D;SI2;63.9;57;6.29;6.36;4.04;4588
1.01;Good;G;SI1;63.6;57;6.33;6.37;4.04;4588
1.01;Very Good;D;SI2;58.3;59;6.63;6.67;3.88;4588
1.01;Very Good;G;SI1;62.9;54;6.41;6.47;4.05;4588
1.01;Premium;G;SI1;62.5;60;6.34;6.39;3.98;4588
1.01;Good;G;SI1;63.5;60;6.3;6.33;4.01;4588
1.01;Very Good;G;SI1;59.6;61;6.47;6.52;3.87;4588
1.01;Good;G;SI1;63.4;58;6.28;6.33;4;4588
1.01;Very Good;D;SI2;60.3;57;6.51;6.56;3.94;4588
1.01;Good;G;SI1;63.9;57;6.3;6.37;4.05;4588
1.01;Ideal;G;SI1;61.8;57;6.41;6.46;3.98;4588
1.01;Very Good;D;SI2;61.8;60;6.37;6.41;3.95;4588
1.01;Very Good;D;SI2;62.8;59;6.34;6.44;4.01;4588
1.28;Premium;H;SI2;62.4;56;6.97;6.89;4.34;4588
0.91;Very Good;G;VS1;60.9;54;6.27;6.38;3.85;4590
1.2;Very Good;J;VS2;62.5;57;6.72;6.79;4.22;4590
1.05;Ideal;F;SI2;60.9;56;6.56;6.64;4.02;4591
1.02;Ideal;E;SI1;61.1;56;6.45;6.51;3.96;4591
1.09;Very Good;G;SI2;62.1;57;6.58;6.63;4.1;4591
1.06;Ideal;I;SI2;62.7;58;6.48;6.5;4.07;4591
1.14;Ideal;F;SI2;61.7;56;6.71;6.67;4.13;4591
1.19;Premium;I;VS2;59.3;59;6.98;6.88;4.11;4591
1;Good;H;SI2;57.9;62;6.53;6.49;3.77;4592
1;Premium;I;SI1;59.6;58;6.55;6.5;3.89;4592
1;Good;H;VVS2;59.5;64;6.44;6.41;3.82;4592
0.9;Very Good;H;VVS2;63.7;57;6.09;6.02;3.86;4592
0.9;Very Good;H;VS1;62.3;59;6.12;6.17;3.83;4592
1.01;Premium;I;VS2;62.5;58;6.39;6.44;4.01;4592
0.9;Ideal;H;VS1;61.6;56;6.17;6.13;3.79;4592
0.83;Ideal;F;VS1;62.3;56.4;5.97;6.02;3.73;4592
1;Ideal;D;SI1;63;56;6.33;6.28;3.97;4592
0.9;Ideal;F;SI2;61.8;56;6.18;6.21;3.83;4593
0.9;Ideal;F;SI2;61.9;57;6.13;6.18;3.81;4593
0.9;Ideal;F;SI2;62.4;55;6.17;6.2;3.86;4593
1.02;Very Good;F;SI1;63;58;6.36;6.4;4.02;4594
1.02;Good;F;SI1;63.5;57;6.35;6.4;4.05;4594
1;Very Good;D;SI2;62.8;58;6.29;6.39;3.98;4595
0.9;Very Good;I;IF;62.6;59;6.12;6.15;3.84;4596
0.76;Ideal;F;IF;59.6;58;5.95;5.96;3.55;4596
1;Good;H;SI1;63.8;53;6.39;6.27;4.04;4596
1.14;Premium;I;SI1;60.4;60;6.78;6.73;4.08;4596
1.2;Ideal;I;SI2;63;57;6.77;6.7;4.24;4596
1.07;Premium;F;SI1;61.7;58;6.58;6.62;4.07;4597
0.9;Very Good;E;VS2;63.8;55;6.11;6.18;3.92;4598
1.09;Very Good;D;SI2;62.2;59;6.46;6.49;4.03;4598
1.38;Good;J;SI2;63.7;58;7.06;7.01;4.48;4598
1.05;Premium;G;SI2;62.6;62;6.49;6.45;4.05;4598
0.92;Premium;E;VS2;61.2;62;6.27;6.22;3.82;4600
0.9;Very Good;G;VS2;62.5;57;6.12;6.14;3.83;4600
1.51;Very Good;J;I1;63.3;57;7.31;7.23;4.6;4600
1.11;Ideal;H;SI2;60.9;56;6.71;6.73;4.09;4600
1.01;Fair;E;SI2;57.1;59;6.65;6.69;3.81;4600
0.9;Good;D;VS2;63.5;61;6.09;6.16;3.89;4601
0.9;Very Good;G;VVS1;62.3;58;6.14;6.21;3.85;4601
1.04;Premium;I;SI1;60.7;59;6.6;6.57;4;4601
1.07;Ideal;J;VS2;61.6;56.3;6.55;6.59;4.04;4602
1.07;Good;J;VS2;61.7;57.7;6.55;6.58;4.05;4602
1;Ideal;I;SI1;61.8;55;6.41;6.44;3.97;4602
1.06;Ideal;H;SI1;60.8;54;6.64;6.61;4.03;4602
1.2;Very Good;H;SI1;61.4;63;6.76;6.72;4.14;4603
1.03;Premium;H;SI1;61.1;59;6.56;6.5;3.99;4603
1.03;Ideal;H;SI1;62.3;56;6.48;6.45;4.03;4603
1.03;Premium;H;SI1;60;60;6.41;6.4;4.02;4603
1.02;Very Good;H;SI1;62.6;59;6.38;6.43;4.01;4604
1.02;Premium;H;SI1;61.9;58;6.43;6.47;3.99;4604
1.02;Good;H;SI1;63.5;58;6.36;6.39;4.05;4604
1.05;Ideal;H;SI2;61.8;58;6.52;6.55;4.04;4604
1.07;Ideal;H;SI2;61;55;6.62;6.65;4.05;4604
1.01;Ideal;E;SI2;59.6;60;6.52;6.6;3.91;4604
1.02;Ideal;H;VS2;62.3;54;6.48;6.39;4.01;4604
1.02;Very Good;H;VS2;60;63;6.54;6.49;3.91;4604
1.02;Very Good;H;VS2;63.3;55;6.4;6.33;4.03;4604
1.01;Premium;G;SI1;62.8;59;6.43;6.34;4.01;4605
0.91;Very Good;F;VS2;60.8;57;6.24;6.25;3.8;4606
1.01;Very Good;D;SI2;62.7;58;6.31;6.39;3.98;4606
1.01;Good;D;SI2;64.5;58;6.18;6.26;4.01;4606
1.11;Good;H;SI1;64.2;58;6.53;6.47;4.17;4606
1.1;Very Good;E;SI2;60.1;62;6.65;6.69;4.01;4607
1.05;Very Good;H;SI1;59.5;58;6.61;6.69;3.96;4608
1.05;Good;H;SI1;63.1;60;6.42;6.49;4.07;4608
1.05;Premium;H;SI1;61.9;58;6.45;6.5;4.01;4608
1.05;Ideal;G;SI2;61.8;57;6.51;6.57;4.04;4608
1;Good;F;SI1;58.1;64;6.56;6.6;3.82;4608
1.01;Good;E;SI1;64.7;57;6.22;6.29;4.05;4608
1.07;Very Good;E;SI2;60.5;61;6.55;6.61;3.98;4609
0.91;Ideal;I;VVS1;60;57;6.29;6.31;3.83;4609
1.01;Good;H;SI1;63.7;56;6.34;6.33;4.08;4610
1.13;Premium;I;VS2;62;58;6.64;6.69;4.13;4611
0.93;Good;E;SI1;63.1;57;6.17;6.19;3.9;4611
0.91;Good;E;SI1;63.6;57;6.13;6.1;3.89;4611
1.03;Ideal;H;SI2;61.6;54;6.51;6.55;4.02;4611
1.09;Ideal;J;SI1;60.7;58;6.64;6.68;4.04;4611
1.2;Premium;J;VS2;61.8;59;6.84;6.76;4.2;4611
1.16;Fair;G;SI1;65.9;55;6.54;6.51;4.3;4612
0.9;Premium;D;SI1;62.2;60;6.14;6.08;3.8;4612
1.01;Ideal;I;SI1;60.2;59;6.49;6.54;3.92;4612
0.9;Premium;D;SI1;62.2;58;6.18;6.11;3.82;4612
0.9;Premium;D;SI1;62.8;59;6.18;6.14;3.87;4612
1.05;Very Good;I;VS2;63.1;58;6.47;6.42;4.07;4612
1.22;Good;J;SI1;63.8;57;6.77;6.72;4.3;4612
0.9;Ideal;D;SI1;62.7;56;6.18;6.16;3.87;4612
0.9;Premium;D;SI1;62.4;61;6.17;6.13;3.84;4612
1.11;Premium;F;SI2;58.9;60;6.8;6.74;3.99;4612
1.22;Ideal;I;SI2;61.8;57;6.9;6.83;4.23;4612
1.07;Ideal;E;SI2;62.4;57;6.52;6.55;4.08;4613
1.04;Ideal;E;SI1;62;57;6.5;6.47;4.02;4613
1.14;Very Good;H;SI2;63.3;57;6.6;6.63;4.19;4615
1.01;Premium;F;SI2;62.9;59;6.32;6.27;3.96;4616
1.01;Good;H;SI1;59.4;60;6.49;6.54;3.87;4616
1.01;Premium;F;SI2;61.7;60;6.42;6.36;3.94;4616
0.9;Very Good;F;VS2;61.6;63;6.13;6.17;3.79;4617
0.9;Very Good;F;VS2;62.2;57;6.17;6.24;3.86;4617
0.9;Good;F;VS2;64.3;57;6.07;6.09;3.91;4617
0.9;Very Good;H;VVS2;61.8;60;6.11;6.15;3.79;4617
1.02;Very Good;H;SI1;63;58;6.34;6.4;4.01;4617
1.01;Very Good;H;SI1;60.2;60;6.5;6.48;3.91;4617
1.01;Ideal;J;VS2;61.3;56;6.46;6.5;3.97;4617
1.01;Ideal;J;VS2;61.1;56;6.49;6.51;3.97;4617
0.83;Ideal;F;VS1;61.2;54;6.07;6.11;3.73;4617
1.17;Ideal;J;SI1;62.1;57;6.74;6.81;4.21;4617
1.05;Premium;G;SI2;63;57;6.47;6.41;4.06;4618
1.01;Very Good;F;SI1;63;58;6.31;6.39;4;4619
1.01;Good;F;SI1;62.4;59;6.3;6.42;3.97;4619
1.01;Very Good;F;SI1;61.9;57;6.37;6.42;3.96;4619
1.01;Good;E;SI1;63.2;59;6.25;6.28;3.96;4619
1.01;Very Good;H;SI1;58.5;56;6.6;6.69;3.89;4619
0.8;Ideal;D;VS1;62.4;56;5.94;5.98;3.72;4619
1.13;Premium;H;SI2;61.1;59;6.73;6.65;4.09;4619
1.17;Ideal;J;VS2;62.1;56;6.8;6.75;4.21;4619
1;Premium;E;SI2;61.1;58;6.44;6.48;3.95;4620
1.5;Good;I;I1;62.6;63;7.19;7.25;4.52;4620
1;Good;D;SI2;63.3;56;6.35;6.38;4.03;4620
1;Good;E;SI2;63.5;56;6.31;6.38;4.03;4620
1;Very Good;E;SI2;61.4;61;6.36;6.41;3.92;4620
1.12;Premium;H;SI2;61.9;58;6.66;6.74;4.15;4620
1;Very Good;F;SI1;60.3;61;6.38;6.43;3.86;4620
1;Very Good;E;SI2;62.4;57;6.33;6.4;3.97;4620
1;Premium;E;SI2;61.7;58;6.34;6.39;3.93;4620
1;Premium;E;SI2;61.2;60;6.42;6.45;3.94;4620
1.26;Ideal;I;SI2;59.6;57;7.01;7.04;4.19;4620
1.1;Premium;I;SI1;62;59;6.59;6.54;4.07;4620
1;Very Good;I;VS2;63.5;56;6.33;6.3;4.01;4620
1.1;Ideal;H;SI2;62;55;6.62;6.6;4.1;4620
1.1;Premium;H;SI2;62.2;58;6.69;6.6;4.13;4620
1.1;Ideal;H;SI2;62.6;56;6.65;6.57;4.14;4620
0.92;Very Good;F;SI1;62.2;55;6.19;6.26;3.87;4621
1.01;Very Good;H;SI1;62.6;61;6.36;6.39;3.99;4622
1.06;Ideal;H;SI2;60.6;55;6.62;6.65;4.02;4622
1.1;Premium;E;SI2;60.9;60;6.66;6.61;4.04;4622
1;Ideal;E;SI2;62;57;6.37;6.41;3.96;4623
0.91;Ideal;E;SI1;61.9;55;6.18;6.22;3.84;4623
0.98;Premium;H;VS2;59.9;60;6.45;6.38;3.84;4623
1.12;Very Good;H;SI2;61.8;58;6.62;6.68;4.11;4624
1.1;Ideal;J;SI2;60.1;57;6.77;6.74;4.06;4624
1.1;Ideal;I;SI2;62.6;55;6.57;6.6;4.13;4624
1;Good;I;VS1;59.6;61;6.48;6.53;3.88;4624
0.9;Premium;E;VS2;63;58;6.16;6.13;3.87;4625
1.01;Very Good;I;VS2;61.9;61;6.36;6.41;3.95;4626
1;Premium;D;SI2;62.2;61;6.36;6.3;3.94;4626
1;Very Good;G;SI1;63.3;60;6.33;6.24;3.98;4626
1;Premium;D;SI2;58.3;61;6.59;6.54;3.83;4626
1;Premium;D;SI2;59.4;60;6.56;6.48;3.87;4626
1;Premium;D;SI2;61.6;58;6.45;6.37;3.95;4626
1;Premium;D;SI2;59.5;62;6.52;6.49;3.87;4626
1.35;Fair;G;SI2;66;58;6.89;6.81;4.52;4627
1.08;Premium;G;SI2;62.2;56;6.62;6.54;4.09;4627
1.08;Premium;G;SI2;62.3;56;6.6;6.52;4.09;4627
1.08;Premium;G;SI2;62.9;59;6.57;6.53;4.12;4627
1.08;Ideal;G;SI2;61.9;57;6.57;6.55;4.06;4627
1.08;Ideal;G;SI2;62.2;56;6.59;6.56;4.09;4627
0.9;Very Good;F;VS2;63.1;59;6.13;6.05;3.84;4627
1;Very Good;D;SI2;63.2;57;6.24;6.32;3.97;4628
0.82;Ideal;D;VS2;60.8;57;6.02;6.05;3.67;4628
0.82;Ideal;D;VS2;61.9;56;5.98;6.03;3.72;4628
0.95;Premium;E;SI1;62.8;59;6.25;6.21;3.91;4628
1.04;Ideal;H;SI1;60.3;57;6.55;6.58;3.96;4629
0.94;Premium;H;VS2;60.1;59;6.32;6.35;3.81;4629
1.09;Very Good;F;SI2;58.6;63;6.73;6.78;3.96;4629
1;Very Good;E;SI2;63;54;6.33;6.37;4;4630
1.06;Ideal;I;SI1;61.2;56;6.64;6.6;4.05;4630
1.06;Ideal;I;SI1;61.2;56;6.64;6.6;4.05;4630
0.81;Ideal;F;VVS2;62.3;54;5.94;6.01;3.72;4630
1.04;Ideal;F;SI2;62.6;57;6.48;6.45;4.05;4630
1;Fair;G;VS1;63.1;63;6.38;6.29;4;4630
1.04;Ideal;F;SI2;61.8;56;6.53;6.49;4.02;4630
1.21;Ideal;G;SI2;62.9;57;6.78;6.73;4.25;4631
1.17;Premium;H;SI1;62.6;59;6.78;6.71;4.22;4631
0.56;Ideal;D;IF;60.8;58;5.35;5.31;3.24;4632
1.01;Very Good;F;SI1;63.5;58;6.29;6.24;3.98;4632
1.01;Premium;F;SI1;63;58;6.33;6.29;3.98;4632
1.01;Good;F;SI1;57.4;57;6.52;6.48;3.73;4632
1.02;Good;D;SI2;63.4;59;6.37;6.41;4.05;4633
1.02;Very Good;G;SI1;63;55;6.4;6.45;4.05;4633
1.02;Premium;G;SI1;60.8;58;6.46;6.5;3.94;4633
1.02;Premium;G;SI1;62.3;59;6.4;6.44;4;4633
1.02;Very Good;D;SI2;61.5;56;6.47;6.51;3.99;4633
1.02;Ideal;G;SI1;59.2;57;6.52;6.56;3.87;4633
1.02;Premium;G;SI1;61;59;6.44;6.48;3.94;4633
1.02;Very Good;G;SI1;62;57;6.41;6.5;4;4633
1.02;Very Good;D;SI2;60.3;58;6.48;6.52;3.92;4633
1;Good;J;VVS1;63.5;59;6.29;6.34;4.01;4633
1.08;Ideal;J;SI1;62.1;55;6.54;6.57;4.07;4633
1.06;Very Good;F;SI2;62.6;60;6.54;6.44;4.06;4634
1.01;Fair;F;SI1;65.5;57;6.12;6.22;4.04;4634
1.33;Premium;G;SI2;61.3;59;7.06;6.93;4.29;4634
0.93;Ideal;H;SI1;62.4;55;6.2;6.24;3.88;4635
1.2;Very Good;J;SI2;61.4;55;6.85;6.92;4.23;4636
1.28;Premium;J;SI2;62.3;58;6.94;6.89;4.31;4636
1.2;Good;J;VS2;64.3;56;6.65;6.57;4.25;4637
0.9;Very Good;F;VS2;63.4;57;6.19;6.08;3.89;4637
0.9;Premium;G;VS2;61.7;57;6.21;6.11;3.8;4637
1.2;Very Good;H;SI1;63.3;56;6.75;6.72;4.26;4637
0.9;Very Good;H;VVS2;59.9;61;6.29;6.19;3.74;4637
1;Good;H;VS2;63.6;61;6.21;6.25;3.96;4637
0.92;Premium;H;VVS2;62.5;58;6.25;6.16;3.88;4637
0.91;Premium;D;VS2;62.7;59;6.16;6.13;3.85;4637
1.15;Premium;I;SI1;62.2;56;6.77;6.67;4.18;4637
1.21;Very Good;G;SI1;63.4;60;6.68;6.63;4.22;4637
1.21;Fair;G;SI1;64.5;56;6.69;6.62;4.29;4637
0.92;Premium;E;SI1;61.7;57;6.32;6.2;3.86;4637
1.01;Ideal;I;SI1;61.9;59;6.38;6.42;3.96;4638
1.01;Premium;H;SI2;60.3;60;6.49;6.47;3.91;4638
0.92;Ideal;H;VS2;60.8;58;6.27;6.32;3.83;4639
0.97;Premium;D;SI1;62;60;6.29;6.25;3.89;4639
1.09;Premium;H;SI2;62.5;58;6.61;6.55;4.11;4639
1.09;Very Good;I;SI1;63.2;59;6.54;6.5;4.12;4639
1.17;Good;D;SI2;57.8;62;6.97;6.91;4.01;4639
1.18;Premium;I;SI2;61.7;58;6.79;6.75;4.18;4639
1.1;Very Good;I;SI1;61.2;61;6.61;6.66;4.01;4640
1.1;Premium;D;SI2;62.4;58;6.57;6.6;4.11;4640
1.09;Very Good;I;SI1;61.4;58;6.61;6.69;4.08;4640
1;Very Good;I;VS1;63.3;55;6.39;6.34;4.03;4641
1.01;Ideal;I;SI1;60.3;58;6.5;6.56;3.94;4641
1.01;Good;G;SI1;62.8;58;6.36;6.29;3.97;4641
1.12;Premium;H;SI2;59.7;60;6.77;6.72;4.03;4641
1.12;Premium;H;SI2;62;57;6.68;6.61;4.12;4641
1.12;Premium;H;SI1;61.2;59;6.69;6.65;4.08;4641
1.12;Premium;I;SI1;62;56;6.73;6.65;4.15;4641
1.01;Premium;H;SI1;62.5;59;6.44;6.33;3.99;4642
0.91;Ideal;F;SI2;62;57;6.15;6.23;3.84;4642
0.91;Ideal;F;SI2;61.7;56;6.21;6.24;3.84;4642
0.91;Ideal;F;SI2;62;56;6.2;6.22;3.85;4642
1.01;Premium;H;SI1;62.8;58;6.38;6.36;4;4642
1.01;Very Good;H;SI1;63.4;58;6.38;6.34;4.03;4642
1.01;Premium;H;SI1;61.2;58;6.47;6.43;3.95;4642
1.01;Premium;H;SI1;63;60;6.36;6.33;4;4642
1.01;Good;H;SI1;60.3;64;6.53;6.5;3.93;4642
1.01;Very Good;H;SI1;63.3;58;6.4;6.37;4.04;4642
1.01;Ideal;H;SI1;62.4;53;6.47;6.42;4.02;4642
1.01;Premium;H;SI1;61.8;60;6.48;6.43;3.99;4642
0.9;Very Good;E;VS2;63;57;6.07;6.15;3.85;4643
1;Very Good;F;SI1;62.5;56;6.38;6.42;4;4643
1.06;Ideal;J;VS2;62.4;54;6.51;6.57;4.08;4643
1.35;Ideal;G;I1;62.5;57;7.04;7.01;4.39;4643
0.7;Very Good;E;VVS1;63.2;57;5.62;5.67;3.57;4644
1.07;Premium;F;SI2;61.8;59;6.57;6.53;4.05;4644
1.02;Ideal;E;SI2;62;59;6.43;6.4;3.98;4645
1.11;Ideal;I;SI1;62.3;56;6.59;6.64;4.12;4645
1;Good;E;SI1;63.9;55;6.28;6.34;4.03;4646
1.06;Ideal;I;SI1;62.6;56;6.46;6.54;4.07;4646
1.01;Fair;G;SI1;60.4;62;6.31;6.34;3.82;4646
1.13;Premium;G;SI2;61.5;59;6.73;6.69;4.13;4647
1;Premium;E;SI2;60.4;60;6.49;6.46;3.91;4648
1.52;Fair;H;I1;69.7;55;6.92;6.89;4.81;4648
1.52;Fair;H;I1;65.4;62;7.1;7.02;4.62;4648
1.04;Ideal;H;SI1;62.5;57;6.5;6.46;4.05;4648
1;Very Good;I;SI1;58.5;61;6.51;6.55;3.82;4649
1;Ideal;H;SI2;62;56;6.38;6.43;3.97;4649
1;Ideal;I;SI1;62.5;56;6.38;6.41;4;4649
1;Ideal;I;SI1;61.5;57;6.39;6.43;3.94;4649
1.23;Premium;J;SI1;61.9;54;6.89;6.86;4.26;4649
1.1;Premium;G;SI2;61.4;59;6.71;6.59;4.08;4650
1.14;Very Good;F;SI2;62.9;59;6.62;6.64;4.17;4652
1.06;Premium;E;SI2;60.5;60;6.61;6.67;4.02;4652
1.22;Very Good;J;SI2;62.6;58;6.78;6.84;4.26;4652
1.17;Very Good;H;SI1;63.1;56;6.76;6.71;4.25;4652
1;Very Good;H;VS2;63.3;62;6.37;6.29;4.01;4652
0.36;Premium;E;SI1;62.2;59;4.53;4.57;2.83;589
0.32;Very Good;D;SI1;62.3;55;4.38;4.42;2.74;589
0.32;Ideal;D;SI1;62;57;4.37;4.4;2.72;589
0.32;Ideal;I;VVS1;61.9;55;4.39;4.4;2.72;589
0.32;Good;D;SI1;63.3;57;4.36;4.39;2.77;589
0.32;Very Good;D;SI1;62.7;57;4.34;4.37;2.73;589
0.32;Premium;D;SI1;61.4;58;4.38;4.42;2.7;589
0.32;Premium;D;SI1;60.9;60;4.39;4.41;2.68;589
0.32;Ideal;I;VVS1;62.4;55;4.34;4.38;2.72;589
0.4;Good;J;VS1;63.5;56;4.69;4.7;2.98;589
0.32;Very Good;D;SI1;63;58;4.36;4.4;2.76;589
0.32;Ideal;D;SI1;62.7;54;4.35;4.39;2.74;589
0.32;Ideal;D;SI1;62.6;55;4.36;4.39;2.74;589
0.32;Ideal;D;SI1;60.8;57;4.41;4.44;2.69;589
0.32;Ideal;D;SI1;59.3;55;4.51;4.53;2.68;589
0.32;Ideal;D;SI1;59.6;57;4.42;4.47;2.65;589
0.32;Ideal;D;SI1;60.9;56;4.4;4.43;2.69;589
0.32;Very Good;I;VVS1;60.1;61;4.4;4.45;2.66;589
0.34;Good;F;VS2;64.3;53;4.44;4.48;2.87;589
0.31;Ideal;E;VS2;62;56;4.36;4.38;2.71;589
0.34;Very Good;H;VS1;62.3;57;4.45;4.48;2.78;590
0.26;Very Good;F;SI1;59.6;55;4.18;4.24;2.51;590
0.35;Very Good;F;SI1;61;55;4.6;4.63;2.81;590
0.38;Very Good;E;SI2;62.5;61;4.59;4.63;2.88;590
0.35;Ideal;I;VVS2;62.4;54;4.51;4.53;2.82;590
0.3;Ideal;H;VVS2;62.2;57;4.26;4.29;2.66;590
0.3;Ideal;H;VVS2;62.4;56;4.28;4.31;2.68;590
0.3;Ideal;H;VVS2;62.1;54;4.32;4.35;2.69;590
0.3;Ideal;H;VVS2;61.5;55;4.34;4.37;2.68;590
0.3;Ideal;H;VVS2;62.7;53;4.29;4.32;2.7;590
1.01;Very Good;G;SI1;62.4;58;6.39;6.44;4;4653
1.01;Ideal;G;SI1;61.4;55;6.46;6.5;3.98;4653
1.01;Ideal;G;SI1;61.4;57;6.44;6.5;3.97;4653
1.15;Very Good;H;SI2;61.9;57;6.68;6.72;4.15;4654
1.06;Premium;E;SI2;61.7;62;6.54;6.5;4.02;4654
1.12;Premium;F;SI2;61.6;58;6.69;6.63;4.1;4654
1.14;Premium;H;SI1;63;57;6.7;6.65;4.2;4654
1.12;Premium;F;SI2;60.5;59;6.79;6.73;4.09;4654
0.9;Good;F;VS2;60;58;6.21;6.26;3.74;4655
0.75;Very Good;D;VVS2;59.4;59;5.88;5.94;3.51;4656
1.26;Ideal;J;SI2;62.5;53;6.86;6.9;4.3;4656
1.08;Premium;E;SI2;60.8;59;6.57;6.62;4.01;4656
1.08;Very Good;E;SI2;60.2;58;6.61;6.68;4;4656
1.08;Good;E;SI2;63.7;57;6.49;6.54;4.15;4656
1;Fair;F;VS2;68.4;58;5.97;6.1;4.13;4656
1.06;Premium;F;SI2;62;59;6.57;6.52;4.06;4656
1.16;Very Good;I;SI1;61.5;60.4;6.71;6.76;4.14;4657
1.2;Premium;J;SI1;61.5;59;6.84;6.81;4.2;4657
0.9;Premium;H;VVS2;62.4;58;6.15;6.12;3.83;4657
1.32;Very Good;J;SI1;63.5;57;6.98;6.95;4.42;4657
1;Fair;F;SI1;65.8;58;6.23;6.15;4.07;4657
0.9;Ideal;F;SI1;61.7;57;6.25;6.2;3.84;4657
1.2;Ideal;J;SI2;61.7;56;6.79;6.87;4.21;4659
1.2;Good;J;SI2;63.3;54.4;6.72;6.78;4.27;4659
1.01;Very Good;H;SI1;63.5;57;6.31;6.35;4.02;4659
1.09;Premium;I;VS2;61.3;58;6.63;6.58;4.05;4659
1.04;Premium;H;SI1;58.5;62;6.67;6.64;3.89;4659
1.04;Ideal;I;SI1;61.3;57;6.56;6.53;4.01;4659
1.04;Ideal;I;SI1;61.3;57;6.57;6.54;4.02;4659
1.19;Premium;I;SI2;62.6;58;6.7;6.75;4.21;4660
1.27;Premium;J;SI2;60.4;58;7.04;7;4.24;4660
0.94;Very Good;E;SI1;62.4;56;6.24;6.27;3.9;4661
0.94;Very Good;E;SI1;61.8;56;6.29;6.33;3.9;4661
0.94;Premium;E;SI1;60;58;6.37;6.44;3.84;4661
0.94;Premium;E;SI1;62;58;6.24;6.27;3.88;4661
1.13;Very Good;H;SI2;62.7;55;6.61;6.69;4.17;4661
0.9;Premium;G;VS1;62.7;58;6.06;6.15;3.83;4661
1.23;Very Good;F;SI2;60.9;58;6.93;6.96;4.23;4661
1.15;Very Good;H;SI2;63.7;56;6.63;6.66;4.23;4661
1;Very Good;D;SI2;62.5;58;6.35;6.44;4;4661
0.9;Ideal;D;SI1;61.3;58;6.16;6.21;3.79;4661
1.11;Premium;H;SI2;61.5;59;6.67;6.63;4.09;4662
1.11;Premium;H;SI2;62.9;59;6.59;6.54;4.13;4662
1.02;Premium;I;VS2;59.5;59;6.54;6.5;3.88;4662
0.9;Very Good;H;VS2;62.6;57;6.11;6.09;3.82;4662
1.02;Ideal;I;VS2;61.5;57;6.49;6.45;3.98;4662
1.02;Ideal;F;SI2;62.4;55;6.46;6.43;4.02;4662
1.06;Ideal;G;SI2;61;57;6.61;6.56;4.02;4662
1.02;Ideal;F;SI2;61.4;56;6.5;6.47;3.98;4662
1.11;Ideal;H;SI2;62.7;57;6.66;6.59;4.14;4662
1.11;Premium;H;SI2;61.6;60;6.67;6.6;4.09;4662
1.11;Ideal;H;SI2;62;54;6.64;6.61;4.11;4662
1.11;Ideal;H;SI2;61.3;55;6.73;6.65;4.1;4662
0.91;Ideal;I;VVS2;60.6;57;6.25;6.27;3.79;4663
1.12;Premium;D;SI2;59.5;59;6.8;6.75;4.03;4663
0.91;Premium;D;SI1;62.3;60;6.21;6.15;3.85;4663
0.91;Premium;D;SI1;59;61;6.35;6.29;3.73;4663
0.9;Very Good;H;VVS1;62.1;59;6.17;6.19;3.84;4664
1;Ideal;I;VS1;63.1;57;6.32;6.39;4.01;4664
1.11;Premium;E;SI2;62.5;58;6.63;6.61;4.14;4664
0.91;Very Good;H;VVS2;62.9;58;6.14;6.17;3.87;4665
0.86;Very Good;E;VS2;62.3;56;6.05;6.08;3.78;4665
0.98;Ideal;G;SI1;62.3;56;6.37;6.34;3.96;4665
1.19;Very Good;I;SI1;63.2;58;6.82;6.7;4.27;4665
1;Fair;H;SI1;67.6;59;6.03;5.95;4.05;4665
1.01;Very Good;I;VS2;62.3;60;6.33;6.41;3.97;4666
1.01;Very Good;E;SI2;59.5;59;6.54;6.58;3.9;4666
1.01;Ideal;E;SI2;62.2;54;6.39;6.43;3.99;4666
1.01;Very Good;D;SI1;62.4;58;6.39;6.47;4.01;4666
1.01;Ideal;E;SI2;61.2;54;6.49;6.52;3.98;4666
1.01;Premium;E;SI2;61.5;58;6.4;6.43;3.95;4666
1.01;Premium;E;SI2;62.6;59;6.36;6.39;3.99;4666
1.01;Very Good;E;SI2;61.5;56;6.45;6.47;3.97;4666
1.01;Ideal;E;SI2;61.1;57;6.48;6.52;3.97;4666
1.01;Good;E;SI2;63.7;58;6.32;6.36;4.04;4666
1.24;Ideal;J;SI2;61.6;57;6.89;6.87;4.24;4666
1.24;Premium;E;SI2;60.5;62;6.97;6.89;4.19;4666
0.93;Ideal;G;SI1;62.2;58;6.2;6.24;3.87;4666
1.24;Premium;J;SI2;62.2;58;6.94;6.82;4.28;4666
1.05;Ideal;G;SI2;62.2;54;6.52;6.56;4.07;4667
1.04;Ideal;F;SI2;62.1;57;6.46;6.48;4.02;4668
0.9;Very Good;G;VVS2;62.6;55;6.12;6.19;3.85;4668
0.9;Very Good;D;VS2;63;62;6.06;6.13;3.84;4668
0.9;Good;G;VVS2;62.6;58;6.1;6.13;3.83;4668
1.03;Very Good;E;SI2;62.1;59;6.43;6.46;4;4668
0.91;Very Good;E;SI2;63.2;56;6.08;6.14;3.86;4668
1.01;Ideal;E;SI2;61.6;58;6.45;6.5;3.99;4668
1.16;Ideal;I;SI1;61.7;56;6.76;6.7;4.15;4668
1.01;Very Good;H;SI1;63.3;56;6.35;6.39;4.03;4669
1.21;Good;F;SI2;63.7;64;6.73;6.63;4.25;4669
1.21;Premium;I;VS2;61.6;61;6.86;6.8;4.21;4669
1.11;Premium;G;SI2;61.5;58;6.6;6.67;4.08;4670
0.91;Premium;H;VS1;61;59;6.25;6.18;3.79;4670
0.91;Premium;H;VS1;61.8;54;6.32;6.27;3.89;4670
0.91;Very Good;H;VS1;59.4;63;6.32;6.28;3.74;4670
1.09;Ideal;G;SI2;61.2;57;6.68;6.63;4.07;4670
1.09;Ideal;G;SI2;62.1;56;6.66;6.59;4.12;4670
1.03;Good;D;SI2;59.3;58;6.57;6.61;3.91;4671
1.01;Premium;D;SI2;58.8;59;6.58;6.55;3.86;4672
1.01;Premium;G;SI1;61.2;61;6.47;6.41;3.94;4672
1.01;Good;G;SI1;60.7;59;6.35;6.4;3.87;4672
1.01;Premium;G;SI1;61;62;6.49;6.4;3.93;4672
1.01;Very Good;G;SI1;63.5;60;6.33;6.3;4.01;4672
1.01;Premium;D;SI2;62.8;59;6.44;6.34;4.01;4672
1.01;Very Good;G;SI1;63.4;58;6.33;6.28;4;4672
1.01;Good;G;SI1;63.9;57;6.37;6.3;4.05;4672
1.01;Premium;G;SI1;62.9;61;6.4;6.36;4.01;4672
1.01;Premium;D;SI2;62.2;60;6.43;6.4;3.99;4672
1.01;Good;G;SI1;63.6;57;6.37;6.33;4.04;4672
1.01;Premium;G;SI1;62.5;60;6.39;6.34;3.98;4672
1.01;Premium;D;SI2;61.8;60;6.41;6.37;3.95;4672
1.01;Ideal;G;SI1;62.9;54;6.47;6.41;4.05;4672
1.01;Premium;D;SI2;60.3;57;6.56;6.51;3.94;4672
1.01;Premium;G;SI1;59.6;61;6.52;6.47;3.87;4672
1.01;Good;D;SI2;63.9;57;6.36;6.29;4.04;4672
1.01;Premium;D;SI2;60.9;62;6.45;6.43;3.92;4672
1.01;Premium;D;SI2;58.3;59;6.67;6.63;3.88;4672
1.12;Very Good;H;SI1;63.1;56;6.62;6.59;4.17;4673
0.91;Ideal;G;SI1;62.5;56;6.19;6.22;3.88;4673
1.1;Good;F;SI2;60.5;61;6.61;6.67;4.02;4674
1.21;Premium;J;VS1;61;60;6.88;6.83;4.18;4675
1.08;Ideal;G;SI2;61.9;58;6.55;6.57;4.06;4675
1.02;Ideal;E;SI1;61.1;56;6.51;6.45;3.96;4675
1.05;Ideal;F;SI2;60.9;56;6.64;6.56;4.02;4675
1.01;Premium;I;VS2;62.5;58;6.44;6.39;4.01;4676
0.92;Very Good;D;SI1;62.9;56;6.18;6.22;3.9;4676
1.22;Ideal;J;SI2;61.2;57;6.86;6.9;4.21;4676
0.91;Premium;E;VS2;62.2;60;6.21;6.13;3.84;4676
1;Ideal;H;SI1;61.4;55;6.49;6.44;3.97;4676
1.01;Premium;F;SI2;61.9;58;6.39;6.34;3.94;4676
0.9;Premium;E;SI1;62.8;58;6.13;6.09;3.84;4677
1.74;Very Good;H;I1;63.2;55;7.62;7.59;4.8;4677
1.07;Ideal;F;SI2;62;57;6.49;6.6;4.06;4678
1.07;Ideal;F;SI2;61.5;57;6.57;6.6;4.05;4678
0.9;Very Good;F;VS2;61.9;57;6.17;6.23;3.84;4678
0.9;Ideal;F;VS2;62.7;56;6.17;6.2;3.88;4678
0.9;Very Good;F;VS2;61.7;56;6.18;6.21;3.82;4678
1.02;Premium;F;SI1;63;58;6.4;6.36;4.02;4678
1.02;Very Good;F;SI1;63.5;57;6.4;6.35;4.05;4678
1.18;Good;G;SI1;64.2;62;6.6;6.51;4.25;4678
1.02;Good;F;SI1;63.7;61;6.27;6.23;3.98;4678
0.91;Ideal;H;VS2;62.4;56;6.2;6.14;3.85;4678
1.19;Ideal;J;SI1;62;56;6.8;6.77;4.21;4678
1.03;Very Good;D;SI2;61.3;61;6.46;6.49;3.97;4679
1.03;Good;G;SI1;63.2;58;6.38;6.43;4.05;4679
1.03;Premium;D;SI2;61.7;58;6.47;6.5;4;4679
1.03;Very Good;D;SI2;62.8;56;6.43;6.46;4.05;4679
1.03;Ideal;D;SI2;61.2;57;6.51;6.59;4.01;4679
1.03;Ideal;G;SI1;62.4;57;6.47;6.52;4.05;4679
1.03;Ideal;D;SI2;61.8;56;6.46;6.51;4.01;4679
0.7;Very Good;E;IF;60.3;59;5.72;5.76;3.46;4679
1.05;Ideal;I;SI1;62.1;54;6.54;6.55;4.06;4679
1;Good;F;SI1;60.1;65;6.4;6.44;3.86;4679
1;Fair;F;SI1;56.5;60;6.62;6.66;3.75;4679
1.28;Good;G;SI2;63.6;57;6.78;6.73;4.29;4679
1.01;Very Good;H;SI1;59.8;61;6.54;6.51;3.9;4680
1.01;Ideal;H;SI1;61.4;60;6.48;6.45;3.97;4680
0.9;Very Good;F;VS2;62.6;58;6.08;6.13;3.82;4681
1.01;Very Good;I;SI1;62.1;58;6.37;6.39;3.96;4681
1.04;Very Good;H;SI1;59.7;60;6.55;6.58;3.92;4682
0.95;Premium;F;SI1;62.9;59;6.24;6.13;3.89;4682
0.9;Good;D;VS2;65.8;58;5.99;6.01;3.95;4682
1.09;Premium;D;SI2;62.2;59;6.49;6.46;4.03;4682
1.09;Good;D;SI2;63.8;60;6.57;6.49;4.16;4682
1.06;Ideal;D;SI2;61.2;57;6.59;6.51;4.01;4682
1.1;Very Good;H;SI1;63.5;55;6.55;6.49;4.14;4682
0.95;Premium;F;SI1;62.3;60;6.3;6.26;3.91;4682
1.05;Premium;H;SI1;62.2;58;6.5;6.46;4.03;4682
1.03;Ideal;F;SI2;61.6;55;6.46;6.49;3.99;4683
1.02;Ideal;F;SI2;61.6;56;6.52;6.49;4.01;4684
0.9;Very Good;H;VS1;63.6;55;6.15;6.11;3.9;4685
0.9;Very Good;H;VS1;62.8;59;6.07;6.15;3.84;4685
1.08;Very Good;G;SI2;62.8;56;6.48;6.6;4.11;4685
1;Very Good;E;SI2;59.6;62;6.45;6.51;3.86;4685
1.01;Ideal;I;VS2;59.9;61;6.49;6.53;3.9;4685
1.02;Ideal;I;SI1;61.3;57;6.47;6.49;3.97;4685
0.9;Good;H;VS2;58.2;59;6.36;6.33;3.69;4685
1.01;Good;E;SI2;58.7;63;6.52;6.6;3.85;4685
1.2;Premium;J;SI2;58.7;59;6.99;6.94;4.09;4685
1.21;Premium;I;SI2;62.3;59;6.82;6.77;4.23;4686
1.07;Ideal;J;VS2;61.7;58;6.58;6.55;4.05;4686
1.07;Ideal;J;VS2;61.6;56;6.59;6.55;4.04;4686
1.24;Premium;J;SI1;61.8;58;6.9;6.86;4.25;4687
0.9;Premium;E;VS2;62.6;59;6.14;6.06;3.82;4687
0.9;Premium;F;VS1;59;58;6.33;6.29;3.72;4687
1.11;Premium;H;VS1;62.3;57;6.67;6.62;4.14;4687
1.05;Very Good;I;SI1;62.6;56;6.49;6.45;4.05;4688
1;Fair;F;SI1;56.9;63;6.45;6.52;3.69;4688
1.02;Very Good;H;SI1;63.5;58;6.39;6.36;4.05;4688
1.02;Premium;H;SI1;62.6;59;6.43;6.38;4.01;4688
1.01;Premium;E;SI2;62.9;59;6.37;6.31;3.99;4688
1.14;Premium;G;SI2;61.1;59;6.77;6.72;4.12;4688
1.02;Very Good;H;SI1;63.2;57;6.44;6.38;4.05;4688
1.15;Premium;E;SI2;62.3;58;6.73;6.67;4.18;4688
1.13;Premium;H;SI1;61.2;59;6.68;6.65;4.08;4689
1.1;Very Good;H;SI1;63;57;6.5;6.54;4.11;4689
0.9;Ideal;H;VS1;61.9;56;6.17;6.23;3.84;4689
1.06;Premium;E;SI1;63;56;6.54;6.45;4.09;4689
1.13;Premium;H;SI1;62.1;58;6.7;6.66;4.15;4689
1.13;Very Good;H;SI1;63.3;56;6.65;6.62;4.2;4689
1.01;Very Good;F;SI2;62.5;58;6.39;6.41;4;4690
1.01;Very Good;D;SI2;60.1;60;6.41;6.47;3.87;4690
1.25;Premium;J;SI2;61.5;57;7;6.93;4.28;4690
1.21;Very Good;J;VS2;63;57;6.73;6.77;4.25;4691
0.92;Ideal;F;SI2;61.5;53;6.26;6.3;3.86;4691
1.1;Premium;E;SI2;60.1;62;6.69;6.65;4.01;4691
1.01;Good;E;SI1;63.3;57;6.33;6.37;4.02;4692
1.09;Ideal;I;SI1;59.4;61;6.68;6.73;3.98;4692
1.05;Premium;H;SI1;61.9;58;6.5;6.45;4.01;4692
1.05;Very Good;H;SI1;63.1;60;6.49;6.42;4.07;4692
1.05;Premium;H;SI1;59.5;58;6.69;6.61;3.96;4692
1.11;Premium;G;SI2;58.8;59;6.8;6.76;3.99;4692
1.05;Very Good;H;SI1;63.5;57;6.47;6.44;4.1;4692
1.01;Very Good;H;VS2;63.3;58;6.33;6.27;3.99;4692
0.93;Premium;D;SI2;62;56;6.27;6.22;3.87;4692
1.27;Ideal;J;SI2;62.6;57;6.85;6.88;4.3;4693
0.9;Very Good;D;SI1;59.6;62;6.19;6.22;3.7;4693
0.9;Very Good;D;SI1;62.4;61;6.13;6.17;3.84;4693
0.9;Premium;D;SI1;62.2;58;6.11;6.18;3.82;4693
0.9;Very Good;D;SI1;62.8;59;6.14;6.18;3.87;4693
1.01;Very Good;I;SI1;61.4;62;6.39;6.45;3.94;4693
1.01;Ideal;J;VS1;61.2;57;6.45;6.49;3.96;4693
1.01;Ideal;H;SI2;61.1;56;6.44;6.48;3.95;4693
1.01;Ideal;H;SI2;62.4;57;6.36;6.43;3.99;4693
0.96;Good;D;SI1;61;61;6.29;6.33;3.85;4693
1.01;Ideal;E;SI2;62;56;6.46;6.42;3.99;4694
1.01;Ideal;G;SI1;62.3;57;6.41;6.36;3.98;4694
1.01;Premium;D;SI2;60.4;60;6.52;6.46;3.92;4694
1.04;Ideal;F;SI2;62;54;6.49;6.51;4.03;4695
1.13;Fair;I;VS2;55.9;67;7.05;6.94;3.9;4695
0.92;Ideal;D;SI1;61.8;55;6.25;6.28;3.87;4696
1.04;Ideal;I;VS1;63;56;6.44;6.41;4.05;4696
0.9;Very Good;G;VVS1;63.3;58;6.05;6.14;3.86;4697
1;Very Good;D;SI1;60.1;60;6.47;6.55;3.91;4697
1.09;Good;F;SI2;60.3;61;6.64;6.69;4.02;4698
1.07;Ideal;E;SI2;62.4;57;6.55;6.52;4.08;4698
1.33;Fair;F;I1;62;56;7.05;7.01;4.36;4698
1.11;Premium;F;SI1;60.4;58;6.68;6.66;4.03;4699
1.09;Premium;H;SI2;62;57;6.61;6.55;4.08;4700
0.93;Ideal;E;SI1;59.6;57;6.37;6.42;3.81;4700
1.07;Premium;F;SI2;62;58;6.57;6.52;4.06;4700
1.07;Premium;F;SI2;60.3;58;6.68;6.62;4.01;4700
1.09;Good;H;SI1;62.4;64;6.61;6.51;4.09;4700
1.15;Premium;E;SI2;61.8;56;6.75;6.7;4.15;4701
1.14;Very Good;J;VS1;60;60;6.76;6.81;4.07;4702
1;Very Good;H;SI1;62.3;60;6.34;6.38;3.96;4702
1;Ideal;H;SI1;60.3;56;6.52;6.54;3.94;4702
1;Premium;H;SI1;61.5;58;6.37;6.45;3.94;4702
1.25;Very Good;J;SI1;62.5;57;6.83;6.86;4.28;4702
1.14;Good;I;SI1;63.5;56;6.58;6.62;4.19;4702
1;Good;H;SI1;63.7;60;6.3;6.33;4.02;4702
1.14;Premium;H;SI2;60.6;59;6.77;6.8;4.11;4702
1;Very Good;H;SI1;62.7;59;6.3;6.37;3.97;4702
0.72;Ideal;E;VVS1;61.6;56;5.75;5.77;3.55;4702
1.16;Premium;J;VS2;62.2;59;6.74;6.69;4.18;4702
1.04;Very Good;G;SI2;60.6;57;6.56;6.6;3.99;4703
1.02;Very Good;H;SI1;63.5;56;6.36;6.43;4.06;4703
1.2;Good;H;SI2;64.1;57;6.68;6.65;4.27;4704
1.32;Premium;I;SI2;60.8;58;7.03;7.11;4.3;4704
1.02;Very Good;G;SI1;62.9;56;6.36;6.4;4.01;4704
1;Fair;D;SI1;66.3;58;6.15;6.04;4.04;4704
1.5;Fair;I;I1;66.1;57;7.12;7.04;4.68;4704
1.5;Fair;I;I1;69.7;56;6.94;6.9;4.82;4704
1;Very Good;F;SI1;63.1;57;6.37;6.33;4.01;4704
1;Ideal;H;VS2;62.5;58;6.38;6.33;3.97;4704
1.26;Ideal;I;SI2;59.6;57;7.04;7.01;4.19;4704
1;Premium;E;SI2;61.2;60;6.45;6.42;3.94;4704
1.12;Premium;I;SI1;60.8;57;6.76;6.7;4.09;4704
1.2;Very Good;I;SI1;63.3;57;6.7;6.66;4.23;4704
1.5;Fair;I;SI2;64.9;61;7.14;7.09;4.62;4704
1.2;Premium;J;VS1;62;59;6.77;6.72;4.18;4704
1.12;Premium;H;SI2;61.9;58;6.74;6.66;4.15;4704
1;Premium;F;SI1;60.3;61;6.43;6.38;3.86;4704
1;Premium;E;SI2;61.7;58;6.39;6.34;3.93;4704
1;Very Good;D;SI2;63.3;56;6.38;6.35;4.03;4704
1;Very Good;E;SI2;63.5;56;6.38;6.31;4.03;4704
1;Premium;E;SI2;61.4;61;6.41;6.36;3.92;4704
1;Premium;E;SI2;61.1;58;6.48;6.44;3.95;4704
1;Premium;D;SI1;62;58;6.41;6.29;3.94;4704
1;Fair;D;SI1;64.9;59;6.2;6.13;4;4704
1;Fair;D;SI1;65.9;54;6.24;6.2;4.1;4704
1.01;Very Good;H;SI1;63.1;59;6.34;6.43;4.03;4705
1.03;Good;H;SI1;59.3;56;6.57;6.66;3.92;4705
1.22;Fair;F;SI2;65;56;6.71;6.8;4.39;4705
0.91;Ideal;E;SI1;61;57;6.27;6.32;3.84;4706
1.01;Premium;E;VS2;60.8;58;6.43;6.4;3.9;4706
0.9;Very Good;E;VS2;60.4;60;6.23;6.29;3.78;4707
0.9;Very Good;E;VS2;62.2;56;6.12;6.17;3.82;4707
0.9;Very Good;E;VS2;63;58;6.13;6.16;3.87;4707
1.01;Very Good;G;SI1;62.4;60;6.34;6.39;3.97;4707
1.13;Ideal;G;SI2;60.8;56;6.64;6.72;4.06;4707
1.01;Very Good;H;SI1;63.3;57;6.41;6.36;4.04;4707
1.01;Premium;H;SI1;62.2;54;6.48;6.41;4.01;4707
1.01;Premium;H;SI1;62.6;61;6.39;6.36;3.99;4707
1.14;Ideal;J;SI1;61.7;54;6.71;6.74;4.15;4708
1.02;Ideal;G;SI1;60.3;56;6.57;6.54;3.95;4708
1.13;Ideal;H;VS2;62;55;6.68;6.65;4.13;4708
0.9;Very Good;E;VS2;60.6;60;6.14;6.27;3.76;4709
1.11;Ideal;H;SI2;61.4;57;6.63;6.67;4.08;4709
1.11;Ideal;I;SI1;61.9;57;6.62;6.67;4.11;4709
0.34;Ideal;D;I1;62.5;57;4.47;4.49;2.8;413
0.34;Ideal;D;I1;61.4;55;4.5;4.52;2.77;413
0.31;Ideal;I;SI1;60.9;57;4.36;4.41;2.67;414
0.23;Ideal;I;VVS1;63;56;3.94;3.9;2.47;414
0.23;Premium;I;VVS1;60.5;61;3.98;3.95;2.4;414
0.3;Good;D;SI2;60.8;65;4.26;4.29;2.6;414
0.23;Very Good;G;VVS1;61.3;59;3.94;3.96;2.42;414
0.23;Very Good;G;VVS1;60.2;59;4;4.01;2.41;415
0.29;Good;F;VS1;62.1;56;4.24;4.26;2.64;415
0.33;Ideal;F;SI2;61.4;55;4.46;4.5;2.75;416
0.3;Fair;J;VS2;64.8;58;4.24;4.16;2.72;416
0.33;Good;H;SI2;63.5;57;4.36;4.39;2.78;416
0.26;Ideal;I;VS1;62.5;53;4.08;4.11;2.56;417
0.31;Ideal;H;SI1;61.2;58;4.37;4.39;2.68;417
0.24;Very Good;F;VS1;62;56;3.94;3.99;2.46;417
0.24;Premium;E;VS2;62.6;58;3.99;4.03;2.51;417
0.24;Ideal;F;VS2;61.8;57;3.97;4.02;2.47;417
0.34;Very Good;H;SI2;58.6;62;4.6;4.62;2.7;417
0.3;Good;G;SI1;63.2;55;4.26;4.29;2.7;417
0.34;Premium;J;VS2;62.3;60;4.46;4.49;2.79;417
0.34;Good;F;SI2;63.9;56;4.4;4.43;2.82;417
0.26;Very Good;G;VS1;61.9;56;4.07;4.1;2.53;418
0.26;Very Good;G;VS1;62.1;56;4.07;4.11;2.54;418
0.31;Ideal;J;SI1;61.3;56;4.37;4.4;2.69;418
0.31;Premium;I;SI1;59.6;58;4.39;4.44;2.63;418
0.31;Ideal;I;SI1;62.5;56;4.29;4.35;2.7;418
0.31;Very Good;I;SI1;62.8;60;4.29;4.31;2.7;418
0.31;Premium;I;SI1;60.1;59;4.38;4.41;2.64;418
0.31;Ideal;I;SI1;62.2;56;4.34;4.37;2.71;418
0.31;Very Good;I;SI1;62.3;58;4.35;4.38;2.72;418
0.3;Ideal;H;VVS2;60.8;58;4.33;4.38;2.65;590
0.3;Ideal;H;VVS2;62.1;55;4.33;4.36;2.7;590
0.27;Very Good;F;VVS2;62.3;59;4.14;4.18;2.59;591
0.27;Very Good;F;VVS2;60.8;59;4.17;4.19;2.54;591
0.26;Very Good;F;VVS1;61.2;60;4.13;4.14;2.53;591
0.27;Very Good;F;VVS1;62;55;4.16;4.16;2.59;591
0.27;Very Good;E;VVS1;62.4;55;4.18;4.22;2.62;591
0.31;Ideal;F;VS2;61.8;53;4.36;4.38;2.7;591
0.31;Ideal;F;VS2;60.5;57;4.39;4.41;2.66;591
0.31;Ideal;F;VS2;61.3;55;4.35;4.39;2.68;591
0.31;Ideal;H;SI1;61.5;56;4.36;4.39;2.69;591
0.35;Good;F;SI2;63.8;56;4.48;4.45;2.85;591
0.32;Premium;H;SI1;60.9;60;4.43;4.4;2.69;591
0.32;Premium;H;SI1;61.8;56;4.43;4.4;2.73;591
0.32;Very Good;H;SI1;63.1;58;4.36;4.33;2.74;591
0.32;Premium;H;SI1;63;59;4.37;4.33;2.74;591
0.32;Very Good;H;SI1;63.5;57;4.39;4.34;2.77;591
0.32;Very Good;H;SI1;63.4;55;4.38;4.36;2.77;591
0.32;Premium;H;SI1;62.3;60;4.4;4.36;2.73;591
0.32;Premium;H;SI1;62.6;55;4.38;4.37;2.74;591
0.32;Premium;H;SI1;62;58;4.39;4.38;2.72;591
0.32;Good;H;SI1;63.7;55;4.33;4.3;2.75;591
0.35;Premium;J;VS1;62.2;58;4.54;4.49;2.81;591
0.35;Ideal;F;SI2;62.8;55;4.53;4.48;2.83;591
0.4;Good;J;VS2;64;57;4.67;4.7;3;591
0.29;Very Good;F;VVS2;60.8;63;4.28;4.31;2.61;592
0.31;Very Good;F;VS1;61.8;58;4.29;4.35;2.67;592
0.33;Ideal;I;VVS1;62.1;54;4.46;4.49;2.78;592
0.32;Ideal;H;VS1;61.6;56;4.42;4.46;2.73;592
0.33;Ideal;H;VS1;62.2;53.3;4.45;4.48;2.77;592
1.07;Good;D;SI2;61;62;6.6;6.68;4.05;4710
1.16;Ideal;G;SI2;61.7;56;6.82;6.76;4.18;4710
0.95;Very Good;E;SI1;62.8;59;6.21;6.25;3.91;4711
1.23;Very Good;H;SI2;63.2;58;6.8;6.74;4.28;4711
1.2;Very Good;G;SI2;61.2;59;6.78;6.84;4.17;4712
1.12;Ideal;G;SI2;62.4;56;6.63;6.67;4.15;4712
1.02;Ideal;E;SI2;60.3;57;6.5;6.53;3.95;4712
1;Good;F;SI1;63.3;61;6.29;6.31;3.99;4712
1;Very Good;F;SI1;61.8;59;6.33;6.38;3.93;4712
1.02;Good;E;SI2;63.4;57;6.41;6.43;4.07;4712
1.02;Good;E;SI2;63.2;56;6.37;6.41;4.04;4712
1.02;Very Good;D;SI2;62.7;59;6.36;6.44;4.01;4712
0.9;Good;F;SI1;63.6;55;6.15;6.12;3.9;4712
1.13;Ideal;G;SI2;61.3;57;6.73;6.67;4.11;4712
1.1;Premium;G;SI1;59.6;60;6.74;6.7;4;4712
0.9;Very Good;D;VS2;63.2;58;6.16;6.09;3.87;4712
1;Ideal;H;SI2;61.4;60;6.35;6.41;3.92;4713
1.05;Ideal;E;SI2;60.3;61;6.56;6.6;3.97;4714
1.22;Ideal;I;SI2;60.7;57;6.92;6.88;4.19;4714
1.31;Very Good;G;SI2;63.4;58;6.91;6.8;4.35;4714
0.9;Very Good;F;VS2;63.2;59;6.08;6.04;3.83;4715
0.9;Very Good;F;VS2;63.2;57;6.12;6.07;3.85;4715
1.2;Premium;J;VS2;60.3;59;6.9;6.94;4.17;4715
1.1;Very Good;F;SI2;59.1;57;6.72;6.82;4;4715
0.73;Very Good;D;VVS1;61.8;61;5.7;5.73;3.53;4716
1.07;Very Good;H;SI2;62.1;58;6.53;6.57;4.07;4716
1.2;Premium;J;SI1;60;61;6.89;6.84;4.12;4717
1.08;Premium;H;SI2;61.2;58;6.62;6.58;4.04;4717
1;Very Good;J;VVS1;63.5;59;6.34;6.29;4.01;4717
1.17;Fair;H;SI2;60;66;6.86;6.78;4.09;4717
0.9;Premium;D;VS2;61.6;62;6.12;6.09;3.76;4717
0.9;Good;D;VS2;57.7;61;6.34;6.32;3.65;4717
1.04;Premium;F;SI2;60.2;58;6.6;6.55;3.96;4717
1.02;Very Good;G;SI1;63.2;59;6.41;6.37;4.04;4718
1.02;Premium;G;SI1;62.3;59;6.44;6.4;4;4718
1.02;Premium;G;SI1;63;55;6.45;6.4;4.05;4718
1.02;Premium;G;SI1;60.8;58;6.5;6.46;3.94;4718
1.02;Premium;G;SI1;61;59;6.48;6.44;3.94;4718
1.02;Very Good;D;SI2;63.4;59;6.41;6.37;4.05;4718
1.02;Premium;D;SI2;61.5;56;6.51;6.47;3.99;4718
1.02;Premium;D;SI2;60.3;58;6.52;6.48;3.92;4718
1.01;Very Good;G;SI1;60;58;6.51;6.55;3.92;4719
1.01;Very Good;G;SI1;60.2;58;6.5;6.59;3.94;4719
1.01;Good;D;SI2;63.6;57;6.35;6.39;4.05;4719
1.01;Premium;G;SI1;59.8;58;6.54;6.58;3.92;4719
1.01;Very Good;D;SI2;61.5;56;6.39;6.46;3.95;4719
1;Very Good;E;SI1;61;61;6.4;6.45;3.92;4719
1.11;Ideal;H;SI2;62.6;56;6.58;6.65;4.14;4719
1.06;Premium;F;SI2;62.5;58;6.54;6.41;4.05;4719
1.32;Premium;I;VS1;62.4;58;7.01;6.96;4.36;4719
1.12;Premium;H;SI1;61.6;58;6.72;6.62;4.11;4719
0.91;Very Good;D;VS2;62.7;59;6.13;6.16;3.85;4720
1.12;Ideal;F;SI2;61.6;57;6.68;6.66;4.11;4720
0.97;Premium;D;SI1;62;60;6.25;6.29;3.89;4721
1.06;Very Good;F;SI1;62.5;58;6.46;6.5;4.05;4721
1;Ideal;F;SI2;62.7;57;6.37;6.42;4.01;4721
0.92;Very Good;H;VS1;59.7;63;6.34;6.29;3.77;4721
1;Good;H;VS2;63.6;61;6.25;6.21;3.96;4722
1.05;Ideal;I;SI2;61.8;59;6.53;6.49;4.02;4723
1.04;Premium;D;SI2;61;59;6.51;6.54;3.98;4724
1.04;Very Good;G;SI1;59.2;61;6.63;6.68;3.94;4724
1.12;Very Good;I;SI1;61.7;58.1;6.6;6.66;4.09;4724
1.02;Ideal;H;SI1;60;59;6.56;6.55;3.93;4724
0.9;Ideal;F;SI1;61.3;56;6.21;6.23;3.81;4724
0.93;Ideal;D;SI1;61.6;57;6.27;6.33;3.88;4724
1.14;Ideal;I;SI1;61.8;57;6.76;6.68;4.15;4724
1;Premium;H;SI1;62.7;58;6.41;6.32;3.99;4724
1.25;Good;I;SI2;63.9;56;6.81;6.77;4.34;4725
1.17;Ideal;G;SI2;61.1;56;6.8;6.86;4.17;4725
1;Very Good;G;SI2;62.6;58;6.34;6.38;3.98;4725
1.1;Fair;D;SI2;64.6;54;6.56;6.49;4.22;4725
1.1;Premium;I;SI1;61.2;61;6.66;6.61;4.01;4725
1.1;Ideal;H;SI2;63.1;58;6.54;6.53;4.12;4725
1.1;Premium;D;SI2;62.4;58;6.6;6.57;4.11;4725
0.97;Premium;F;SI1;59.9;59;6.39;6.36;3.82;4726
1.01;Very Good;D;SI2;61.9;58;6.43;6.49;4;4727
1.02;Very Good;H;SI1;61.6;58;6.49;6.54;4.01;4727
1;Good;D;SI2;61.1;61;6.37;6.43;3.91;4727
1.23;Good;J;VS2;63.6;60;6.77;6.73;4.29;4727
1.07;Very Good;I;SI1;59.1;59;6.68;6.71;3.96;4728
0.91;Premium;E;SI1;59.8;59;6.28;6.23;3.74;4729
0.9;Very Good;D;VS2;58.8;61;6.27;6.32;3.7;4729
1.05;Ideal;F;SI1;61.8;57;6.51;6.54;4.03;4729
1.05;Good;F;SI1;57.9;62;6.68;6.73;3.88;4729
1;Premium;D;SI2;62.4;58;6.33;6.36;3.96;4730
1.38;Fair;G;SI2;61.2;59;7.19;7.13;4.38;4730
1.03;Premium;E;SI2;61.8;56;6.5;6.47;4.01;4730
1.5;Good;G;I1;64;61;7.15;7.04;0;4731
0.91;Ideal;G;SI1;61.9;56;6.22;6.18;3.84;4731
1;Good;H;VS1;62.1;64;6.4;6.18;3.91;4732
1.3;Premium;H;SI2;60.4;61;7.09;7.04;4.27;4732
1;Fair;F;VS2;66.7;57;6.11;6.04;4.05;4732
1;Very Good;H;VS1;63.3;53;6.37;6.29;4.01;4732
1;Premium;H;VS1;62.7;58;6.37;6.33;3.98;4732
1;Premium;H;VS1;59.1;60;6.45;6.42;3.8;4732
1;Fair;H;VS1;64.1;60;6.3;6.22;4.01;4732
1.1;Ideal;H;SI2;62;55;6.61;6.65;4.11;4733
1.08;Ideal;G;SI2;62.1;57;6.56;6.58;4.08;4733
1.09;Ideal;G;SI2;61.7;57;6.57;6.62;4.07;4733
1.22;Premium;I;SI2;61.5;61;6.89;6.83;4.22;4735
1.22;Premium;I;SI2;61.5;61;6.89;6.83;4.22;4735
0.9;Premium;D;SI1;59.4;61;6.32;6.3;3.75;4735
0.9;Premium;D;SI1;63;56;6.14;6.09;3.85;4735
1.22;Premium;I;SI2;61.7;59;6.84;6.8;4.21;4735
1;Good;G;SI1;63.9;60;6.22;6.27;3.99;4737
1;Ideal;G;SI1;62.7;56;6.36;6.39;4;4737
1.24;Very Good;J;SI2;60.4;61;6.85;6.92;4.16;4737
1.33;Premium;F;SI2;60.4;60;7.17;7.11;4.31;4737
1.14;Premium;F;SI2;62.9;59;6.64;6.62;4.17;4737
1.06;Premium;E;SI2;60.5;60;6.67;6.61;4.02;4737
0.95;Very Good;E;SI1;61.6;56;6.31;6.36;3.9;4738
1.02;Ideal;I;SI1;62;56;6.44;6.46;4;4738
1;Very Good;I;VS2;64;54;6.28;6.34;4.04;4739
0.9;Good;D;VS2;62.6;62;6.11;6.15;3.84;4739
1.05;Premium;H;VS2;60.5;58;6.7;6.63;4.03;4739
0.91;Premium;E;VS2;62.8;59;6.17;6.15;3.87;4739
0.91;Premium;E;VS2;61.6;58;6.2;6.18;3.81;4739
0.91;Very Good;F;VS1;63.5;56;6.18;6.14;3.91;4739
0.93;Premium;E;SI1;62.8;56;6.26;6.2;3.91;4739
1.08;Premium;H;SI1;61.7;59;6.56;6.6;4.06;4740
1.08;Ideal;H;SI1;62.7;57;6.48;6.51;4.07;4740
0.9;Very Good;H;VVS2;62.4;58;6.12;6.15;3.83;4740
0.8;Ideal;G;VVS2;61.5;55;5.95;5.99;3.68;4740
0.8;Ideal;G;VVS2;61.4;57;5.96;6;3.67;4740
1.04;Ideal;F;SI2;61.2;57;6.54;6.6;4.02;4740
0.9;Ideal;H;SI1;61.6;56;6.17;6.23;3.82;4740
1.21;Premium;F;SI2;61.5;57;6.93;6.88;4.25;4740
1;Very Good;G;SI1;59.3;63;6.44;6.48;3.83;4741
1.04;Premium;G;SI1;60.6;61;6.63;6.59;4;4742
1.05;Premium;E;SI2;59.5;59;6.65;6.59;3.94;4742
1.02;Ideal;H;SI2;59.8;58;6.55;6.59;3.93;4742
1.08;Good;E;SI2;63.7;57;6.54;6.49;4.15;4742
1.05;Premium;E;SI2;60.4;58;6.59;6.55;3.97;4742
1.16;Ideal;I;SI1;61.5;60;6.76;6.71;4.14;4742
1.08;Premium;E;SI2;60.2;58;6.68;6.61;4;4742
1.26;Ideal;J;SI2;62.5;53;6.9;6.86;4.3;4742
1.21;Premium;H;SI1;60.5;60;6.81;6.72;4.09;4743
1.15;Premium;H;SI2;61.6;60;6.72;6.75;4.15;4743
1.15;Very Good;H;SI2;62;58;6.66;6.7;4.14;4743
1;Ideal;E;SI2;61.8;57;6.39;6.43;3.96;4743
1.01;Very Good;H;SI1;62.7;58;6.36;6.34;3.98;4743
1.31;Premium;F;SI2;62.7;61;7.03;6.86;4.36;4743
0.97;Ideal;G;SI2;61.6;56;6.31;6.39;3.91;4743
1.01;Good;E;SI1;62.6;61;6.38;6.43;4.01;4743
1;Premium;F;VS2;58.7;56;6.46;6.42;3.78;4743
1.11;Premium;I;VS2;58.3;60;6.84;6.78;3.97;4744
1.11;Premium;I;VS2;63;53;6.64;6.59;4.17;4744
1.2;Ideal;J;SI2;63.3;54;6.78;6.72;4.27;4744
1.2;Ideal;J;SI2;61.7;56;6.87;6.79;4.21;4744
0.91;Good;G;VS1;64.1;60;6.11;6.06;3.9;4744
1.03;Very Good;H;SI2;61.3;56;6.5;6.53;3.99;4745
1.06;Ideal;I;SI1;61.9;54;6.56;6.59;4.07;4745
1.01;Premium;H;VS2;62.6;60;6.39;6.36;3.99;4745
1.19;Premium;I;SI2;62.6;58;6.75;6.7;4.21;4745
1.02;Ideal;F;SI2;61.8;57;6.43;6.49;3.99;4746
0.91;Very Good;D;SI1;62.3;60;6.15;6.21;3.85;4746
1.03;Very Good;G;SI1;61;58;6.5;6.54;3.98;4746
1.26;Fair;D;SI2;64.5;59;6.75;6.71;4.34;4746
1.02;Ideal;H;SI1;62.5;57;6.41;6.46;4.02;4746
1.13;Premium;I;SI1;62.8;57;6.68;6.64;4.18;4746
1.18;Premium;H;SI1;60.1;60;6.89;6.75;4.1;4746
1.13;Premium;H;SI2;62.7;55;6.69;6.61;4.17;4746
1.11;Premium;H;SI1;58.9;59;6.82;6.76;4;4748
0.94;Premium;F;SI1;59.8;61;6.39;6.35;3.81;4748
1;Very Good;F;SI2;63.3;60;6.32;6.25;3.98;4749
1.01;Good;H;SI1;63.4;59;6.28;6.34;4;4749
1.01;Ideal;H;SI1;62.6;55;6.39;6.43;4.01;4749
1.01;Good;H;SI1;63.1;59;6.32;6.36;4;4749
1.01;Good;H;SI1;63.7;60;6.3;6.35;4.03;4749
1.01;Very Good;I;SI1;63.3;54;6.34;6.36;4.02;4749
1;Premium;F;SI2;61.4;61;6.47;6.4;3.95;4749
1.06;Ideal;I;SI1;61.2;56;6.6;6.57;4.03;4749
1.06;Ideal;H;SI2;59.9;58;6.67;6.63;3.98;4749
1.1;Ideal;G;SI2;62.1;56;6.63;6.61;4.11;4750
0.93;Premium;G;VS2;62.2;59;6.26;6.21;3.88;4750
1.01;Premium;E;SI2;61.6;56;6.45;6.4;3.96;4751
0.81;Ideal;G;IF;62.4;54;5.93;5.99;3.72;4751
1.01;Fair;D;SI1;63.5;58;6.35;6.25;4;4751
1.01;Fair;H;VS2;64.5;60;6.3;6.25;4.05;4751
1.01;Premium;E;SI2;62.6;59;6.39;6.36;3.99;4751
1.01;Premium;E;SI2;61.5;58;6.43;6.4;3.95;4751
1.01;Good;E;SI2;63.7;58;6.36;6.32;4.04;4751
1.01;Ideal;E;SI2;61.2;54;6.52;6.49;3.98;4751
1.01;Premium;E;SI2;59.5;59;6.58;6.54;3.9;4751
1.01;Ideal;E;SI2;62.2;54;6.43;6.39;3.99;4751
1.01;Premium;E;SI2;62.6;57;6.35;6.33;3.97;4751
1.01;Fair;D;SI1;64.6;60;6.12;6.08;3.94;4751
1.01;Premium;D;SI1;62.8;58;6.37;6.3;3.98;4751
1.01;Ideal;E;SI2;59.2;56;6.63;6.59;3.91;4751
1.01;Ideal;E;SI2;61.1;57;6.52;6.48;3.97;4751
1.01;Fair;D;SI1;66.9;54;6.25;6.21;4.17;4751
1.2;Good;I;SI1;63.1;58;6.66;6.72;4.22;4752
1.2;Very Good;J;SI1;61.4;59;6.82;6.87;4.2;4752
1.03;Ideal;D;SI2;60.7;55;6.53;6.61;3.99;4752
1.07;Ideal;G;SI2;62.1;55;6.54;6.61;4.08;4752
1.04;Ideal;G;SI2;62;56;6.52;6.49;4.03;4752
1;Very Good;D;SI2;62.8;58;6.33;6.37;3.99;4753
1.01;Ideal;D;SI2;61.2;56;6.41;6.46;3.94;4753
1.21;Very Good;J;VS2;59.9;59;6.86;6.92;4.13;4754
1.02;Premium;H;SI1;59.2;58;6.6;6.57;3.9;4754
1.04;Ideal;F;SI2;62.1;57;6.48;6.46;4.02;4754
0.96;Very Good;F;SI1;62.1;62;6.24;6.32;3.9;4755
1.11;Premium;G;SI2;62.3;58;6.65;6.61;4.13;4755
1.11;Premium;G;SI2;61.2;59;6.74;6.66;4.1;4755
1.11;Ideal;G;SI2;60.5;56;6.71;6.67;4.05;4755
1.11;Premium;G;SI2;61.5;58;6.67;6.6;4.08;4755
1.01;Very Good;I;VS1;62.2;60;6.39;6.35;3.96;4756
1.08;Ideal;I;SI1;60.3;60;6.67;6.62;4.01;4757
1.03;Ideal;E;SI2;62.3;56;6.44;6.52;4.04;4758
1.03;Premium;E;SI2;61.8;59;6.42;6.47;3.98;4758
1;Good;G;SI1;57.2;59;6.66;6.62;3.8;4758
1;Premium;D;SI2;61.6;60;6.37;6.33;3.91;4758
1.2;Very Good;D;SI2;63.5;59;6.61;6.56;4.18;4758
1.02;Fair;H;SI1;65.5;60;6.29;6.22;4.1;4758
1.19;Premium;G;SI2;58.9;60;7;6.92;4.09;4758
0.91;Very Good;E;VS2;62.2;60;6.13;6.21;3.84;4759
1.01;Good;F;SI1;63.5;59;6.3;6.39;4.03;4759
1.01;Very Good;F;SI1;62.8;58;6.35;6.43;4.01;4759
1.01;Very Good;I;SI1;62.9;58;6.36;6.4;4.01;4759
1.03;Ideal;H;SI1;61;55;6.56;6.59;4.01;4759
0.9;Very Good;E;SI1;62.8;58;6.09;6.13;3.84;4760
1.01;Very Good;D;SI2;62.9;60;6.35;6.46;4.03;4760
1;Ideal;E;SI2;61.9;56;6.43;6.4;3.97;4760
1;Good;I;VS2;61.7;60.2;6.29;6.35;3.9;4761
1.19;Premium;J;VS2;62.8;57;6.78;6.7;4.23;4761
1.09;Premium;H;SI2;59.6;61;6.69;6.63;3.97;4761
1.02;Very Good;I;VS2;59.3;59;6.57;6.62;3.91;4762
1.18;Very Good;I;SI2;63.5;57;6.75;6.8;4.3;4763
0.99;Ideal;I;SI1;61.8;57;6.4;6.42;3.96;4763
0.9;Good;H;VVS1;63.8;59;6.13;6.09;3.9;4763
1.05;Very Good;E;SI2;63.3;57;6.5;6.46;4.1;4763
1.1;Ideal;H;SI1;62.5;57;6.6;6.56;4.11;4764
1.25;Ideal;J;SI1;62.7;57;6.86;6.88;4.31;4764
0.81;Ideal;E;VS1;61.6;55;5.96;6.02;3.69;4764
1.03;Premium;D;SI2;61.7;58;6.5;6.47;4;4764
1.03;Very Good;G;SI1;63.2;58;6.43;6.38;4.05;4764
1.03;Ideal;D;SI2;62.8;56;6.46;6.43;4.05;4764
1.03;Premium;D;SI2;61.3;61;6.49;6.46;3.97;4764
1.03;Ideal;D;SI2;61.2;57;6.59;6.51;4.01;4764
1.03;Ideal;G;SI1;62.4;57;6.52;6.47;4.05;4764
1.07;Ideal;I;VS2;62.1;56;6.61;6.53;4.08;4764
1.03;Premium;D;SI2;62.5;54;6.5;6.42;4.04;4764
1.03;Very Good;G;SI1;63.1;57;6.45;6.41;4.06;4764
1.07;Premium;H;SI1;60.7;60;6.64;6.61;4.02;4764
1.03;Ideal;D;SI2;61.8;56;6.51;6.46;4.01;4764
1.07;Ideal;F;SI2;62;57;6.6;6.49;4.06;4764
1.07;Ideal;F;SI2;61.5;57;6.6;6.57;4.05;4764
0.91;Fair;D;VS2;64.5;55;6.24;6.07;3.97;4765
1.15;Very Good;J;VS2;62.9;57;6.73;6.63;4.2;4766
1.13;Very Good;I;SI1;61.5;60;6.68;6.72;4.12;4766
1.12;Good;I;VS2;63.8;55;6.57;6.63;4.21;4766
1.02;Very Good;G;SI1;60.8;60;6.5;6.55;3.97;4766
1.01;Good;E;SI1;64.3;59;6.31;6.34;4.07;4766
1.01;Very Good;E;SI1;58.6;58;6.52;6.58;3.84;4766
1.01;Very Good;E;SI1;62.9;59;6.3;6.38;3.99;4766
1.09;Good;F;SI2;63.2;58;6.49;6.54;4.12;4766
1.02;Ideal;H;SI2;61.4;58;6.47;6.52;3.99;4766
1;Ideal;E;SI2;61.9;56;6.39;6.43;3.97;4766
1.15;Very Good;H;SI2;63.2;58;6.64;6.68;4.21;4767
1.01;Ideal;H;SI1;61.9;58;6.42;6.48;3.99;4767
1.11;Premium;G;SI1;61.5;58;6.73;6.63;4.1;4768
1.03;Very Good;G;SI2;63.9;59;6.33;6.39;4.07;4769
1.06;Very Good;G;SI2;61;57;6.58;6.61;4.02;4769
1.11;Very Good;E;SI2;62;58;6.61;6.68;4.12;4769
1.01;Premium;H;VS2;62.4;58;6.42;6.36;3.99;4769
1.01;Premium;H;VS2;62.3;62;6.39;6.35;3.97;4769
1.03;Ideal;F;SI2;61.6;55;6.49;6.46;3.99;4769
1.21;Premium;J;SI1;59.9;60;6.89;6.86;4.12;4770
0.9;Ideal;E;VS2;62.7;56;6.14;6.18;3.86;4770
0.9;Good;E;VS2;63.7;54;6.13;6.15;3.91;4770
0.9;Premium;F;VS1;59;58;6.29;6.33;3.72;4770
0.9;Good;F;VS1;62.8;57;6.04;6.1;3.81;4770
0.9;Ideal;E;SI2;61.8;56;6.18;6.22;3.83;4770
0.91;Fair;E;VS1;64.5;58;6.14;6.1;3.95;4770
1.04;Premium;F;SI1;61.5;59;6.53;6.47;4;4770
1.04;Ideal;F;SI1;62.2;57;6.5;6.4;4.01;4770
1.01;Premium;H;SI1;59.5;59;6.56;6.52;3.89;4771
1.11;Ideal;I;SI1;62.3;58;6.6;6.65;4.13;4771
1.2;Ideal;H;VS2;62.8;57;6.71;6.67;4.2;4771
1.01;Premium;H;SI1;60.7;58;6.49;6.45;3.93;4771
1.08;Ideal;G;SI1;61.4;56;6.62;6.6;4.06;4771
1.15;Premium;H;SI1;60.2;60;6.87;6.78;4.11;4772
1.23;Ideal;I;SI2;62.3;55;6.85;6.82;4.26;4773
1.23;Ideal;I;SI2;62.3;55;6.85;6.82;4.26;4773
0.9;Ideal;G;VS2;61.7;56;6.19;6.26;3.84;4773
1.01;Ideal;H;SI1;62.9;55;6.35;6.4;4.01;4773
1.01;Ideal;H;SI1;62.2;58;6.37;6.43;3.98;4773
1.23;Premium;I;SI2;62.1;59;6.83;6.79;4.23;4773
1.06;Premium;F;SI1;61.9;58;6.53;6.58;4.06;4774
1;Ideal;D;SI1;60.2;57;6.48;6.54;3.92;4774
1.06;Premium;F;SI1;62.4;58;6.51;6.56;4.07;4774
1.01;Premium;F;SI1;62.2;58;6.35;6.28;3.93;4775
0.91;Ideal;G;VS1;62.3;55;6.22;6.17;3.86;4775
1.15;Premium;G;SI1;62;58;6.68;6.77;4.17;4776
1.19;Premium;I;SI1;62.2;58;6.73;6.77;4.2;4777
1;Very Good;E;SI2;61.2;58;6.37;6.41;3.91;4777
1.2;Premium;J;SI1;58.5;61;6.95;6.89;4.05;4778
1.09;Ideal;J;VS2;43;54;6.53;6.55;4.12;4778
0.9;Good;F;VS2;62.8;58;6.04;6.09;3.81;4778
1.13;Ideal;F;SI2;62.3;57;6.67;6.61;4.14;4778
0.29;Fair;D;VS2;64.7;62;4.14;4.11;2.67;592
0.32;Good;F;SI1;63.8;59;4.33;4.29;2.75;593
0.41;Very Good;H;SI2;61.5;59;4.8;4.82;2.96;593
0.37;Very Good;E;SI1;61.4;60;4.6;4.62;2.83;593
0.36;Very Good;E;SI1;63.5;58;4.46;4.49;2.84;593
0.38;Ideal;I;SI1;61.9;54;4.64;4.67;2.88;593
0.38;Ideal;I;SI1;61.8;54;4.66;4.7;2.89;593
0.3;Fair;F;VS1;61.7;66;4.25;4.31;2.64;593
0.31;Ideal;G;SI1;62.2;55;4.38;4.36;2.72;593
0.31;Premium;G;SI1;58.8;62;4.42;4.39;2.59;593
0.31;Premium;G;SI1;61.4;58;4.35;4.31;2.66;593
0.31;Premium;G;SI1;61.8;60;4.35;4.32;2.68;593
0.31;Ideal;G;SI1;62.8;55;4.38;4.32;2.73;593
0.31;Premium;G;SI1;62.1;58;4.36;4.33;2.7;593
0.31;Premium;G;SI1;61.9;56;4.38;4.34;2.7;593
0.31;Ideal;G;SI1;62.2;55;4.36;4.35;2.71;593
0.31;Very Good;G;SI1;63.1;59;4.33;4.29;2.72;593
0.31;Premium;G;SI1;62.6;58;4.34;4.29;2.7;593
0.31;Premium;G;SI1;63;58;4.34;4.3;2.72;593
0.31;Very Good;G;SI1;63.2;54;4.33;4.31;2.73;593
0.31;Premium;G;SI1;62.4;55;4.34;4.31;2.7;593
0.31;Very Good;G;SI1;63.2;57;4.3;4.27;2.71;593
0.31;Premium;D;SI2;61.8;60;4.37;4.33;2.69;593
0.31;Premium;D;SI2;60.1;58;4.4;4.38;2.64;593
0.31;Good;D;SI2;63.7;58;4.3;4.27;2.73;593
0.31;Premium;D;SI2;61.5;60;4.34;4.31;2.66;593
0.31;Good;G;SI1;63.6;57;4.33;4.29;2.74;593
0.31;Ideal;G;SI1;63;56;4.34;4.3;2.72;593
0.31;Premium;G;SI1;61.5;59;4.38;4.34;2.68;593
0.31;Premium;G;SI1;61.7;55;4.38;4.37;2.7;593
1.06;Ideal;G;SI2;62.2;56;6.55;6.48;4.05;4778
1.27;Ideal;J;SI2;62.6;57;6.88;6.85;4.3;4779
1.01;Premium;H;VS1;61.9;57;6.43;6.39;3.97;4779
1.01;Ideal;H;VS1;61.5;56;6.48;6.43;3.97;4779
0.9;Very Good;G;VS1;62.7;56;6.1;6.14;3.84;4780
0.99;Very Good;E;SI2;61.8;59;6.3;6.33;3.9;4780
1;Very Good;E;SI2;62.9;60;6.3;6.35;3.98;4781
0.8;Ideal;D;VS2;61.3;56;5.97;6;3.67;4781
1.01;Good;G;SI1;63.3;59;6.24;6.31;3.97;4781
1.03;Ideal;I;SI1;61.1;55;6.53;6.57;4;4782
1.03;Ideal;I;SI1;62.2;54;6.46;6.5;4.03;4782
1.22;Good;H;SI2;61.5;64;6.93;6.87;4.25;4782
0.9;Ideal;H;VVS1;61.9;57;6.19;6.24;3.85;4783
1.01;Ideal;G;SI2;61.5;57;6.43;6.45;3.96;4783
1.24;Ideal;J;SI2;60.1;57;7.02;6.98;4.21;4783
1.09;Good;H;SI1;63.2;57;6.54;6.57;4.14;4784
1.09;Ideal;H;SI1;62.2;56;6.56;6.59;4.09;4784
1.09;Ideal;H;SI1;62.4;55;6.59;6.68;4.14;4784
1.09;Ideal;H;SI1;61.9;56;6.61;6.64;4.1;4784
1.09;Very Good;H;SI1;61.8;58;6.58;6.63;4.08;4784
1.14;Very Good;I;VS2;62.5;59;6.63;6.66;4.15;4785
1.06;Very Good;H;SI1;62.8;58;6.47;6.49;4.07;4785
1.06;Premium;H;SI1;61.6;59;6.54;6.55;4.03;4785
1.01;Ideal;D;SI2;62.6;56;6.34;6.4;3.99;4785
1.16;Very Good;H;SI2;61.8;58;6.75;6.81;4.19;4785
1.16;Very Good;I;SI1;62.7;57;6.67;6.76;4.21;4785
1.2;Very Good;I;SI1;61.7;56;6.82;6.76;4.19;4785
1.01;Premium;G;SI1;61;59;6.45;6.51;3.95;4785
0.91;Very Good;F;SI1;62.3;58;6.14;6.19;3.84;4785
1;Good;D;SI1;65.1;54;6.23;6.27;4.07;4786
1.09;Premium;I;VS1;62.3;54;6.65;6.61;4.13;4786
1.01;Ideal;E;SI2;61.1;59;6.53;6.47;3.97;4787
1;Premium;H;SI1;61.3;60;6.38;6.35;3.9;4788
1;Premium;H;SI1;59.4;58;6.51;6.46;3.85;4788
1;Good;H;SI1;57.5;62;6.51;6.47;3.73;4788
1.01;Ideal;E;SI2;62.2;56;6.42;6.45;4;4788
1.01;Very Good;G;SI1;59.9;56;6.45;6.6;3.91;4788
1;Premium;H;SI1;62.3;60;6.38;6.34;3.96;4788
1;Good;H;SI1;63.7;60;6.33;6.3;4.02;4788
1.14;Premium;I;SI1;62.2;58;6.7;6.67;4.16;4788
1.14;Premium;I;SI1;59.1;58;6.83;6.81;4.03;4788
1.14;Ideal;H;SI2;62.6;57;6.72;6.63;4.18;4788
1.14;Premium;I;SI1;60.1;60;6.81;6.76;4.08;4788
1;Premium;H;SI1;62.1;56;6.48;6.38;3.99;4788
1;Premium;H;SI1;61.5;58;6.45;6.37;3.94;4788
1;Ideal;H;SI1;60.3;56;6.54;6.52;3.94;4788
1.14;Very Good;I;SI1;63.5;56;6.62;6.58;4.19;4788
1;Premium;H;SI1;62.7;59;6.37;6.3;3.97;4788
0.9;Ideal;E;VS2;62.3;57;6.19;6.17;3.85;4788
1.14;Premium;H;SI2;60.6;59;6.8;6.77;4.11;4788
1.14;Ideal;H;SI1;60.3;57;6.79;6.85;4.11;4789
1.24;Very Good;J;SI2;62.8;58;6.77;6.83;4.27;4789
1.08;Very Good;I;VS1;62.5;57;6.51;6.54;4.08;4790
1.01;Premium;E;SI2;60.4;60;6.46;6.49;3.91;4790
1.08;Fair;E;SI1;53.8;63;6.99;6.81;3.71;4790
0.94;Good;D;SI1;63.6;56;6.25;6.2;3.96;4790
1.1;Very Good;E;SI1;61.3;58;6.64;6.71;4.09;4791
1.21;Very Good;I;SI2;62.1;59;6.8;6.86;4.24;4791
1.21;Very Good;I;SI2;59.9;58;6.91;6.94;4.15;4791
1.04;Very Good;H;SI1;62.2;57;6.42;6.48;4.01;4791
1.24;Premium;I;SI1;62.4;59;6.89;6.87;4.29;4791
1.01;Fair;F;VS2;64.8;56;6.3;6.25;4.07;4791
1.01;Fair;F;VS2;64.8;56;6.3;6.25;4.07;4791
1.01;Fair;F;VS2;66.1;61;6.1;6.04;4.01;4791
0.92;Ideal;E;SI1;61;55;6.27;6.25;3.82;4791
1;Premium;H;VS2;63;59;6.43;6.34;4.02;4791
1.22;Very Good;J;VS2;61.9;57;6.82;6.87;4.24;4793
0.93;Premium;G;VS1;62.1;59;6.21;6.16;3.84;4793
1.01;Very Good;I;SI1;63.5;53;6.32;6.4;4.04;4794
1.09;Premium;G;SI2;61.1;59;6.69;6.63;4.07;4794
0.91;Very Good;E;VS2;59.4;59;6.3;6.36;3.76;4795
0.9;Very Good;E;SI1;61.7;58;6.15;6.2;3.81;4795
1.25;Ideal;I;VS2;60;57;7.07;7.02;4.23;4795
0.9;Ideal;F;SI1;61.8;58;6.21;6.24;3.85;4795
1.01;Premium;F;SI2;62.2;57;6.43;6.36;3.98;4796
1.02;Premium;H;SI1;62;60;6.37;6.4;3.96;4796
1.02;Good;H;SI1;63.4;57;6.36;6.42;4.05;4796
1.02;Very Good;H;SI1;62.9;59;6.38;6.41;4.02;4796
1.01;Ideal;F;SI2;60;57;6.55;6.51;3.92;4796
0.9;Fair;D;SI1;64;63;6.12;6.04;3.89;4796
1.05;Very Good;E;SI2;60.5;58;6.55;6.6;3.98;4797
1.16;Ideal;H;SI2;61.9;56;6.73;6.77;4.18;4797
1.04;Ideal;F;SI2;62.2;56;6.45;6.48;4.02;4797
1.02;Premium;H;SI2;62.6;58;6.44;6.4;4.02;4798
0.76;Very Good;E;IF;61.9;56;5.83;5.85;3.62;4798
1.02;Ideal;I;VS1;60.2;57;6.56;6.49;3.93;4798
1;Fair;E;SI1;65.8;59;6.07;6.15;4.02;4798
1.02;Fair;D;SI1;66.4;60;6.29;6.21;4.15;4798
1.19;Ideal;H;SI2;61.7;56;6.83;6.78;4.2;4798
1.12;Premium;G;SI2;60.8;55;6.84;6.69;4.11;4798
1.02;Ideal;E;SI2;62.9;57;6.44;6.38;4.03;4798
1;Fair;F;SI1;65.4;59;6.27;6.2;4.08;4798
1.02;Ideal;H;VVS2;60.9;57;6.49;6.44;3.94;4798
1.02;Ideal;E;SI2;62.1;55;6.51;6.4;4.01;4798
1;Very Good;F;SI1;63.3;61;6.31;6.29;3.99;4798
1.12;Ideal;G;SI2;62.4;56;6.67;6.63;4.15;4798
1.02;Ideal;E;SI2;60.3;57;6.53;6.5;3.95;4798
1.02;Ideal;D;SI1;62.1;53;6.43;6.38;3.98;4798
1.01;Very Good;D;SI2;60.5;58;6.45;6.5;3.92;4799
1.07;Ideal;E;SI2;61.2;56;6.63;6.66;4.07;4799
1.03;Very Good;H;SI1;60.4;58;6.48;6.56;3.94;4800
0.63;Very Good;D;IF;59.6;59;5.55;5.59;3.32;4800
1.03;Ideal;H;SI1;62.4;56;6.45;6.5;4.04;4800
0.9;Premium;F;VS2;62.4;58;6.15;6.22;3.86;4801
0.9;Ideal;F;VS2;62.6;56;6.16;6.23;3.88;4801
1.04;Ideal;H;SI1;62.1;57;6.49;6.52;4.04;4801
0.91;Ideal;F;SI1;62;57;6.22;6.24;3.86;4801
0.71;Ideal;E;VVS1;62;56;5.69;5.73;3.54;4802
1.01;Ideal;G;SI2;61.4;57;6.44;6.48;3.97;4803
0.9;Very Good;D;VS2;60.9;62;6.11;6.18;3.74;4804
1.04;Ideal;E;SI2;62;55;6.48;6.51;4.03;4804
1.04;Ideal;E;SI2;61.4;56;6.5;6.56;4.01;4804
1.01;Very Good;I;SI1;64.4;54;6.31;6.4;4.09;4805
1.01;Ideal;D;SI2;63;54;6.43;6.39;4.04;4805
1.01;Premium;G;SI1;60;58;6.55;6.51;3.92;4805
1.01;Good;D;SI2;63.6;57;6.39;6.35;4.05;4805
1;Good;G;VS1;63.7;60;6.38;6.31;4.04;4805
1.23;Ideal;I;SI2;60.6;57;6.97;6.88;4.2;4805
1;Premium;E;SI1;59.1;58;6.52;6.44;3.83;4805
1.01;Premium;G;SI1;60.2;60;6.45;6.43;3.88;4805
1.01;Premium;G;SI1;62.1;56;6.42;6.36;3.97;4805
1.01;Good;D;SI2;63.6;56;6.38;6.33;4.04;4805
1.1;Premium;I;SI1;62.7;57;6.6;6.55;4.12;4805
1.01;Premium;D;SI2;61.5;56;6.46;6.39;3.95;4805
1;Premium;E;SI1;62.8;59;6.4;6.3;3.99;4805
1;Very Good;E;SI1;63.4;58;6.29;6.26;3.98;4805
1;Premium;E;SI1;61;61;6.45;6.4;3.92;4805
1.01;Good;E;SI2;58.5;61;6.51;6.61;3.84;4807
1.01;Premium;G;SI1;61;58;6.53;6.49;3.97;4808
1;Ideal;E;SI2;62.9;55;6.38;6.41;4.02;4808
1;Ideal;E;SI2;62.2;52;6.42;6.47;4.01;4808
1.01;Premium;G;SI1;62.7;59;6.41;6.35;4;4808
1.01;Ideal;I;VS1;62.6;56;6.42;6.36;4;4808
1.01;Ideal;E;SI2;62.4;56;6.43;6.39;4;4808
1.1;Ideal;F;SI2;60.4;55;6.73;6.77;4.08;4809
0.97;Premium;F;SI1;59.9;59;6.36;6.39;3.82;4810
1.04;Premium;G;SI1;59.2;61;6.68;6.63;3.94;4811
1.04;Premium;D;SI2;61.6;58;6.52;6.46;4;4811
1.12;Ideal;I;SI1;61.7;58;6.66;6.6;4.09;4811
1.04;Premium;D;SI2;61;59;6.54;6.51;3.98;4811
1.24;Ideal;I;SI2;60.7;57;6.98;6.92;4.22;4812
1.01;Very Good;F;SI1;62.7;56;6.37;6.39;4;4812
1.04;Ideal;H;SI1;59.7;60;6.61;6.59;3.94;4812
1.02;Very Good;E;SI1;60.5;63;6.48;6.54;3.94;4813
1.16;Premium;H;SI1;59.6;58;6.86;6.83;4.08;4814
1.08;Ideal;G;SI2;61.8;56;6.54;6.6;4.06;4814
1.06;Premium;G;SI1;59.6;58;6.67;6.73;3.99;4815
1.21;Very Good;J;VS2;60.9;58;6.86;6.91;4.19;4816
1.11;Very Good;G;SI2;58.5;61;6.74;6.8;3.96;4816
1.08;Very Good;F;SI1;61.3;57;6.62;6.6;4.05;4816
1;Premium;H;SI1;62.8;58;6.38;6.36;4;4816
0.8;Ideal;F;VS2;61.4;56;5.99;6;3.68;4816
1.01;Good;F;SI1;61.6;63;6.42;6.47;3.97;4816
1.05;Ideal;F;SI1;61.8;57;6.54;6.51;4.03;4816
1;Premium;G;SI1;60.8;58;6.48;6.45;3.93;4816
1;Premium;H;SI1;58.3;60;6.5;6.44;3.77;4816
1;Premium;H;SI1;62.4;59;6.42;6.37;3.99;4816
0.91;Premium;D;SI1;60.2;58;6.31;6.28;3.79;4816
1;Premium;D;SI2;62.4;58;6.36;6.33;3.96;4816
0.94;Premium;D;SI1;60.7;60;6.32;6.27;3.82;4817
1.11;Good;I;VS1;59.2;64;6.8;6.77;4.02;4817
0.94;Premium;D;SI1;58.4;58;6.51;6.41;3.77;4817
1.02;Premium;D;SI2;62.5;59;6.38;6.43;4;4818
0.9;Ideal;D;SI1;62.6;55;6.1;6.16;3.84;4819
1.03;Good;I;VS2;60;62;6.51;6.55;3.92;4819
1.02;Premium;H;SI1;58.3;59;6.68;6.59;3.87;4819
1.02;Ideal;H;SI1;58.8;57;6.66;6.6;3.9;4819
1.02;Premium;H;SI1;61.2;57;6.54;6.5;3.99;4819
1.23;Ideal;F;SI2;62.1;57;6.83;6.8;4.23;4819
1.16;Premium;F;SI2;61.2;61;6.77;6.74;4.14;4820
1.01;Very Good;D;SI1;59.1;61;6.46;6.5;3.83;4821
1.01;Very Good;H;VS2;62.2;56;6.35;6.44;3.98;4821
1.01;Very Good;H;VS2;62.6;61;6.35;6.4;3.99;4821
1.01;Very Good;H;VS2;62.5;57;6.37;6.44;4;4821
1.01;Ideal;H;VS2;62.3;57;6.35;6.4;3.97;4821
1.01;Very Good;D;SI1;62.7;58;6.34;6.38;3.99;4821
1.01;Good;D;SI1;64.1;60;6.27;6.3;4.03;4821
0.91;Ideal;E;SI2;62.4;57;6.17;6.21;3.86;4821
0.91;Good;F;VS1;63.5;56;6.14;6.18;3.91;4823
0.91;Very Good;E;VS2;61.6;58;6.18;6.2;3.81;4823
0.91;Very Good;E;VS2;62.9;55;6.13;6.17;3.87;4823
0.91;Very Good;E;VS2;58.4;63;6.31;6.32;3.69;4823
0.91;Very Good;E;VS2;62.8;59;6.15;6.17;3.87;4823
0.91;Good;E;VS2;56.3;64;6.37;6.42;3.6;4823
1.02;Ideal;E;SI2;61.6;55;6.46;6.52;4;4824
1.07;Very Good;E;SI2;61.6;56;6.54;6.6;4.05;4824
1.21;Good;J;SI2;61.1;60.8;6.83;6.89;4.18;4824
1;Good;G;SI1;63.9;60;6.27;6.22;3.99;4824
1;Ideal;G;SI1;62.7;56;6.39;6.36;4;4824
1.29;Fair;F;SI2;64.4;57;6.85;6.79;4.39;4824
1.01;Ideal;H;SI2;62;57;6.4;6.43;3.98;4825
1.01;Ideal;I;SI1;61.2;56;6.48;6.51;3.97;4825
0.98;Very Good;H;VS2;59.9;60;6.45;6.38;3.84;4826
1.17;Very Good;I;SI1;62.6;58;6.64;6.71;4.18;4826
1.17;Very Good;H;SI2;62.7;56;6.68;6.74;4.21;4826
1.17;Good;H;SI2;63.8;58;6.57;6.73;4.24;4826
1.08;Premium;H;SI1;62.6;56;6.58;6.52;4.1;4826
1.39;Premium;I;SI2;61.9;59;7.15;7.11;4.41;4826
1.1;Very Good;H;SI1;61.6;56;6.61;6.66;4.09;4827
1.1;Ideal;H;SI1;60.2;56;6.74;6.82;4.08;4827
1;Very Good;G;SI1;59.3;63;6.48;6.44;3.83;4827
1.02;Premium;H;VS1;62.1;57;6.46;6.42;4;4827
1.04;Good;F;SI1;63.1;57;6.36;6.41;4.03;4828
1.2;Good;G;SI1;63.5;60;6.68;6.74;4.26;4828
1.01;Ideal;F;SI1;62.3;57;6.4;6.44;4;4829
1.01;Premium;F;SI1;60.3;58;6.53;6.61;3.96;4829
1.06;Ideal;H;SI2;62.5;57.1;6.46;6.5;4.05;4829
1.12;Ideal;I;SI1;62;56;6.69;6.64;4.13;4829
1.1;Ideal;E;SI2;61.6;57;6.68;6.64;4.1;4829
1.1;Premium;E;SI2;60.7;58;6.77;6.65;4.07;4829
1;Fair;F;VS2;64.7;59;6.22;6.15;4;4829
1.22;Premium;H;SI1;61;59;6.92;6.86;4.2;4829
1;Ideal;E;SI2;61.8;57;6.43;6.39;3.96;4829
1.07;Premium;H;VS2;58.9;58;6.7;6.65;3.93;4830
1.07;Ideal;H;SI1;62;57;6.51;6.56;4.05;4830
1;Very Good;H;SI1;62.8;56;6.33;6.37;3.99;4830
1;Very Good;H;SI1;62.2;59;6.32;6.35;3.94;4830
0.73;Ideal;E;VVS1;62;56;5.75;5.79;3.58;4830
1.2;Ideal;J;SI1;62.3;56;6.77;6.81;4.23;4830
1.15;Premium;H;SI2;61.6;60;6.75;6.72;4.15;4830
1.15;Premium;I;SI1;62.2;59;6.75;6.68;4.18;4830
1.15;Ideal;H;SI2;62;57;6.75;6.66;4.16;4830
1.01;Very Good;E;SI1;63.2;59;6.28;6.25;3.96;4830
1.15;Premium;H;SI2;62;58;6.7;6.66;4.14;4830
1.22;Premium;I;SI2;62.3;58;6.8;6.85;4.25;4831
1.2;Very Good;H;SI2;60.7;60;6.81;6.89;4.16;4831
1.2;Ideal;J;SI1;61.6;57;6.79;6.87;4.21;4831
1.01;Ideal;E;SI2;61.9;56;6.43;6.46;3.99;4832
1.07;Good;H;SI1;58.1;60;6.72;6.78;3.92;4832
1.1;Premium;F;SI2;62.6;57;6.6;6.56;4.12;4832
1.02;Ideal;F;SI2;61.8;57;6.49;6.43;3.99;4832
0.9;Premium;E;VS2;62.1;55;6.23;6.14;3.84;4833
0.93;Premium;G;VS2;62.2;59;6.21;6.26;3.88;4834
1.11;Very Good;G;VS2;63.4;56;6.62;6.54;4.18;4834
1.03;Very Good;H;SI1;60.8;60;6.47;6.5;3.94;4836
1.04;Ideal;I;SI1;61.7;55;6.5;6.54;4.02;4836
1.01;Very Good;H;SI1;63.1;59;6.36;6.32;4;4836
1.01;Very Good;H;SI1;63.4;59;6.34;6.28;4;4836
1.01;Good;H;SI1;63.7;60;6.35;6.3;4.03;4836
1.01;Premium;H;SI1;60;62;6.51;6.45;3.89;4836
1.01;Ideal;H;SI1;62.2;57;6.43;6.37;3.98;4836
1.01;Premium;H;SI1;62.4;60;6.36;6.33;3.96;4836
1.27;Premium;I;SI2;62;60;6.91;6.86;4.27;4836
1.01;Ideal;H;SI1;62.6;55;6.43;6.39;4.01;4836
1.01;Ideal;D;SI2;60.5;57;6.53;6.6;3.97;4837
1.15;Ideal;G;SI2;62.3;56;6.67;6.75;4.18;4838
1;Fair;G;VS2;66.1;61;6.08;5.99;3.99;4838
1;Good;G;VS2;56.7;62;6.64;6.59;3.75;4838
1.18;Ideal;I;SI2;62.2;57;6.73;6.76;4.2;4838
1.2;Premium;H;VS1;61.7;59;6.78;6.74;4.17;4838
1.2;Very Good;I;SI1;63.1;58;6.72;6.66;4.22;4838
1.2;Premium;J;SI1;60.6;59;6.88;6.84;4.16;4838
0.9;Ideal;H;VVS2;62;57;6.2;6.15;3.83;4838
1.2;Premium;I;SI2;61.5;58;6.82;6.77;4.18;4838
1.2;Fair;J;SI1;65.2;58;6.67;6.58;4.32;4838
1.2;Premium;J;SI1;61.4;59;6.87;6.82;4.2;4838
0.9;Premium;F;VS2;62.3;58;6.16;6.14;3.83;4838
0.9;Ideal;F;VS2;62;56;6.23;6.15;3.84;4838
1.2;Premium;J;VS2;60.8;60;6.85;6.89;4.18;4839
1.01;Good;H;VS2;64.2;55;6.38;6.34;4.08;4839
1.01;Premium;H;VS2;60.5;58;6.46;6.4;3.89;4839
1.03;Ideal;D;SI2;60.7;55;6.61;6.53;3.99;4839
1.08;Very Good;E;SI2;59.5;59;6.71;6.78;4.01;4840
1.14;Very Good;I;SI1;62.6;55;6.66;6.72;4.19;4840
1.07;Ideal;H;SI2;62.4;55;6.56;6.59;4.1;4840
1.12;Ideal;J;SI1;62.4;57;6.65;6.6;4.14;4840
1;Ideal;I;VS2;62.4;52;6.41;6.45;4.02;4841
1.21;Premium;J;VS2;59.9;59;6.92;6.86;4.13;4841
0.9;Very Good;H;VVS2;59.7;62;6.2;6.23;3.71;4842
1;Very Good;H;VS2;63;59;6.43;6.34;4.02;4842
1.11;Premium;H;SI1;58.4;60;6.87;6.83;4;4842
1.03;Premium;H;SI1;62.2;60;6.4;6.43;3.99;4843
1.03;Good;H;SI1;63.3;57;6.39;6.41;4.05;4843
1.01;Ideal;F;SI2;62.7;57;6.36;6.39;4;4843
1;Very Good;G;SI1;62.6;59;6.29;6.33;3.95;4844
0.82;Very Good;G;IF;61.9;57;5.96;6;3.7;4844
1;Good;F;SI1;63.8;57;6.21;6.29;3.99;4844
1;Good;F;SI1;64.9;57;6.25;6.32;4.08;4844
1.01;Fair;E;SI1;65.3;59;6.13;6.19;4.02;4844
1;Fair;E;SI1;57.4;61;6.53;6.63;3.78;4844
1.2;Premium;I;VS2;62.3;57;6.79;6.74;4.22;4844
1.2;Ideal;I;VS2;62.6;57;6.74;6.67;4.2;4844
1.05;Good;H;SI1;59.2;60;6.59;6.62;3.91;4845
1.03;Fair;D;SI1;64.4;61;6.33;6.25;4.05;4845
1.03;Ideal;E;SI2;62.3;56;6.52;6.44;4.04;4845
1.03;Premium;E;SI2;61.8;59;6.47;6.42;3.98;4845
0.9;Very Good;F;VS2;62.3;59;6.1;6.16;3.82;4846
0.9;Very Good;D;SI1;60.4;59;6.21;6.24;3.76;4846
1.04;Ideal;I;SI1;61.2;56;6.53;6.55;4;4846
1.01;Very Good;F;SI1;63.5;59;6.39;6.3;4.03;4846
0.72;Very Good;E;VVS1;61.2;57;5.73;5.78;3.53;4847
1.2;Good;G;SI2;63.1;57;6.73;6.77;4.26;4847
0.9;Good;H;VVS1;63.8;59;6.09;6.13;3.9;4847
1.11;Very Good;G;SI2;63.2;56;6.61;6.56;4.16;4848
1.03;Very Good;I;SI1;63;55;6.37;6.42;4.03;4848
0.91;Very Good;G;VVS2;63.4;58;6.1;6.14;3.88;4849
1.09;Very Good;H;SI1;61.7;59;6.53;6.59;4.05;4849
1.11;Ideal;I;SI1;61.4;60;6.61;6.65;4.07;4849
0.96;Fair;F;SI1;60.7;65;6.43;6.28;3.86;4849
1.64;Fair;G;I1;64.5;60;7.44;7.35;4.76;4849
0.31;Premium;G;SI1;60.4;58;4.42;4.39;2.66;593
0.31;Premium;G;SI1;60.7;60;4.36;4.34;2.64;593
0.31;Ideal;D;SI2;61.3;56;4.41;4.36;2.69;593
0.31;Premium;D;SI2;60.1;60;4.41;4.38;2.64;593
0.31;Ideal;D;SI2;62.1;57;4.34;4.32;2.69;593
0.31;Good;D;SI2;63.7;55;4.35;4.32;2.76;593
0.31;Very Good;D;SI2;63.1;54;4.38;4.33;2.75;593
0.31;Ideal;D;SI2;62.8;53;4.37;4.35;2.74;593
0.31;Ideal;D;SI2;62.3;56;4.38;4.35;2.72;593
0.31;Ideal;D;SI2;62.5;55;4.34;4.3;2.7;593
0.31;Premium;D;SI2;62.7;59;4.35;4.3;2.71;593
0.31;Ideal;D;SI2;62.9;54;4.35;4.3;2.72;593
0.31;Good;D;SI2;63.6;54;4.34;4.31;2.75;593
0.31;Premium;D;SI2;62.1;59;4.35;4.31;2.69;593
0.31;Ideal;D;SI2;62.6;57;4.35;4.27;2.7;593
0.31;Premium;D;SI2;62.9;59;4.31;4.28;2.7;593
0.31;Good;D;SI2;63.9;57;4.33;4.28;2.75;593
0.31;Premium;I;SI1;60.7;58;4.42;4.38;2.67;593
0.31;Ideal;D;SI2;62;56;4.35;4.33;2.69;593
0.3;Premium;H;VVS1;61.3;58;4.3;4.32;2.64;593
0.32;Very Good;E;VS2;61.6;58;4.4;4.47;2.73;594
0.33;Premium;I;VS2;61;61;4.46;4.43;2.71;594
0.33;Premium;I;VS2;60.6;58;4.47;4.44;2.7;594
0.33;Premium;I;VS2;62;60;4.46;4.41;2.75;594
0.33;Ideal;I;VS2;61.5;57;4.49;4.42;2.74;594
0.33;Premium;I;VS2;62.6;58;4.42;4.34;2.74;594
0.33;Ideal;I;VS2;62.4;56;4.43;4.39;2.75;594
0.33;Premium;I;VS2;61.1;59;4.44;4.4;2.7;594
0.33;Ideal;H;SI1;63;56;4.42;4.41;2.78;594
0.33;Premium;E;SI2;60;59;4.49;4.47;2.69;594
1.01;Very Good;J;VVS2;62.2;56;6.37;6.42;3.98;4850
1.15;Very Good;I;SI1;62.5;60;6.68;6.72;4.19;4851
1.05;Very Good;E;SI2;62.3;56;6.47;6.54;4.05;4851
1;Very Good;F;SI1;61.4;62;6.32;6.36;3.89;4851
1;Good;F;SI1;63.6;58;6.27;6.31;4;4851
1;Premium;F;SI1;59.7;60;6.48;6.51;3.88;4851
1;Very Good;F;SI1;62.8;59;6.32;6.36;3.98;4851
1;Good;F;SI1;63.4;61;6.29;6.35;4.01;4851
1.02;Ideal;F;SI2;62.6;56;6.38;6.44;4.01;4851
1.01;Ideal;H;SI1;62.7;56;6.41;6.44;4.03;4851
1.12;Very Good;G;SI2;60.2;59;6.7;6.85;4.08;4852
0.99;Very Good;F;SI2;61.2;56;6.4;6.45;3.93;4852
1.22;Ideal;F;SI2;62;57;6.88;6.83;4.25;4852
1.01;Very Good;F;SI2;62.7;55;6.32;6.4;3.99;4853
1.09;Very Good;F;SI2;63.2;58;6.54;6.49;4.12;4853
1.01;Good;E;SI1;64.3;59;6.34;6.31;4.07;4853
1.01;Premium;E;SI1;62.9;59;6.38;6.3;3.99;4853
1.12;Good;I;VS2;63.8;55;6.63;6.57;4.21;4853
1.01;Premium;G;VS1;59.5;60;6.49;6.48;3.86;4853
1.01;Good;E;SI1;60.9;64;6.29;6.22;3.81;4853
1.01;Fair;E;SI1;69.5;55;6;5.94;4.15;4853
1.01;Ideal;E;SI1;60.7;57;6.52;6.49;3.95;4853
1.01;Premium;E;SI1;59.6;59;6.53;6.46;3.87;4853
1.01;Premium;E;SI1;62;58;6.41;6.37;3.96;4853
1.01;Very Good;E;SI1;63.1;55;6.41;6.34;4.02;4853
1.13;Ideal;D;SI2;61.6;55;6.73;6.7;4.14;4854
0.89;Ideal;F;VS2;61.5;55;6.18;6.21;3.81;4854
1.11;Ideal;J;VS1;61.7;57;6.67;6.72;4.13;4854
0.9;Ideal;E;SI1;61.1;56;6.21;6.23;3.8;4854
1.24;Premium;H;SI2;62.1;58;6.92;6.88;4.28;4854
1.13;Premium;I;SI1;61.5;60;6.72;6.68;4.12;4854
1.01;Very Good;H;SI1;61.8;60;6.38;6.44;3.96;4855
1.02;Ideal;F;SI2;61.3;56;6.5;6.48;3.98;4855
1.02;Premium;G;SI1;60.7;60;6.51;6.48;3.94;4855
1.02;Premium;F;SI1;58.4;59;6.65;6.57;3.86;4855
1.23;Premium;J;VS2;62.7;58;6.81;6.77;4.26;4856
1.08;Very Good;E;SI2;63.4;56;6.55;6.5;4.14;4857
1.05;Premium;G;SI1;62.1;60;6.48;6.44;4.01;4857
1.01;Very Good;I;VS1;59.7;58;6.53;6.57;3.91;4858
0.9;Very Good;E;VS2;62.7;56;6.13;6.21;3.87;4858
1.01;Ideal;F;SI2;62.9;57;6.35;6.41;4.01;4858
0.93;Ideal;E;SI2;60.5;54;6.4;6.38;3.87;4858
1.24;Premium;I;VS2;61.2;58;6.94;6.89;4.23;4858
0.79;Ideal;F;VVS1;61.5;55;5.98;5.95;3.67;4858
1;Good;G;SI1;61.9;61;6.36;6.4;3.95;4859
0.91;Ideal;G;VS1;62.3;55;6.17;6.22;3.86;4860
0.71;Ideal;E;VVS1;61;57;5.75;5.76;3.51;4860
0.91;Fair;G;VS2;64.9;54;6.04;6.08;3.93;4860
1.26;Ideal;J;SI2;62.8;54;6.91;6.89;4.33;4860
1;Fair;H;VS2;64.8;62;6.22;6.13;4;4861
1.07;Very Good;G;SI1;60.5;62;6.6;6.69;4.02;4861
1.07;Very Good;D;SI2;62.6;61;6.42;6.49;4.04;4861
1.07;Good;G;SI1;63.1;59;6.45;6.49;4.08;4861
1.22;Very Good;J;SI2;60.5;58.5;6.84;6.96;4.17;4861
1;Ideal;D;SI1;60.2;57;6.54;6.48;3.92;4861
1.15;Premium;G;SI2;62.5;55;6.72;6.68;4.19;4861
1.24;Good;G;SI2;63.7;60;6.77;6.7;4.3;4861
1;Ideal;G;SI2;62.3;56;6.46;6.44;3.96;4861
1;Premium;H;VS2;59.7;58;6.57;6.52;3.91;4861
1;Good;H;VS2;63.7;59;6.3;6.26;4;4861
1.06;Ideal;F;SI1;61.3;57;6.56;6.51;4.01;4862
1.06;Premium;F;SI1;62.4;58;6.56;6.51;4.07;4862
1.06;Ideal;F;SI1;61.2;55;6.62;6.57;4.03;4862
1.06;Premium;F;SI1;61.9;58;6.58;6.53;4.06;4862
0.99;Very Good;G;SI1;62.8;56;6.34;6.36;3.99;4863
1.15;Premium;G;SI1;62;58;6.77;6.68;4.17;4863
1.31;Good;G;SI2;63.8;56;7.03;6.89;4.44;4864
1.08;Premium;F;SI1;62.1;58;6.57;6.61;4.09;4864
1;Ideal;E;SI1;61.5;57;6.41;6.47;3.96;4864
1;Very Good;E;SI1;61.9;62;6.34;6.4;3.94;4864
1;Very Good;E;SI1;62.1;57;6.35;6.4;3.96;4864
0.72;Ideal;E;VVS1;61.4;57;5.74;5.79;3.54;4864
0.96;Premium;E;SI1;60;60;6.44;6.39;3.85;4864
1.01;Fair;G;VS1;66.8;61;6.15;6.06;4.08;4864
1.19;Premium;I;SI1;62.2;58;6.77;6.73;4.2;4865
1.01;Good;H;SI2;63;61;6.32;6.29;3.97;4865
1.05;Ideal;F;SI2;62.7;54;6.5;6.54;4.09;4866
1;Ideal;G;SI1;62.4;56;6.34;6.41;3.98;4867
1;Very Good;D;SI2;62.6;57;6.37;6.4;4;4867
1.01;Very Good;H;SI1;59.3;62;6.57;6.55;3.89;4868
1.1;Ideal;I;SI1;60.8;61;6.63;6.7;4.05;4868
1.01;Ideal;G;SI1;60.7;58;6.55;6.52;3.97;4868
1.16;Very Good;I;VS2;62.6;59;6.63;6.69;4.17;4869
1.16;Ideal;I;VS2;59.3;56;6.84;6.88;4.07;4869
0.84;Very Good;D;VS1;60.1;58;6.12;6.15;3.69;4869
1.01;Very Good;F;SI1;60.8;59;6.49;6.53;3.96;4869
1.15;Ideal;H;SI2;62;56;6.68;6.75;4.16;4870
1.23;Good;J;SI1;63.1;57.6;6.74;6.8;4.27;4870
1.02;Ideal;H;SI2;62.4;55;6.41;6.46;4.02;4870
1.11;Very Good;H;SI1;62;55;6.61;6.68;4.12;4871
0.9;Ideal;H;VS2;60.9;54;6.19;6.22;3.78;4871
0.92;Ideal;E;SI2;62.3;56;6.21;6.25;3.88;4871
0.9;Ideal;G;SI1;61.9;57;6.16;6.19;3.82;4871
1.09;Ideal;H;SI1;61.9;56;6.64;6.61;4.1;4871
1.09;Very Good;H;SI1;63.2;57;6.57;6.54;4.14;4871
1.09;Premium;H;SI1;61.8;58;6.63;6.58;4.08;4871
1.09;Ideal;H;SI1;62.2;56;6.59;6.56;4.09;4871
1.09;Ideal;H;SI1;62.4;55;6.68;6.59;4.14;4871
0.9;Very Good;G;VS1;61.7;60;6.11;6.2;3.8;4872
1.2;Premium;I;SI1;61.7;56;6.82;6.76;4.19;4872
1.01;Ideal;I;SI1;60;60;6.53;6.57;3.93;4872
1.16;Premium;H;SI2;61.8;58;6.81;6.75;4.19;4872
1.06;Premium;H;SI1;61.6;59;6.55;6.54;4.03;4872
1.06;Premium;H;SI1;62.8;58;6.49;6.47;4.07;4872
1.16;Premium;I;SI1;60;58;6.82;6.78;4.08;4872
1.16;Premium;H;SI2;60.2;59;6.84;6.78;4.1;4872
1;Ideal;H;SI1;61.9;57;6.43;6.39;3.97;4872
1.16;Premium;I;SI1;62.7;57;6.76;6.67;4.21;4872
1.01;Ideal;D;SI2;62.6;56;6.4;6.34;3.99;4872
1.01;Premium;G;SI1;62.6;59;6.38;6.3;3.97;4872
1.03;Ideal;E;SI1;58.9;57;6.62;6.56;3.88;4873
1.07;Very Good;I;VS2;62.5;56;6.5;6.53;4.07;4873
1.01;Very Good;H;SI1;63.6;56;6.31;6.37;4.03;4873
1.03;Ideal;G;SI2;61.8;55;6.5;6.52;4.02;4873
1.13;Premium;H;SI2;62.3;57;6.68;6.65;4.15;4873
1.13;Premium;J;VS1;61.1;59;6.74;6.67;4.1;4873
1.13;Premium;H;SI2;60.7;54;6.82;6.72;4.11;4873
1.11;Fair;E;SI2;64.7;61;6.42;6.39;4.14;4873
1.03;Premium;H;VS1;59.2;58;6.66;6.61;3.92;4874
1.03;Ideal;H;VS1;61.5;57;6.49;6.45;3.98;4874
1.24;Ideal;J;SI1;61.8;57;6.92;6.86;4.26;4875
1.14;Very Good;G;SI2;62.4;60;6.6;6.67;4.14;4875
1.02;Very Good;H;SI1;61.2;57;6.47;6.53;3.98;4875
1.01;Premium;G;SI1;59.9;56;6.6;6.45;3.91;4875
1.01;Ideal;E;SI2;62.2;56;6.45;6.42;4;4875
1.01;Very Good;H;SI1;61.8;59;6.37;6.41;3.95;4876
1.01;Very Good;H;SI1;60;58;6.54;6.6;3.94;4876
1.23;Premium;F;SI2;61.7;58;6.85;6.95;4.26;4876
1.01;Ideal;H;SI1;62.3;59;6.36;6.41;3.98;4876
1.15;Ideal;G;SI2;62.4;56;6.7;6.74;4.19;4877
1.11;Good;D;SI2;60.1;63;6.68;6.7;4.02;4877
1.08;Premium;I;VS1;62.5;57;6.54;6.51;4.08;4877
1.1;Very Good;I;VS1;61;59;6.65;6.67;4.06;4878
1.28;Good;J;SI1;63.4;59;6.84;6.89;4.35;4878
1.05;Good;E;SI1;64.2;61;6.33;6.41;4.09;4878
1.06;Very Good;H;SI1;62.2;58;6.45;6.53;4.04;4878
1.01;Premium;E;SI2;60.4;60;6.49;6.46;3.91;4878
1.05;Premium;F;SI1;62.8;59;6.43;6.4;4.03;4879
0.93;Very Good;G;VS1;62.1;59;6.16;6.21;3.84;4879
1.21;Ideal;J;VS2;62.2;57;6.78;6.82;4.23;4879
1.03;Very Good;H;SI1;61.4;57;6.45;6.54;3.99;4879
1.32;Premium;H;SI2;59.4;54;7.21;7.09;4.25;4879
1.21;Ideal;I;SI2;64.6;56;6.67;6.62;4.29;4879
1.21;Premium;I;SI2;62.1;59;6.86;6.8;4.24;4879
1.21;Premium;I;SI2;60.7;60;6.88;6.82;4.16;4879
1.21;Premium;I;SI2;59.9;58;6.94;6.91;4.15;4879
1.16;Ideal;G;SI2;61.9;56;6.73;6.77;4.18;4880
1.21;Ideal;I;SI2;60.7;56;6.86;6.91;4.18;4880
1.02;Ideal;G;SI1;60.5;59;6.55;6.51;3.95;4882
1;Good;G;SI1;64.4;54;6.29;6.32;4.06;4882
1.11;Premium;G;SI2;60.7;56;6.73;6.68;4.07;4882
1.11;Ideal;H;SI2;61.5;55;6.65;6.69;4.1;4883
1.17;Ideal;J;SI1;62.3;55;6.74;6.77;4.21;4883
1.02;Premium;F;SI1;62.5;56;6.44;6.35;4;4884
1.14;Premium;G;SI2;60.4;59;6.8;6.78;4.1;4884
1.02;Premium;H;SI1;62.9;59;6.41;6.38;4.02;4884
0.9;Ideal;G;VS2;60.8;57;6.26;6.17;3.78;4884
1.21;Premium;I;VS2;62.6;59;6.77;6.67;4.21;4884
1.02;Premium;H;SI1;60.5;60;6.58;6.51;3.96;4884
1.02;Very Good;H;SI1;63.4;57;6.42;6.36;4.05;4884
1.02;Premium;H;SI1;62;60;6.4;6.37;3.96;4884
1.03;Premium;E;SI2;62;59;6.42;6.49;4;4885
1.18;Ideal;E;SI2;60.8;57;6.89;6.83;4.17;4885
1.01;Ideal;H;SI1;62.1;56;6.38;6.47;3.99;4886
1.21;Very Good;G;SI2;58.9;61;6.91;6.98;4.09;4887
1.01;Ideal;I;VS2;61.3;53;6.52;6.54;4;4887
1.06;Good;I;VS1;58.8;62;6.65;6.72;3.93;4887
1.01;Fair;G;VS2;64.9;56;6.27;6.21;4.05;4887
1.01;Fair;G;VS2;64.4;58;6.25;6.18;4;4887
0.75;Very Good;E;VVS1;62.3;57;5.73;5.83;3.6;4889
1.04;Premium;H;SI1;59.5;58;6.58;6.67;3.94;4890
1.04;Premium;H;SI1;62.6;59;6.43;6.47;4.04;4890
1.14;Very Good;H;SI1;59.2;58;6.8;6.86;4.04;4890
1.01;Very Good;F;SI1;59.8;59;6.39;6.43;3.83;4890
1.01;Very Good;G;SI1;63;57;6.28;6.35;3.98;4890
1.2;Ideal;I;SI2;59.6;61;6.95;6.97;4.15;4890
1.02;Ideal;G;SI2;61;57;6.51;6.58;3.99;4890
1.11;Ideal;I;SI1;62.2;56;6.62;6.65;4.13;4890
0.9;Premium;H;VVS1;62.3;59;6.15;6.09;3.81;4890
1.03;Ideal;F;SI2;60.9;56;6.56;6.51;3.98;4891
1.09;Ideal;F;SI2;61.2;57;6.6;6.64;4.05;4891
1.2;Very Good;J;SI1;61.3;59;6.83;6.9;4.21;4891
1;Fair;G;VS1;63.1;68;6.32;6.17;3.94;4892
1.04;Premium;E;SI2;62.4;57;6.51;6.43;4.04;4892
1.04;Premium;I;VS1;61.6;56;6.59;6.52;4.04;4892
0.96;Very Good;G;VS1;60.5;63;6.32;6.28;3.81;4892
1.04;Ideal;E;SI2;61.4;56;6.56;6.5;4.01;4892
1.04;Ideal;E;SI2;62;55;6.51;6.48;4.03;4892
0.91;Premium;F;VS2;62.2;58;6.21;6.17;3.85;4892
0.8;Very Good;E;VVS2;62.8;57;5.93;5.95;3.73;4893
1.05;Very Good;I;VS2;63.2;56;6.47;6.51;4.1;4895
1.23;Very Good;J;VS2;62.9;59;6.8;6.85;4.29;4896
1.1;Ideal;F;SI2;60.4;55;6.77;6.73;4.08;4897
1.1;Ideal;I;VS2;62;56;6.67;6.62;4.12;4897
0.9;Very Good;F;VS1;62.1;58;6.15;6.19;3.83;4898
0.9;Good;F;VS1;62.8;60;6.11;6.15;3.85;4898
1.47;Fair;H;I1;66.7;59;6.98;6.94;4.64;4898
1.01;Very Good;F;SI1;59.5;62;6.45;6.53;3.86;4899
1.01;Very Good;F;SI1;61;61;6.44;6.47;3.94;4899
1.01;Good;F;SI1;63.3;59;6.38;6.42;4.05;4899
1.01;Good;F;SI1;63.6;58;6.31;6.37;4.03;4899
1.01;Very Good;F;SI1;59.7;61;6.49;6.55;3.89;4899
1.01;Good;F;SI1;63.7;57;6.35;6.4;4.06;4899
1.01;Good;F;SI1;63.8;59;6.29;6.32;4.02;4899
1.01;Good;F;SI1;63.5;59;6.29;6.38;4.02;4899
1.01;Premium;F;SI1;62.5;58;6.39;6.42;4;4899
1.01;Premium;F;SI1;61.8;59;6.34;6.41;3.94;4899
0.87;Ideal;G;VS2;61.8;56;6.11;6.13;3.78;4899
1.07;Ideal;H;SI2;62.8;56;6.5;6.56;4.1;4899
1.03;Ideal;G;SI1;60.9;57;6.54;6.5;3.97;4900
1.06;Very Good;H;SI1;60.2;59;6.6;6.55;3.96;4900
1.03;Ideal;H;SI1;62;56;6.43;6.5;4.01;4900
0.97;Good;F;SI1;60.1;65;6.46;6.36;3.85;4900
1.03;Premium;G;SI1;61.6;59;6.53;6.5;4.01;4900
1.03;Ideal;G;SI1;61.6;57;6.53;6.46;4;4900
1.03;Premium;G;SI1;58.2;59;6.7;6.64;3.88;4900
1.25;Ideal;H;SI2;61.6;54;6.94;6.88;4.25;4900
1;Very Good;F;SI2;62.6;59;6.34;6.38;3.98;4901
1.02;Very Good;E;SI1;60.5;63;6.54;6.48;3.94;4901
0.94;Very Good;D;SI1;58.4;58;6.41;6.51;3.77;4902
0.94;Very Good;D;SI1;60.7;60;6.27;6.32;3.82;4902
1.18;Fair;F;SI2;55.9;64;7.15;7.01;3.95;4903
1.06;Premium;D;SI2;61.6;61;6.59;6.53;4.04;4903
1.03;Very Good;G;SI1;63.1;58;6.41;6.37;4.03;4903
1.06;Premium;G;SI1;59.6;58;6.73;6.67;3.99;4903
0.78;Very Good;E;VVS1;61.3;60;5.86;5.92;3.61;4904
1.02;Very Good;D;SI2;60.9;61;6.47;6.53;3.96;4904
1.14;Very Good;J;VS1;61.5;59;6.64;6.75;4.11;4905
1.08;Very Good;G;SI1;60.6;58;6.58;6.73;4.03;4906
1.04;Very Good;D;SI2;58.6;58;6.65;6.72;3.92;4906
1.14;Ideal;J;VS2;61.4;55;6.74;6.77;4.15;4906
1.2;Premium;H;SI2;59.6;60;6.91;6.84;4.1;4906
1.24;Premium;F;SI2;62.7;59;6.83;6.77;4.26;4907
1.02;Premium;D;SI2;62.5;59;6.43;6.38;4;4907
1.01;Premium;D;SI1;62.7;58;6.38;6.34;3.99;4909
1.01;Good;D;SI1;64.1;60;6.3;6.27;4.03;4909
1.01;Premium;D;SI1;59.1;61;6.5;6.46;3.83;4909
1.01;Good;H;VS2;59.6;64;6.53;6.45;3.87;4909
1.01;Ideal;H;VS2;62.1;54;6.5;6.44;4.02;4909
1.01;Premium;H;VS2;62.3;60;6.32;6.27;3.92;4909
1.13;Ideal;H;SI2;61.6;55;6.68;6.72;4.13;4911
1.11;Premium;I;SI1;60.6;59;6.73;6.66;4.06;4911
1.15;Ideal;H;SI1;63;57;6.71;6.66;4.21;4911
1.04;Very Good;H;VS2;63.2;58;6.45;6.42;4.07;4911
1.01;Good;E;SI1;63.4;59;6.34;6.38;4.03;4912
1.01;Good;E;SI1;63.1;60;6.34;6.37;4.01;4912
1.01;Very Good;E;SI1;62.6;57;6.36;6.41;4;4912
1.01;Very Good;E;SI1;62.4;60;6.32;6.35;3.95;4912
1.02;Premium;D;SI2;59.5;62;6.56;6.52;3.89;4912
1.02;Ideal;E;SI2;61.6;55;6.52;6.46;4;4912
0.91;Very Good;G;VVS2;62.1;60;6.14;6.19;3.83;4913
1.21;Premium;H;SI2;62.9;58;6.74;6.69;4.23;4913
1.12;Very Good;I;VS2;63.9;52;6.58;6.65;4.23;4914
1.11;Very Good;E;SI2;62.8;55;6.6;6.62;4.15;4914
0.91;Very Good;E;SI1;62.3;59;6.18;6.21;3.86;4914
1.19;Ideal;H;SI2;62;57;6.77;6.81;4.21;4914
1.17;Good;H;SI2;63.8;58;6.73;6.57;4.24;4914
0.9;Premium;E;VS1;62.3;56;6.19;6.1;3.83;4914
0.9;Good;G;VVS2;63.6;58;6.11;6.1;3.88;4914
0.9;Premium;D;VS2;62.6;59;6.17;6.14;3.85;4914
1.17;Good;I;SI1;63.6;61;6.66;6.64;4.23;4914
1.22;Ideal;H;VS2;61.9;55;6.88;6.83;4.24;4914
1.17;Premium;H;SI2;62.7;56;6.74;6.68;4.21;4914
1.17;Premium;I;SI1;62.6;58;6.71;6.64;4.18;4914
1.2;Fair;F;SI2;65.1;58;6.62;6.56;4.29;4915
1.14;Very Good;E;SI2;62.6;56;6.63;6.69;4.17;4915
1.15;Very Good;F;SI2;63.1;63;6.67;6.57;4.18;4915
0.97;Premium;E;SI1;61;61;6.32;6.28;3.84;4915
1.1;Premium;H;SI1;63;58;6.6;6.55;4.14;4916
1.1;Premium;H;SI1;63;58;6.6;6.55;4.14;4916
1.01;Premium;G;SI1;61.5;59;6.43;6.48;3.97;4916
1.01;Very Good;G;SI1;62.6;59;6.38;6.3;3.97;4916
1.01;Ideal;D;SI2;61.6;57;6.42;6.46;3.97;4916
1.01;Ideal;D;SI2;61.3;54;6.47;6.52;3.99;4916
1.01;Very Good;G;SI1;60.6;57;6.49;6.52;3.94;4916
1.24;Premium;D;SI2;60.6;59;6.99;6.96;4.23;4916
1.14;Ideal;H;SI1;62.2;57;6.73;6.67;4.17;4916
0.59;Ideal;D;IF;60.9;60;5.41;5.39;3.29;4916
1;Good;E;SI1;60.4;61;6.37;6.44;3.87;4916
1;Good;E;SI1;59.3;61;6.42;6.53;3.84;4916
1.2;Fair;H;SI2;64.8;60;6.55;6.59;4.26;4916
1.1;Premium;H;SI1;61.6;56;6.66;6.61;4.09;4916
1.24;Ideal;G;SI1;62.7;56;6.89;6.85;4.31;4916
1.33;Fair;E;SI2;65;57;6.93;6.89;4.49;4916
1.18;Premium;H;VS2;61.1;60;6.8;6.76;4.14;4916
1.1;Ideal;H;SI1;60.2;56;6.82;6.74;4.08;4916
0.91;Very Good;F;VS2;62.1;58;6.19;6.24;3.86;4917
1.02;Ideal;H;SI2;62.5;53;6.43;6.47;4.03;4918
1.07;Ideal;H;SI1;62;57;6.56;6.51;4.05;4918
1.23;Premium;G;SI2;62.1;58;6.85;6.8;4.24;4918
0.9;Ideal;D;SI1;61.8;57;6.22;6.17;3.83;4919
0.9;Very Good;E;VS2;62.1;55;6.14;6.23;3.84;4919
1;Very Good;G;SI1;61.4;57;6.45;6.42;3.95;4919
0.91;Ideal;H;SI1;62.1;57;6.18;6.21;3.85;4919
1.22;Premium;I;SI2;62.3;58;6.85;6.8;4.25;4919
1.09;Good;H;SI1;63.6;56;6.53;6.56;4.16;4920
1.06;Premium;I;VS1;62.4;55;6.57;6.5;4.08;4920
0.9;Very Good;E;SI1;60.3;58;6.26;6.32;3.79;4921
0.9;Ideal;E;SI1;61.7;57;6.18;6.24;3.83;4921
1.01;Premium;H;VS2;60.7;61;6.47;6.39;3.9;4921
0.33;Premium;E;SI2;59.7;58;4.53;4.48;2.69;594
0.33;Ideal;G;SI2;60.2;57;4.5;4.47;2.7;594
0.31;Ideal;H;VS2;61.6;55;4.34;4.38;2.69;595
0.25;Ideal;F;VS1;62.1;57;4.01;4.04;2.5;595
0.25;Ideal;F;VS1;61.1;58;4.04;4.08;2.48;595
0.25;Ideal;F;VS1;61.8;56;4.07;4.09;2.52;595
0.31;Ideal;E;SI1;60.6;56;4.39;4.42;2.67;595
0.31;Ideal;H;SI1;61.9;56;4.38;4.35;2.7;595
0.37;Good;I;VS2;64;56;4.58;4.45;2.89;595
0.32;Very Good;H;VVS2;62.4;56;4.35;4.37;2.72;596
0.28;Very Good;F;VVS2;61.8;60;4.16;4.19;2.58;596
0.28;Very Good;E;VVS2;63.6;56;4.13;4.17;2.64;596
0.28;Very Good;E;VVS2;61.4;60;4.18;4.22;2.58;596
0.32;Very Good;I;VVS1;60.9;57;4.45;4.48;2.71;596
0.28;Very Good;D;VVS1;60.3;62;4.22;4.24;2.55;596
0.31;Ideal;H;VVS2;61.2;56;4.34;4.37;2.66;596
0.31;Ideal;G;VS1;61.6;55;4.37;4.4;2.7;596
0.4;Ideal;H;SI2;61.9;58;4.71;4.73;2.92;596
0.4;Ideal;H;SI2;62.2;56;4.71;4.75;2.94;596
0.35;Ideal;F;SI1;61.5;55.9;4.53;4.56;2.8;596
0.34;Ideal;D;SI1;60.9;56;4.53;4.56;2.76;596
0.28;Good;F;VVS2;61.2;62;4.16;4.21;2.56;596
0.35;Good;F;VS2;57.9;60;4.65;4.68;2.7;596
0.38;Premium;E;SI2;59.9;56;4.79;4.72;2.85;596
0.34;Good;E;SI1;63.9;56;4.44;4.48;2.85;596
0.34;Premium;E;SI1;61.8;58;4.47;4.5;2.77;596
0.34;Very Good;G;VS2;62.9;55;4.45;4.52;2.82;596
0.34;Ideal;E;SI1;62;57;4.46;4.48;2.77;596
0.34;Ideal;H;VS1;62.7;57;4.45;4.48;2.8;596
0.34;Ideal;E;SI1;62.7;55;4.46;4.47;2.8;596
1.01;Ideal;E;SI2;61.9;56;6.46;6.43;3.99;4921
1.01;Premium;E;SI2;60;61;6.53;6.47;3.9;4921
0.91;Very Good;H;VS2;62.6;57;6.15;6.21;3.87;4922
1.13;Very Good;E;SI1;62.7;57;6.62;6.65;4.16;4922
0.91;Very Good;G;SI1;62.8;56;6.16;6.2;3.88;4922
0.91;Ideal;G;SI1;62;56;6.19;6.22;3.85;4922
0.91;Ideal;G;SI1;60.8;58;6.21;6.29;3.8;4922
0.9;Very Good;F;VS2;62.3;58;6.14;6.16;3.83;4924
0.9;Ideal;H;VVS2;62;57;6.15;6.2;3.83;4924
1.02;Ideal;H;SI1;61.9;57;6.4;6.46;3.98;4924
0.93;Very Good;F;VS2;62.7;58;6.21;6.27;3.91;4925
0.9;Very Good;E;VS2;60.4;59;6.26;6.3;3.79;4925
1.15;Ideal;I;SI1;62.3;57;6.74;6.67;4.18;4925
1;Fair;F;SI1;62.6;59;6.25;6.3;3.93;4925
0.81;Ideal;F;VVS2;62.2;53.9;5.97;6.01;3.72;4926
1.21;Fair;E;SI2;65.6;59;6.62;6.56;4.32;4926
0.72;Ideal;E;VVS2;61.7;55;5.76;5.78;3.56;4927
1.2;Ideal;J;VS2;62.3;57;6.82;6.75;4.23;4927
1.15;Ideal;G;SI2;62.3;56;6.75;6.67;4.18;4927
1;Good;D;SI1;63.8;53;6.35;6.4;4.07;4928
1.01;Good;E;SI1;56.9;61;6.65;6.6;3.77;4928
1;Ideal;D;SI1;62.5;55;6.43;6.38;4;4928
1.03;Ideal;G;SI2;62.3;59;6.44;6.46;4.02;4928
1.03;Ideal;G;SI1;61.9;56;6.46;6.5;4.01;4928
1;Fair;G;VVS2;65.5;54;6.3;6.22;4.1;4928
1.1;Premium;F;SI2;62;59;6.62;6.6;4.1;4928
1;Premium;D;SI2;59.9;59;6.48;6.44;3.87;4928
1.21;Very Good;I;SI2;60;58;6.89;6.97;4.16;4929
1;Premium;H;VS2;60.7;60;6.55;6.49;3.96;4930
1.27;Ideal;J;SI2;61.2;55.7;6.95;6.99;4.27;4931
0.82;Ideal;F;VS2;61.3;56;6.02;6.05;3.7;4931
0.9;Ideal;G;VS1;61.8;56;6.19;6.24;3.84;4931
1.19;Good;J;VS1;63.6;54;6.78;6.74;4.3;4931
1.02;Very Good;H;SI1;62.8;58;6.37;6.43;4.02;4932
1.02;Very Good;H;SI1;62.2;58;6.42;6.48;4.01;4932
1.13;Ideal;H;SI2;62.1;55;6.65;6.68;4.14;4932
1.05;Ideal;D;SI2;60.2;57;6.58;6.65;3.98;4932
1.03;Premium;H;SI1;61.9;58;6.49;6.43;4;4932
1.03;Very Good;H;SI1;63.3;57;6.41;6.39;4.05;4932
1.03;Premium;H;SI1;62.2;60;6.43;6.4;3.99;4932
1.08;Very Good;I;SI1;62.2;57;6.57;6.54;4.08;4933
1.21;Premium;E;SI2;61;58;6.93;6.88;4.21;4933
1.14;Very Good;G;SI2;59.5;59;6.79;6.85;4.06;4935
1.02;Fair;H;SI1;56.9;58;6.64;6.75;3.81;4935
1;Good;E;SI1;62.4;59;6.35;6.4;3.98;4936
1.02;Good;F;SI1;64.3;58;6.28;6.32;4.05;4936
1.13;Premium;E;SI2;61.4;59;6.78;6.7;4.14;4936
1.13;Ideal;I;SI1;61.4;57;6.72;6.69;4.12;4936
1.27;Ideal;G;SI2;58.8;56;7.16;7.06;4.18;4936
1.05;Good;H;SI1;63.2;56;6.47;6.51;4.1;4937
1.05;Ideal;H;SI1;62.5;56;6.43;6.52;4.05;4937
0.71;Ideal;F;VVS1;61.1;54;5.78;5.84;3.55;4937
1.24;Ideal;I;SI2;60.7;57;6.98;6.92;4.22;4937
1.29;Very Good;G;SI2;63.3;61;6.84;6.8;4.32;4937
1.1;Very Good;H;SI1;62.4;58;6.58;6.62;4.12;4938
1;Ideal;F;SI1;62.4;55;6.45;6.37;4;4939
1;Ideal;F;SI1;60;57;6.45;6.41;3.86;4939
0.9;Very Good;H;VS1;63;55;6.18;6.13;3.88;4939
1.5;Fair;H;I1;65.7;58;7.07;7.02;4.63;4939
1.5;Fair;H;I1;66.6;54;7.05;7.01;4.68;4939
1.01;Premium;D;SI2;61;62;6.43;6.39;3.91;4939
1.26;Ideal;E;SI2;62.4;57;6.91;6.85;4.29;4939
0.91;Ideal;H;VS1;60.8;58;6.27;6.32;3.83;4939
1;Premium;F;SI1;62.8;59;6.36;6.32;3.98;4939
1;Premium;F;SI1;59.7;60;6.51;6.48;3.88;4939
1;Premium;F;SI1;59.3;60;6.61;6.57;3.91;4939
1.4;Premium;J;SI1;62.9;59;7.16;7.07;4.48;4939
1.15;Premium;I;SI1;62.5;60;6.72;6.68;4.19;4939
1;Very Good;F;SI1;63.4;61;6.35;6.29;4.01;4939
1;Premium;F;SI1;61.4;62;6.36;6.32;3.89;4939
1;Good;F;SI1;63.6;58;6.31;6.27;4;4939
1.05;Premium;E;SI2;62.3;56;6.54;6.47;4.05;4939
1.15;Very Good;D;SI2;63.5;58;6.73;6.69;4.26;4939
1.13;Ideal;I;VS2;62.3;56;6.63;6.73;4.16;4940
0.9;Ideal;E;SI1;61.7;57;6.21;6.24;3.84;4940
1.04;Ideal;I;SI1;61.9;54;6.51;6.57;4.05;4941
1.03;Premium;F;SI1;62.2;59;6.45;6.41;4;4942
1.11;Premium;I;VS2;60.4;58;6.79;6.73;4.08;4942
1.11;Ideal;F;SI2;61.7;55;6.66;6.63;4.1;4942
1.07;Premium;E;SI2;61.3;59;6.58;6.64;4.05;4943
1.07;Premium;E;SI2;59.7;58;6.66;6.68;3.98;4943
1.01;Ideal;H;SI1;61.2;58;6.42;6.49;3.95;4943
1.01;Premium;H;SI1;61.8;60;6.44;6.38;3.96;4943
0.97;Ideal;H;VS2;62.9;56;6.35;6.31;3.98;4943
0.91;Premium;H;VVS1;62.5;59;6.19;6.16;3.86;4944
1.21;Very Good;H;SI1;63.5;58;6.73;6.63;4.24;4944
0.9;Very Good;D;SI2;62.5;55;6.16;6.2;3.86;4946
1.02;Ideal;D;SI2;61.4;56;6.42;6.57;3.99;4946
1.21;Premium;D;SI2;59.7;58;7.06;6.96;4.19;4946
1.02;Good;F;SI1;63.3;58;6.35;6.39;4.03;4948
1.02;Good;D;SI1;56.9;62;6.64;6.69;3.79;4948
1.02;Very Good;F;SI1;62.5;57;6.35;6.41;3.99;4948
1.04;Very Good;I;SI1;62.9;54;6.42;6.49;4.06;4948
1.04;Premium;G;SI1;62.6;55;6.49;6.42;4.04;4948
1.14;Premium;H;SI1;62.5;58;6.71;6.67;4.18;4948
1.07;Premium;D;SI2;62.4;61;6.51;6.48;4.05;4949
1.07;Very Good;G;SI1;63.1;59;6.49;6.45;4.08;4949
1.07;Premium;G;SI1;60.5;62;6.69;6.6;4.02;4949
1.07;Premium;D;SI2;62.6;61;6.49;6.42;4.04;4949
1.01;Premium;H;SI1;61.9;57;6.49;6.4;3.99;4949
1.25;Very Good;I;SI2;61;60;6.93;6.98;4.24;4950
1;Premium;H;VS1;62.4;58;6.43;6.4;4;4950
0.98;Ideal;F;SI1;62.7;55;6.37;6.27;3.96;4950
0.7;Ideal;F;VVS1;61;56;5.72;5.75;3.5;4951
0.7;Ideal;F;VVS1;61.7;56;5.68;5.73;3.52;4951
1.12;Very Good;F;SI2;61.5;58;6.63;6.68;4.09;4953
1;Very Good;H;SI1;61.9;58;6.3;6.37;3.92;4953
1.26;Good;I;SI2;63.7;58;6.84;6.79;4.34;4953
1.14;Ideal;I;SI1;62.2;56;6.65;6.7;4.15;4953
1;Premium;E;SI1;61.9;62;6.4;6.34;3.94;4953
1.08;Premium;F;SI1;62.1;58;6.61;6.57;4.09;4953
1.34;Premium;G;SI2;60.1;61;7.11;7.06;4.26;4953
1.07;Ideal;F;SI2;61.6;56;0;6.62;0;4954
1.12;Ideal;G;SI2;62.2;55;6.68;6.64;4.14;4955
1.07;Ideal;H;SI1;61.1;56;6.63;6.6;4.04;4955
1.01;Premium;H;VVS1;60.5;57;6.55;6.48;3.94;4955
1;Ideal;D;SI2;61.5;56;6.45;6.41;3.95;4956
1;Ideal;G;SI1;62;57;6.39;6.32;3.94;4956
1.18;Premium;I;SI1;60.5;59;6.9;6.82;4.15;4956
1.18;Premium;H;SI2;61.6;57;6.81;6.73;4.17;4956
1.18;Premium;H;SI2;58.7;60;7.01;6.93;4.09;4956
1.18;Premium;I;SI1;61.1;59;6.78;6.73;4.13;4956
1;Ideal;G;SI1;61.6;55;6.51;6.41;3.98;4956
1;Ideal;G;SI1;62.4;56;6.41;6.34;3.98;4956
1;Ideal;G;SI1;62.2;57;6.45;6.38;3.99;4956
1;Premium;G;SI1;63;59;6.44;6.32;4.02;4956
1.14;Very Good;D;SI2;59.2;61;6.82;6.84;4.04;4957
1.02;Premium;H;VS2;60;58;6.56;6.5;3.92;4958
1.07;Ideal;I;SI1;62;55;6.56;6.6;4.08;4958
0.95;Ideal;H;SI1;61.9;56;6.31;6.35;3.92;4958
1.16;Premium;I;VS2;62.2;58;6.74;6.67;4.17;4958
1.02;Premium;H;VS2;61;60;6.5;6.46;3.95;4958
1.09;Very Good;I;VS2;62;56;6.57;6.59;4.08;4959
1.13;Very Good;H;SI1;60.1;60;6.73;6.77;4.06;4959
1.13;Ideal;H;SI1;62;57;6.66;6.73;4.15;4959
1.01;Very Good;H;VS2;61;63;6.38;6.41;3.9;4959
1.01;Premium;H;VS2;61.3;59;6.44;6.48;3.96;4959
1.01;Premium;H;VS2;61.2;59;6.45;6.47;3.95;4959
1.01;Good;H;VS2;63.5;61;6.24;6.32;3.99;4959
1.15;Premium;H;SI2;62.9;56;6.7;6.59;4.18;4959
1.15;Premium;I;SI1;59.6;58;6.86;6.82;4.08;4959
1.23;Ideal;J;SI1;63.1;58;6.8;6.74;4.27;4959
1.15;Ideal;H;SI2;62;56;6.75;6.68;4.16;4959
1.11;Premium;H;SI1;61.9;58;6.63;6.59;4.09;4960
1.23;Very Good;J;VS2;62.8;59;6.75;6.82;4.26;4960
0.9;Very Good;F;VS1;62.5;58;6.1;6.15;3.83;4961
0.9;Very Good;F;VS1;62.4;59;6.1;6.15;3.82;4961
0.93;Premium;F;VS2;61.7;58;6.22;6.29;3.86;4961
0.93;Premium;F;VS2;62.1;59;6.24;6.28;3.89;4961
1;Very Good;F;SI1;59.4;60;6.47;6.52;3.86;4961
1;Good;F;SI1;57.9;62;6.55;6.58;3.8;4961
1.1;Ideal;I;VS2;61.8;56;6.65;6.6;4.1;4962
0.9;Very Good;H;VVS2;63.5;55;6.14;6.08;3.88;4963
1.2;Very Good;J;VS2;62.6;57;6.72;6.8;4.23;4963
1.11;Good;I;VS2;63.6;58;6.52;6.57;4.16;4963
1.03;Very Good;D;SI2;63.3;58;6.38;6.42;4.05;4963
0.83;Ideal;G;VVS1;61.9;56;6.03;6.05;3.74;4963
1.02;Good;G;SI1;63.6;58;6.34;6.39;4.05;4964
1.02;Very Good;D;SI2;58.8;58;6.62;6.68;3.91;4964
1.02;Very Good;D;SI2;62.8;55;6.38;6.46;4.03;4964
1.02;Very Good;G;SI1;62.8;57;6.35;6.38;4;4964
1.03;Very Good;H;SI2;62.8;59;6.41;6.46;4.04;4964
0.9;Ideal;H;VS1;61.8;55;6.21;6.14;3.82;4964
1.13;Premium;I;VS2;62.4;59;6.63;6.58;4.12;4964
1.08;Ideal;H;SI1;62.8;57;6.55;6.51;4.1;4964
1.32;Very Good;I;SI2;60.9;59;7.02;7.19;4.33;4965
1.09;Ideal;H;SI1;61.8;57;6.57;6.6;4.07;4965
1.01;Premium;H;SI1;60;58;6.6;6.54;3.94;4965
1.01;Premium;H;SI1;61.8;59;6.41;6.37;3.95;4965
1.55;Good;G;I1;63.6;58;7.34;7.29;4.65;4965
1.01;Ideal;H;SI1;62.6;55;6.44;6.38;4.01;4965
1.26;Fair;G;SI2;53.2;61;7.44;7.36;3.94;4966
1.1;Premium;E;SI2;59.1;60;6.77;6.7;3.98;4967
1.1;Premium;E;SI2;59.1;60;6.77;6.7;3.98;4967
1.1;Good;I;VS1;63.7;60;6.61;6.45;4.16;4967
1.28;Very Good;J;SI1;63.4;59;6.89;6.84;4.35;4967
1.05;Good;E;SI1;64.2;61;6.41;6.33;4.09;4967
1.28;Ideal;J;SI1;61.2;57;7.02;6.96;4.28;4967
1.02;Ideal;F;SI2;61.6;56;6.47;6.5;3.99;4968
1.21;Ideal;J;SI1;61.9;57;6.84;6.89;4.25;4968
1.21;Premium;J;VS2;61.9;58;6.84;6.79;4.22;4968
1.21;Ideal;J;VS2;59.6;57;6.98;6.94;4.15;4968
1.01;Ideal;F;SI1;62.5;56;6.38;6.42;4;4969
1.01;Very Good;F;SI1;62.1;57;6.41;6.48;4;4969
1.01;Very Good;F;SI1;61.3;59;6.44;6.47;3.96;4969
1.01;Premium;F;SI1;62.3;59;6.38;6.4;3.98;4969
1.22;Very Good;J;SI1;58.8;61;6.94;7;4.1;4969
1.11;Ideal;E;SI2;62.2;56;6.58;6.66;4.12;4969
1.11;Ideal;E;SI2;61.2;57;6.7;6.74;4.11;4969
0.91;Premium;E;VS1;62.7;59;6.19;6.15;3.87;4969
1.16;Premium;G;SI2;62.6;58;6.72;6.66;4.19;4969
0.91;Premium;D;VS2;62;60;6.23;6.19;3.85;4969
0.91;Premium;E;VS1;62.8;60;6.11;6.08;3.83;4969
1.16;Ideal;G;SI2;61.9;56;6.77;6.73;4.18;4969
1.16;Premium;G;SI2;62.5;58;6.72;6.68;4.19;4969
1.05;Very Good;H;VS1;63.4;57;6.48;6.45;4.1;4969
1.09;Ideal;G;SI1;62.2;56;6.6;6.55;4.09;4970
1.02;Ideal;D;SI2;58.9;61;6.56;6.62;3.88;4971
1.01;Very Good;F;SI1;60.3;60;6.46;6.55;3.92;4972
1.06;Very Good;E;SI2;62.1;56;6.52;6.59;4.07;4972
0.94;Ideal;E;SI2;61.6;57;6.29;6.31;3.88;4972
1.14;Premium;D;SI2;60.3;58;6.79;6.71;4.07;4972
1.01;Fair;E;VS2;64.8;59;6.34;6.26;4.08;4972
1.11;Very Good;H;SI2;63.2;58;6.64;6.53;4.16;4973
1.11;Premium;H;SI2;61.9;59;6.6;6.56;4.07;4973
1.04;Ideal;G;SI2;61.9;58;6.47;6.51;4.02;4973
1.2;Premium;H;SI2;62.8;61;6.7;6.62;4.18;4973
1.07;Ideal;E;SI1;60.4;57;6.62;6.56;3.98;4973
1.35;Premium;J;VS2;61.2;61;7.13;7.08;4.35;4974
1.22;Premium;E;SI2;62.1;56;6.89;6.83;4.26;4974
1.22;Ideal;E;SI2;62.8;54;6.78;6.75;4.25;4974
1.03;Premium;E;SI2;62;59;6.49;6.42;4;4974
1.22;Premium;E;SI2;60.5;60;6.93;6.89;4.18;4974
1.05;Premium;G;SI1;60.3;57;6.64;6.59;3.99;4974
1.05;Very Good;I;VS2;62.4;59;6.48;6.51;4.05;4975
1;Very Good;E;SI2;58.7;59;6.5;6.58;3.84;4975
1.05;Ideal;H;SI1;61.8;56;6.52;6.58;4.05;4975
1.21;Premium;G;SI2;58.9;61;6.98;6.91;4.09;4976
0.9;Very Good;H;VVS1;62.3;59;6.09;6.15;3.81;4977
1.01;Good;D;SI1;62.9;57;6.34;6.37;4;4977
1.29;Very Good;F;SI2;63.4;57;6.92;6.77;4.35;4977
1.01;Premium;H;SI1;60.4;60;6.55;6.47;3.93;4977
1.01;Ideal;H;SI1;62.3;55;6.43;6.37;3.99;4977
1;Very Good;H;VS2;60.7;60;6.55;6.49;3.96;4978
1;Very Good;H;VS2;59.6;59;6.47;6.54;3.88;4978
1.27;Very Good;H;SI2;63.1;57;6.88;6.84;4.33;4978
0.91;Premium;F;VS2;62.2;58;6.17;6.21;3.85;4979
1.16;Premium;H;SI2;62.6;57;6.75;6.67;4.2;4979
1.14;Premium;H;SI1;59.2;58;6.86;6.8;4.04;4980
1.04;Premium;H;SI1;58.7;61;6.62;6.57;3.87;4980
1.54;Premium;H;I1;62;60;7.32;7.4;4.56;4980
1.04;Premium;H;SI1;62.6;59;6.47;6.43;4.04;4980
1.04;Premium;H;SI1;59.5;58;6.67;6.58;3.94;4980
1.2;Premium;H;SI1;62.8;56;6.76;6.68;4.22;4980
0.9;Very Good;D;VS2;63.3;59;6.12;6.17;3.89;4981
0.71;Ideal;F;VVS1;61.1;54;5.84;5.78;3.55;4981
1.09;Ideal;F;SI2;61.2;57;6.64;6.6;4.05;4981
1.02;Ideal;E;SI2;62.6;54.6;6.4;6.44;4.02;4983
1.06;Premium;H;SI1;61;58;6.57;6.61;4.02;4984
1.13;Ideal;F;SI2;61.8;56;6.69;6.73;4.15;4984
1.01;Ideal;E;SI2;62.2;55;6.4;6.43;3.99;4984
1;Premium;H;VS2;60.4;58;6.51;6.46;3.92;4984
1;Fair;F;VS1;67;52;6.12;6.08;4.09;4984
1.15;Premium;G;SI2;62.2;60;6.69;6.66;4.15;4985
1.23;Ideal;J;VS2;61.8;56;6.87;6.81;4.23;4986
1.23;Ideal;J;VS2;61.8;56;6.87;6.81;4.23;4986
1.05;Very Good;I;VS2;63.2;59;6.47;6.44;4.08;4986
1.01;Good;E;SI1;63.3;58;6.37;6.39;4.04;4986
1.01;Very Good;E;SI1;62.6;57;6.38;6.43;4.01;4986
1.23;Premium;J;VS2;62.9;59;6.85;6.8;4.29;4986
1.12;Premium;I;VS2;62.8;57;6.68;6.61;4.17;4986
1.12;Ideal;I;VS2;62.8;55;6.69;6.66;4.19;4986
1.06;Ideal;G;SI2;62.1;58;6.49;6.53;4.04;4987
1.05;Ideal;F;SI2;60.3;55;6.55;6.68;3.99;4987
1.12;Premium;I;VS1;59.6;58;6.82;6.77;4.05;4987
1.02;Ideal;G;SI1;62.2;57;6.43;6.49;4.02;4988
1.18;Premium;G;SI2;60.5;60;6.88;6.81;4.14;4988
1.08;Ideal;E;SI2;61.7;57;6.55;6.6;4.06;4989
1.2;Premium;I;SI2;60;58;6.91;6.93;4.15;4989
1.5;Good;E;I1;62.4;64;7.22;7.26;4.52;4989
1.26;Very Good;J;SI1;61.8;58;6.88;6.91;4.26;4989
1.01;Premium;F;SI1;58.5;60;6.6;6.57;3.85;4989
1.01;Premium;F;SI1;59.1;59;6.56;6.5;3.86;4989
0.83;Ideal;G;VS1;62.1;55;6.02;6.05;3.75;4989
1;Good;E;SI1;62.6;61;6.29;6.32;3.95;4989
1.01;Good;F;SI1;63.6;58;6.37;6.31;4.03;4989
1.01;Good;F;SI1;63.7;57;6.4;6.35;4.06;4989
1.01;Premium;F;SI1;59.5;62;6.53;6.45;3.86;4989
1.01;Very Good;F;SI1;63.3;59;6.42;6.38;4.05;4989
1.01;Good;F;SI1;63.8;59;6.32;6.29;4.02;4989
1.01;Premium;F;SI1;59.7;61;6.55;6.49;3.89;4989
1.01;Good;F;SI1;60.5;64;6.48;6.45;3.91;4989
1.01;Good;F;SI1;58.8;64;6.58;6.51;3.85;4989
1.01;Premium;I;VVS1;62;59;6.39;6.32;3.94;4989
1.01;Good;F;SI1;57.8;58;6.65;6.6;3.83;4989
1.01;Premium;F;SI1;62.5;58;6.42;6.39;4;4989
1.01;Very Good;F;SI1;63.5;59;6.38;6.29;4.02;4989
1.01;Premium;F;SI1;61.8;59;6.41;6.34;3.94;4989
1.01;Ideal;H;SI1;62.6;54;6.38;6.34;3.98;4989
1.21;Very Good;J;SI1;61.6;59;6.8;6.83;4.2;4990
1.02;Premium;E;SI2;58.7;58;6.68;6.61;3.9;4990
1.12;Ideal;G;SI2;61.3;55;6.74;6.7;4.12;4990
1.21;Very Good;H;SI2;61.1;60;6.86;6.91;4.21;4991
1.01;Premium;E;SI1;59.9;59;6.49;6.46;3.88;4991
1.25;Premium;G;SI2;62.8;57;6.86;6.78;4.28;4991
1.23;Good;J;SI2;63.2;57.5;6.74;6.82;4.29;4992
0.99;Very Good;D;SI2;62.5;57;6.3;6.34;3.95;4993
1.3;Very Good;J;VS1;63.2;57;6.91;6.86;4.35;4994
1.12;Premium;H;SI1;62.4;56;6.74;6.63;4.17;4994
1.06;Very Good;F;SI1;62.3;56;6.5;6.57;4.07;4995
1;Very Good;H;SI1;62;54;6.43;6.47;4;4995
1;Very Good;H;SI1;61.8;57;6.39;6.42;3.96;4995
1.03;Very Good;F;SI1;61.5;59;6.42;6.49;3.97;4996
1.1;Very Good;G;SI1;62.3;58;6.55;6.61;4.1;4997
1.1;Very Good;G;SI1;59.4;58;6.72;6.79;4.01;4997
1.1;Good;G;SI1;63.4;57;6.52;6.55;4.14;4997
1;Very Good;G;SI1;59.6;60;6.43;6.49;3.85;4997
1;Ideal;G;SI1;61.9;56;6.37;6.45;3.97;4997
1.04;Ideal;I;VS1;62.9;43;6.45;6.41;4.04;4997
1.13;Good;F;SI2;56.5;62;6.93;6.88;3.9;4998
0.4;Very Good;G;SI2;61.9;61;4.69;4.74;2.92;596
0.34;Ideal;E;SI1;62.2;55;4.45;4.49;2.78;596
0.34;Ideal;E;SI1;61.7;56;4.49;4.52;2.78;596
0.34;Ideal;G;VS2;61.5;55;4.47;4.5;2.76;596
0.34;Premium;H;VS1;61.4;59;4.5;4.53;2.77;596
0.34;Ideal;E;SI1;62.1;55;4.47;4.51;2.79;596
0.34;Very Good;E;SI1;60.3;57;4.53;4.56;2.74;596
0.4;Very Good;J;VS2;62.9;57;4.7;4.75;2.97;596
0.34;Good;E;SI1;63.2;55;4.46;4.49;2.83;596
0.34;Very Good;E;SI1;62.9;56;4.45;4.48;2.81;596
0.4;Good;G;SI2;63.1;59;4.65;4.7;2.95;596
0.34;Ideal;H;VS1;62.5;57;4.43;4.46;2.78;596
0.34;Premium;G;VS2;60.2;58;4.51;4.56;2.73;596
0.34;Premium;G;VS2;60.3;58;4.49;4.53;2.72;596
0.34;Very Good;I;VVS2;61.3;57;4.49;4.52;2.76;596
0.34;Ideal;E;SI1;61;57;4.48;4.51;2.74;596
0.34;Premium;G;VS2;60.3;59;4.49;4.53;2.72;596
0.34;Ideal;H;VS1;62.7;55;4.48;4.51;2.82;596
0.34;Ideal;G;VS2;62.2;53;4.46;4.51;2.79;596
0.34;Very Good;G;VS2;61.2;62;4.44;4.48;2.73;596
0.34;Ideal;E;SI1;62.3;57;4.48;4.51;2.8;596
0.34;Ideal;G;VS2;61.5;56;4.47;4.5;2.76;596
0.34;Ideal;E;SI1;60.7;57;4.48;4.51;2.73;596
0.34;Premium;G;VS2;61.2;59;4.43;4.49;2.73;596
0.3;Very Good;I;VVS2;63;57;4.24;4.27;2.68;596
0.34;Ideal;G;VS2;62.5;57;4.46;4.5;2.8;596
0.34;Very Good;E;SI1;59.6;57;4.52;4.61;2.72;596
0.34;Ideal;E;SI1;60.7;56;4.51;4.55;2.75;596
0.34;Premium;H;VS1;60.6;60;4.45;4.49;2.71;596
0.34;Ideal;H;VS1;62.1;57;4.48;4.51;2.79;596
1.19;Ideal;I;SI1;62.3;57;6.78;6.73;4.21;4998
1.04;Premium;H;SI1;61;58;6.54;6.6;4.01;4999
1.17;Ideal;I;SI2;61.8;54;6.78;6.82;4.2;4999
1;Very Good;H;VS2;63.3;53;6.42;6.37;4.05;5000
1.24;Ideal;J;SI1;61.8;57;6.92;6.86;4.26;5000
1.08;Ideal;I;VS2;61.6;56;6.63;6.59;4.07;5000
1.01;Very Good;I;SI2;62.2;59;6.36;6.41;3.97;5000
1.01;Very Good;I;SI2;63.4;57;6.3;6.39;4.02;5000
1.11;Very Good;G;SI1;60.3;60;6.62;6.67;4.01;5000
1.12;Ideal;E;SI2;60.5;55;6.73;6.79;4.09;5000
1.01;Premium;H;VS1;60.9;62;6.52;6.49;3.96;5000
1;Premium;H;VS2;61.5;61;6.45;6.4;3.95;5000
0.9;Premium;F;VS1;62.7;58;6.17;6.14;3.86;5000
1.24;Premium;I;SI2;62.1;58;6.88;6.84;4.26;5000
1.24;Ideal;F;SI2;60;56;7.03;7;4.21;5000
1.5;Fair;H;SI2;66;64;7.1;6.97;4.64;5000
1.16;Ideal;E;SI2;62.7;56;6.69;6.73;4.21;5001
1.16;Ideal;E;SI2;59.9;57;6.8;6.82;4.08;5001
0.9;Good;G;VVS2;63.6;58;6.1;6.11;3.88;5001
0.9;Very Good;E;VS1;62.3;56;6.1;6.19;3.83;5001
0.9;Premium;D;VS2;62.6;59;6.14;6.17;3.85;5001
1.07;Ideal;I;SI1;61.7;56.1;6.57;6.59;4.06;5002
1.1;Ideal;H;SI2;62;56.5;6.58;6.63;4.09;5002
1.2;Ideal;J;SI1;62.1;55;6.81;6.84;4.24;5002
1;Good;G;VS2;64.1;58;6.22;6.32;4.02;5002
1;Good;G;VS2;63.6;58;6.26;6.35;4.01;5002
1.01;Very Good;E;SI1;63.4;59;6.38;6.34;4.03;5002
1.01;Very Good;E;SI1;63.1;60;6.37;6.34;4.01;5002
1.01;Premium;E;SI1;62.4;60;6.35;6.32;3.95;5002
1.16;Premium;I;SI1;61.5;57;6.79;6.73;4.16;5002
1.14;Ideal;H;SI1;61.6;57;6.7;6.75;4.14;5003
1.14;Premium;H;SI1;60.7;58;6.76;6.82;4.12;5003
1.17;Premium;H;SI1;62.3;57;6.75;6.71;4.19;5004
1.11;Ideal;E;SI2;62.8;55;6.62;6.6;4.15;5004
1.09;Premium;H;VS2;61.2;58;6.63;6.58;4.03;5005
1;Very Good;D;SI1;62.8;58;6.35;6.39;4;5005
1;Good;D;SI1;60.4;64;6.3;6.39;3.83;5005
1;Good;D;SI1;61.9;65;6.31;6.36;3.92;5005
1.03;Ideal;H;SI1;62.2;56;6.45;6.51;4.03;5005
1.15;Good;H;SI1;60.2;61;6.74;6.84;4.09;5005
1.14;Ideal;E;SI2;62.6;56;6.69;6.63;4.17;5005
1.2;Premium;I;VS2;62.2;61;6.74;6.73;4.19;5006
0.72;Ideal;F;VVS1;60.8;56;5.81;5.83;3.54;5006
0.92;Very Good;F;VS1;61;60;6.25;6.27;3.82;5006
1.11;Ideal;I;SI1;62.2;54;6.64;6.68;4.14;5006
1.01;Premium;G;SI1;61.5;59;6.48;6.43;3.97;5006
1.01;Premium;G;SI1;60.6;57;6.52;6.49;3.94;5006
1.01;Premium;D;SI2;61.7;57;6.49;6.44;3.99;5006
1.01;Premium;G;SI1;61.3;59;6.48;6.44;3.96;5006
1.01;Ideal;D;SI2;61.3;54;6.52;6.47;3.99;5006
1.01;Ideal;D;SI2;61.6;57;6.46;6.42;3.97;5006
1.01;Premium;G;SI1;62.6;60;6.36;6.29;3.96;5006
1.01;Ideal;G;SI1;62.3;56;6.42;6.38;3.99;5006
1.01;Premium;G;SI1;62.2;58;6.42;6.4;3.99;5006
0.8;Ideal;E;VS1;61.8;56;5.92;5.96;3.67;5007
1.27;Ideal;J;VS1;62;57;6.96;6.92;4.3;5008
1.02;Premium;H;VS2;60.4;59;6.52;6.55;3.95;5008
1.14;Premium;I;VS2;62.8;60;6.68;6.59;4.17;5008
1.14;Premium;F;SI2;60.8;58;6.79;6.74;4.11;5008
1.15;Ideal;G;VS2;62.2;54;6.74;6.65;4.17;5008
1;Very Good;I;VS1;61.1;59.9;6.37;6.41;3.9;5009
1.11;Very Good;H;SI1;62;56;6.61;6.65;4.11;5010
1.03;Very Good;E;SI1;61.3;60;6.51;6.53;4;5010
1.01;Very Good;F;SI1;62.8;60;6.32;6.38;3.99;5010
1.01;Very Good;F;SI1;63.1;59;6.3;6.37;4;5010
1.09;Good;H;SI1;63.6;56;6.56;6.53;4.16;5010
1.03;Premium;I;VS1;60.4;59;6.51;6.57;3.95;5012
1.11;Ideal;J;VS1;61.3;55;6.65;6.75;4.11;5012
1.13;Premium;E;SI1;62.7;57;6.65;6.62;4.16;5012
1.17;Ideal;G;SI2;62;55;6.81;6.74;4.2;5012
1.02;Very Good;I;VS2;62.1;59;6.37;6.44;3.98;5013
1.03;Ideal;D;SI2;61.8;54;6.46;6.52;4.01;5013
0.9;Ideal;H;VS1;60.9;56;6.25;6.27;3.81;5013
0.9;Ideal;H;VS1;62.1;56;6.15;6.2;3.83;5013
0.9;Ideal;H;VS1;62;54;6.2;6.23;3.86;5013
1;Good;D;SI1;64.8;58;6.23;6.27;4.05;5013
1.08;Very Good;F;SI1;62.9;57;6.53;6.54;4.11;5014
1.13;Very Good;F;SI2;59.1;59;6.81;6.87;4.04;5014
1.14;Very Good;E;SI2;60.2;58;6.71;6.78;4.06;5014
0.92;Ideal;E;SI1;61.7;57;6.24;6.27;3.86;5014
1.02;Ideal;H;SI1;61.9;57;6.46;6.4;3.98;5014
1.21;Very Good;I;SI2;63.2;57;6.7;6.66;4.22;5014
1.26;Premium;J;VS2;62.5;58;6.9;6.92;4.32;5015
1.26;Premium;J;VS2;62.1;58;6.9;6.95;4.3;5015
1.11;Good;D;SI2;58;62;6.77;6.81;3.94;5015
1.2;Very Good;H;SI2;61.9;57;6.78;6.85;4.22;5016
1.2;Very Good;J;VS1;59.1;61;6.94;7;4.12;5016
1.09;Ideal;F;SI2;61.2;55;6.64;6.67;4.07;5016
1.02;Ideal;G;SI1;62.4;55;6.43;6.48;4.03;5016
1.16;Premium;I;VS2;62.4;58;6.69;6.65;4.16;5016
1.13;Very Good;F;SI1;61.2;59;6.72;6.75;4.12;5017
1.13;Very Good;F;SI1;61;58;6.69;6.75;4.1;5017
1.04;Premium;G;SI1;60.9;59;6.57;6.53;3.99;5017
1.08;Very Good;E;SI2;62.9;59;6.44;6.53;4.08;5018
1.28;Good;H;SI2;63.6;56;6.92;6.78;4.37;5018
1.03;Ideal;H;SI1;59.8;57;6.64;6.57;3.95;5018
1;Good;I;VS1;63.7;56;6.34;6.32;4.03;5018
1.12;Ideal;G;SI2;61.5;57;6.74;6.68;4.13;5018
1.17;Ideal;H;SI2;62.3;57;6.74;6.78;4.21;5019
1.02;Very Good;F;SI1;61.9;58;6.43;6.49;4;5019
1.05;Very Good;G;SI1;59.7;58;6.6;6.66;3.96;5019
0.71;Ideal;F;VVS1;61;56;5.77;5.8;3.53;5019
0.71;Ideal;F;VVS1;61.7;56;5.73;5.77;3.55;5019
0.71;Ideal;F;VVS1;61.4;56;5.75;5.78;3.54;5019
1;Very Good;I;VS2;61.9;59;6.35;6.38;3.94;5020
1.06;Very Good;H;SI1;62.6;58;6.4;6.51;4.04;5020
1.01;Ideal;F;SI2;60.4;59;6.48;6.51;3.92;5020
1.01;Ideal;I;SI1;62.5;56;6.4;6.36;3.99;5020
1.01;Ideal;H;SI1;60.4;58;6.5;6.54;3.94;5020
1.06;Ideal;H;SI1;62.1;56;6.51;6.57;4.06;5020
1.01;Good;G;SI1;63.7;60;6.28;6.32;4.01;5021
1.01;Good;G;SI1;63.2;59;6.32;6.36;4.01;5021
1.03;Ideal;D;SI2;62.5;55;6.41;6.48;4.03;5021
1.27;Ideal;J;SI2;61.2;56;6.99;6.95;4.27;5021
1.39;Ideal;F;SI2;62.2;56;7.2;7.15;4.46;5021
1.09;Ideal;G;SI1;62.2;56;6.6;6.55;4.09;5022
1.01;Ideal;I;VS1;62.5;59;6.33;6.41;3.98;5022
0.91;Ideal;G;VS2;61.4;57;6.23;6.28;3.84;5023
0.92;Ideal;E;VS1;62.6;57;6.18;6.13;3.85;5023
1.03;Very Good;G;SI1;62.6;56;6.41;6.44;4.02;5024
1.17;Very Good;G;SI1;63.3;61;6.65;6.59;4.19;5025
1;Very Good;E;SI1;63.3;56;6.31;6.39;4.02;5026
1.01;Very Good;H;SI1;61.9;59;6.4;6.43;3.97;5026
1.24;Premium;J;VS2;61.4;59;6.91;6.83;4.22;5026
0.7;Premium;D;IF;60;59;5.75;5.81;3.47;5027
1.12;Premium;I;VS2;61.9;58;6.63;6.68;4.12;5027
1.32;Premium;E;I1;62.2;58;7.05;6.97;4.36;5027
1.07;Ideal;F;SI2;60.7;56.9;6.62;6.65;4.02;5027
1.25;Premium;H;SI1;60.7;58;7.04;6.99;4.26;5027
1;Premium;E;SI1;62.7;61;6.37;6.32;3.98;5027
1;Fair;E;SI1;57.6;57;6.56;6.52;3.77;5027
1.05;Ideal;H;SI1;62.5;56;6.52;6.43;4.05;5027
1.05;Very Good;H;SI1;63.2;56;6.51;6.47;4.1;5027
1.21;Ideal;F;SI2;61.5;57;6.88;6.82;4.21;5028
0.92;Premium;D;SI1;62.5;59;6.24;6.14;3.87;5028
1.01;Premium;H;VS2;61.3;58;6.46;6.49;3.97;5028
1.01;Very Good;H;VS2;62.1;57;6.39;6.45;3.99;5028
1.01;Ideal;H;VS2;61.9;57;6.42;6.48;3.99;5028
0.97;Ideal;D;SI1;62.8;56;6.24;6.3;3.94;5028
1.21;Fair;F;SI2;65.3;53;6.74;6.68;4.38;5028
1.54;Premium;J;SI1;61.1;58;7.48;7.41;4.55;5028
1.21;Good;I;VS2;64.1;61;6.7;6.66;4.28;5028
1.21;Good;J;VVS2;63.7;56;6.71;6.67;4.26;5028
1.03;Very Good;E;SI1;62.6;58;6.42;6.49;4.04;5029
1.22;Very Good;J;SI1;62.2;59;6.77;6.8;4.22;5029
0.86;Good;D;VVS1;64.3;53;6.02;6.12;3.89;5029
1.01;Ideal;H;SI1;62.3;55;6.46;6.45;4.02;5029
1;Very Good;F;SI1;63.8;56;6.25;6.29;4;5030
1.23;Ideal;J;VS2;61.5;57;6.85;6.9;4.23;5030
1.07;Premium;H;SI1;60;60;6.61;6.65;3.98;5031
1.07;Ideal;H;SI1;60.9;57;6.61;6.68;4.05;5031
1.13;Ideal;I;VS2;62.3;56;6.73;6.63;4.16;5031
1.17;Ideal;F;SI1;63;54;6.71;6.66;4.21;5032
0.91;Premium;H;VVS1;62.5;59;6.16;6.19;3.86;5032
1.14;Very Good;F;SI2;59.2;63;6.78;6.86;4.04;5033
0.91;Very Good;D;SI1;62.8;58;6.16;6.19;3.88;5033
1.07;Premium;E;SI2;62.9;59;6.55;6.46;4.09;5033
1.07;Premium;E;SI2;61.3;59;6.64;6.58;4.05;5033
1.16;Very Good;E;SI2;62.4;55;6.69;6.77;4.2;5034
1.01;Premium;G;SI1;59.6;58;6.61;6.54;3.92;5034
1.09;Ideal;J;SI2;62;55;6.58;6.64;4.1;5034
1.01;Very Good;H;VS2;63.1;56;6.41;6.36;4.03;5034
1.01;Fair;E;SI1;64.7;56;6.34;6.27;4.08;5034
1.09;Very Good;E;SI2;60.9;59;6.61;6.75;4.07;5035
1.09;Ideal;E;SI2;61.6;55;6.6;6.64;4.08;5035
1.09;Ideal;E;SI2;61.9;55;6.6;6.64;4.1;5035
1.12;Very Good;I;VS1;59.6;58;6.82;6.77;4.05;5036
1;Very Good;H;SI1;61.5;59;6.35;6.4;3.92;5036
1.03;Ideal;G;SI1;60.9;57;6.54;6.5;3.97;5037
1.23;Very Good;G;SI2;60.8;59;6.88;6.97;4.21;5037
1.1;Ideal;I;SI1;62.1;57;6.6;6.64;4.11;5037
1.03;Premium;G;SI1;61.9;56;6.54;6.48;4.03;5037
1.02;Premium;F;SI1;59.2;58;6.53;6.5;3.86;5038
1.15;Ideal;I;VS2;61.7;59;6.68;6.73;4.14;5038
1.02;Very Good;F;SI1;63.3;58;6.39;6.35;4.03;5038
1.02;Very Good;F;SI1;62.1;63;6.48;6.36;3.99;5038
1.26;Premium;J;SI2;62.7;58;6.95;6.9;4.34;5038
1.23;Premium;G;SI1;62.5;62;6.87;6.78;4.27;5039
1.2;Premium;H;SI2;62.4;61;6.81;6.78;4.24;5040
0.9;Very Good;D;SI1;60.6;59;6.23;6.28;3.79;5040
1.2;Good;I;SI1;65;59;6.51;6.57;4.25;5040
1.25;Premium;I;SI2;61;60;6.98;6.93;4.24;5040
1.2;Ideal;J;VS1;61.8;55;6.81;6.76;4.19;5040
1.5;Fair;I;I1;65.1;59;7.12;6.96;4.58;5040
1.2;Ideal;H;SI2;62.3;57;6.83;6.75;4.23;5040
1.2;Very Good;I;SI1;63.1;59;6.7;6.67;4.22;5040
1;Premium;E;SI1;61.2;58;6.39;6.35;3.9;5040
1;Fair;F;SI1;61.3;62;6.45;6.37;3.93;5040
1.01;Very Good;I;VS1;63.4;57;6.32;6.39;4.03;5041
1.21;Fair;H;VS2;64.5;56;6.7;6.66;4.31;5041
1.07;Premium;F;SI1;61.7;58;6.54;6.61;4.06;5042
1.11;Very Good;D;SI2;61.3;60;6.54;6.6;4.03;5042
1.11;Very Good;D;SI2;59.9;57;6.72;6.74;4.03;5042
1.09;Ideal;E;SI2;61.7;58;6.58;6.62;4.07;5042
1.09;Premium;D;SI2;61.3;58;6.65;6.62;4.07;5042
1.22;Premium;J;SI1;61.9;58;6.87;6.84;4.24;5042
1.06;Premium;G;SI1;61.9;55;6.61;6.54;4.07;5043
1.16;Very Good;D;SI2;62.5;60;6.64;6.7;4.17;5044
1.04;Ideal;G;SI2;62.4;54;6.49;6.53;4.06;5044
1.02;Ideal;G;SI1;62.2;56;6.46;6.44;4.01;5044
1.02;Ideal;G;SI1;60.6;59;6.55;6.52;3.96;5044
1.08;Premium;G;SI1;59.4;60;6.7;6.63;3.96;5044
1.04;Good;F;SI1;63.4;59;6.4;6.44;4.07;5045
1.24;Very Good;J;SI1;61.6;60;6.89;6.95;4.26;5045
1.95;Premium;H;I1;60.3;59;8.1;8.05;4.87;5045
1;Very Good;H;VS2;59.7;59;6.52;6.57;3.91;5046
1.24;Very Good;I;SI1;62.5;57;6.84;6.89;4.29;5046
1.12;Ideal;F;SI2;61.9;55;6.68;6.72;4.15;5046
1.15;Very Good;H;SI1;60.9;57;6.72;6.8;4.12;5047
1.05;Very Good;H;SI1;60.2;62;6.52;6.57;3.94;5047
1.3;Very Good;J;SI2;61.1;61;6.95;7;4.26;5047
1.02;Very Good;H;SI1;64.4;59;6.24;6.36;4.06;5047
1.02;Ideal;H;SI1;61.7;57;6.45;6.48;3.99;5047
1.14;Premium;D;SI2;59.2;61;6.84;6.82;4.04;5047
1.06;Very Good;H;SI1;59.1;58;6.66;6.71;3.95;5048
1.08;Ideal;H;SI2;61.4;57;6.6;6.66;4.07;5049
1.2;Good;G;SI2;63.6;54;6.71;6.75;4.28;5049
1.08;Ideal;I;SI1;62.6;53.9;6.51;6.56;4.09;5049
1.01;Very Good;G;SI1;62.8;56;6.35;6.43;4.01;5049
1.01;Ideal;G;SI1;60.6;59;6.45;6.49;3.92;5049
1.03;Very Good;H;SI1;60.4;60;6.41;6.53;3.91;5050
1.01;Premium;H;VS2;62.6;61;6.33;6.29;3.95;5050
1.2;Ideal;I;SI2;60.5;58;6.92;6.83;4.16;5050
1.01;Very Good;H;VS2;61;63;6.41;6.38;3.9;5050
1.01;Very Good;H;VS2;63.5;61;6.32;6.24;3.99;5050
1.13;Premium;H;SI1;60.1;60;6.77;6.73;4.06;5050
1.13;Premium;H;SI1;60.9;59;6.79;6.7;4.11;5050
1.01;Good;D;VS1;56.8;61;6.5;6.45;3.68;5050
1.13;Premium;H;SI1;62;58;6.67;6.63;4.12;5050
1.01;Good;G;VS2;60.2;65;6.55;6.48;3.92;5050
1.13;Ideal;H;SI1;62;57;6.73;6.66;4.15;5050
1;Very Good;E;SI1;63.3;57;6.3;6.36;4.01;5051
1;Very Good;E;SI1;63.1;57;6.36;6.39;4.02;5051
1.01;Very Good;G;SI1;63.4;58;6.29;6.4;4.02;5051
2;Premium;J;I1;61.5;59;8.11;8.06;4.97;5051
1.11;Ideal;J;VS2;61.7;54;6.64;6.69;4.11;5051
0.92;Ideal;D;SI2;61.9;55;6.24;6.27;3.87;5051
1.01;Ideal;D;SI2;61.6;57;6.32;6.45;3.93;5051
1.01;Good;G;SI1;58.4;61;6.51;6.61;3.83;5051
1;Good;E;SI1;57.5;62;6.5;6.58;3.76;5051
0.72;Ideal;F;VVS1;60.8;56;5.83;5.81;3.54;5051
0.88;Very Good;F;VVS2;62;59;6.09;6.13;3.79;5052
1.13;Very Good;E;SI2;60.3;58;6.78;6.86;4.11;5052
0.65;Ideal;D;VVS1;60.9;57;5.58;5.61;3.41;5052
1.2;Good;J;VS2;63.7;56;6.67;6.62;4.23;5053
1.14;Very Good;H;VS2;59.9;57;6.78;6.81;4.07;5053
1.2;Premium;J;VS2;62.6;57;6.8;6.72;4.23;5053
1.11;Good;I;VS2;63.6;58;6.57;6.52;4.16;5054
1.01;Good;D;SI1;63.9;62;6.25;6.31;4.01;5055
1.01;Good;D;SI1;63.9;61;6.28;6.31;4.02;5055
1.01;Very Good;D;SI1;58.1;61;6.59;6.66;3.85;5055
1.01;Very Good;H;VS1;59.6;58;6.46;6.5;3.86;5055
1.01;Very Good;H;VS1;63;55;6.35;6.41;4.02;5055
1.01;Good;D;SI1;63.9;60;6.29;6.32;4.03;5055
1.02;Ideal;E;SI1;60.7;57;6.55;6.51;3.97;5055
1.02;Good;G;SI1;63.6;58;6.39;6.34;4.05;5055
1.02;Ideal;G;SI1;62.8;57;6.38;6.35;4;5055
1.07;Premium;H;SI1;62.1;58;6.56;6.49;4.05;5055
1.07;Premium;H;SI1;62.2;57;6.57;6.48;4.06;5055
1.24;Ideal;H;VS1;63;55;6.84;6.81;4.3;5055
1.02;Premium;H;SI1;59.6;57;6.63;6.55;3.93;5055
0.91;Premium;E;VS2;62.3;58;6.21;6.15;3.85;5055
1.02;Premium;D;SI2;62.8;55;6.46;6.38;4.03;5055
0.91;Premium;E;VS2;61.1;58;6.28;6.2;3.81;5055
1.12;Premium;H;VS1;59.6;57;6.82;6.77;4.05;5055
1.14;Good;I;VS1;63.3;56;6.6;6.68;4.2;5056
1.01;Good;I;VS1;59;63.5;6.5;6.57;3.86;5056
1.22;Very Good;J;VS1;59;63;7.05;7.02;4.15;5056
1.1;Premium;H;SI1;60.4;60;6.72;6.68;4.05;5056
0.76;Ideal;E;VVS1;62.2;55;5.86;5.82;3.63;5056
0.91;Premium;E;VS1;62.7;59;6.15;6.19;3.87;5057
0.91;Very Good;E;VS1;62.8;60;6.08;6.11;3.83;5057
1.08;Ideal;G;SI2;61.3;57;6.55;6.64;4.04;5057
1.05;Premium;D;SI2;60.4;57;6.6;6.55;3.97;5057
1;Very Good;F;SI1;61.8;58;6.37;6.44;3.96;5058
1;Premium;F;SI1;59.8;59;6.49;6.55;3.9;5058
1.02;Very Good;F;SI1;63.1;55;6.45;6.38;4.05;5058
1.12;Premium;I;VS1;62.2;59;6.66;6.59;4.12;5058
1.26;Premium;E;SI2;60.3;60;7;6.94;4.2;5058
1;Premium;F;SI1;62.1;59;6.36;6.39;3.96;5060
1;Good;E;SI1;64.2;58;6.25;6.28;4.02;5061
1.11;Ideal;G;SI1;62.6;57;6.64;6.59;4.14;5061
1.13;Ideal;G;SI2;61.1;54;6.77;6.74;4.13;5062
1.01;Fair;H;VS1;61.4;66;6.34;6.24;3.87;5062
1.01;Ideal;H;SI1;61;56;6.48;6.43;3.94;5062
1.22;Premium;H;SI1;60.6;58;6.91;6.86;4.17;5063
1.37;Very Good;J;SI2;60.7;60;7.07;7.19;4.33;5063
1.03;Ideal;H;SI1;62;57;6.53;6.47;4.03;5063
1.07;Ideal;H;VS1;60.2;57;6.61;6.55;3.96;5063
1.29;Ideal;D;I1;61.3;56;6.99;7.05;4.3;5065
1.07;Ideal;H;SI1;61.5;56;6.6;6.66;4.08;5065
1.34;Very Good;E;SI2;62.1;63;7.06;7.01;4.37;5065
1.01;Very Good;J;VVS2;63.7;57;6.31;6.35;4.03;5067
1.01;Very Good;I;VS2;62.9;56;6.38;6.43;4.03;5067
1.01;Very Good;I;VS2;60.9;59;6.42;6.45;3.92;5067
1.01;Very Good;F;SI2;61;60;6.42;6.46;3.93;5067
1.25;Ideal;J;VS2;62.6;54;6.94;6.9;4.33;5067
1.04;Ideal;E;SI2;61.1;56;6.55;6.51;3.99;5067
0.9;Good;E;VS1;62.2;60;6.12;6.16;3.82;5068
1.29;Very Good;J;VS2;61.3;60;6.96;6.98;4.27;5068
0.34;Premium;E;SI1;60.7;60;4.48;4.51;2.73;596
0.34;Premium;G;VS2;61.3;58;4.51;4.53;2.77;596
0.34;Premium;G;VS2;61.1;60;4.51;4.53;2.76;596
0.34;Premium;H;VS1;61.6;59;4.49;4.54;2.78;596
0.34;Ideal;G;VS2;61.3;55;4.49;4.51;2.76;596
0.34;Premium;E;SI1;59.3;58;4.55;4.59;2.71;596
0.34;Premium;G;VS2;61;58;4.46;4.49;2.73;596
0.34;Ideal;G;VS2;61.5;57;4.47;4.51;2.76;596
0.34;Premium;G;VS2;61.2;58;4.46;4.5;2.74;596
0.34;Premium;G;VS2;62;59;4.43;4.47;2.76;596
0.4;Very Good;J;VS2;62.5;60;4.67;4.71;2.93;596
0.4;Very Good;J;VS2;60.9;62;4.73;4.76;2.89;596
0.34;Ideal;E;SI1;61.4;55;4.48;4.54;2.77;596
0.34;Ideal;G;VS2;61.8;56;4.48;4.52;2.78;596
0.34;Ideal;G;VS2;62;55;4.46;4.48;2.77;596
0.34;Premium;G;VS2;62.4;59;4.41;4.47;2.77;596
0.34;Ideal;G;VS2;62;56;4.47;4.5;2.78;596
0.4;Good;I;SI1;63.2;55;4.68;4.72;2.97;596
0.34;Premium;E;SI1;61.9;59;4.44;4.48;2.76;596
0.34;Ideal;E;SI1;61.4;54;4.5;4.53;2.77;596
0.34;Ideal;G;VS2;62.2;57;4.44;4.47;2.77;596
0.34;Ideal;E;SI1;61.8;56;4.45;4.48;2.76;596
0.34;Very Good;H;VS1;61.3;56;4.48;4.53;2.76;596
0.34;Ideal;G;VS2;61.1;55;4.52;4.55;2.77;596
0.34;Good;H;VS1;63.1;57;4.4;4.44;2.79;596
0.34;Good;G;VS2;63.1;57;4.43;4.47;2.81;596
0.34;Ideal;G;VS2;61.4;57;4.48;4.51;2.76;596
0.34;Ideal;G;VS2;61.7;56;4.48;4.53;2.78;596
0.34;Ideal;G;VS2;61.9;55;4.49;4.53;2.79;596
0.34;Premium;H;VS1;60.8;59;4.48;4.53;2.74;596
1.44;Very Good;E;I1;61.1;62;7.15;7.23;4.39;5068
1;Good;G;VS2;62.7;58;6.24;6.33;3.94;5068
1.01;Ideal;E;SI1;62.2;56;6.43;6.4;3.99;5068
1;Premium;H;VS2;59.6;59;6.54;6.47;3.88;5069
1.04;Very Good;G;SI1;61.8;59;6.49;6.55;4.03;5070
1.2;Ideal;J;SI1;61.9;57;6.8;6.87;4.23;5071
1.54;Premium;H;I1;62;60;7.4;7.32;4.56;5071
1.09;Very Good;I;VS2;62.6;57;6.55;6.62;4.12;5072
1.16;Premium;F;SI2;62.1;59;6.71;6.76;4.18;5072
1.22;Very Good;I;SI2;62.9;56;6.79;6.84;4.29;5072
1.05;Very Good;H;SI1;63.2;59;6.39;6.46;4.06;5072
1.25;Premium;J;SI1;62;58;6.88;6.9;4.27;5073
1.1;Very Good;E;SI2;63;56;6.59;6.55;4.14;5073
1.11;Ideal;I;VS2;62.2;56;6.69;6.62;4.14;5073
1.51;Fair;I;I1;65.7;61;7.08;7.02;4.63;5074
1.14;Ideal;I;VS2;62.9;56;6.71;6.67;4.21;5075
1.06;Premium;H;SI1;61;58;6.61;6.57;4.02;5075
1.03;Premium;D;SI2;60.6;60;6.52;6.46;3.93;5076
1.02;Very Good;F;SI1;60.2;60;6.55;6.61;3.96;5077
1.07;Ideal;F;SI2;62;56;6.51;6.55;4.09;5077
1.01;Very Good;E;SI1;63.3;58;6.39;6.37;4.04;5077
1.01;Premium;E;SI1;63;61;6.42;6.37;4.03;5077
1.16;Ideal;G;SI2;61.6;55;6.78;6.8;4.18;5078
1.08;Premium;H;SI1;62.6;58;6.53;6.56;4.1;5078
1.01;Very Good;F;SI1;62.4;60;6.35;6.4;3.98;5078
1.01;Very Good;F;SI1;62.7;56;6.39;6.36;4;5078
1.03;Premium;H;VS2;62.4;58;6.47;6.39;4.01;5078
0.93;Fair;D;VS2;56.3;67;6.52;6.45;3.65;5078
1.02;Ideal;H;SI1;59.9;56;6.54;6.51;3.91;5079
1.26;Premium;I;SI2;60.1;59;7.03;6.99;4.21;5080
1.26;Premium;J;SI1;61.8;58;6.91;6.88;4.26;5080
1.2;Premium;I;SI2;60;58;6.93;6.91;4.15;5080
1.08;Ideal;E;SI2;61.7;57;6.6;6.55;4.06;5080
0.9;Ideal;G;VS1;62.5;57;6.18;6.13;3.84;5080
0.9;Ideal;D;SI1;61.6;55;6.23;6.27;3.85;5081
1.1;Ideal;E;SI2;61.6;56;6.61;6.64;4.08;5082
1.1;Very Good;I;VS1;60.2;59;6.67;6.71;4.03;5082
1.2;Good;H;SI2;62.2;62;6.69;6.75;4.18;5082
1;Very Good;E;SI1;61.1;60;6.42;6.47;3.94;5082
1;Very Good;E;SI1;60.9;59;6.38;6.43;3.9;5082
1;Good;E;SI1;63.7;60;6.24;6.29;3.99;5082
1.2;Very Good;J;SI1;62.5;58;6.74;6.79;4.23;5082
1.21;Premium;H;SI2;58.2;59;7.05;7.03;4.1;5082
1.21;Premium;H;SI2;61.1;60;6.91;6.86;4.21;5082
1.21;Premium;H;SI2;62.1;56;6.8;6.76;4.21;5082
1.02;Ideal;G;SI1;62.2;56;6.44;6.46;4.01;5082
1.21;Premium;H;SI2;60;61;6.88;6.79;4.1;5082
1.2;Very Good;J;SI1;61.8;57.7;6.78;6.91;4.23;5083
1.83;Fair;J;I1;70;58;7.34;7.28;5.12;5083
1.23;Ideal;J;SI2;63.2;58;6.82;6.74;4.29;5083
1.02;Premium;H;SI1;61.1;58;6.51;6.46;3.96;5084
1.01;Very Good;E;SI1;63.1;57;6.33;6.44;4.03;5085
1.2;Good;H;SI2;59.7;63;6.84;6.87;4.09;5085
1.09;Fair;H;SI1;64.4;60;6.49;6.42;4.16;5085
1.13;Very Good;E;SI1;60.8;58;6.71;6.77;4.1;5086
0.92;Very Good;D;SI1;62;58;6.18;6.21;3.84;5086
0.72;Ideal;F;VVS1;61.8;57;5.73;5.76;3.55;5086
1.04;Premium;G;SI1;61.4;57;6.56;6.5;4.01;5086
1.03;Premium;F;SI1;61.5;59;6.49;6.42;3.97;5087
1.03;Premium;F;SI1;58.6;62;6.65;6.6;3.88;5087
1.03;Premium;F;SI1;61.5;57;6.53;6.44;3.99;5087
1.03;Premium;F;SI1;60.9;61;6.54;6.5;3.97;5087
0.9;Premium;F;VS1;62.7;58;6.14;6.17;3.86;5088
1.12;Very Good;G;SI1;62.5;58;6.6;6.64;4.14;5088
1.12;Very Good;G;SI1;59.5;62;6.76;6.81;4.04;5088
1.18;Very Good;E;SI2;62.5;60;6.7;6.74;4.2;5088
1.03;Good;D;SI1;60.1;62;6.55;6.53;3.93;5088
1.1;Premium;G;SI1;62.3;58;6.61;6.55;4.1;5088
1;Premium;G;SI1;59.6;60;6.49;6.43;3.85;5088
1.18;Ideal;I;SI1;62.2;56;6.85;6.75;4.23;5088
1.18;Premium;I;SI1;62.8;56;6.74;6.71;4.22;5088
1.1;Premium;D;SI2;61.5;60;6.64;6.58;4.06;5088
1;Ideal;G;SI1;61.9;56;6.45;6.37;3.97;5088
1.02;Premium;F;SI1;62.2;58;6.4;6.46;4;5089
1.01;Fair;F;VS2;65.2;52;6.31;6.29;4.11;5090
1.06;Very Good;E;SI1;61.4;58;6.53;6.62;4.04;5090
1.01;Premium;H;SI1;62.3;58;6.44;6.4;4;5090
1.04;Premium;H;SI1;61;58;6.6;6.54;4.01;5090
1.01;Premium;F;SI1;62.9;58;6.43;6.35;4.02;5090
1.01;Premium;G;SI1;60.8;60;6.47;6.39;3.91;5090
1.16;Premium;H;SI1;61.9;59;6.73;6.74;4.17;5091
1.21;Ideal;I;SI2;60.6;56;6.92;6.94;4.2;5091
1.16;Ideal;I;SI1;62.6;57;6.71;6.67;4.19;5091
1.07;Premium;G;SI1;63;55;6.55;6.47;4.1;5091
1.07;Premium;G;SI1;61;58;6.66;6.59;4.04;5091
1.11;Premium;F;SI1;60.4;61;6.72;6.65;4.04;5091
1.17;Ideal;I;SI1;60;59;6.82;6.87;4.11;5092
1.03;Ideal;H;SI1;62;56;6.44;6.49;4.01;5093
1;Good;D;SI1;64.2;60;6.22;6.28;4.01;5093
1.16;Ideal;E;SI2;59.9;57;6.82;6.8;4.08;5093
1.16;Ideal;E;SI2;62.7;56;6.73;6.69;4.21;5093
1.07;Ideal;I;SI1;61.7;56;6.59;6.57;4.06;5093
1.12;Good;H;SI1;59.8;61;6.72;6.85;4.06;5094
1.33;Premium;I;SI2;59.7;59;7.21;7.15;4.29;5094
1.05;Ideal;H;SI1;61.4;57;6.49;6.54;4;5095
1.08;Good;E;SI1;63.1;59;6.49;6.53;4.11;5096
1.08;Ideal;E;SI1;62.6;57;6.53;6.56;4.1;5096
1;Fair;D;SI1;67.3;57;6.15;6.04;4.1;5096
1;Premium;D;SI1;61.4;58;6.4;6.34;3.91;5096
1.14;Ideal;I;SI1;60.8;58;6.71;6.74;4.09;5096
1.21;Good;J;VS2;61;64;6.89;6.79;4.17;5096
1.01;Premium;F;SI2;62.2;59;6.41;6.38;3.98;5096
1.3;Premium;H;SI2;61.3;58;6.99;6.95;4.27;5096
1;Premium;H;VS2;61.3;61;6.44;6.38;3.93;5096
1.21;Premium;J;VS2;61.9;59;6.84;6.77;4.21;5096
1;Premium;D;SI1;62.2;58;6.28;6.23;3.89;5096
1;Good;D;SI1;60.4;64;6.39;6.3;3.83;5096
1;Ideal;G;SI1;63;55;6.42;6.41;4.04;5096
1.2;Premium;I;SI1;61.4;57;6.87;6.8;4.2;5098
1.09;Premium;G;VS2;62.1;57;6.6;6.55;4.08;5098
1.22;Ideal;H;SI2;61;57;6.89;6.95;4.22;5099
1.01;Ideal;I;VS2;62;54;6.43;6.47;4;5099
1.02;Premium;H;VS2;61.8;58;6.49;6.43;3.99;5100
1.31;Very Good;J;SI2;61.8;59;6.96;7.02;4.32;5100
1.13;Premium;H;SI1;62.3;58;6.67;6.68;4.16;5101
0.95;Very Good;D;SI1;63.7;55;6.2;6.24;3.96;5101
1.05;Ideal;I;VS1;61.5;55;6.56;6.61;4.05;5101
1.03;Premium;E;SI1;61.3;60;6.53;6.51;4;5101
0.91;Premium;E;VS1;60.6;58;6.32;6.25;3.81;5101
1.04;Premium;H;VVS1;60.4;58;6.58;6.53;3.96;5102
0.9;Very Good;G;VVS2;59.8;60;6.23;6.28;3.74;5102
0.9;Very Good;E;VS1;60.7;61;6.21;6.24;3.78;5102
1.04;Ideal;H;SI1;62.3;57;6.45;6.48;4.03;5102
1.11;Ideal;H;SI1;62;56;6.65;6.61;4.11;5102
1.11;Premium;H;SI1;62.1;58;6.6;6.57;4.09;5102
1.07;Ideal;I;VS1;62.2;58;6.52;6.57;4.07;5103
1.36;Premium;H;SI2;60.1;56;7.23;7.18;4.38;5103
1.03;Premium;I;VS1;60.4;59;6.57;6.51;3.95;5104
1.05;Ideal;D;SI1;60;55;6.66;6.61;3.98;5104
1.04;Ideal;I;VS2;61.5;57;6.49;6.52;4;5105
1.03;Premium;G;SI1;60.5;60;6.52;6.48;3.93;5105
1.03;Ideal;D;SI2;61.8;54;6.52;6.46;4.01;5105
1.03;Premium;H;SI1;59.2;60;6.62;6.58;3.91;5105
1.08;Ideal;F;SI1;62.9;57;6.54;6.53;4.11;5106
1.34;Fair;G;SI2;64.7;55;7.03;6.97;4.53;5106
1.01;Very Good;F;SI1;63.2;56;6.32;6.37;4.01;5107
1.01;Very Good;F;SI1;62;56;6.41;6.47;3.99;5107
1.12;Premium;D;SI2;58.2;60;6.9;6.81;3.99;5107
1.16;Ideal;I;SI1;62.4;57;6.71;6.75;4.2;5107
1.01;Ideal;G;SI1;62.9;56;6.39;6.43;4.03;5107
1.26;Premium;J;VS2;62.5;58;6.92;6.9;4.32;5107
1.2;Premium;J;VS1;59.1;61;7;6.94;4.12;5107
1.2;Ideal;I;SI1;62.5;57;6.77;6.71;4.21;5107
1.2;Very Good;I;VVS2;61.7;63;6.72;6.7;4.13;5107
1.5;Good;J;SI2;63.7;58;7.19;7.13;4.56;5107
1.07;Ideal;H;VS2;61.8;56;6.52;6.55;4.04;5108
1.05;Ideal;D;SI2;61.9;56;6.5;6.53;4.03;5110
1.25;Good;J;SI1;63.6;57;6.86;6.81;4.35;5110
0.95;Very Good;G;VS1;61.7;58;6.26;6.34;3.89;5111
1.21;Very Good;I;SI2;62;56;6.79;6.86;4.23;5111
1.03;Ideal;G;SI1;60.1;59;6.6;6.57;3.96;5111
1.08;Premium;H;VS1;62.5;60;6.55;6.51;4.08;5111
1.17;Ideal;H;SI2;62.3;57;6.78;6.74;4.21;5111
0.99;Very Good;F;SI1;62.5;58;6.36;6.38;3.98;5112
0.87;Ideal;E;SI1;61.5;57;6.12;6.15;3.77;5112
1.06;Premium;G;SI1;62.2;57;6.53;6.47;4.04;5113
1;Very Good;E;SI1;63.3;57;6.28;6.32;3.99;5113
1.01;Good;G;SI1;63.7;60;6.32;6.28;4.01;5113
1.01;Very Good;G;SI1;63.2;59;6.36;6.32;4.01;5113
1.06;Premium;G;SI1;61.5;59;6.57;6.53;4.03;5113
1.26;Premium;J;SI1;61.7;58;6.91;6.99;4.29;5114
1.2;Very Good;H;SI1;63.3;57;6.75;6.7;4.26;5114
1.02;Ideal;F;SI2;62.9;58;6.34;6.42;4.01;5115
1.2;Very Good;G;SI2;62.6;60;6.68;6.74;4.2;5116
1.2;Very Good;G;SI2;59.7;59;6.89;6.94;4.13;5116
1.06;Ideal;I;VS2;61.4;55;6.59;6.61;4.05;5116
0.9;Premium;E;VS1;62.1;59;6.15;6.09;3.8;5116
1.01;Very Good;G;VS2;62.8;58;6.35;6.42;4.01;5119
1;Very Good;F;SI1;60.5;60;6.38;6.45;3.88;5119
1.12;Premium;I;VS2;61.9;58;6.68;6.63;4.12;5119
1.13;Ideal;E;SI2;61.8;57;6.68;6.65;4.12;5120
1.01;Premium;H;VS2;62.1;57;6.45;6.39;3.99;5120
1.15;Premium;I;VS2;62.6;56;6.74;6.67;4.2;5120
1.15;Premium;F;SI2;61.1;57;6.82;6.77;4.15;5120
1;Very Good;H;VS2;62.9;57;6.31;6.35;3.98;5121
1.27;Premium;J;SI1;61.8;58;6.97;6.91;4.29;5121
0.9;Very Good;F;SI1;62.3;57;6.13;6.16;3.83;5122
1;Very Good;F;SI1;63.5;56;6.28;6.35;4.01;5122
1.01;Very Good;D;SI1;62.2;58;6.36;6.4;3.97;5122
0.9;Ideal;F;SI1;61;56;6.17;6.19;3.77;5122
1.01;Fair;D;SI1;66.2;56;6.05;6.1;4.02;5122
1.15;Premium;I;SI2;61.3;57.3;6.71;6.78;4.13;5123
0.9;Very Good;D;SI1;62.3;53;6.2;6.22;3.87;5123
1.07;Premium;H;SI1;60;60;6.65;6.61;3.98;5123
1.07;Premium;H;SI1;61.5;57;6.63;6.55;4.05;5123
1.07;Premium;H;SI1;60.4;59;6.65;6.62;4.01;5123
1.07;Ideal;H;SI1;60.9;57;6.68;6.61;4.05;5123
1.21;Ideal;I;SI1;62.4;55;6.78;6.81;4.24;5124
1.16;Ideal;J;SI1;61.8;55;6.75;6.78;4.18;5124
1.3;Good;J;SI2;62.9;56;6.9;6.94;4.35;5124
1.22;Ideal;I;SI1;62.5;56;6.82;6.79;4.25;5124
1.09;Ideal;H;SI1;62.3;55;6.58;6.61;4.11;5125
1.09;Ideal;H;SI1;61.1;57;6.6;6.69;4.1;5125
1.09;Ideal;H;SI1;62.5;56;6.53;6.58;4.1;5125
1.09;Ideal;H;SI1;61.1;57;6.62;6.71;4.07;5125
1.15;Ideal;J;VS2;60.7;55;6.77;6.83;4.13;5125
1.04;Ideal;E;SI2;61.9;57;6.48;6.51;4.02;5125
1.24;Ideal;J;SI1;61.9;56;6.95;6.88;4.28;5125
1.01;Ideal;H;SI1;62.6;55;6.41;6.44;4.02;5126
0.93;Ideal;G;SI1;60.1;57;6.33;6.41;3.83;5126
1.05;Ideal;G;SI2;62.7;57;6.45;6.51;4.06;5127
1.11;Ideal;G;SI1;62;57;6.69;6.61;4.12;5127
1.09;Premium;E;SI2;60.9;59;6.75;6.61;4.07;5127
1.09;Ideal;E;SI2;61.6;55;6.64;6.6;4.08;5127
1.09;Ideal;E;SI2;61.9;55;6.64;6.6;4.1;5127
1.09;Premium;E;SI2;61.4;58;6.67;6.63;4.08;5127
1.24;Premium;J;VS2;62;58;6.87;6.91;4.27;5128
1.05;Ideal;H;SI1;62.4;57;6.49;6.52;4.06;5128
1.03;Premium;H;SI1;62.5;59;6.46;6.41;4.02;5129
1.09;Very Good;H;SI1;60.6;60;6.61;6.68;4.03;5131
1.02;Very Good;H;SI1;59.9;58;6.57;6.66;3.96;5131
1.01;Premium;G;VS2;61.2;59;6.43;6.37;3.92;5131
1.01;Fair;F;SI1;65;61;6.29;6.23;4.07;5131
1.1;Good;H;SI1;63.6;58;6.55;6.5;4.15;5131
1.01;Good;E;SI1;63.6;60;6.32;6.38;4.04;5132
1.01;Good;E;SI1;63.7;58;6.32;6.36;4.04;5132
1.01;Very Good;D;SI1;61.5;54;6.4;6.47;3.96;5132
1.01;Good;E;SI1;63.4;60;6.3;6.34;4.01;5132
1.01;Very Good;E;SI1;58.2;59;6.54;6.59;3.82;5132
1.01;Very Good;E;SI1;62.8;60;6.38;6.39;4.01;5132
1.01;Ideal;E;SI1;61.8;56;6.46;6.51;4.01;5132
1.13;Premium;D;SI2;60.9;59;6.65;6.72;4.07;5133
1.11;Premium;D;SI2;61.3;60;6.6;6.54;4.03;5134
1.05;Premium;D;SI2;58.9;58;6.74;6.67;3.95;5134
1.03;Premium;H;SI1;59.5;58;6.64;6.58;3.93;5134
1.11;Premium;D;SI2;59.9;57;6.74;6.72;4.03;5134
1.14;Premium;F;SI1;62.5;59;6.65;6.67;4.16;5135
0.9;Very Good;G;VS1;61.4;57;6.2;6.24;3.82;5135
1.21;Very Good;J;VS2;62.2;59;6.79;6.84;4.24;5136
1.16;Premium;D;SI2;62.5;60;6.7;6.64;4.17;5136
1.04;Very Good;F;SI1;63.4;59;6.44;6.4;4.07;5137
1.08;Premium;D;SI2;62.1;58;6.62;6.59;4.1;5138
1.01;Premium;G;SI1;62.3;59;6.38;6.3;3.95;5139
1;Very Good;H;VS2;63.3;53;0;0;0;5139
1.15;Premium;H;SI1;60.9;57;6.8;6.72;4.12;5139
1;Premium;H;VS2;59.7;59;6.57;6.52;3.91;5139
1;Ideal;H;VS2;62.5;56;6.41;6.33;3.98;5139
1.33;Fair;F;SI2;64.5;58;6.97;6.86;4.46;5139
1.05;Premium;H;SI1;60.2;62;6.57;6.52;3.94;5139
1.14;Premium;G;SI2;60.9;56;6.8;6.73;4.12;5139
1.2;Very Good;J;VS2;59.9;60;6.98;6.95;4.17;5140
1.01;Ideal;F;SI1;62.3;55;6.37;6.44;3.99;5140
1.21;Premium;H;SI2;60.6;56;6.92;6.84;4.17;5140
1.3;Premium;J;SI2;61.1;61;7;6.95;4.26;5140
1.5;Very Good;J;I1;63.3;58;7.27;7.23;4.59;5141
1.2;Good;G;SI2;63.6;54;6.75;6.71;4.28;5141
1.2;Premium;I;SI2;62.7;58;6.82;6.76;4.26;5141
0.9;Ideal;F;VS2;61.6;57;6.21;6.16;3.81;5141
1.08;Ideal;H;SI2;61.4;57;6.66;6.6;4.07;5141
1.08;Ideal;I;SI1;62.6;54;6.56;6.51;4.09;5141
1.01;Ideal;G;SI1;61.8;55;6.46;6.43;3.98;5141
1.06;Premium;F;SI1;61;58;6.6;6.65;4.04;5142
1.06;Premium;F;SI1;62.1;58;6.5;6.52;4.04;5142
1.06;Very Good;F;SI1;61.2;57;6.58;6.68;4.06;5142
1.2;Very Good;J;SI1;61.2;55;6.84;6.88;4.2;5142
1.07;Very Good;H;SI1;59.2;61;6.65;6.67;3.94;5143
1.09;Ideal;F;SI2;61.6;55;6.59;6.65;4.08;5143
1.03;Ideal;G;SI1;60.3;58;6.57;6.62;3.98;5143
1.06;Ideal;H;SI1;62.2;57;6.56;6.49;4.06;5143
1.01;Fair;F;SI1;57.9;57;6.53;6.57;3.79;5144
0.91;Very Good;E;VS2;61.1;58;6.2;6.28;3.81;5145
1.04;Ideal;F;SI1;61.2;56;6.54;6.6;4.02;5145
1.14;Ideal;H;SI1;61.6;57;6.68;6.73;4.13;5146
1.24;Good;H;SI1;62;65;6.88;6.84;4.25;5146
1.01;Ideal;D;SI1;62.4;54;6.52;6.38;4.03;5147
1.03;Ideal;G;SI1;61.1;57;6.54;6.58;4.01;5147
1.13;Very Good;E;SI2;63.4;59;6.53;6.59;4.16;5147
1.06;Ideal;E;SI2;60.9;57;6.58;6.62;4.02;5147
1.01;Good;D;SI1;63.9;60;6.32;6.29;4.03;5147
1.01;Good;D;SI1;63.9;62;6.31;6.25;4.01;5147
1.01;Good;D;SI1;63.9;61;6.31;6.28;4.02;5147
1.01;Premium;H;VS1;61.6;57;6.47;6.38;3.96;5147
1.01;Premium;D;SI1;59.8;54;6.6;6.5;3.93;5147
1.01;Premium;D;SI1;59.2;61;6.4;6.34;3.77;5147
1.01;Premium;D;SI1;58.1;61;6.66;6.59;3.85;5147
1.01;Fair;D;SI1;64.4;61;6.17;6.13;3.96;5147
1;Good;G;VS2;63.8;59;6.26;6.34;4.02;5148
0.9;Very Good;G;VS1;61.5;56;6.2;6.23;3.82;5148
1.14;Very Good;I;VS1;63.3;56;6.68;6.6;4.2;5148
1.14;Premium;I;VS1;60.3;57;6.83;6.81;4.11;5148
1.13;Ideal;I;SI1;61.9;57;6.68;6.66;4.13;5149
1.09;Ideal;H;SI1;61.4;57;6.66;6.6;4.07;5149
1.09;Premium;H;SI1;60.5;60;6.72;6.67;4.05;5149
1.09;Ideal;H;SI1;62.3;57;6.58;6.54;4.09;5149
0.9;Very Good;E;VS1;61.1;59;6.14;6.2;3.77;5151
0.83;Ideal;E;VS1;62.2;56;5.99;6.03;3.74;5151
1.26;Premium;I;SI2;60.1;59;7;6.91;4.18;5151
1;Premium;F;SI1;59.8;59;6.55;6.49;3.9;5151
1;Premium;F;SI1;61.8;58;6.44;6.37;3.96;5151
1.04;Very Good;F;SI1;59.7;59;6.67;6.56;3.95;5152
1;Premium;F;SI1;62.5;59;6.39;6.34;3.98;5152
1.06;Premium;H;VS2;61.1;59;6.58;6.51;4;5152
1.15;Ideal;J;VS1;61.5;55;6.81;6.76;4.17;5152
1.11;Ideal;I;VS1;63;56;6.61;6.57;4.15;5152
1;Premium;F;SI1;62.1;59;6.39;6.36;3.96;5152
1.11;Premium;E;SI2;62.6;59;6.71;6.65;4.18;5152
1;Premium;G;SI1;60.5;61;6.51;6.45;3.92;5152
1.27;Ideal;I;SI2;62.1;56;6.92;6.96;4.31;5154
1.18;Ideal;I;SI1;62.1;56;6.79;6.77;4.21;5154
0.73;Ideal;F;VVS1;61.9;56;5.75;5.79;3.57;5154
0.34;Ideal;G;VS2;62.2;55;4.47;4.5;2.79;596
0.4;Good;I;SI1;63.9;57;4.66;4.7;2.99;596
0.34;Ideal;G;VS2;61;57;4.48;4.5;2.74;596
0.34;Premium;G;VS2;61.8;58;4.47;4.5;2.77;596
0.34;Ideal;G;VS2;62.1;57;4.46;4.5;2.78;596
0.34;Premium;G;VS2;61.6;60;4.47;4.49;2.76;596
0.34;Ideal;G;VS2;62.7;55;4.48;4.49;2.81;596
0.4;Very Good;I;SI1;59.8;57;4.8;4.83;2.88;596
0.34;Very Good;E;SI1;62.9;55;4.47;4.5;2.82;596
0.34;Premium;G;VS2;60.2;58;4.52;4.55;2.73;596
0.34;Very Good;E;SI1;63;55;4.42;4.47;2.8;596
0.4;Good;G;SI2;63.2;56;4.7;4.73;2.98;596
0.4;Good;I;SI1;63.2;54;4.67;4.69;2.96;596
0.34;Ideal;G;VS2;62.1;55;4.46;4.49;2.78;596
0.4;Good;G;SI2;63.4;59;4.64;4.66;2.95;596
0.34;Premium;H;VS1;62.2;58;4.43;4.48;2.77;596
0.34;Good;E;SI1;63.3;56;4.41;4.44;2.8;596
0.34;Very Good;E;SI1;59;60;4.56;4.62;2.71;596
0.34;Ideal;G;VS2;62;54;4.47;4.5;2.78;596
0.4;Ideal;I;SI1;61.6;56;4.68;4.74;2.9;596
0.34;Good;I;VVS2;63.1;56;4.43;4.47;2.81;596
0.34;Ideal;H;VS1;62.3;55;4.45;4.48;2.78;596
0.34;Premium;H;VS1;62.1;58;4.46;4.49;2.78;596
0.34;Premium;G;VS2;61.6;58;4.45;4.51;2.76;596
0.34;Very Good;G;VS2;60.3;54;4.53;4.56;2.74;596
0.34;Premium;I;VVS2;61.5;60;4.45;4.49;2.75;596
0.26;Very Good;F;VVS2;60;59;4.11;4.15;2.48;597
0.26;Very Good;F;VVS2;63.2;54;4.05;4.08;2.57;597
0.26;Very Good;F;VVS2;59.9;59;4.12;4.2;2.49;597
0.26;Very Good;E;VVS2;63;58;4.08;4.11;2.58;597
0.73;Ideal;F;VVS1;61.4;56;5.8;5.81;3.56;5154
1.01;Ideal;F;SI2;62.4;54;6.41;6.44;4.01;5154
1.01;Ideal;F;SI2;61.7;56;6.43;6.47;3.98;5154
1.08;Ideal;H;SI1;59.7;60;6.71;6.69;4;5154
1.04;Premium;D;SI2;59.8;58;6.61;6.56;3.94;5154
1.04;Premium;H;SI1;61.6;58;6.53;6.48;4.01;5154
1;Premium;G;SI1;61.9;62;6.22;6.18;3.84;5154
1.2;Premium;G;SI1;62.2;58;6.8;6.7;4.2;5154
1.08;Very Good;H;VS2;62.2;57;6.5;6.55;4.06;5155
1.02;Very Good;F;SI1;60.7;59;6.49;6.55;3.96;5155
0.94;Ideal;D;SI2;62.2;56;6.24;6.27;3.89;5155
1.25;Premium;J;VS1;60.9;59;6.9;6.92;4.21;5156
1.05;Ideal;D;SI2;62.1;56;6.48;6.54;4.04;5156
1.37;Premium;J;SI2;60.7;60;7.19;7.07;4.33;5156
1.62;Premium;J;SI2;61.8;59;7.48;7.44;4.61;5157
1.01;Ideal;H;SI1;61.8;54;6.48;6.44;3.99;5158
1.09;Ideal;I;VS2;62;57;6.64;6.58;4.1;5158
1.23;Ideal;J;SI2;62.4;58;6.79;6.86;4.26;5158
1.29;Ideal;D;I1;61.3;56;7.05;6.99;4.3;5158
0.94;Ideal;F;SI2;60.6;54;6.39;6.34;3.86;5159
1.06;Ideal;D;SI2;62.3;55;6.5;6.54;4.06;5159
1.06;Ideal;G;SI1;62;56;6.52;6.55;4.05;5159
1.22;Very Good;J;VS2;60.8;56;6.95;6.91;4.21;5160
0.9;Very Good;F;VS2;62.7;58;6.12;6.19;3.86;5160
0.9;Ideal;F;VS2;62.3;57;6.18;6.21;3.86;5160
1;Fair;G;VS2;64.5;58;6.26;6.2;4.02;5161
1.44;Premium;E;I1;61.1;62;7.23;7.15;4.39;5161
1.05;Premium;H;SI1;59.3;58;6.65;6.61;3.93;5161
1.28;Premium;H;SI2;62.5;62;6.89;6.84;4.3;5161
1.23;Ideal;F;SI2;61.9;56;6.89;6.93;4.28;5163
1.06;Very Good;G;SI1;63.4;58;6.44;6.47;4.09;5163
1.17;Very Good;E;SI2;62.5;59;6.65;6.7;4.17;5163
1.18;Ideal;I;SI2;61.9;54;6.77;6.84;4.21;5163
1.04;Ideal;E;SI2;61.6;55;6.51;6.54;4.02;5163
1.09;Ideal;D;SI2;62.1;56;6.56;6.59;4.08;5164
1.09;Premium;D;SI2;61.2;60;6.6;6.64;4.05;5164
1.08;Ideal;F;SI2;61.3;55;6.59;6.62;4.05;5164
1.13;Ideal;G;SI2;62.9;54;6.72;6.67;4.21;5164
1.16;Premium;F;SI2;62.1;59;6.76;6.71;4.18;5164
1.16;Premium;F;SI2;62.4;59;6.72;6.64;4.17;5164
1.01;Very Good;I;VS1;61.7;59;6.45;6.51;4;5165
1.09;Very Good;E;SI2;62.2;58;6.54;6.61;4.09;5165
1.13;Ideal;I;VS2;62.2;55;6.69;6.67;4.15;5165
1.22;Premium;I;SI2;62.9;56;6.84;6.79;4.29;5165
1.1;Premium;D;SI1;60.4;59;6.66;6.69;4.03;5166
1.01;Premium;H;VS2;59.1;58;6.58;6.59;3.89;5166
1.01;Ideal;H;VS2;62.7;56;6.35;6.4;4;5166
1.01;Good;H;VS2;63.1;59;6.3;6.34;3.99;5166
1.01;Premium;H;VS2;61.6;59;6.45;6.47;3.98;5166
1.01;Premium;H;VS2;61.6;59;6.39;6.41;3.94;5166
1.01;Premium;H;VS2;61.3;59;6.41;6.45;3.94;5166
1.01;Very Good;D;SI2;64;56;6.3;6.38;4.06;5166
1.01;Ideal;G;SI1;62.2;55;6.44;6.46;4.01;5166
1.25;Premium;J;SI1;62;58;6.9;6.88;4.27;5166
1.25;Premium;I;SI2;60.5;58;7;6.96;4.22;5166
1.05;Premium;H;VS2;62.3;57;6.49;6.45;4.03;5166
0.9;Very Good;F;VS1;61.5;55;6.25;6.28;3.85;5167
1.07;Ideal;I;VS2;60.6;59;6.64;6.62;4.02;5167
1.09;Good;F;SI2;60.8;61.4;6.59;6.64;4.02;5167
0.91;Premium;G;VVS2;61.8;58;6.24;6.16;3.83;5167
0.91;Premium;D;VS2;62;58;6.2;6.15;3.83;5167
1.35;Premium;G;SI2;60.5;60;7.16;7.11;4.32;5167
0.91;Premium;E;VS1;61.9;59;6.23;6.17;3.84;5167
1.18;Good;D;SI2;60.7;63;6.77;6.81;4.12;5168
1;Very Good;D;VS2;63.4;59;6.35;6.3;4.01;5169
1.02;Premium;G;SI1;61.7;58;6.47;6.37;3.96;5169
1.3;Ideal;G;SI2;61.9;57;7.01;6.95;4.32;5169
1;Premium;H;VS1;61.8;61;6.4;6.31;3.93;5169
1.25;Premium;J;VS2;62;59;6.87;6.9;4.27;5170
1.57;Ideal;H;I1;62.8;56;7.42;7.36;4.64;5170
0.93;Ideal;H;VS1;61.8;57;6.23;6.27;3.86;5171
1.08;Fair;H;VVS2;55.9;63;6.9;6.8;3.83;5171
1.08;Premium;H;SI1;62.6;58;6.56;6.53;4.1;5171
1.02;Premium;H;VS2;61.9;57;6.5;6.4;3.99;5171
1.16;Ideal;G;SI2;61.6;55;6.8;6.78;4.18;5171
1.01;Very Good;H;SI1;63;57;6.34;6.36;4;5172
1.08;Ideal;I;VS2;61.9;57;6.54;6.61;4.07;5172
1.26;Premium;J;VS2;62;60;7;6.86;4.3;5173
1.2;Very Good;D;SI2;63.2;60;6.65;6.54;4.17;5174
1;Very Good;E;SI1;63.5;61;6.33;6.24;3.99;5174
1.2;Premium;H;SI2;62.4;61;6.81;6.78;4.24;5174
1.2;Ideal;I;SI1;62.1;55;6.83;6.79;4.23;5174
1.01;Very Good;F;SI1;62.7;57;6.32;6.38;3.98;5174
1.01;Very Good;F;SI1;61;57;6.44;6.54;3.96;5174
1.2;Ideal;I;SI1;62.2;56;6.75;6.73;4.19;5174
1.14;Ideal;J;SI1;61.5;56;6.7;6.74;4.13;5174
1;Good;E;SI1;63.7;60;6.29;6.24;3.99;5174
1;Good;D;VS2;62.1;64;6.38;6.35;3.95;5174
1;Premium;D;VS2;62.9;57;6.37;6.32;3.99;5174
1.2;Premium;H;VVS2;60;60;6.86;6.78;4.09;5174
1;Premium;E;SI1;61.1;60;6.47;6.42;3.94;5174
1.1;Ideal;E;SI2;61.6;56;6.64;6.61;4.08;5174
1.1;Premium;E;SI2;61.7;59;6.64;6.59;4.08;5174
1.23;Ideal;I;SI2;62.1;56;6.84;6.88;4.26;5175
1.3;Good;J;VS2;63.6;59;6.87;6.9;4.38;5175
1;Very Good;E;SI1;63.1;59;6.34;6.4;4.02;5175
1.31;Premium;E;SI2;61.2;60;7.02;6.93;4.27;5176
0.91;Ideal;F;SI1;62;55;6.21;6.24;3.86;5176
1.3;Premium;J;SI1;61.5;58;7.02;6.97;4.3;5176
1.08;Ideal;D;SI2;59.1;60;6.7;6.76;3.98;5177
1.07;Premium;G;VS2;59.8;58;6.67;6.63;3.98;5177
1.12;Ideal;H;SI2;62.4;54;6.65;6.68;4.16;5178
1.11;Fair;H;SI1;65.7;61;6.42;6.39;4.21;5178
1.13;Very Good;H;SI2;62;58;6.67;6.71;4.15;5179
1.13;Premium;E;SI1;60.8;58;6.77;6.71;4.1;5179
1.04;Premium;H;SI1;60.7;58;6.55;6.53;3.97;5179
1.03;Ideal;I;VS1;61.3;53;6.54;6.57;4.01;5181
1.23;Ideal;J;SI1;61.3;54;6.92;6.97;4.26;5181
1.18;Premium;E;SI2;62.5;60;6.74;6.7;4.2;5181
1.12;Premium;G;SI1;59.5;62;6.81;6.76;4.04;5181
1.69;Very Good;J;I1;60.2;61;7.7;7.79;4.66;5182
1.18;Ideal;J;VS1;61.4;56;6.79;6.82;4.18;5182
1.18;Ideal;J;VS1;61.7;56;6.79;6.82;4.2;5182
1.01;Ideal;I;VS1;61.1;54;6.46;6.48;3.95;5182
1.18;Ideal;H;SI2;61.2;57;6.81;6.86;4.18;5182
0.92;Very Good;G;VVS2;62.3;57;6.19;6.27;3.88;5183
1.02;Premium;E;SI1;62.6;58;6.44;6.47;4.05;5183
1.2;Very Good;G;SI2;62.1;56;6.79;6.87;4.24;5183
1.02;Premium;E;SI1;61.5;58;6.46;6.51;3.99;5183
1.02;Good;E;SI1;63.2;61;6.31;6.37;4.01;5183
1.06;Premium;G;SI1;62.7;56;6.55;6.46;4.08;5183
1.23;Premium;H;SI1;62.1;58;6.85;6.78;4.23;5183
1.01;Ideal;F;SI1;62;57;6.38;6.42;3.97;5184
1.21;Premium;I;SI2;62.7;55;6.84;6.79;4.27;5184
1.21;Premium;G;SI2;59.1;55;7.04;6.98;4.14;5184
1.21;Ideal;I;SI2;60.6;56;6.94;6.92;4.2;5184
1.01;Fair;E;SI1;56.8;61;6.59;6.62;3.75;5185
1.01;Very Good;H;VS2;62;59;6.45;6.48;4.01;5186
1.15;Very Good;D;SI2;61.8;61;6.62;6.69;4.11;5186
1.09;Premium;D;SI2;60.3;60;6.68;6.61;4.01;5186
1.05;Fair;F;SI1;64.6;57;6.39;6.33;4.11;5186
1.31;Very Good;I;SI2;59.6;60;7.09;7.17;4.25;5187
1.06;Ideal;H;SI1;61.7;56;6.58;6.55;4.05;5188
1.01;Ideal;H;SI1;62.1;59;6.38;6.43;3.98;5189
1.08;Very Good;E;SI1;63.1;59;6.53;6.49;4.11;5189
1.04;Ideal;H;VS2;61;57;6.56;6.53;3.99;5189
1.08;Ideal;E;SI1;62.6;57;6.56;6.53;4.1;5189
1.01;Premium;H;VS2;61;61;6.47;6.39;3.92;5190
1.21;Very Good;H;SI2;62.1;60;6.77;6.82;4.22;5190
1.21;Very Good;I;SI1;61.2;62;6.81;6.84;4.18;5190
1.18;Premium;G;SI2;61.4;58;6.82;6.77;4.17;5190
1.18;Premium;G;SI2;62.5;54;6.81;6.78;4.25;5190
1.23;Very Good;I;SI2;62.6;59;6.78;6.86;4.27;5191
1.15;Premium;H;VS2;60.2;58;6.86;6.8;4.11;5191
1.01;Very Good;G;SI1;63.7;60;6.31;6.35;4.03;5192
1.11;Very Good;H;SI1;60.8;60;6.62;6.77;4.07;5192
1.11;Very Good;H;SI1;63.2;58;6.53;6.61;4.15;5192
1.05;Ideal;G;SI1;61.8;56;6.5;6.54;4.03;5192
1.22;Ideal;J;SI1;62.3;55;6.91;6.83;4.28;5192
1.22;Very Good;H;SI2;63.1;59;6.81;6.75;4.28;5192
1.22;Premium;H;SI2;61.6;59;6.82;6.75;4.18;5192
1.15;Very Good;E;SI2;63.1;63;6.63;6.53;4.15;5193
1.15;Premium;E;SI2;61.7;59;6.7;6.66;4.12;5193
1.13;Premium;H;SI1;62.3;58;6.68;6.67;4.16;5194
1.06;Ideal;H;SI1;61.4;55;6.62;6.58;4.05;5194
0.9;Very Good;D;VS1;58.9;59;6.22;6.31;3.69;5195
1.02;Ideal;F;SI1;60.3;60;6.55;6.51;3.94;5195
1.1;Very Good;I;VS1;60.8;58.3;6.63;6.68;4.04;5196
1;Premium;F;SI1;62.3;59;6.37;6.43;3.99;5197
1;Premium;F;SI1;61.2;58;6.4;6.44;3.93;5197
1;Premium;F;SI1;60.3;58;6.43;6.47;3.89;5197
1;Ideal;F;SI1;62;57;6.37;6.43;3.97;5197
1;Ideal;F;SI1;61.5;57;6.41;6.46;3.96;5197
1;Premium;F;SI1;60.7;60;6.36;6.4;3.87;5197
1;Premium;F;SI1;61.6;60;6.31;6.41;3.9;5197
1;Ideal;F;SI1;61.9;56;6.36;6.41;3.95;5197
1.25;Good;I;SI2;63.3;55.8;6.83;6.87;4.34;5197
1;Premium;F;SI1;62.7;59;6.36;6.4;4;5197
1;Premium;F;SI1;62.6;60;6.3;6.32;3.95;5197
1;Very Good;F;SI1;61.6;61;6.3;6.37;3.9;5197
1.05;Very Good;G;SI1;61.6;57;6.51;6.54;4.02;5197
1.01;Good;H;SI1;59.5;62;6.49;6.55;3.88;5197
1.02;Good;D;SI1;57.2;54;6.66;6.62;3.8;5198
1.19;Fair;I;SI1;64.9;58;6.64;6.55;4.28;5198
1.02;Premium;D;SI2;59.7;60;6.58;6.55;3.92;5198
1.02;Very Good;D;SI1;63.2;58;6.41;6.35;4.03;5198
1.01;Good;G;VS2;63.1;55;6.36;6.38;4.02;5199
1.01;Premium;H;VS1;62.7;58;6.37;6.39;4;5199
1.04;Ideal;I;VS1;62.4;57;6.44;6.48;4.03;5199
1.1;Ideal;I;SI1;61.6;55;6.66;6.68;4.11;5199
1.05;Ideal;H;SI1;61.1;56;6.52;6.58;4;5200
1.01;Ideal;H;SI1;60.4;58;6.47;6.5;3.92;5200
0.9;Good;E;VS1;62.7;58;6.07;6.12;3.82;5201
0.92;Very Good;D;VS1;60.6;61;6.21;6.29;3.79;5202
1.01;Premium;F;SI1;62.6;58;6.37;6.32;3.97;5202
1.01;Premium;F;SI1;61.7;58;6.44;6.39;3.96;5202
2.06;Premium;J;I1;61.2;58;8.1;8.07;4.95;5203
1.01;Premium;H;SI1;61.8;59;6.38;6.33;3.93;5204
1.01;Very Good;H;VS2;61.6;60;6.46;6.39;3.96;5204
1.05;Ideal;G;SI1;59.7;56;6.67;6.64;3.97;5204
1.01;Ideal;G;SI1;60.8;56;6.53;6.49;3.96;5204
1.01;Premium;G;SI1;60;58;6.54;6.5;3.91;5204
1.05;Ideal;D;SI2;61.9;56;6.53;6.5;4.03;5204
1.06;Premium;H;VS2;60.8;59;6.55;6.58;3.99;5205
1.01;Premium;D;SI2;59.3;59;6.57;6.54;3.89;5206
1.16;Ideal;G;SI2;61.5;54;6.75;6.78;4.16;5206
1.01;Ideal;E;SI1;61.6;57;6.44;6.49;3.98;5206
1.03;Ideal;I;VS1;60.9;56;6.52;6.59;3.99;5206
1.01;Ideal;D;SI2;62.5;57;6.39;6.35;3.98;5206
1.26;Premium;I;SI2;60.1;59;7.03;6.99;4.21;5207
1.07;Ideal;I;VS1;62;57;6.5;6.56;4.05;5207
1.16;Ideal;I;VS2;61.5;57;6.75;6.78;4.16;5207
0.77;Ideal;D;VVS2;62.3;57;5.83;5.85;3.64;5207
1.26;Premium;J;SI1;61.7;58;6.99;6.91;4.29;5207
1;Premium;H;VS2;59.3;61;6.47;6.45;3.83;5208
1.5;Good;H;SI2;64;61;7.18;7.14;4.58;5208
1.5;Good;H;SI2;64;61;7.18;7.14;4.58;5208
1.24;Fair;H;SI2;65;54;6.76;6.73;4.38;5208
1.24;Premium;I;SI1;62.9;60;6.8;6.74;4.26;5208
1;Good;H;VS2;56.9;63;6.6;6.57;3.75;5208
1.23;Premium;J;VS1;60.1;60;6.9;6.95;4.16;5209
1.29;Very Good;J;SI1;61.2;58;6.97;7.02;4.28;5209
1.01;Premium;D;SI1;61.7;59;6.4;6.43;3.96;5210
0.92;Very Good;E;VS1;61.3;57;6.22;6.27;3.83;5210
1.21;Very Good;J;VS2;61.5;58;6.85;6.9;4.23;5211
1.26;Good;J;VS2;63.2;57.3;6.81;6.86;4.32;5211
1.2;Very Good;H;SI2;58.8;61;6.94;6.98;4.09;5211
1.2;Very Good;I;SI1;62.9;57;6.73;6.78;4.25;5211
1.2;Good;I;SI1;62.3;58;6.66;6.72;4.17;5211
1.2;Good;I;SI1;63.9;56;6.62;6.69;4.25;5211
1;Fair;E;SI1;57.4;62;6.54;6.59;3.77;5212
0.91;Ideal;F;VS2;62.8;57;6.18;6.2;3.89;5214
1.33;Premium;H;SI2;61.9;58;7.07;7.01;4.36;5214
1.36;Very Good;J;SI2;62.6;58;7;7.12;4.42;5215
1.01;Ideal;F;SI1;59.9;60;6.59;6.53;3.93;5215
1.01;Very Good;E;SI1;62;61;6.38;6.42;3.97;5216
1.15;Ideal;I;SI2;61.3;57;6.78;6.71;4.13;5216
1.23;Very Good;J;VS2;62.9;58;6.75;6.83;4.27;5217
1.02;Very Good;H;VS2;62.5;56;6.42;6.45;4.02;5217
1.02;Premium;H;VS2;62.5;60;6.38;6.43;4;5217
1.02;Premium;H;VS2;61.2;58;6.47;6.5;3.97;5217
1.23;Ideal;J;VS2;61.5;57;6.9;6.95;4.26;5217
1.21;Premium;H;SI2;61.9;55;6.84;6.79;4.22;5218
1.21;Premium;H;SI2;61.9;55;6.84;6.79;4.22;5218
0.9;Very Good;F;VS2;61.8;57;6.16;6.23;3.83;5218
1.1;Very Good;F;VS2;63.5;55;6.58;6.52;4.16;5218
1.21;Premium;H;SI2;60.9;61;6.88;6.82;4.17;5218
1.21;Ideal;I;SI1;62.4;55;6.81;6.78;4.24;5218
1.21;Premium;I;SI1;62.8;57;6.74;6.67;4.21;5218
1.09;Premium;H;SI1;61.6;57;6.63;6.59;4.07;5219
1.09;Premium;H;SI1;62.4;59;6.53;6.48;4.06;5219
1;Good;H;VS1;61.8;61;6.4;6.31;3.93;5219
1.02;Good;D;SI1;61;63;6.48;6.54;3.97;5219
1.09;Ideal;H;SI1;62.3;55;6.61;6.58;4.11;5219
1.09;Ideal;H;SI1;61.1;57;6.71;6.62;4.07;5219
1.09;Ideal;H;SI1;61.1;57;6.69;6.6;4.1;5219
1.09;Ideal;H;SI1;62.5;56;6.58;6.53;4.1;5219
1.13;Premium;E;SI2;60.4;59;6.7;6.75;4.06;5220
1.13;Very Good;I;VS1;61.7;54;6.71;6.74;4.15;5220
1.07;Ideal;H;SI1;62.1;57;6.5;6.55;4.05;5220
1.04;Ideal;F;SI1;61.4;59;6.46;6.5;3.98;5220
1.2;Very Good;H;SI2;63.5;57;6.67;6.71;4.25;5221
1.24;Ideal;I;SI2;61.9;57;6.87;6.92;4.27;5221
1;Premium;F;SI1;62.3;59;6.44;6.36;3.99;5221
1;Ideal;F;SI1;62.7;57;6.44;6.38;4.02;5221
1.11;Good;I;VVS2;60.1;64;6.73;6.62;4.02;5221
1.02;Very Good;F;SI1;62.2;56;6.39;6.43;3.99;5222
0.9;Ideal;H;VS1;62.2;56;6.16;6.18;3.84;5222
1.28;Very Good;F;SI2;62.5;55;6.91;7;4.35;5223
1.06;Ideal;E;SI2;62.2;55;6.51;6.54;4.06;5223
1.04;Premium;G;SI1;62.7;59;6.47;6.41;4.04;5223
1.15;Ideal;G;SI1;61.7;56;6.72;6.76;4.16;5224
1.01;Very Good;E;SI1;59.5;60;6.49;6.55;3.88;5224
1.01;Very Good;E;SI1;62.3;60;6.36;6.39;3.97;5224
1.01;Very Good;E;SI1;59.9;59;6.46;6.49;3.88;5224
1.27;Very Good;J;SI1;60.9;59;6.96;7.04;4.26;5224
0.91;Good;F;VVS2;62.6;61;6.12;6.19;3.85;5225
1.2;Very Good;J;VS1;62.9;60;6.64;6.69;4.19;5226
1.21;Ideal;G;SI2;62.1;57;6.8;6.85;4.24;5226
1.1;Very Good;D;SI2;61.6;57;6.61;6.67;4.09;5226
1.2;Very Good;I;SI1;61.2;62;6.75;6.84;4.16;5226
1.01;Good;E;SI1;63.6;60;6.38;6.32;4.04;5226
1.01;Very Good;E;SI1;63.4;60;6.34;6.3;4.01;5226
1.01;Good;E;SI1;63.7;58;6.36;6.32;4.04;5226
1.01;Premium;E;SI1;59;59;6.6;6.56;3.88;5226
1.22;Premium;I;SI2;62.5;58;6.8;6.76;4.24;5226
1.1;Ideal;G;SI1;62.3;56;6.64;6.58;4.12;5226
1.22;Premium;G;SI2;61.6;62;6.79;6.75;4.17;5226
1.22;Ideal;I;SI2;61.3;57;6.91;6.85;4.22;5226
1.02;Premium;G;SI1;58.9;59;6.59;6.55;3.87;5226
1.01;Premium;E;SI1;60.5;62;6.5;6.46;3.92;5226
0.9;Ideal;D;SI1;61.2;55;6.25;6.21;3.81;5226
1.01;Premium;E;SI1;62.8;60;6.39;6.38;4.01;5226
1.01;Very Good;F;VS2;63.1;57;6.39;6.29;4;5226
1.01;Fair;F;VS2;64.5;58;6.28;6.18;4.02;5226
1.01;Very Good;E;SI1;63.1;58;6.4;6.31;4.01;5226
1;Very Good;G;VS2;62.8;57;6.33;6.37;3.99;5227
1;Very Good;D;SI2;60.5;60;6.41;6.44;3.89;5227
1.05;Premium;H;SI1;61.3;58;6.52;6.47;3.98;5228
1.14;Premium;F;SI1;62.5;59;6.67;6.65;4.16;5228
0.91;Premium;E;VS1;62.9;56;6.21;6.13;3.88;5228
1.01;Very Good;E;SI1;62.4;58;6.36;6.4;3.99;5229
1.04;Ideal;I;VS1;61.8;56;6.49;6.51;4.02;5229
1.01;Good;H;VS2;60.8;61;6.43;6.5;3.93;5229
1.24;Very Good;H;SI2;61;59;6.93;7;4.25;5231
1.04;Very Good;E;SI1;60.8;60;6.49;6.56;3.97;5231
1.01;Very Good;G;SI1;62.7;58;6.35;6.4;4;5231
1.24;Very Good;J;SI1;60;59;6.99;7.04;4.21;5231
1.01;Ideal;I;VS1;60.3;57;6.51;6.53;3.93;5231
1.11;Ideal;G;SI2;60.7;59;6.72;6.76;4.09;5231
0.26;Very Good;E;VVS2;63;58;4;4.03;2.53;597
0.26;Very Good;E;VVS2;61.5;58;4.08;4.12;2.52;597
0.26;Very Good;E;VVS2;62.6;58;4.07;4.11;2.56;597
0.26;Very Good;D;VVS2;59.1;59;4.21;4.28;2.51;597
0.26;Very Good;D;VVS2;60.4;59;4.15;4.19;2.52;597
0.26;Very Good;F;VVS1;58.7;58;4.24;4.25;2.49;597
0.26;Very Good;F;VVS1;62;59;4.08;4.15;2.55;597
0.26;Very Good;E;VVS1;61.4;58;4.12;4.15;2.54;597
0.26;Very Good;E;VVS1;59.9;58;4.17;4.18;2.5;597
0.26;Ideal;E;VVS2;61.6;57;4.13;4.18;2.56;597
0.26;Ideal;E;VVS2;60.7;56;4.13;4.17;2.52;597
0.4;Ideal;F;SI2;62.5;53;4.71;4.76;2.96;597
0.4;Ideal;F;SI2;62;57;4.7;4.72;2.92;597
0.4;Ideal;F;SI2;62.8;55;4.7;4.73;2.96;597
0.4;Ideal;F;SI2;62.1;53;4.76;4.78;2.96;597
0.36;Ideal;E;SI1;60.9;57;4.58;4.62;2.8;597
0.26;Good;E;VVS1;59.4;61;4.13;4.15;2.46;597
0.26;Good;E;IF;59.6;61;4.13;4.16;2.47;597
0.36;Ideal;J;SI1;61.6;56;4.61;4.58;2.83;597
0.39;Very Good;G;SI2;63.2;57;4.65;4.57;2.92;597
0.3;Very Good;G;VVS2;60.4;59;4.33;4.35;2.62;598
0.35;Ideal;I;VVS2;62;54;4.54;4.56;2.82;598
0.35;Ideal;I;VVS2;61.5;55;4.56;4.58;2.81;598
0.35;Ideal;I;VVS2;61.5;55;4.53;4.57;2.8;598
0.4;Ideal;J;VS2;62.3;55;4.72;4.75;2.95;598
0.33;Ideal;G;VS2;61.3;57;4.45;4.49;2.74;598
0.28;Ideal;E;VS2;61.5;56;4.22;4.24;2.6;598
0.33;Ideal;H;VS1;61.9;55;4.46;4.49;2.77;598
0.28;Ideal;F;VS1;60.2;56;4.3;4.31;2.59;598
0.28;Ideal;F;VS1;62;57;4.19;4.23;2.61;598
1.02;Very Good;E;SI1;58.9;58;6.51;6.54;3.84;5232
1.01;Premium;G;SI1;60.2;59;6.54;6.49;3.92;5232
1.21;Ideal;J;SI1;60.4;54;6.86;6.89;4.15;5232
1.07;Ideal;G;SI1;62.1;57;6.59;6.52;4.07;5232
1.01;Good;E;SI1;64.2;59;6.27;6.19;4;5232
1.13;Ideal;F;SI2;61.8;57;6.71;6.68;4.14;5232
1.22;Premium;I;SI1;62.3;58;6.77;6.81;4.23;5233
1.22;Very Good;H;SI2;62.9;59;6.66;6.76;4.22;5233
1.22;Ideal;I;SI1;62.3;57;6.77;6.87;4.25;5233
1.12;Premium;G;SI1;60.1;58;6.78;6.83;4.09;5233
1.12;Premium;D;SI2;60.5;59;6.72;6.76;4.08;5233
1.12;Very Good;D;SI2;61.2;60;6.63;6.67;4.07;5233
1.01;Good;E;SI1;58.6;62;6.58;6.6;3.86;5233
1.01;Good;E;SI1;57.9;57;6.6;6.67;3.84;5233
1.2;Very Good;J;VS2;58.7;60;6.93;6.96;4.08;5234
1.03;Ideal;E;SI1;62.2;57;6.42;6.48;4.01;5234
1.03;Ideal;E;SI1;62;57;6.44;6.47;4;5234
1.01;Ideal;D;SI1;61.6;56;6.45;6.48;3.98;5234
1.02;Ideal;D;SI2;62;58;6.4;6.51;4;5235
1.01;Ideal;E;SI1;62;57;6.38;6.45;3.98;5235
1.05;Very Good;H;VS2;63.3;58;6.42;6.48;4.08;5236
1.19;Good;I;SI1;63.7;57.2;6.69;6.73;4.28;5236
1.14;Very Good;E;SI2;61.5;58;6.66;6.73;4.12;5236
1.12;Very Good;H;SI1;62.3;55;6.64;6.69;4.15;5236
1.06;Premium;H;VS1;60;58;6.65;6.61;3.98;5236
1.06;Premium;F;SI1;61;58;6.65;6.6;4.04;5236
1.29;Ideal;J;SI1;61.6;57;7;7.06;4.33;5237
1.07;Premium;H;SI1;59.2;61;6.67;6.65;3.94;5237
1.09;Premium;E;SI1;62.7;58;6.6;6.55;4.12;5237
1.01;Ideal;H;VS2;61;59;6.51;6.47;3.96;5238
1.09;Ideal;H;SI1;62.3;55;6.58;6.62;4.11;5238
1;Very Good;E;SI1;61.7;57;6.34;6.47;3.95;5239
1;Ideal;F;SI1;62;55;6.39;6.44;3.98;5239
1.72;Fair;J;I1;68.5;59;7.31;7.24;4.98;5240
1.07;Ideal;F;SI2;61.5;55;6.56;6.62;4.05;5240
1.02;Premium;H;VS2;61.8;58;6.49;6.43;3.99;5241
1.03;Very Good;F;SI1;60.6;63;6.47;6.5;3.93;5241
1.03;Very Good;F;SI1;58;60;6.68;6.74;3.89;5241
1.03;Ideal;G;SI1;61.1;57;6.58;6.54;4.01;5241
1.03;Ideal;G;SI1;61.7;56;6.5;6.47;4;5241
1;Premium;G;VS2;62.3;58;6.35;6.29;3.94;5242
1;Good;G;VS2;63.8;58;6.37;6.29;4.04;5242
1;Premium;G;VS2;62.1;58;6.43;6.39;3.98;5242
0.9;Very Good;F;VS1;60.7;57;6.16;6.23;3.76;5242
1.04;Ideal;J;VVS2;61.1;58;6.49;6.57;3.99;5242
1.3;Good;J;SI1;64;58;6.91;6.84;4.4;5242
1.04;Ideal;I;VS2;61.8;55;6.5;6.54;4.03;5242
1;Good;G;VS2;58.6;65;6.61;6.53;3.85;5242
1;Fair;H;VS1;64.6;59;6.3;6.26;4.06;5242
1.2;Ideal;H;VS1;61.9;57;6.77;6.73;4.18;5242
1;Premium;G;VS2;60.8;58;6.44;6.4;3.9;5242
0.9;Ideal;E;VS1;61.3;57;6.24;6.2;3.81;5242
0.9;Ideal;G;VVS2;61.9;56;6.22;6.15;3.83;5242
0.9;Premium;E;VS1;60.1;56;6.38;6.3;3.81;5242
1;Premium;G;VS1;61.9;60;6.39;6.31;3.93;5242
1.17;Ideal;J;VS1;62.5;57;6.68;6.63;4.16;5242
1.3;Premium;I;VS2;60.3;60;7.01;6.99;4.22;5242
1.12;Very Good;D;SI2;59.3;59;6.76;6.8;4.02;5243
0.92;Ideal;G;VS1;62;57;6.24;6.28;3.88;5243
1.21;Premium;F;SI2;58.9;60;6.81;6.74;3.99;5243
1.02;Very Good;E;SI1;63.5;55;6.3;6.37;4.02;5245
1.21;Very Good;I;SI1;62.9;56;6.73;6.79;4.25;5245
1.34;Very Good;G;SI2;63.2;57;6.98;6.95;4.4;5245
1;Ideal;D;SI2;62.7;58;6.34;6.39;3.99;5246
1.2;Very Good;F;SI2;62.2;62;6.7;6.77;4.19;5247
1;Very Good;H;SI1;62.1;58;6.44;6.45;4;5247
1.08;Ideal;D;SI2;60.2;57;6.63;6.67;4;5247
1.06;Premium;H;VS1;62.1;60;6.52;6.5;4.04;5247
1.01;Very Good;F;SI1;60.7;58;6.4;6.51;3.92;5248
1.12;Very Good;I;VS2;62.9;55.9;6.59;6.62;4.16;5249
1.01;Premium;F;SI1;59.8;60;6.53;6.57;3.92;5249
1.01;Premium;F;SI1;62.2;59;6.36;6.41;3.97;5249
1.27;Premium;I;SI2;61.4;59;6.98;6.94;4.27;5249
1.03;Premium;G;SI1;58.4;58;6.66;6.62;3.88;5249
1.27;Ideal;I;SI2;62.1;56;6.96;6.92;4.31;5249
1.03;Ideal;D;SI1;62.3;56;6.51;6.45;4.04;5249
1.06;Ideal;E;SI1;59.6;54;6.64;6.62;3.95;5250
1.02;Premium;G;VS2;61.5;59;6.4;6.45;3.95;5250
1.2;Premium;G;SI2;59.9;59;6.92;6.98;4.16;5250
1.2;Very Good;G;SI2;62.5;57;6.73;6.84;4.24;5250
1.08;Premium;H;VS2;62.1;58;6.63;6.51;4.08;5250
1.25;Premium;I;SI1;62.5;59;6.89;6.81;4.28;5250
1.08;Premium;H;VS2;62.4;58;6.56;6.49;4.07;5250
0.77;Ideal;E;VVS1;61.6;55;5.87;5.95;3.64;5251
1.02;Ideal;H;SI1;60.8;58;6.47;6.49;3.94;5251
1.01;Good;E;SI1;63.6;57;6.27;6.3;4;5251
1.33;Good;J;VS2;57.4;62;7.3;7.23;4.17;5251
1.01;Very Good;D;SI2;59.9;61;6.46;6.5;3.88;5252
1.25;Ideal;J;SI1;62.4;57;6.86;6.92;4.3;5252
1.25;Ideal;J;SI1;62.1;58;6.86;6.89;4.27;5252
0.91;Ideal;E;SI1;61.4;54;6.26;6.24;3.84;5252
1.21;Good;I;SI1;62.7;59;6.63;6.71;4.18;5252
1.06;Ideal;G;SI1;62;56;6.55;6.52;4.05;5253
1.06;Ideal;D;SI2;62.3;55;6.54;6.5;4.06;5253
1.07;Very Good;H;VS2;61.5;57;6.57;6.63;4.06;5254
1;Good;H;VS2;60.9;61;6.38;6.42;3.9;5254
1.05;Very Good;D;SI1;61.6;61;6.5;6.55;4.02;5255
1.06;Ideal;H;SI1;61.7;60;6.48;6.52;4.01;5255
1.02;Very Good;H;VS2;63.3;60;6.42;6.38;4.05;5255
1.02;Premium;G;SI1;61.1;58;6.52;6.48;3.97;5255
1.02;Fair;F;SI1;64.8;59;6.33;6.23;4.07;5255
1.08;Ideal;G;SI1;61.8;56;6.55;6.58;4.06;5256
1.08;Ideal;D;SI2;61.6;57;6.58;6.62;4.07;5256
1.08;Very Good;F;SI1;58.2;63;6.69;6.78;3.92;5256
1.2;Very Good;J;VS1;63.6;59;6.67;6.72;4.26;5257
1.2;Very Good;H;SI2;62.9;56;6.74;6.77;4.25;5257
1;Very Good;E;SI1;59.6;60;6.58;6.51;3.9;5257
1.15;Very Good;E;SI2;60;59;6.78;6.82;4.08;5257
1.2;Very Good;I;SI1;63.2;58;6.71;6.75;4.25;5257
1.02;Ideal;H;SI1;61.2;56;6.49;6.51;3.98;5257
1.02;Premium;D;SI2;60.2;58;6.56;6.53;3.94;5257
1.06;Very Good;F;SI2;61.8;56.4;6.51;6.56;4.04;5258
1.09;Premium;D;SI2;61.2;60;6.64;6.6;4.05;5258
1.09;Ideal;D;SI2;62.1;56;6.59;6.56;4.08;5258
0.91;Premium;G;VVS2;61.8;58;6.16;6.24;3.83;5259
0.91;Very Good;E;VS1;61.9;59;6.17;6.23;3.84;5259
0.91;Premium;D;VS2;62;58;6.15;6.2;3.83;5259
1.25;Ideal;I;SI2;62;57;6.85;6.92;4.27;5259
1.25;Ideal;I;SI2;61.8;56;6.92;6.94;4.28;5259
1.25;Ideal;G;SI2;61.6;57;6.91;6.98;4.28;5259
0.92;Good;D;SI1;60.2;56;6.28;6.32;3.79;5259
1.01;Premium;H;VS2;61.9;57;6.42;6.35;3.95;5260
1.01;Very Good;H;VS2;63.2;58;6.34;6.26;3.98;5260
1.16;Ideal;H;SI2;62.2;55.7;6.68;6.74;4.18;5260
1.01;Premium;H;VS2;61.6;59;6.41;6.39;3.94;5260
1.01;Premium;H;VS2;61.3;59;6.45;6.41;3.94;5260
1.01;Very Good;H;VS2;63.1;59;6.34;6.3;3.99;5260
1.01;Ideal;H;VS2;62.7;56;6.4;6.35;4;5260
1.01;Premium;H;VS2;60.6;60;6.51;6.49;3.94;5260
1.22;Ideal;I;SI1;61.9;56;6.87;6.83;4.24;5261
0.91;Ideal;F;VS2;62.6;55;6.2;6.23;3.89;5261
1.09;Ideal;H;SI1;61.9;57;6.58;6.63;4.09;5262
1.11;Ideal;E;SI2;61.2;55;6.68;6.72;4.1;5262
1.01;Ideal;E;SI1;61.8;57;6.39;6.49;3.98;5262
1.1;Ideal;E;SI2;61.6;56;6.63;6.66;4.09;5263
1.07;Very Good;H;VS2;62.7;57;6.48;6.53;4.08;5264
1.07;Ideal;F;SI1;61.9;56;6.55;6.61;4.07;5264
1.25;Premium;J;VS2;62;59;6.9;6.87;4.27;5264
1.24;Premium;J;VS2;61.8;57.6;6.84;6.88;4.24;5265
1.04;Very Good;D;SI2;62.9;58;6.41;6.47;4.05;5265
1.21;Premium;J;SI1;62.2;57;6.84;6.76;4.23;5266
1.03;Very Good;H;VS2;62;58;6.45;6.51;4.02;5266
1.12;Premium;H;SI1;62.2;60;6.59;6.65;4.12;5266
1.12;Premium;H;SI1;61.6;59;6.63;6.67;4.1;5266
1.02;Ideal;D;SI1;62.3;56;6.49;6.45;4.03;5266
1.21;Very Good;J;VS1;60.9;60;6.87;6.9;4.19;5267
1.09;Ideal;D;SI2;61.3;57;6.64;6.67;4.08;5267
1.1;Premium;H;SI1;62;58;6.68;6.6;4.12;5267
1.2;Premium;E;SI2;58.2;59;6.98;6.9;4.04;5268
1.5;Fair;J;SI2;65.5;60;7.07;7.03;4.62;5268
1.2;Ideal;E;SI2;61.3;56;6.8;6.71;4.14;5268
1.5;Premium;J;SI2;62.6;56;7.24;7.11;4.51;5268
1.3;Good;J;VS2;63.6;59;6.9;6.87;4.38;5269
1.23;Premium;I;SI2;62.4;58;6.86;6.82;4.27;5269
1.23;Ideal;I;SI2;62.1;56;6.88;6.84;4.26;5269
1.23;Premium;I;SI2;62.5;60;6.82;6.75;4.24;5269
1.15;Very Good;H;SI1;62.4;57;6.68;6.71;4.18;5270
1.01;Good;D;SI1;58.5;64;6.4;6.45;3.76;5271
0.95;Good;E;VS2;57.7;58;6.47;6.52;3.75;5272
1.1;Ideal;I;VS2;61.8;55.4;6.62;6.65;4.1;5273
1.34;Ideal;J;SI2;62.5;57;7;7.08;4.4;5273
1.14;Premium;G;SI1;63;59;6.68;6.62;4.19;5273
1.01;Premium;G;SI1;62.9;61;6.35;6.33;3.99;5273
1.01;Ideal;G;SI1;61.6;57;6.4;6.32;3.92;5273
1.01;Ideal;F;SI1;60;56;6.55;6.49;3.91;5274
1.21;Ideal;J;VS2;62.6;54.2;6.79;6.81;4.26;5275
1.21;Premium;I;SI1;61.8;59;6.85;6.81;4.22;5276
1.06;Ideal;H;VS2;61.2;55;6.57;6.61;4.03;5277
1.12;Ideal;F;SI2;61.8;56;6.65;6.68;4.12;5277
1.01;Good;G;SI1;59.8;61;6.45;6.49;3.87;5277
1.69;Premium;J;I1;60.2;61;7.79;7.7;4.66;5277
1.24;Premium;H;SI2;60.4;59;6.99;6.92;4.2;5277
1.52;Ideal;H;SI2;59.9;55;7.54;7.45;4.49;5277
1.02;Ideal;E;SI1;60.4;55;6.54;6.48;3.93;5278
1.06;Ideal;H;SI1;63;55;6.49;6.44;4.08;5278
1.1;Ideal;H;SI1;61.6;57;6.63;6.61;4.08;5278
1.02;Premium;E;SI1;61.5;58;6.51;6.46;3.99;5278
1.02;Very Good;E;SI1;63.2;61;6.37;6.31;4.01;5278
1.2;Premium;G;SI2;59.2;60;6.92;6.9;4.09;5278
1.02;Premium;E;SI1;62.6;58;6.47;6.44;4.05;5278
1.01;Good;G;VS2;63.8;57;6.27;6.34;4.02;5279
1.01;Premium;E;SI1;61.8;60;6.36;6.4;3.94;5279
0.9;Very Good;F;VS1;62.5;58;6.12;6.17;3.84;5279
1.2;Good;I;SI1;63.5;60.7;6.71;6.75;4.27;5280
1.13;Premium;D;SI2;62;58;6.64;6.68;4.13;5280
1.13;Very Good;G;SI1;60.9;60;6.67;6.76;4.09;5280
1.2;Very Good;H;SI2;62.1;59;6.75;6.8;4.21;5280
1.2;Premium;H;SI2;62.5;58;6.76;6.81;4.24;5280
1.2;Very Good;H;SI2;62;58;6.76;6.91;4.24;5280
1.2;Premium;H;SI2;62.3;58;6.76;6.81;4.23;5280
1.2;Very Good;I;SI1;62.6;58.2;6.71;6.74;4.21;5280
1.07;Ideal;E;SI2;62.4;60;6.49;6.52;4.06;5280
1.07;Ideal;J;SI1;61.5;55;6.58;6.62;4.06;5281
1.07;Ideal;H;SI1;61;56;6.6;6.68;4.05;5281
1.11;Premium;G;SI1;60.1;60;6.73;6.68;4.03;5281
1.31;Premium;I;SI1;62;58;7.01;6.98;4.34;5282
1.23;Premium;D;SI2;58.9;58;6.99;6.97;4.11;5283
1.04;Premium;F;SI1;59.8;59;6.61;6.56;3.94;5284
1.37;Premium;J;SI2;61.9;59;7.1;7.05;4.38;5284
1.11;Premium;F;SI2;62.2;57;6.67;6.61;4.13;5284
1.04;Good;E;SI1;63.5;56;6.37;6.41;4.06;5285
1.04;Very Good;H;SI1;62;58;6.42;6.48;4;5285
1.27;Ideal;J;VS2;61.8;54;6.95;6.98;4.31;5285
1.21;Premium;H;SI2;60;60;6.96;6.91;4.16;5285
1.21;Premium;I;SI1;62;56;6.89;6.83;4.25;5285
1;Premium;D;SI2;60.9;59;6.46;6.41;3.92;5286
1.08;Very Good;H;SI1;63.4;57;6.54;6.51;4.14;5286
1.09;Premium;F;SI1;60.9;59;6.59;6.64;4.03;5287
1.09;Premium;F;SI1;62.7;58;6.51;6.56;4.1;5287
1.02;Very Good;F;SI1;60.9;57;6.52;6.56;3.98;5287
1;Very Good;H;SI1;60.9;58;6.43;6.46;3.93;5287
0.99;Ideal;H;SI1;61.1;56;6.44;6.47;3.94;5287
0.75;Ideal;F;VVS1;60.6;57;5.88;5.94;3.59;5288
1.33;Premium;F;SI2;60.7;62;7.12;7.07;4.31;5288
1.01;Premium;G;VS2;60.9;55;6.5;6.48;3.95;5288
1.01;Premium;F;SI1;62.9;59;6.38;6.31;3.99;5288
1.23;Good;J;VS2;63.6;57;6.74;6.79;4.3;5290
1.21;Good;I;VS2;63.4;57;6.72;6.79;4.28;5290
1.21;Very Good;F;SI2;61.5;61;6.77;6.82;4.18;5290
1.21;Very Good;F;SI2;62.7;57;6.74;6.81;4.25;5290
1.04;Very Good;F;SI1;60.1;62;6.54;6.6;3.95;5290
1.28;Premium;J;SI1;61.9;56;7.13;7;4.37;5290
1.02;Very Good;G;SI1;61.3;56;6.43;6.53;3.97;5291
1.14;Premium;I;VS1;62.3;59;6.69;6.64;4.15;5291
1.12;Ideal;H;SI1;62.3;56;6.7;6.65;4.16;5291
1.12;Premium;H;SI1;62;56;6.68;6.61;4.12;5291
1.12;Premium;H;SI1;61.9;59;6.66;6.52;4.08;5291
1.1;Ideal;I;VS1;60.8;58;6.68;6.63;4.04;5291
1.5;Fair;H;I1;68.9;56;7;6.9;4.79;5292
1;Premium;F;SI1;58.6;58;6.56;6.52;3.83;5292
1;Premium;G;SI1;62.2;58;6.45;6.37;3.99;5292
1;Premium;G;SI1;62.7;59;6.36;6.31;3.97;5292
1;Premium;F;SI1;60.5;56;6.48;6.45;3.91;5292
1.04;Premium;D;SI2;62.4;56;6.5;6.45;4.04;5292
1;Fair;F;SI1;64.8;59;6.29;6.24;4.06;5292
1.05;Very Good;H;VS2;63.2;58;6.46;6.39;4.06;5292
1.25;Ideal;I;SI2;63.3;56;6.87;6.83;4.34;5292
1.26;Premium;I;SI1;60.5;62;6.97;6.92;4.2;5292
1;Premium;F;SI1;62.6;60;6.32;6.3;3.95;5292
1;Ideal;F;SI1;62;57;6.43;6.37;3.97;5292
1;Premium;F;SI1;61.6;60;6.41;6.31;3.9;5292
1;Premium;F;SI1;62.3;59;6.43;6.37;3.99;5292
1;Premium;F;SI1;60.3;58;6.47;6.43;3.89;5292
1;Premium;F;SI1;61.6;61;6.37;6.3;3.9;5292
1;Premium;F;SI1;60.7;60;6.4;6.36;3.87;5292
1;Premium;F;SI1;62.7;59;6.4;6.36;4;5292
1;Premium;F;SI1;61.2;58;6.44;6.4;3.93;5292
1;Ideal;F;SI1;61.9;56;6.41;6.36;3.95;5292
1.06;Very Good;I;VS1;58.5;58.3;6.66;6.79;3.94;5293
1.25;Premium;I;SI1;59.7;59;6.97;7.03;4.18;5293
1.06;Very Good;D;SI2;60.1;58;6.6;6.64;3.98;5293
1.06;Good;I;VS1;57.5;62;6.71;6.83;3.9;5293
1.01;Premium;H;VS1;61.2;61;6.44;6.41;3.93;5294
1.01;Very Good;G;VS2;63.1;55;6.38;6.36;4.02;5294
1.01;Premium;H;VS1;61.2;61;6.44;6.41;3.93;5294
1.01;Fair;G;VS2;68.9;60;6.06;6.02;4.17;5294
1.01;Ideal;G;VS1;61.3;56;6.49;6.44;3.96;5294
1.01;Premium;H;VS1;62.7;58;6.39;6.37;4;5294
1.01;Very Good;G;VS1;63.1;59;6.32;6.23;3.96;5294
1.15;Ideal;H;SI1;61.9;55;6.74;6.77;4.18;5296
1.22;Ideal;G;SI2;62.3;57;6.85;6.8;4.25;5296
1.22;Ideal;J;VS2;62.1;58;6.82;6.84;4.24;5297
1;Ideal;E;SI1;62.3;55;6.34;6.41;3.97;5299
1;Good;E;SI1;63.2;57;6.36;6.39;4.03;5299
1;Premium;E;SI1;60.5;59;6.4;6.45;3.89;5299
1.11;Ideal;G;SI2;61.7;57;6.65;6.69;4.12;5299
1.25;Premium;J;VS2;62.2;59;6.86;6.88;4.27;5299
1.04;Premium;F;SI1;62.2;60;6.48;6.44;4.02;5300
1.02;Premium;F;SI1;62.3;58;6.38;6.46;4;5301
1.02;Good;F;SI1;63.2;59;6.35;6.38;4.02;5301
1.02;Very Good;F;SI1;62.8;55;6.4;6.43;4.03;5301
1.26;Ideal;J;SI1;62;56;6.9;6.93;4.29;5301
1.01;Premium;E;SI1;59.5;60;6.54;6.46;3.87;5301
1.16;Ideal;G;SI2;61.5;54;6.78;6.75;4.16;5301
1.07;Ideal;I;VS1;62;57;6.56;6.5;4.05;5302
1.02;Very Good;I;VS1;62.2;60;6.4;6.43;3.99;5302
0.91;Very Good;F;VS1;62.4;59;6.15;6.16;3.84;5302
1.16;Ideal;I;VS2;61.5;57;6.78;6.75;4.16;5302
1.01;Premium;H;VS2;61.5;59;6.48;6.49;3.99;5303
1.07;Ideal;G;SI1;62.2;57;6.59;6.56;4.09;5303
1.07;Very Good;E;SI2;61.7;58;6.54;6.56;4.04;5304
1.23;Premium;J;VS1;60.1;60;6.95;6.9;4.16;5304
1.01;Very Good;H;VS1;64;54;6.3;6.38;4.06;5305
0.9;Very Good;E;VS2;62.5;58;6.14;6.18;3.85;5305
1.09;Very Good;G;SI1;60.2;60;6.66;6.7;4.02;5305
1.01;Premium;D;SI1;58.3;58;6.65;6.59;3.86;5305
1.24;Premium;H;VS2;62.8;57;6.83;6.79;4.28;5305
1.09;Premium;I;VS2;60.1;59;6.74;6.67;4.03;5306
1.01;Ideal;H;VS2;62.7;57;6.41;6.39;4.01;5306
1.15;Ideal;H;SI2;62.5;58;6.65;6.69;4.17;5306
1.09;Ideal;F;SI2;62;56;6.62;6.58;4.09;5306
1.26;Ideal;J;VS2;63.2;57;6.86;6.81;4.32;5306
1.27;Ideal;F;SI2;62;55;6.9;6.95;4.3;5308
1.21;Very Good;G;SI2;62.7;59;6.66;6.74;4.2;5308
1.01;Good;F;SI1;63.9;59;6.29;6.32;4.03;5309
1.2;Good;G;SI2;62.1;60;6.72;6.78;4.19;5310
1.66;Premium;I;SI2;60;59;7.63;7.56;4.56;5310
1.36;Premium;J;SI2;62.6;58;7.12;7;4.42;5310
1.04;Premium;H;SI1;60.7;62;6.57;6.51;3.97;5311
1.01;Premium;E;SI1;62;61;6.42;6.38;3.97;5311
0.28;Ideal;E;VS1;62;57;4.17;4.2;2.59;598
0.26;Very Good;E;VVS2;61.7;60;4.11;4.12;2.54;599
0.38;Very Good;G;SI1;57.5;60;4.83;4.88;2.79;599
0.4;Ideal;J;VS2;62.6;57;4.68;4.71;2.94;599
0.4;Ideal;J;VS2;62.2;54;4.75;4.8;2.97;599
0.27;Ideal;H;VS2;61.8;56;4.15;4.17;2.57;599
0.36;Ideal;H;VS2;62;55;4.58;4.63;2.86;599
0.38;Ideal;D;SI2;62;53;4.68;4.71;2.91;599
0.3;Fair;F;SI1;64.6;56;4.27;4.25;2.75;599
0.26;Ideal;E;VVS2;62.2;56;4.12;4.15;2.57;599
0.26;Good;E;VVS2;63.1;59;4.04;4.08;2.56;599
0.26;Ideal;F;VVS2;62.5;56;4.1;4.12;2.57;599
0.26;Very Good;E;VVS1;62.9;58;4.06;4.08;2.56;599
0.26;Ideal;E;VVS1;62;56;4.09;4.13;2.55;599
0.26;Ideal;E;VVS1;61.7;57;4.07;4.1;2.52;599
0.26;Premium;E;VVS1;61.7;59;4.1;4.14;2.54;599
0.26;Premium;E;VVS1;62.3;60;4.07;4.09;2.54;599
0.26;Ideal;F;VVS1;61.6;57;4.08;4.1;2.52;599
0.26;Premium;E;VVS1;61.8;58;4.11;4.14;2.55;599
0.26;Ideal;F;VVS1;62.4;56;4.1;4.11;2.56;599
0.26;Ideal;D;VVS2;62.5;56;4.08;4.11;2.56;599
0.26;Ideal;D;VVS2;61.4;56;4.12;4.15;2.54;599
0.26;Ideal;E;VVS2;61.5;56;4.08;4.11;2.52;599
0.26;Ideal;E;VVS2;62.3;57;4.06;4.09;2.54;599
0.26;Ideal;E;VVS2;62;56;4.1;4.13;2.55;599
0.26;Ideal;F;VVS2;61.6;57;4.08;4.1;2.52;599
0.4;Good;D;SI2;64;56;4.64;4.7;2.99;599
0.32;Ideal;E;VS2;61.8;54;4.4;4.43;2.73;599
0.32;Ideal;E;VS2;61.4;56;4.41;4.45;2.72;599
0.29;Very Good;D;VVS2;59.1;61;4.33;4.37;2.57;600
1.24;Premium;D;SI2;61;59;6.93;6.97;4.24;5311
1.04;Ideal;G;SI1;61.9;56;6.46;6.5;4.01;5311
1.02;Premium;H;VS2;61.2;58;6.5;6.47;3.97;5312
1.02;Premium;H;VS2;62.5;56;6.45;6.42;4.02;5312
0.9;Premium;E;VS2;62.6;60;6.15;6.08;3.83;5312
0.9;Premium;E;VS2;59.5;58;6.33;6.28;3.75;5312
1.02;Ideal;H;VS2;61.2;56;6.53;6.48;3.98;5312
1.02;Premium;H;VS2;62.5;60;6.43;6.38;4;5312
1.5;Good;F;I1;60.6;62;7.22;7.24;4.38;5313
1.03;Very Good;D;SI1;60.5;61;6.43;6.47;3.9;5313
1.07;Ideal;F;SI2;61.4;56;6.57;6.63;4.05;5313
1.16;Good;H;SI1;64.2;58.6;6.61;6.66;4.26;5314
1.23;Ideal;I;SI2;61.2;58;6.86;6.9;4.21;5315
1.18;Good;D;SI2;61.7;63;6.67;6.72;4.13;5315
1.11;Premium;H;SI1;62.8;61;6.63;6.56;4.14;5315
1.11;Premium;H;SI1;61.5;59;6.69;6.64;4.1;5315
1.11;Ideal;H;SI1;61;56;6.74;6.7;4.1;5315
1.11;Ideal;H;SI1;60.2;54;6.82;6.7;4.07;5315
1.13;Premium;I;VS1;62.2;58;6.68;6.63;4.14;5316
1.13;Premium;I;VS1;61.7;54;6.74;6.71;4.15;5316
1.13;Premium;E;SI2;60.4;59;6.75;6.7;4.06;5316
1.01;Ideal;H;VS2;60.6;57;6.54;6.49;3.95;5317
0.91;Good;F;VVS2;64;61;6.06;6.13;3.9;5317
1.19;Ideal;H;SI1;62.3;55;6.84;6.8;4.25;5318
1.2;Ideal;J;VS2;61.8;55;6.84;6.86;4.23;5318
1.33;Premium;G;SI2;59.2;62;7.22;7.16;4.26;5318
1.28;Good;I;VS2;58.2;64;7.09;7.03;4.11;5319
1.06;Ideal;E;SI2;62.2;55;6.54;6.51;4.06;5319
1.25;Premium;H;SI1;59.4;62;7.07;7;4.18;5320
1.1;Very Good;D;SI2;61.1;58;6.61;6.69;4.06;5320
1;Very Good;D;SI1;63.2;59;6.29;6.4;4.01;5320
1;Premium;H;VS2;62.6;59;6.37;6.31;3.97;5320
1.2;Very Good;G;SI2;62.9;54;6.76;6.79;4.26;5321
1.22;Ideal;H;SI2;62.3;55.3;6.8;6.87;4.26;5321
1.04;Ideal;F;SI1;61.3;55;6.51;6.53;4;5321
1;Premium;E;SI1;59.7;57;6.56;6.48;3.89;5322
1;Very Good;E;SI1;59.4;63;6.47;6.42;3.83;5322
1.2;Very Good;I;VS1;63.1;58;6.7;6.62;4.2;5322
1;Premium;G;VS2;60.8;60;6.39;6.33;3.87;5322
1.05;Premium;H;VS2;61.1;58;6.57;6.53;4;5323
1.21;Premium;H;SI2;62.7;59;6.75;6.78;4.24;5324
1.21;Very Good;H;SI2;62.6;61;6.7;6.75;4.21;5324
1.21;Very Good;I;SI1;62.1;56;6.76;6.92;4.25;5324
1.21;Ideal;J;VS1;62.3;55;6.81;6.86;4.26;5324
0.9;Very Good;F;VS1;61.2;56;6.18;6.23;3.8;5324
1.07;Ideal;E;SI2;62.2;55;6.54;6.58;4.08;5325
1.11;Ideal;H;SI1;60.6;59;6.75;6.71;4.08;5325
1.14;Premium;G;SI1;62.2;58;6.64;6.7;4.15;5326
1.07;Premium;H;VS2;62.1;59;6.52;6.56;4.06;5327
1.33;Very Good;J;SI1;64;53;6.93;7.01;4.46;5327
1.08;Ideal;F;SI1;62.7;57;6.52;6.49;4.08;5327
1.51;Premium;J;SI2;59.7;62;7.46;7.42;4.44;5327
1.06;Very Good;E;SI1;59.6;57;6.62;6.67;3.96;5328
1.11;Ideal;I;SI1;61.9;55;6.65;6.66;4.12;5329
1.12;Premium;D;SI2;61.2;60;6.67;6.63;4.07;5329
1.12;Premium;G;SI1;59.8;58;6.79;6.76;4.05;5329
1.22;Ideal;I;SI1;62.1;56;6.83;6.79;4.23;5329
1.22;Very Good;F;SI1;63.5;56;6.79;6.75;4.3;5329
1.27;Very Good;F;SI2;61;61;6.95;7.01;4.26;5330
1;Good;E;SI1;58.2;61;6.53;6.57;3.81;5330
1.03;Ideal;E;SI1;62;57;6.47;6.44;4;5330
1.03;Premium;F;VS2;60.5;59;6.6;6.52;3.97;5330
1.03;Ideal;E;SI1;62.2;57;6.48;6.42;4.01;5330
0.9;Very Good;D;VS1;60.3;58;6.23;6.28;3.77;5331
1;Ideal;E;SI1;61.6;57;6.37;6.45;3.95;5331
1.01;Good;H;VS2;64.4;58;6.18;6.24;4;5331
1;Fair;D;SI1;65.5;60;6.18;6.12;4.03;5331
1;Good;D;SI1;58.5;64;6.53;6.49;3.81;5331
1.19;Ideal;I;SI1;63.7;57;6.73;6.69;4.28;5331
1.12;Ideal;H;SI2;63.6;56;6.68;6.54;4.19;5331
1.25;Premium;I;VS1;59.4;60;7.1;7.03;4.2;5331
1.2;Premium;F;SI2;62.5;59;6.74;6.68;4.2;5332
1.27;Fair;H;SI2;65.2;54;6.78;6.71;4.41;5334
1.02;Very Good;H;VS2;60.2;62;6.46;6.54;3.91;5335
0.9;Ideal;G;VVS2;61.9;56;6.15;6.22;3.83;5335
0.9;Ideal;E;VS1;61.3;57;6.2;6.24;3.81;5335
1.11;Very Good;H;SI1;62.5;58;6.61;6.64;4.14;5335
1.34;Very Good;J;SI2;62.7;56;7.05;7.08;4.43;5335
1.09;Premium;H;SI1;59.8;60;6.72;6.66;4;5335
1.03;Ideal;G;SI1;62.5;57;6.4;6.49;4.03;5337
0.7;Ideal;E;VVS1;61.9;56;5.66;5.69;3.51;5338
0.7;Ideal;E;VVS1;61.8;55;5.69;5.73;3.53;5338
1.13;Premium;H;SI1;61.4;59;6.73;6.68;4.12;5338
1.01;Very Good;E;SI1;62.3;56;6.36;6.42;3.98;5339
1.01;Very Good;E;SI1;61.1;57;6.43;6.46;3.94;5339
1.14;Ideal;J;VS1;61.6;56;6.71;6.73;4.14;5339
1.01;Very Good;E;SI2;60.2;60;6.46;6.5;3.9;5340
1.21;Ideal;J;SI1;61.9;54;6.85;6.88;4.25;5341
1;Very Good;D;SI1;62.3;59;6.26;6.29;3.91;5342
0.91;Very Good;D;SI1;62;59;6.19;6.16;3.83;5342
1.06;Ideal;G;SI1;62;57;6.54;6.5;4.04;5342
1.05;Ideal;H;SI1;61.9;57;6.54;6.57;4.06;5342
1.13;Ideal;F;SI1;59.7;57;6.82;6.79;4.06;5342
1.04;Premium;H;VS2;59.6;58;6.63;6.55;3.93;5344
1;Good;E;SI1;57.2;62;6.59;6.56;3.76;5345
1.01;Premium;F;SI1;62.3;58;6.44;6.41;4;5345
1.01;Premium;F;SI1;59.8;60;6.57;6.53;3.92;5345
1.01;Premium;F;SI1;62.2;59;6.41;6.36;3.97;5345
1.01;Premium;F;SI1;60.6;59;6.52;6.49;3.94;5345
1.01;Ideal;F;SI1;60.9;55;6.5;6.48;3.95;5345
1.02;Ideal;G;VS2;62.4;57;6.47;6.36;4;5346
1.21;Very Good;I;SI1;62.8;57;6.73;6.8;4.25;5346
1.02;Premium;G;VS2;61.5;59;6.45;6.4;3.95;5346
1.11;Premium;G;VS2;61;59;6.7;6.67;4.08;5346
1.1;Ideal;H;VS2;60.5;57;6.73;6.7;4.06;5347
1.07;Ideal;G;SI1;61.9;55;6.57;6.62;4.08;5347
1.05;Ideal;I;VS2;60.2;57;6.6;6.65;3.99;5347
1.05;Ideal;F;SI2;61.9;56;6.48;6.5;4.02;5347
1;Premium;F;VS2;61.3;59;6.39;6.35;3.9;5347
1.02;Fair;E;VS2;66.6;57;6.09;6.14;4.07;5350
1;Very Good;E;SI1;59.6;60;6.43;6.48;3.85;5351
1;Very Good;E;SI1;61.2;60;6.39;6.42;3.92;5351
1.05;Premium;D;SI1;61.6;61;6.55;6.5;4.02;5351
1.5;Premium;J;SI2;61.3;59;7.38;7.33;4.51;5351
1.2;Very Good;H;SI2;62;58;6.73;6.79;4.19;5352
1.2;Very Good;I;SI1;63.8;57;6.64;6.72;4.26;5352
1.05;Ideal;I;VVS2;61.8;54;6.55;6.57;4.05;5352
1.08;Ideal;G;SI1;61.8;56;6.58;6.55;4.06;5352
1.08;Ideal;D;SI2;61.6;57;6.62;6.58;4.07;5352
1.04;Very Good;G;VS2;61.4;63;6.51;6.55;4.01;5353
1.03;Very Good;G;SI1;59.4;60;6.61;6.66;3.94;5353
1.21;Premium;I;SI1;61.6;58;6.89;6.84;4.23;5353
1.06;Ideal;F;SI2;61.8;56;6.56;6.51;4.04;5354
1.25;Ideal;I;SI2;62;57;6.92;6.85;4.27;5355
1.25;Ideal;G;SI2;61.6;57;6.98;6.91;4.28;5355
1.02;Premium;H;VS2;62.4;58;6.39;6.43;4;5356
1.03;Ideal;F;SI1;62.8;56;6.38;6.46;4.03;5356
1.22;Good;J;VS1;58.5;61;6.94;7;4.08;5356
0.9;Good;E;VS1;59.3;56;6.27;6.32;3.73;5356
1.08;Ideal;I;VS2;61.8;54.2;6.57;6.6;4.07;5357
1.34;Ideal;G;SI2;62;55;7.06;7.03;4.37;5358
1.34;Ideal;J;SI2;62;56;7.09;7.03;4.38;5358
1.11;Ideal;H;SI1;61.6;56;6.65;6.69;4.11;5358
1.09;Ideal;H;SI1;61.9;57;6.63;6.58;4.09;5358
0.92;Premium;E;VS1;60.9;61;6.25;6.22;3.8;5358
1.11;Ideal;E;SI2;61.2;55;6.72;6.68;4.1;5358
1.1;Ideal;E;SI2;61.6;56;6.66;6.63;4.09;5359
1.12;Very Good;G;SI1;61.1;59;6.69;6.73;4.1;5361
1.1;Ideal;G;SI2;62.1;58;6.61;6.63;4.11;5361
1.05;Ideal;G;SI1;61.9;56;6.51;6.55;4.04;5361
1.05;Ideal;G;SI1;62.3;55;6.47;6.54;4.05;5361
1.11;Good;J;IF;58.3;62;6.77;6.84;3.97;5361
1.24;Ideal;J;VS2;61.8;58;6.88;6.84;4.24;5361
1.25;Very Good;H;SI2;62.7;57;6.82;6.86;4.29;5362
1.06;Ideal;I;VS2;61;57;6.55;6.59;4.01;5362
1.12;Ideal;H;SI1;62;57;6.69;6.64;4.13;5363
1.12;Premium;H;SI1;62.2;60;6.65;6.59;4.12;5363
1.12;Premium;H;SI1;61.6;59;6.67;6.63;4.1;5363
1.26;Ideal;I;SI2;62;56;7;6.94;4.32;5363
1.21;Very Good;G;SI2;59.3;59;6.97;7;4.14;5364
1.09;Ideal;D;SI2;62.4;57;6.55;6.6;4.1;5364
1.03;Premium;H;VS2;63;59;6.47;6.36;4.04;5364
1.03;Ideal;H;VS2;62.3;56;6.46;6.44;4.02;5364
1.03;Premium;H;VS2;60.9;58;6.55;6.48;3.97;5364
1.03;Premium;H;VS2;61.6;61;6.51;6.44;3.99;5364
1.03;Premium;H;VS2;62.6;56;6.43;6.38;4.01;5364
1.03;Ideal;F;SI1;62.6;57;6.42;6.46;4.03;5366
1.01;Premium;E;SI1;58.2;59;6.59;6.54;3.82;5366
1.17;Premium;F;SI1;61.9;60;6.72;6.66;4.14;5366
1.16;Premium;G;SI1;63;58;6.7;6.66;4.21;5366
1.14;Very Good;H;SI1;62.9;59;6.62;6.64;4.17;5367
1.07;Very Good;H;SI1;60.4;58;6.67;6.73;4.05;5367
1.02;Ideal;G;SI1;60.6;57;6.49;6.52;3.94;5367
1.22;Premium;I;SI1;62.1;59;6.8;6.86;4.24;5368
1.22;Premium;I;SI1;61.2;59;6.86;6.9;4.21;5368
1.02;Premium;F;SI1;61.4;58;6.48;6.41;3.96;5369
1.13;Very Good;J;VS1;62.1;59;6.64;6.71;4.14;5370
1.05;Premium;H;VS2;62.7;59;6.43;6.49;4.05;5370
1.05;Very Good;H;VS2;59;59;6.68;6.71;3.95;5370
1.1;Ideal;H;SI1;62;57;6.66;6.7;4.14;5370
1.37;Premium;J;VS1;60;62;7.24;7.21;4.33;5370
1.27;Very Good;I;SI2;59.7;57;6.99;7.04;4.19;5371
1.01;Very Good;E;SI1;61.5;60;6.39;6.42;3.94;5372
1.16;Very Good;G;SI1;60.5;60;6.86;6.77;4.12;5372
1.01;Ideal;E;SI1;62.1;57;6.4;6.45;3.99;5372
1.2;Very Good;D;SI2;63.1;57;6.68;6.75;4.24;5373
0.81;Ideal;E;VVS2;62.2;53.7;5.97;5.99;3.72;5373
1.07;Ideal;I;VS1;62;53;6.61;6.62;4.1;5373
1.2;Ideal;I;SI2;61.1;57;6.86;6.89;4.2;5373
0.9;Ideal;E;SI1;61.9;54;6.19;6.22;3.84;5373
1.06;Ideal;H;VS2;61.2;55;6.61;6.57;4.03;5373
1.17;Ideal;H;SI2;61.4;56;6.83;6.76;4.17;5373
1.23;Premium;H;SI2;61.2;57;6.89;6.86;4.21;5373
1.12;Very Good;F;SI1;61.4;63;6.7;6.68;4.11;5374
1.12;Very Good;H;SI2;61.7;59;6.67;6.71;4.13;5375
1.08;Very Good;H;SI1;61.8;53;6.62;6.63;4.09;5375
0.93;Ideal;H;VS1;61.8;55;6.28;6.26;3.88;5375
1.01;Ideal;E;SI1;62.9;56;6.41;6.38;4.02;5375
1.2;Premium;I;VVS2;63;60;6.71;6.63;4.2;5376
1.2;Very Good;J;VS1;63.1;59;6.75;6.65;4.23;5376
1.09;Ideal;H;SI1;62.1;55;6.6;6.64;4.11;5376
1;Fair;E;VS2;65;58;6.21;6.16;4.02;5376
1.13;Premium;D;SI2;62;58;6.68;6.64;4.13;5376
1.13;Premium;G;SI1;60.9;60;6.76;6.67;4.09;5376
1.2;Premium;H;SI2;62.2;58;6.79;6.74;4.21;5376
1.2;Ideal;I;SI1;63.5;61;6.75;6.71;4.27;5376
1.2;Ideal;I;SI1;62.6;58;6.74;6.71;4.21;5376
1.28;Premium;H;SI2;60.2;60;6.97;6.93;4.31;5376
1.2;Premium;H;SI2;62.5;58;6.81;6.76;4.24;5376
1.2;Premium;H;SI2;62.3;58;6.81;6.76;4.23;5376
1.2;Premium;H;SI2;62;58;6.91;6.76;4.24;5376
1;Good;E;VS2;64;58;6.24;6.2;3.99;5376
1.03;Ideal;I;VS2;61.2;56;6.5;6.51;3.98;5378
1.13;Ideal;I;SI2;62;55;6.68;6.7;4.15;5378
1.18;Ideal;I;SI1;61.5;56;6.77;6.82;4.18;5378
1.01;Good;F;SI1;62.4;59;6.29;6.33;3.94;5378
1.03;Ideal;F;SI1;61.3;57;6.58;6.51;4.01;5378
1.01;Good;E;SI1;64.3;59;6.23;6.28;4.02;5379
1.04;Very Good;E;SI1;63.5;56;6.41;6.37;4.06;5381
1.24;Premium;D;SI2;59.9;59;7.01;6.95;4.18;5382
1.31;Very Good;J;SI1;62.5;55;6.97;7.05;4.38;5382
1.14;Ideal;H;SI1;62.3;56;6.69;6.77;4.19;5382
1.02;Very Good;H;VS2;62.4;57;6.43;6.35;3.99;5383
1.01;Very Good;F;SI1;61.9;58;6.41;6.44;3.98;5383
1.11;Very Good;F;SI1;60.1;61;6.64;6.74;4.06;5384
1.13;Ideal;H;SI1;62.3;56;6.66;6.69;4.16;5384
1;Good;E;SI1;58;60;6.48;6.52;3.77;5384
1.09;Premium;F;SI1;60.9;59;6.64;6.59;4.03;5384
1.15;Premium;G;SI1;63;59;6.68;6.63;4.19;5384
1.09;Premium;F;SI1;62.7;58;6.56;6.51;4.1;5384
1;Very Good;G;VS2;60;55;6.41;6.52;3.88;5385
1.2;Ideal;G;SI2;62.2;56;6.74;6.84;4.22;5385
1;Ideal;I;VS1;60.4;55;6.49;6.52;3.93;5385
1.01;Fair;D;SI1;66;57;6.29;6.22;4.13;5385
1.01;Fair;D;SI1;65;57;6.3;6.22;4.07;5385
1.01;Very Good;D;SI1;60.8;57;6.58;6.54;3.99;5386
0.9;Ideal;F;VS1;61.6;56;6.2;6.23;3.83;5386
1.11;Ideal;H;SI1;62.7;56;6.65;6.59;4.15;5386
1.23;Good;J;VS2;63.6;57;6.79;6.74;4.3;5386
0.9;Very Good;E;SI1;61.4;56;6.19;6.23;3.81;5387
1.01;Ideal;H;SI1;61.7;57;6.37;6.44;3.96;5387
1.01;Ideal;H;SI1;61.2;57;6.42;6.47;3.95;5387
1.01;Ideal;G;SI1;61.2;57;6.44;6.5;3.96;5387
1.3;Ideal;H;VS2;62.9;56;7;6.96;4.39;5387
1.21;Premium;F;SI2;61.5;61;6.82;6.77;4.18;5387
1.21;Very Good;I;VS2;63.4;57;6.79;6.72;4.28;5387
1;Premium;H;VS1;61.5;57;6.44;6.37;3.94;5387
1;Premium;H;VS1;60.7;59;6.44;6.4;3.9;5387
1.21;Ideal;I;VS2;62.3;58;6.79;6.75;4.22;5387
1.16;Ideal;H;SI2;60.9;59;6.72;6.78;4.11;5388
1.21;Ideal;J;SI1;62.7;55.2;6.79;6.84;4.27;5390
1;Very Good;D;SI1;62.1;58;6.34;6.45;3.97;5390
1;Very Good;D;SI1;62.1;61;6.3;6.32;3.92;5390
1;Very Good;D;SI1;61.3;54;6.37;6.39;3.91;5390
1;Premium;D;SI1;61.5;60;6.34;6.38;3.91;5390
1.19;Very Good;J;SI1;60;57;6.93;6.89;4.15;5390
0.92;Good;G;VVS2;58.8;57;6.32;6.37;3.73;5390
1.25;Premium;I;SI1;59.7;59;7.03;6.97;4.18;5390
1.12;Ideal;I;VS2;61.2;54;6.74;6.77;4.13;5392
1.14;Ideal;J;VS1;61.5;57;6.7;6.73;4.13;5392
1.06;Ideal;G;SI1;60.5;57;6.64;6.59;4;5393
1.02;Very Good;H;VS2;60.6;60;6.55;6.48;3.95;5393
1.01;Very Good;H;VS2;61.6;57;6.41;6.44;3.96;5393
1.03;Very Good;E;SI2;61.7;54.9;6.46;6.52;4.01;5393
1.03;Very Good;D;SI1;61.8;57;6.49;6.53;4.02;5393
1.07;Ideal;E;SI2;61.4;57;6.62;6.57;4.05;5393
1.06;Premium;D;SI2;62.5;56;6.61;6.47;4.09;5393
0.91;Good;G;SI1;57.7;58;6.33;6.4;3.67;5394
1.01;Very Good;D;SI1;59.8;56;6.57;6.6;3.94;5394
1.25;Ideal;I;SI2;61.4;55;6.92;6.99;4.27;5395
1.11;Ideal;H;SI1;62.5;56;6.65;6.63;4.15;5395
1.11;Premium;H;VS2;60.9;57;6.77;6.69;4.1;5395
1.11;Premium;H;VS2;62;59;6.66;6.59;4.11;5395
1.11;Ideal;G;SI2;61.7;57;6.69;6.65;4.12;5395
1.25;Premium;J;VS2;62.2;59;6.88;6.86;4.27;5396
1;Premium;E;SI1;60.5;59;6.45;6.4;3.89;5396
1;Very Good;E;SI1;63.2;57;6.39;6.36;4.03;5396
1;Ideal;E;SI1;62.3;55;6.41;6.34;3.97;5396
1;Premium;E;SI1;61.7;58;6.42;6.35;3.94;5396
1.22;Very Good;E;SI1;63.4;56;6.79;6.76;4.29;5397
1.02;Ideal;G;SI1;61.5;57;6.54;6.44;3.99;5398
1.02;Very Good;F;SI1;63.2;59;6.38;6.35;4.02;5398
1.26;Premium;I;SI2;62.2;58;6.98;6.92;4.32;5398
1.02;Premium;F;SI1;62.3;58;6.46;6.38;4;5398
1.02;Ideal;F;SI1;62.8;55;6.43;6.4;4.03;5398
1.26;Ideal;J;SI1;62;56;6.93;6.9;4.29;5398
1.01;Premium;H;VS2;61.5;59;6.49;6.48;3.99;5400
1.05;Premium;E;SI2;60.3;61;6.62;6.57;3.98;5400
1.09;Ideal;I;VS1;62.7;54;6.6;6.54;4.12;5401
1.09;Premium;G;SI1;60.2;60;6.7;6.66;4.02;5402
1;Premium;H;VS2;62.4;59;6.75;6.72;4.2;5404
1.22;Premium;I;VS2;60.1;58;6.92;7;4.18;5405
2.14;Fair;J;I1;69.4;57;7.74;7.7;5.36;5405
1.07;Ideal;F;SI2;61.6;57;6.56;6.53;4.03;5405
1.21;Premium;G;SI2;62.7;59;6.74;6.66;4.2;5405
1.27;Ideal;F;SI2;62;55;6.95;6.9;4.3;5405
1.19;Ideal;D;SI2;60.4;55;6.89;6.91;4.17;5406
1.05;Very Good;H;SI1;60.5;58;6.55;6.6;3.98;5406
1.21;Good;H;SI1;63.8;64;6.72;6.63;4.26;5407
1.02;Premium;G;VS2;62.7;58;6.44;6.36;4.01;5407
1.49;Good;I;SI2;64.3;59;7.2;7.1;4.6;5407
1.23;Ideal;J;SI1;62.2;57;6.89;6.81;4.26;5407
1.1;Ideal;G;SI2;62.5;55;6.61;6.66;4.15;5407
1;Good;F;VS2;64.4;56;6.23;6.28;4.03;5407
1.2;Very Good;H;SI2;60.2;58;6.88;6.94;4.16;5408
1.13;Very Good;D;SI2;62.3;60;6.59;6.7;4.14;5408
1.2;Very Good;I;SI1;62.2;55;6.75;6.92;4.25;5408
1.2;Very Good;I;SI1;60;60;6.81;6.89;4.11;5408
1.2;Very Good;I;SI1;62.8;57;6.7;6.74;4.22;5408
1.11;Ideal;G;SI1;61.9;57;6.63;6.66;4.11;5408
0.3;Very Good;E;VS2;61.6;54;4.29;4.32;2.65;600
0.29;Ideal;G;VVS2;61.3;56;4.23;4.25;2.6;600
0.31;Ideal;G;VS1;62.3;54;4.35;4.38;2.72;600
0.31;Good;E;VS1;59;63;4.44;4.47;2.63;600
0.26;Very Good;H;VVS2;63.3;58;4.08;4.04;2.57;600
0.26;Premium;H;VVS1;62.5;58;4.11;4.08;2.56;600
0.26;Ideal;H;VVS1;61.2;56;4.16;4.11;2.53;600
0.26;Premium;H;VVS2;62.4;58;4.07;4.04;2.53;600
0.26;Ideal;H;IF;61.1;57;4.16;4.12;2.53;600
0.23;Very Good;F;VVS2;58.1;63;4.08;4.04;2.36;600
0.26;Premium;H;VVS1;59.8;59;4.17;4.12;2.48;600
0.41;Good;G;I1;63.8;56;4.74;4.7;3.01;600
0.41;Premium;I;SI2;60.6;59;4.84;4.8;2.92;600
0.38;Premium;J;VS1;62.1;60;4.6;4.64;2.87;600
0.36;Premium;F;SI1;61.1;59;4.58;4.62;2.81;600
0.38;Very Good;F;SI2;61;61;4.61;4.67;2.83;600
0.36;Very Good;F;SI1;60.3;58;4.6;4.65;2.79;600
0.36;Premium;F;SI1;61.1;59;4.55;4.59;2.79;600
0.36;Premium;F;SI1;62.3;59;4.5;4.56;2.82;600
0.36;Ideal;F;SI1;61.5;56;4.59;4.62;2.83;600
0.36;Ideal;F;SI1;62;56;4.54;4.59;2.83;600
0.36;Very Good;F;SI1;61.9;59;4.51;4.54;2.8;600
0.36;Premium;F;SI1;61.5;58;4.54;4.6;2.81;600
0.36;Ideal;F;SI1;60.1;56;4.62;4.67;2.79;600
0.36;Premium;F;SI1;61.6;60;4.54;4.61;2.82;600
0.36;Ideal;F;SI1;61.5;57;4.55;4.59;2.81;600
0.26;Very Good;E;VS2;62.8;58;4;4.06;2.53;601
0.38;Very Good;I;SI1;59.7;62;4.7;4.74;2.82;601
0.3;Ideal;F;VS2;62.1;53.3;4.3;4.32;2.68;601
0.3;Ideal;F;VS2;62.1;53.6;4.28;4.31;2.67;601
1.11;Premium;G;SI1;62.7;57;6.62;6.5;4.11;5408
1.11;Premium;G;SI1;62.3;58;6.61;6.52;4.09;5408
1.09;Ideal;D;SI2;61.7;59;6.64;6.62;4.09;5410
1.5;Premium;F;I1;60.6;62;7.24;7.22;4.38;5410
1.03;Premium;D;SI1;60.5;61;6.47;6.43;3.9;5410
1.13;Premium;H;SI1;62.1;58;6.7;6.66;4.15;5410
1;Premium;F;SI1;60.6;62;6.43;6.4;3.89;5410
1.01;Very Good;E;SI1;59.6;61;6.47;6.51;3.87;5411
1.01;Very Good;E;SI1;62.8;57;6.35;6.39;4;5411
0.91;Ideal;H;VVS2;61.7;57;6.21;6.23;3.84;5411
0.93;Ideal;E;VS2;62.4;56;6.26;6.3;3.92;5411
1.03;Ideal;E;SI1;62;55;6.46;6.5;4.02;5411
1.01;Good;E;SI1;63.2;59;6.27;6.35;3.99;5411
1.16;Fair;H;SI1;65.8;58;6.54;6.46;4.28;5411
1.16;Ideal;H;SI1;64.2;59;6.66;6.61;4.26;5411
1.23;Good;H;SI2;63.8;57.4;6.72;6.78;4.31;5412
1.5;Ideal;I;I1;61.8;57;7.31;7.39;4.54;5412
1.2;Ideal;I;SI1;61.8;56;6.77;6.8;4.19;5412
1.23;Premium;I;SI1;62.5;59;6.8;6.84;4.26;5412
1.23;Premium;J;VS1;62.7;58;6.79;6.82;4.27;5412
1.24;Ideal;J;VS2;61.7;55;6.91;6.96;4.28;5412
1.13;Ideal;D;SI2;60.1;55;6.79;6.85;4.1;5412
1.18;Ideal;I;SI1;61.3;55.6;6.79;6.84;4.18;5412
1.17;Ideal;D;SI2;62.5;56;6.77;6.7;4.21;5412
1.26;Ideal;D;SI2;61.6;56;6.99;6.95;4.3;5412
1.26;Premium;D;SI2;61.9;58;6.88;6.81;4.24;5412
1;Very Good;E;SI1;63.7;55;6.35;6.4;4.06;5413
1.06;Very Good;H;VS2;60.7;59;6.56;6.63;4;5415
1.01;Good;H;VS1;63.8;59;6.3;6.34;4.03;5416
1.01;Very Good;E;SI1;62.8;59;6.41;6.45;4.04;5416
1.01;Premium;H;VS1;61.1;58;6.45;6.48;3.95;5416
1.01;Ideal;F;SI1;62.7;55;6.45;6.4;4.03;5416
1.5;Good;H;SI2;63.8;57;7.21;7.14;4.58;5416
1.04;Premium;H;VS2;62.7;61;6.48;6.44;4.05;5416
1.04;Ideal;H;VS2;59.3;57;6.64;6.58;3.92;5416
1.03;Ideal;H;SI1;61.1;56;6.5;6.53;3.98;5418
1.03;Ideal;H;SI1;61.7;57;6.47;6.53;4.01;5418
1.01;Good;G;VS2;64.4;58;6.23;6.31;4.04;5418
1.29;Premium;H;SI2;61;57;7.13;6.95;4.31;5418
1.28;Ideal;I;SI2;61.7;59;6.96;6.92;4.28;5419
1.08;Premium;D;SI1;61.6;56;6.64;6.57;4.07;5419
1;Good;F;VS2;63.1;56;6.27;6.31;3.97;5420
1.46;Premium;G;SI2;62.8;52;7.31;7.27;4.58;5421
1.3;Premium;G;SI2;61.8;57;7.02;6.94;4.32;5421
1.09;Ideal;I;VS2;61.9;56;6.62;6.67;4.09;5421
1.21;Premium;H;SI2;62.6;61;6.75;6.7;4.21;5421
1.21;Premium;I;SI1;59.3;59;6.98;6.95;4.13;5421
1.21;Ideal;J;VS1;62.3;55;6.86;6.81;4.26;5421
1.21;Premium;I;SI1;62.1;56;6.92;6.76;4.25;5421
1.01;Very Good;D;SI1;60.7;58;6.49;6.45;3.93;5422
0.81;Very Good;D;VVS2;63.9;56;5.79;5.91;3.74;5423
1.17;Ideal;H;SI2;62.4;53;6.74;6.76;4.21;5423
1.02;Very Good;E;SI1;60.6;59;6.47;6.49;3.93;5424
1.1;Ideal;H;SI1;61.4;55;6.68;6.7;4.11;5424
1.07;Premium;H;VS2;62.1;59;6.56;6.52;4.06;5424
1.14;Premium;G;SI1;62.7;58;6.68;6.63;4.17;5424
1.02;Ideal;D;SI2;61.7;58;6.41;6.49;3.98;5426
1.02;Ideal;G;SI1;62.1;55;6.46;6.49;4.02;5426
1.02;Ideal;H;VS2;62;57;6.43;6.4;3.98;5426
1.02;Premium;H;VS2;61.7;58;6.45;6.41;3.97;5426
1.24;Very Good;J;VS1;59.1;62;7.06;7.04;4.17;5427
1.27;Premium;F;SI2;61;61;7.01;6.95;4.26;5428
1.11;Ideal;G;SI1;62.6;57;6.64;6.56;4.13;5428
1.09;Ideal;H;SI1;60.9;55;6.72;6.69;4.08;5428
1.02;Premium;E;SI1;62.8;58;6.45;6.39;4.03;5429
1.31;Good;H;SI2;64.1;57;6.9;6.84;4.41;5429
1.21;Premium;G;SI2;60.3;58;6.9;6.96;4.18;5430
1.02;Very Good;F;SI1;59.4;60;6.48;6.59;3.88;5430
2.15;Fair;J;I1;65.5;57;8.01;7.95;5.23;5430
1.01;Ideal;G;SI1;63.1;53;6.36;6.42;4.03;5430
0.91;Fair;E;VVS2;63.1;55;6.13;6;3.83;5430
1.01;Premium;E;SI1;62.4;59;6.38;6.35;3.97;5430
1.01;Fair;D;SI1;64.7;57;6.33;6.25;4.07;5430
1.01;Premium;E;VS2;62.3;59;6.38;6.33;3.96;5430
1.01;Good;E;VS2;63.8;59;6.26;6.22;3.98;5430
1.22;Good;I;VS2;57.2;60;7.07;7.01;4.03;5431
1.21;Premium;J;VVS2;61.7;60;6.82;6.85;4.22;5431
0.91;Ideal;E;SI1;62.3;55;6.2;6.23;3.87;5431
1.02;Premium;H;VS2;60.2;62;6.54;6.46;3.91;5432
1.01;Very Good;H;SI1;62.9;56;6.34;6.41;4.01;5433
1.01;Very Good;H;SI1;61.2;60;6.41;6.44;3.93;5433
1.05;Premium;E;SI1;61.2;58;6.57;6.53;4.01;5433
1.15;Premium;H;SI1;62;58;6.77;6.71;4.18;5433
1.11;Premium;H;SI1;62.5;58;6.64;6.61;4.14;5433
1.11;Premium;H;SI1;61.1;60;6.68;6.62;4.06;5433
1.26;Premium;H;SI2;60.9;57;7.03;6.96;4.26;5434
1.06;Very Good;G;SI1;61.3;60;6.53;6.55;4.01;5435
1.07;Ideal;F;SI1;59.4;57;6.73;6.67;3.98;5436
1.05;Ideal;E;SI1;62.1;57;6.48;6.5;4.03;5436
1.07;Premium;F;SI1;62.5;59;6.57;6.52;4.09;5436
1.22;Ideal;G;SI2;62.9;56;6.86;6.78;4.29;5436
1.22;Premium;G;SI2;58.3;61;7;6.92;4.06;5436
1.01;Ideal;E;SI2;61.5;55;6.44;6.51;3.98;5437
1.33;Premium;H;SI2;61;59;7.1;7.06;4.32;5437
1.05;Very Good;G;SI1;60.2;58;6.57;6.61;3.97;5438
1.3;Premium;J;SI1;61.8;59;6.99;6.95;4.31;5438
1.11;Good;G;SI2;59.7;61;6.72;6.69;4;5438
0.9;Premium;E;VS1;59.4;59;6.31;6.28;3.74;5438
1.01;Ideal;G;VS2;61.7;57;6.44;6.49;3.99;5439
0.9;Ideal;E;VS2;62;59;6.17;6.21;3.84;5439
1.08;Ideal;G;SI1;61.7;56;6.6;6.63;4.08;5439
1.19;Premium;I;VS2;61.7;57;6.84;6.77;4.2;5439
1.11;Premium;H;SI1;58.8;59;6.79;6.74;3.98;5439
1.27;Ideal;J;VS2;61.5;57;6.93;6.98;4.28;5442
1.01;Good;D;SI1;63.8;58;6.34;6.38;4.06;5443
1.01;Premium;D;SI1;62.6;58;6.33;6.44;4;5443
1.01;Good;D;SI1;61.7;62;6.3;6.34;3.9;5443
1.01;Ideal;D;SI1;61.2;57;6.44;6.47;3.95;5443
1.01;Very Good;D;SI1;62.9;59;6.39;6.43;4.03;5443
1.01;Good;D;SI1;63.1;60;6.32;6.39;4.01;5443
1.01;Good;D;SI1;61.8;60;6.35;6.37;3.93;5443
1.01;Very Good;D;SI1;61.6;60;6.43;6.47;3.97;5443
1.2;Very Good;H;SI1;63.5;58;6.69;6.73;4.26;5443
1.24;Ideal;J;VS2;62.3;56;6.84;6.91;4.28;5443
1.24;Ideal;E;SI2;59.2;55;7.05;7.03;4.17;5444
1.24;Very Good;I;VS1;61.4;63;6.89;6.88;4.23;5444
1.07;Ideal;G;SI1;61.9;55;6.62;6.57;4.08;5444
1;Premium;E;SI1;60.7;59;6.38;6.41;3.88;5445
1;Premium;E;SI1;62.6;60;6.3;6.35;3.97;5445
1;Premium;E;SI1;61.9;60;6.37;6.46;3.97;5445
1.06;Very Good;E;SI1;63.7;55;6.45;6.49;4.12;5445
1.2;Fair;F;SI2;63.4;60;6.56;6.65;4.19;5445
1.03;Ideal;G;SI1;60.5;55;6.59;6.54;3.97;5445
1.31;Premium;J;SI1;59.4;60;7.06;7.12;4.21;5446
1.31;Good;I;SI2;63.6;55.1;6.92;6.98;4.42;5446
1.04;Very Good;H;VS2;60.9;58;6.5;6.6;3.99;5447
1.12;Very Good;E;SI1;58.8;61;6.74;6.8;3.98;5447
1.37;Good;I;VS2;64.1;58;6.92;6.9;4.43;5449
1.11;Premium;H;VS2;61.7;58;6.64;6.69;4.11;5450
1.11;Very Good;H;VS2;62.4;58;6.57;6.69;4.14;5450
1.31;Very Good;J;SI1;62.3;55;6.98;7.02;4.36;5450
0.9;Ideal;E;SI1;62;56;6.18;6.2;3.84;5450
1.2;Very Good;D;SI2;62.6;57;6.74;6.84;4.25;5451
1.18;Very Good;I;VS1;62.2;57;6.72;6.76;4.19;5451
1.12;Ideal;G;SI1;62;55;6.65;6.68;4.13;5451
1.04;Very Good;G;VS2;61.4;63;6.55;6.51;4.01;5451
1.24;Ideal;J;VS2;62.8;56;6.83;6.8;4.28;5451
1.21;Very Good;J;VS1;62.6;57;6.71;6.8;4.23;5452
1.21;Very Good;I;SI1;62.9;55;6.69;6.76;4.23;5452
1.18;Ideal;G;SI2;60.5;55;6.9;6.85;4.16;5452
0.92;Very Good;E;VS1;60.9;61;6.22;6.25;3.8;5453
1.07;Premium;G;SI1;61.6;58;6.6;6.56;4.05;5453
1.07;Ideal;G;SI1;60.2;57;6.7;6.59;4;5453
1.16;Premium;H;SI1;61.2;58;6.76;6.81;4.15;5454
1.02;Premium;H;VS2;62.4;58;6.43;6.39;4;5454
1.27;Very Good;J;VS2;61.8;60;6.9;6.94;4.28;5455
1.03;Very Good;I;VS1;62.9;53;6.45;6.5;4.07;5455
1.02;Very Good;H;SI1;61;59;6.48;6.53;3.97;5455
1.27;Ideal;J;SI1;61.4;57;6.97;7;4.29;5455
1.02;Premium;F;SI1;61;59;6.58;6.47;3.98;5455
1.08;Ideal;I;VS2;61.8;54;6.6;6.57;4.07;5455
1.24;Very Good;I;SI1;60.4;58;6.95;7.02;4.22;5456
1.06;Very Good;H;VS1;62.2;59;6.47;6.52;4.04;5456
1.02;Very Good;E;SI1;63.2;60;6.33;6.42;4.03;5456
1.12;Ideal;D;SI2;62.6;57;6.61;6.65;4.15;5456
1.11;Ideal;H;SI1;62.3;55;6.7;6.65;4.16;5456
1.11;Ideal;H;SI1;61.6;56;6.69;6.65;4.11;5456
1.21;Very Good;I;SI1;60.6;56;6.89;6.97;4.2;5457
1.05;Ideal;F;SI1;62;55;6.5;6.54;4.04;5457
1.12;Ideal;H;SI1;60.7;56;6.74;6.7;4.08;5457
1.13;Ideal;E;SI2;62.2;56;6.7;6.66;4.16;5457
1.01;Ideal;H;SI1;62.7;56;6.37;6.42;4.01;5457
1.16;Premium;I;VS1;60.4;59;6.89;6.82;4.14;5457
1.14;Premium;H;SI1;59.3;59;6.8;6.76;4.02;5458
1;Ideal;E;SI1;61.9;56;6.37;6.45;3.97;5458
0.91;Ideal;E;SI1;61.9;55;6.21;6.23;3.85;5458
1.2;Good;I;SI1;64.4;61;6.52;6.59;4.22;5458
1.18;Premium;G;SI1;62.1;59;6.75;6.71;4.18;5458
1.14;Premium;H;SI1;61.9;58;6.71;6.67;4.14;5458
1.14;Very Good;H;SI1;63.1;58;6.69;6.6;4.19;5458
1.06;Ideal;J;VS2;61.4;56;6.55;6.6;4.04;5459
1;Fair;H;VS1;55.8;60;6.66;6.61;3.7;5460
1.5;Fair;D;I1;64.7;62;7.19;7.04;4.6;5460
1.5;Premium;G;SI2;61.7;55;7.39;7.32;4.54;5460
1.01;Very Good;E;SI1;60;60;6.43;6.51;3.88;5461
1.01;Very Good;E;SI1;62.1;56;6.43;6.48;4.01;5461
1.06;Ideal;G;SI1;62.9;56;6.52;6.49;4.09;5461
1.06;Premium;H;SI1;61;60;6.59;6.56;4.01;5461
1.21;Premium;H;VS2;60.8;62;6.82;6.78;4.13;5461
1.29;Very Good;I;SI1;62.2;58;6.94;6.99;4.33;5463
1.29;Premium;J;VS1;61.7;59;6.93;6.97;4.29;5463
1.19;Premium;I;SI1;61.3;59;6.84;6.79;4.18;5464
1.07;Premium;H;SI1;63;57;6.55;6.44;4.09;5465
1.22;Premium;I;SI1;59;61;7.02;6.98;4.13;5466
1.22;Premium;I;SI1;62.2;57;6.87;6.79;4.25;5466
1.22;Premium;I;SI1;62.1;59;6.86;6.8;4.24;5466
1.22;Premium;H;SI2;60.2;56;6.96;6.93;4.18;5466
1.05;Premium;H;VS2;62.7;59;6.49;6.43;4.05;5468
1.05;Premium;H;VS2;59;59;6.71;6.68;3.95;5468
1.02;Premium;H;VS1;62.1;59;6.38;6.43;3.98;5469
1.14;Ideal;I;SI1;62.3;58;6.65;6.7;4.16;5469
1.04;Ideal;H;SI1;61.7;56;6.51;6.55;4.03;5469
1;Good;D;SI1;64.9;53;6.27;6.3;4.08;5469
1;Premium;E;SI1;60.8;60;6.45;6.42;3.91;5470
1.14;Ideal;E;SI2;62.4;57;6.64;6.7;4.16;5473
1.2;Very Good;G;SI2;60.2;63;6.81;6.84;4.11;5474
1.2;Premium;I;VS2;62.1;59;6.77;6.72;4.19;5474
1.01;Fair;G;VS2;66.6;55;6.27;6.22;4.16;5475
0.9;Very Good;D;VS2;62.3;56;6.14;6.18;3.84;5476
1.2;Very Good;I;SI1;62.6;57;6.74;6.77;4.23;5476
1.03;Ideal;E;SI1;62.1;56;6.43;6.48;4.01;5476
1.03;Ideal;E;SI1;61.3;57;6.48;6.51;3.98;5476
1.1;Premium;H;SI1;60.7;59;6.72;6.7;4.07;5476
1.18;Premium;I;VS1;62.6;59;6.73;6.71;4.21;5477
1.01;Ideal;I;VVS1;61.7;56;6.42;6.47;3.98;5478
1.01;Very Good;E;SI1;64.1;56;6.29;6.35;4.05;5479
1.06;Very Good;H;VS2;62.4;56;6.49;6.56;4.07;5480
1.05;Very Good;G;SI1;62;56;6.47;6.55;4.04;5480
0.9;Good;F;VVS2;61.8;63;6.14;6.19;3.81;5480
1.16;Premium;H;SI1;60.2;59;6.84;6.77;4.1;5480
1.31;Premium;J;SI1;62.5;55;7.05;6.97;4.38;5480
1.13;Very Good;F;SI1;60.6;60;6.67;6.76;4.07;5481
1;Good;G;SI1;62.2;63;6.36;6.41;3.97;5483
1.11;Premium;F;SI1;60.1;61;6.74;6.64;4.06;5483
1.13;Ideal;H;SI1;62.3;56;6.69;6.66;4.16;5483
1;Good;G;VS2;63.7;59;6.38;6.33;4.05;5484
1.02;Premium;F;SI1;62.9;55;6.47;6.41;4.05;5484
0.91;Very Good;G;VS2;62.3;59;6.13;6.17;3.83;5484
1;Good;G;VS2;63.7;57;6.32;6.28;4.01;5484
1;Good;G;VS2;56.6;61;6.65;6.61;3.75;5484
1;Fair;G;VS2;67.6;57;6.2;6.13;4.17;5484
1;Fair;G;VS2;63.7;55;6.28;6.21;3.98;5484
1.2;Ideal;G;SI2;62.2;56;6.84;6.74;4.22;5484
1.06;Premium;E;SI1;62;61;6.55;6.51;4.05;5485
1.06;Premium;E;SI1;60.8;58;6.59;6.54;3.99;5485
1.24;Very Good;H;SI2;63.2;55;6.88;6.83;4.33;5486
1.09;Ideal;I;SI1;61.9;55;6.66;6.62;4.11;5486
1.01;Ideal;F;SI1;62;56;6.44;6.39;3.98;5486
1.01;Good;F;VS2;57.3;62;6.63;6.59;3.79;5487
1.14;Good;H;SI1;62.8;58;6.62;6.67;4.17;5487
1.12;Fair;G;VS1;64.8;56;6.48;6.52;4.21;5487
1.38;Premium;G;SI2;58.3;59;7.34;7.27;4.26;5487
1.08;Premium;F;SI1;61;59;6.67;6.57;4.04;5487
1.3;Fair;J;SI1;66;57.1;6.73;6.82;4.45;5488
1;Premium;D;SI1;61.3;54;6.39;6.37;3.91;5488
1;Premium;D;SI1;59.5;60;6.49;6.42;3.84;5488
1;Premium;D;SI1;62.1;58;6.45;6.34;3.97;5488
1;Premium;D;SI1;61.5;60;6.38;6.34;3.91;5488
1;Premium;D;SI1;62.1;61;6.32;6.3;3.92;5488
1;Ideal;D;SI1;61.7;57;6.39;6.42;3.95;5489
1.21;Ideal;J;SI1;62.7;55;6.84;6.79;4.27;5489
1.21;Premium;J;VS1;60;60;6.95;6.88;4.15;5489
1.2;Very Good;I;SI2;63.7;56;6.66;6.71;4.26;5490
1.23;Good;H;SI1;63.7;59;6.76;6.71;4.29;5490
1.06;Very Good;F;SI1;59.6;60;6.61;6.68;3.96;5491
1.06;Very Good;F;SI1;58.8;57;6.67;6.76;3.95;5491
1.03;Ideal;D;SI2;60.5;58;6.52;6.58;3.96;5491
1.03;Premium;D;SI1;61.8;57;6.53;6.49;4.02;5491
1.03;Ideal;E;SI2;61.7;55;6.52;6.46;4.01;5491
1.05;Good;H;VS2;63.7;58;6.4;6.45;4.09;5492
1.02;Ideal;E;SI1;60.5;56;6.57;6.53;3.96;5493
1.05;Very Good;E;SI1;62.2;56;6.49;6.56;4.06;5494
1.2;Ideal;E;SI2;61.1;55;6.9;6.87;4.21;5494
1.04;Ideal;F;SI1;61.3;56;6.51;6.55;4;5495
1.11;Ideal;H;SI2;61.2;56;6.7;6.69;4.1;5496
1.09;Ideal;G;SI1;62.4;56;6.57;6.61;4.11;5496
1.02;Good;D;SI1;63.3;58;6.35;6.39;4.03;5497
1.19;Ideal;E;SI2;61.9;56;6.8;6.84;4.22;5497
1.02;Good;D;SI1;63.5;61;6.27;6.35;4.01;5497
1.24;Very Good;I;SI2;61.6;59;6.87;6.9;4.24;5497
1.01;Very Good;G;SI1;62.9;58;6.35;6.4;4.01;5497
1.01;Ideal;G;SI1;61.1;58;6.43;6.49;3.95;5497
1.01;Good;G;VS2;62;61;6.29;6.38;3.93;5497
1.03;Very Good;D;SI1;62.6;58;6.44;6.49;4.05;5498
1.07;Ideal;H;SI1;62.1;56;6.53;6.58;4.07;5498
1.07;Premium;H;VS2;62.4;59;6.53;6.46;4.05;5498
1.01;Very Good;E;SI1;62.9;60;6.35;6.43;4.02;5499
1.01;Good;E;SI1;63.3;55;6.37;6.42;4.05;5499
1.01;Very Good;E;SI1;62.8;57;6.37;6.41;4.01;5499
1.01;Very Good;E;SI1;62.9;58;6.35;6.41;4.01;5499
1.25;Premium;J;VS1;62;58;6.89;6.92;4.28;5500
1;Premium;E;SI1;61.6;59;6.38;6.41;3.94;5500
1;Good;G;VS2;63.3;60;6.29;6.37;4.01;5500
1.25;Very Good;I;SI1;58.9;58;7.04;7.08;4.16;5500
1.02;Very Good;F;SI1;59.8;58;6.49;6.55;3.9;5500
1.14;Ideal;H;SI1;62.3;56;6.72;6.69;4.18;5501
1.01;Good;D;SI1;57.6;60;6.59;6.64;3.81;5501
1.01;Fair;F;VS2;65.5;62;6.19;6.23;4.07;5501
1.11;Ideal;D;SI2;62.2;57;6.66;6.62;4.12;5501
0.9;Very Good;H;VS2;62.6;59;6.07;6.16;3.83;5502
1.21;Premium;I;VS2;62.2;59;6.79;6.85;4.24;5502
1.22;Ideal;H;SI2;61;57;6.88;6.93;4.2;5502
1.22;Ideal;H;SI2;61.7;56;6.87;6.93;4.26;5502
1.04;Premium;F;SI1;61.5;59;6.54;6.46;4;5504
1.12;Very Good;G;SI2;61.2;58;6.65;6.69;4.08;5504
0.9;Very Good;F;VVS2;61;63;6.13;6.09;3.73;5504
1.22;Ideal;J;VS1;60.8;57;6.85;6.89;4.18;5504
1.23;Premium;J;VS2;61.9;55;6.94;6.88;4.28;5504
1.19;Premium;D;SI2;58.8;58;7.04;6.9;4.1;5504
1.19;Ideal;D;SI2;60.4;55;6.91;6.89;4.17;5504
1.05;Ideal;G;VS2;61.1;57;6.55;6.52;3.99;5504
1.46;Fair;G;SI2;64.6;54;7.11;7.03;4.57;5504
1.26;Premium;I;SI1;60.9;58;6.99;6.94;4.24;5504
1;Good;F;VS2;63.4;56;6.27;6.35;4;5505
1;Very Good;F;VS2;61.9;59;6.34;6.38;3.94;5505
1.02;Ideal;H;SI1;59.8;58;6.56;6.58;3.93;5505
1.02;Premium;G;VS2;62.7;58;6.44;6.36;4.01;5506
1.11;Ideal;I;VS2;61.7;55;6.66;6.69;4.12;5506
1.15;Premium;H;SI1;62;58;6.77;6.66;4.16;5506
1.02;Very Good;E;SI1;63.1;61;6.42;6.35;4.03;5508
0.24;Very Good;D;VS2;60.2;59;4.03;4.04;2.43;419
0.27;Very Good;D;VS2;63;57;4.06;4.1;2.57;419
0.24;Very Good;E;VS2;60.1;58;4.01;4.04;2.42;419
0.24;Very Good;E;VS2;63.5;53;3.96;3.98;2.52;419
0.24;Very Good;E;VS2;62.1;58;4;4.02;2.49;419
0.24;Very Good;E;VS2;63.1;56;3.95;3.98;2.5;419
0.24;Very Good;E;VS2;63;58;3.94;3.97;2.49;419
0.24;Very Good;E;VS2;61.5;58;4.02;4.05;2.48;419
0.24;Very Good;E;VS2;62.1;59;3.98;4.01;2.48;419
0.24;Very Good;F;VS2;61.4;58;3.99;4.05;2.47;419
0.24;Very Good;F;VS2;62.4;58;3.98;4;2.49;419
0.24;Very Good;F;VS2;62.9;58;3.94;4.01;2.5;419
0.24;Very Good;F;VS2;59.6;58;4.08;4.11;2.44;419
0.24;Very Good;F;VS2;61.9;59;3.98;4;2.47;419
0.24;Very Good;F;VS1;59.9;58;4.02;4.06;2.42;419
0.24;Very Good;F;VS1;63;58;3.92;3.95;2.48;419
0.24;Very Good;F;VS1;62.5;58;3.95;3.96;2.47;419
0.24;Very Good;F;VS1;63;59;3.93;3.97;2.49;419
0.24;Very Good;E;VS1;62.4;59;3.94;3.98;2.47;419
0.24;Very Good;E;VS1;59.8;58;4.02;4.11;2.43;419
0.24;Very Good;D;VS1;61.4;58;3.99;4.02;2.46;419
0.24;Very Good;D;VS1;62.2;58;3.95;3.99;2.47;419
0.24;Very Good;D;VS1;62.9;56;3.96;3.99;2.5;419
0.24;Ideal;F;VS2;62.2;57;3.96;4.01;2.48;419
0.24;Ideal;F;VS2;61.2;57;4.04;4.06;2.48;419
0.24;Ideal;F;VS1;61.3;56;4;4.03;2.46;419
0.26;Very Good;D;VS2;59.6;63;4.13;4.16;2.47;420
0.26;Very Good;D;VS1;63.3;57;4.03;4.06;2.56;420
0.32;Ideal;H;SI2;61.5;56;4.43;4.45;2.73;420
0.32;Ideal;H;SI2;61.9;54;4.42;4.46;2.75;420
0.3;Ideal;F;VS2;62;53.7;4.31;4.33;2.68;601
0.3;Ideal;F;VS2;62.3;53.5;4.27;4.32;2.68;601
0.3;Ideal;F;VS2;62.5;53.3;4.28;4.31;2.69;601
0.3;Ideal;D;VS1;61;58;4.3;4.36;2.64;601
0.31;Ideal;E;SI1;60.1;57;4.36;4.39;2.63;601
0.37;Ideal;J;IF;61.9;54;4.63;4.68;2.88;601
0.39;Fair;E;SI1;65.6;60;4.5;4.56;2.97;601
0.35;Good;D;SI1;63.3;56;4.5;4.53;2.86;601
0.35;Premium;D;SI1;61.5;58;4.53;4.55;2.79;601
0.35;Ideal;D;SI1;62.1;57;4.47;4.49;2.78;601
0.38;Ideal;G;SI2;61.6;55;4.64;4.68;2.87;602
0.38;Ideal;G;SI2;61.2;56;4.7;4.74;2.89;602
0.38;Ideal;F;SI2;62.1;56;4.62;4.65;2.88;602
0.32;Very Good;F;VS2;59.7;62;4.38;4.43;2.63;602
0.32;Good;F;VS2;63.3;57;4.34;4.38;2.76;602
0.32;Ideal;G;VS1;61.9;55;4.4;4.42;2.73;602
0.32;Very Good;F;VS2;58.8;62;4.43;4.48;2.62;602
0.32;Ideal;F;VS2;61.9;55;4.41;4.45;2.74;602
0.32;Ideal;G;VS1;60.7;56;4.43;4.46;2.7;602
0.32;Very Good;F;VS2;63;57;4.33;4.37;2.74;602
0.32;Ideal;F;VS2;62.4;57;4.37;4.44;2.75;602
0.32;Very Good;G;VS1;61.2;62;4.41;4.45;2.71;602
0.32;Premium;H;VVS2;62.2;58;4.33;4.38;2.71;602
0.32;Very Good;F;VS2;61.2;58;4.38;4.41;2.69;602
0.32;Premium;F;VS2;59.5;60;4.46;4.48;2.66;602
0.35;Very Good;H;VS1;60;57;4.57;4.6;2.75;603
0.3;Very Good;E;VS2;62.7;53;4.32;4.35;2.72;603
0.3;Very Good;F;VS1;63.1;59;4.2;4.27;2.67;603
0.4;Very Good;J;SI1;58.9;59;4.84;4.87;2.86;603
0.37;Ideal;I;VS2;61.2;56;4.62;4.66;2.84;603
1.18;Very Good;H;SI1;60.1;59;6.83;6.88;4.11;5508
1.16;Ideal;H;SI2;61.1;56;6.78;6.79;4.15;5509
1.02;Ideal;E;SI1;62.3;54;6.45;6.49;4.03;5509
1.2;Ideal;H;SI1;62.9;57;6.79;6.76;4.26;5510
1.2;Premium;I;SI1;60.7;59;6.9;6.87;4.18;5510
1.2;Premium;H;SI2;62.4;57;6.83;6.75;4.24;5510
1.23;Ideal;H;SI2;63.8;57;6.78;6.72;4.31;5510
1.5;Ideal;I;I1;61.8;57;7.39;7.31;4.54;5510
1.2;Ideal;I;SI1;61.8;56;6.8;6.77;4.19;5510
1.23;Premium;J;VS1;62.7;58;6.82;6.79;4.27;5510
1.2;Premium;I;SI1;61.1;58;6.88;6.8;4.18;5510
1;Very Good;G;SI1;62.3;62;6.34;6.38;3.96;5511
0.9;Very Good;D;VS1;63.4;58;6.15;6.09;3.88;5511
1.32;Very Good;J;SI2;61.7;60;6.95;7.01;4.31;5513
1.2;Good;F;SI2;59;60;6.9;6.97;4.09;5514
1.08;Very Good;H;VS2;62.9;59;6.47;6.56;4.1;5515
1.01;Premium;H;VS1;61.1;58;6.48;6.45;3.95;5515
1.01;Good;H;VS1;63.8;59;6.34;6.3;4.03;5515
1.01;Premium;E;SI1;62.8;59;6.45;6.41;4.04;5515
1.08;Very Good;H;SI1;63.2;58;6.57;6.49;4.13;5516
1.06;Ideal;I;VS2;60.3;57;6.61;6.66;4.01;5516
0.92;Ideal;E;SI1;62.1;56;6.22;6.24;3.87;5516
1.08;Ideal;H;SI1;61.8;54;6.6;6.61;4.09;5517
1.27;Premium;J;VS1;62.6;59;6.88;6.92;4.32;5518
1.2;Very Good;G;SI2;61.7;59;6.81;6.86;4.22;5518
1.03;Ideal;G;SI1;61.6;55;6.48;6.52;4;5518
1.01;Very Good;G;VS2;62.5;60;6.31;6.37;3.96;5519
1.16;Ideal;J;IF;60.6;56;6.79;6.86;4.14;5519
1.16;Ideal;G;SI1;60.9;57;6.79;6.75;4.12;5519
1.46;Premium;I;SI2;62.4;59;7.21;7.16;4.49;5519
1.06;Very Good;F;SI1;63.4;58;6.51;6.42;4.1;5520
1.06;Premium;H;VS2;60.7;59;6.61;6.57;4;5520
1.24;Ideal;G;SI2;61.4;56;6.98;6.92;4.27;5520
1.23;Premium;I;VS2;61.7;58;6.85;6.87;4.23;5521
1;Very Good;F;SI1;63.3;58;6.34;6.36;4.02;5521
1.1;Very Good;H;SI1;62.9;57;6.54;6.59;4.13;5521
1.12;Ideal;H;SI1;61.9;57;6.64;6.68;4.12;5521
1;Very Good;G;SI1;61;56.7;6.44;6.47;3.94;5522
1.2;Very Good;I;SI1;62.6;59;6.75;6.71;4.21;5522
1.02;Ideal;H;SI1;60.9;57;6.51;6.55;3.98;5522
1.03;Premium;H;VS1;62.5;59;6.43;6.47;4.03;5523
1.03;Premium;H;VS1;62;59;6.45;6.48;4.01;5523
1.1;Very Good;I;VS2;61.8;58;6.59;6.62;4.08;5524
1.08;Very Good;H;VS2;58.1;62;6.72;6.74;3.91;5524
1.35;Fair;J;SI1;65.2;56;6.9;7.02;4.54;5524
1.04;Very Good;F;SI1;62.9;54;6.46;6.49;4.07;5525
1.01;Premium;E;SI1;60.7;58;6.5;6.48;3.94;5525
1.15;Ideal;E;SI1;62.7;56;6.73;6.7;4.21;5526
1.03;Good;D;SI1;57.7;62;6.63;6.65;3.83;5526
1.13;Very Good;G;SI1;63.1;58;6.65;6.59;4.18;5526
1.01;Ideal;F;SI1;62;54;6.41;6.49;4;5527
1.09;Ideal;F;SI1;62.5;57;6.59;6.54;4.1;5527
1;Very Good;F;SI1;63.3;58;6.28;6.39;4.01;5528
1.04;Ideal;E;SI1;62.4;57;6.48;6.53;4.06;5528
1.21;Premium;G;SI2;60.3;58;6.96;6.9;4.18;5529
1.27;Very Good;J;VS2;62.7;58;6.88;6.91;4.32;5530
0.91;Very Good;E;VS1;61.8;60;6.17;6.2;3.82;5530
1.13;Very Good;I;VS2;60.7;58;6.72;6.75;4.09;5531
1.04;Ideal;E;SI2;62.3;55;6.46;6.49;4.03;5531
1.21;Premium;J;VVS2;61.7;60;6.85;6.82;4.22;5531
1.01;Premium;D;SI1;58.9;58;6.57;6.54;3.86;5532
1.07;Ideal;G;SI1;61.7;54;6.59;6.61;4.07;5532
1.01;Very Good;D;SI1;59.7;57;6.53;6.56;3.91;5533
1.52;Fair;G;SI2;64.9;59;7.19;7.15;4.65;5533
1.01;Very Good;E;SI1;59.5;57;6.56;6.62;3.92;5534
1.22;Premium;G;SI2;60.2;58;6.92;6.9;4.16;5534
1.15;Ideal;I;VS2;61.7;57;6.72;6.74;4.15;5534
1.2;Ideal;J;VS1;61.3;56;6.83;6.87;4.2;5534
1.08;Ideal;F;SI1;62.7;57;6.53;6.57;4.11;5534
1.01;Ideal;E;SI1;62;56;6.41;6.47;3.99;5534
1.01;Ideal;E;SI1;60.8;56;6.48;6.51;3.95;5534
1.06;Premium;F;SI1;58.4;61;6.73;6.69;3.92;5535
0.9;Premium;E;VS1;59.4;59;6.28;6.31;3.74;5535
1.1;Ideal;G;SI2;62.6;56;6.64;6.58;4.14;5535
1.2;Ideal;I;SI1;62.4;57;6.75;6.8;4.23;5535
0.91;Ideal;D;SI1;62.1;55;6.2;6.24;3.86;5535
1.04;Good;G;VS2;61.4;65;6.53;6.47;3.99;5535
1.5;Premium;J;SI1;62.1;57;7.42;7.26;4.56;5536
1.07;Ideal;E;SI1;61.4;57;6.59;6.53;4.03;5537
1.16;Very Good;H;VS2;63;57;6.64;6.66;4.19;5537
1.15;Very Good;G;SI1;61.3;62;6.68;6.72;4.11;5538
1.01;Good;G;VS2;63.2;64;6.34;6.28;3.99;5538
1.01;Fair;G;VS2;64.5;57;6.26;6.2;4.02;5538
1.01;Premium;G;VS2;58.1;59;6.61;6.53;3.82;5538
1.09;Very Good;E;SI1;62.5;57;6.55;6.61;4.11;5539
0.7;Ideal;D;VVS2;61.4;56;5.72;5.75;3.53;5539
0.7;Ideal;D;VVS2;61.7;55;5.73;5.75;3.54;5539
0.7;Ideal;D;VVS2;60.7;57;5.75;5.78;3.5;5539
0.7;Ideal;D;VVS2;61.3;56;5.72;5.76;3.52;5539
0.7;Ideal;D;VVS2;61.1;55;5.75;5.78;3.52;5539
0.9;Ideal;G;VS1;62.1;56;6.15;6.19;3.83;5540
1.21;Premium;I;VS1;61.2;59;6.86;6.84;4.19;5540
1.21;Premium;J;VS2;60.2;57;6.97;6.91;4.18;5541
1.01;Very Good;D;SI1;61.5;61;6.37;6.47;3.95;5542
1.01;Ideal;D;SI1;61.2;57;6.47;6.44;3.95;5543
1.01;Premium;D;SI1;61.6;60;6.47;6.43;3.97;5543
1.01;Premium;D;SI1;61.7;62;6.34;6.3;3.9;5543
1.01;Premium;D;SI1;61.8;60;6.37;6.35;3.93;5543
1.01;Good;D;SI1;63.8;58;6.38;6.34;4.06;5543
1.01;Very Good;D;SI1;63.1;60;6.39;6.32;4.01;5543
1.06;Premium;G;VS2;62.5;58;6.52;6.47;4.06;5543
1.01;Premium;D;SI1;60;60;6.51;6.45;3.89;5543
1.01;Premium;D;SI1;62.9;59;6.43;6.39;4.03;5543
1.01;Premium;D;SI1;62.6;58;6.44;6.33;4;5543
1.01;Premium;E;SI1;59.8;59;6.52;6.48;3.89;5543
1;Premium;E;SI1;60.3;62;6.33;6.25;3.79;5544
1;Very Good;E;VS2;62.4;62;6.33;6.39;3.97;5544
1;Premium;F;SI1;61.9;60;6.34;6.39;3.94;5544
1;Good;G;VS2;62.9;56;6.33;6.39;4;5544
1;Very Good;G;VS2;62.7;58;6.34;6.42;4;5544
1.2;Good;E;SI2;63.3;55;6.73;6.77;4.27;5544
1.01;Good;H;SI1;60.1;61;6.5;6.47;3.9;5544
1.01;Good;D;SI1;65.1;57;6.3;6.32;4.11;5544
1;Good;H;VS1;61.3;64;6.39;6.33;3.9;5544
1.32;Ideal;I;SI1;61.7;56;7.11;7.05;4.37;5544
1;Premium;E;SI1;61.9;60;6.46;6.37;3.97;5544
1;Premium;E;SI1;60.7;59;6.41;6.38;3.88;5544
1;Premium;E;SI1;62.6;60;6.35;6.3;3.97;5544
1.1;Ideal;I;VS1;61.7;57;6.65;6.62;4.09;5544
1.1;Premium;H;SI1;59.6;58;6.79;6.74;4.03;5544
1.1;Ideal;G;SI1;61.9;55;6.62;6.66;4.11;5545
1.35;Premium;J;SI1;60.9;59;7.07;7.12;4.32;5546
1.12;Ideal;E;SI2;62;57;6.61;6.63;4.11;5546
1;Good;D;SI1;60.5;60;6.37;6.42;3.87;5546
1.31;Premium;J;SI1;59.4;60;7.12;7.06;4.21;5546
1.31;Ideal;I;SI2;63.6;55;6.98;6.92;4.42;5546
1.27;Premium;I;SI1;62.3;56;6.93;6.85;4.29;5547
1.11;Ideal;D;SI2;61.6;55;6.62;6.66;4.09;5547
0.9;Very Good;D;VS1;63;58;6.11;6.14;3.86;5547
1.12;Premium;E;SI1;58.8;61;6.8;6.74;3.98;5547
1.14;Ideal;G;SI1;62.2;56;6.66;6.69;4.15;5548
1.14;Ideal;D;SI2;61.4;56;6.69;6.77;4.13;5548
1.14;Premium;G;SI1;62.3;59;6.66;6.69;4.16;5548
1.13;Very Good;H;VS2;61.4;61;6.67;6.71;4.11;5548
0.96;Very Good;D;SI1;59.9;58;6.4;6.46;3.85;5548
1.02;Ideal;F;SI1;60.1;59;6.59;6.56;3.95;5549
1.06;Premium;H;VS1;62.5;58;6.5;6.47;4.05;5549
1.11;Premium;H;VS2;62.4;58;6.69;6.57;4.14;5550
1.23;Very Good;G;SI2;63.4;58;6.8;6.77;4.3;5550
1.06;Premium;I;VS1;61.2;57.1;6.56;6.59;4.03;5550
1.01;Ideal;H;VS1;59.8;59;6.52;6.56;3.91;5550
1.09;Very Good;H;VS2;63;54;6.61;6.54;4.14;5551
1.03;Very Good;D;SI1;63;59;6.39;6.44;4.04;5551
1.03;Ideal;D;SI1;62.4;57;6.44;6.47;4.03;5551
1.07;Ideal;G;SI1;62.2;56;6.52;6.56;4.07;5551
0.9;Fair;E;VVS2;58.1;59;6.21;6.26;3.62;5551
1.18;Ideal;I;VS1;62.2;57;6.76;6.72;4.19;5551
1.2;Premium;D;SI2;62;58;6.84;6.77;4.22;5551
1.2;Premium;D;SI2;62.6;57;6.84;6.74;4.25;5551
1.12;Ideal;G;SI1;62;55;6.68;6.65;4.13;5551
1.02;Ideal;E;SI1;62.2;57;6.41;6.45;4;5553
1.02;Very Good;E;SI1;59.2;56;6.57;6.63;3.91;5553
1.96;Fair;F;I1;66.6;60;7.59;7.56;5.04;5554
1.16;Premium;H;SI1;61.2;57;6.84;6.76;4.16;5554
1.16;Ideal;H;SI1;62.2;55;6.79;6.74;4.21;5554
1.16;Premium;H;SI1;61.2;58;6.81;6.76;4.15;5554
1.05;Good;H;VS1;63.3;57;6.4;6.45;4.07;5555
1.01;Ideal;G;SI1;62.7;57;6.3;6.34;3.96;5555
1.01;Ideal;G;SI1;63;57;6.37;6.4;4.02;5555
1;Ideal;E;SI1;61.4;57;6.43;6.5;3.97;5555
1;Ideal;E;SI1;61.7;57;6.39;6.42;3.95;5555
1;Ideal;E;SI1;61.4;58;6.41;6.43;3.94;5555
1.24;Premium;I;SI1;60.4;58;7.02;6.95;4.22;5555
1.21;Very Good;G;SI2;59.6;60;6.92;6.94;4.13;5556
1.01;Very Good;E;SI1;60;60;6.45;6.49;3.88;5556
1.21;Ideal;I;SI1;60.6;55;6.92;6.87;4.18;5556
1.21;Premium;I;SI1;62.3;59;6.81;6.77;4.23;5556
1.21;Premium;G;SI1;59.5;62;6.65;6.57;3.84;5556
1.21;Premium;J;VS1;59.5;60;6.99;6.9;4.13;5556
1.17;Ideal;F;SI2;62.2;55;6.73;6.7;4.18;5556
1.21;Premium;I;SI1;60.6;56;6.97;6.89;4.2;5556
1;Very Good;I;VS1;60.8;59;6.39;6.44;3.9;5557
1.04;Very Good;D;SI1;63.4;55;6.41;6.46;4.08;5557
1.05;Premium;F;SI1;61.8;56;6.55;6.45;4.02;5557
1.05;Premium;F;SI1;60.3;60;6.66;6.54;3.98;5557
1.05;Ideal;F;SI1;62;55;6.54;6.5;4.04;5557
1.05;Premium;F;SI1;61.6;57;6.56;6.53;4.03;5557
1.21;Very Good;G;SI2;62.8;60;6.7;6.77;4.23;5558
1.01;Very Good;H;VS2;62.8;59;6.33;6.38;3.99;5559
1.08;Ideal;G;VS2;62.1;57;6.54;6.57;4.07;5559
1.01;Premium;F;SI1;60.6;58;6.54;6.49;3.95;5559
1.01;Good;F;VS2;63.1;56;6.28;6.37;3.99;5560
1.01;Very Good;F;VS2;61;59;6.39;6.46;3.92;5560
1.07;Premium;F;SI1;59.6;58;6.68;6.72;3.99;5561
1.07;Good;F;SI1;63.4;56;6.51;6.52;4.13;5561
1.04;Premium;H;VS2;61.2;59;6.57;6.51;4;5561
1.29;Very Good;I;VS1;61.1;58;6.98;7.03;4.28;5562
1.18;Very Good;G;SI2;62.4;56;6.8;6.83;4.25;5562
1.19;Very Good;D;SI2;63.5;57;6.67;6.75;4.26;5562
1.2;Ideal;G;SI2;58.9;60;6.98;6.94;4.1;5562
0.9;Ideal;G;VVS1;61.6;57;6.24;6.16;3.82;5564
1.15;Ideal;G;VS2;59.2;56;6.88;6.83;0;5564
1.02;Very Good;H;VS2;62.4;57;6.35;6.4;3.98;5565
1.02;Very Good;E;VS2;62.8;59;6.39;6.44;4.03;5565
1.2;Very Good;H;SI1;62.8;58;6.73;6.8;4.25;5567
1.17;Good;D;SI2;60.4;65;6.81;6.77;4.1;5567
1.3;Premium;J;SI1;61;59;7.09;7.01;4.3;5569
1.3;Premium;J;SI1;61.9;56;7.07;7.04;4.37;5569
1.02;Premium;H;VS1;58.5;57;6.65;6.61;3.88;5569
1.02;Premium;H;VS1;62.1;59;6.43;6.38;3.98;5569
1.02;Ideal;H;VS1;62.2;56;6.48;6.42;4.01;5569
1.09;Very Good;F;SI1;62.3;57;6.55;6.61;4.1;5570
1.2;Good;I;VS1;57.8;61;7.02;6.96;4.04;5570
1.04;Ideal;G;SI1;61.9;53;6.53;6.54;4.05;5570
1;Very Good;E;SI1;62.4;59;6.36;6.42;3.99;5571
1.01;Ideal;E;SI1;61.9;56;6.43;6.47;3.99;5571
1.13;Premium;H;VS2;62.8;59;6.63;6.58;4.15;5571
1;Premium;H;VS2;59.4;61;6.51;6.46;3.85;5572
1.21;Premium;J;VVS2;60.8;60;6.86;6.88;4.18;5572
0.95;Very Good;G;VS1;59.9;58;6.37;6.41;3.83;5572
1.04;Ideal;I;VS1;61.4;58;6.46;6.54;3.99;5572
1.07;Premium;H;VS2;62.4;57;6.58;6.52;4.09;5573
1;Premium;F;SI1;62;60;6.42;6.36;3.96;5574
1.08;Good;E;SI1;58.4;60;6.71;6.74;3.93;5575
1.11;Very Good;J;VS1;59.9;56;6.8;6.77;4.07;5576
1.16;Good;H;SI1;64;58;6.56;6.63;4.22;5576
1.01;Ideal;G;SI1;62.6;56;6.41;6.44;4.02;5576
1.04;Ideal;H;VS1;62.7;55;6.43;6.49;4.05;5577
1.04;Ideal;H;VS1;62.7;57;6.42;6.46;4.04;5577
1.06;Ideal;I;VS1;62;55;6.55;6.58;4.07;5577
1.2;Ideal;I;SI1;60.1;56;6.9;6.84;4.13;5578
1.2;Ideal;H;SI2;62.7;55;6.74;6.69;4.21;5578
1.35;Very Good;I;SI2;58.6;63;7.28;7.19;4.24;5579
1.03;Premium;H;VS2;61;58;6.53;6.46;3.96;5579
1.05;Premium;H;VS1;60.9;60;6.58;6.53;3.99;5580
1.06;Premium;F;SI1;60.4;62;6.62;6.59;3.99;5580
1.03;Premium;G;SI1;60.1;60;6.55;6.52;3.93;5581
1.02;Premium;G;VS2;62;57;6.48;6.43;4;5581
1.13;Premium;F;SI1;60.6;60;6.76;6.67;4.07;5581
1.31;Very Good;I;SI2;60.8;57;7.06;7.12;4.31;5582
1.08;Premium;H;VS1;59.6;59;6.72;6.66;3.99;5582
1.1;Ideal;H;SI1;62.7;57;6.6;6.63;4.15;5583
1.24;Premium;F;SI2;62.8;60;6.84;6.82;4.29;5583
1.37;Very Good;I;SI2;63;57;6.98;7.05;4.42;5584
1.13;Very Good;F;SI1;63.2;56;6.66;6.69;4.22;5584
1.24;Very Good;I;SI1;60;59;6.98;7.01;4.2;5584
1.17;Very Good;H;VS2;59.6;59;6.84;6.88;4.09;5585
1.22;Ideal;J;SI1;60.6;56;6.96;6.95;4.22;5586
1.05;Ideal;F;SI1;60.6;59;6.51;6.56;3.96;5586
1.33;Very Good;H;SI2;63.5;57;6.99;6.88;4.4;5586
1.15;Very Good;G;SI1;62.2;59;6.66;6.71;4.16;5587
1.16;Ideal;I;VS2;60.1;62;6.83;6.78;4.09;5587
1.16;Ideal;I;VS2;60.8;56;6.85;6.81;4.15;5587
1.09;Very Good;J;VVS1;63.9;56;6.47;6.51;4.15;5588
1.27;Good;J;VS1;63.4;60;6.8;6.85;4.33;5588
1.27;Premium;I;SI1;60.9;59;6.94;6.99;4.24;5588
1.32;Premium;I;SI2;61.3;59;7.01;6.95;4.28;5588
1.01;Ideal;H;SI1;62.5;56;6.38;6.45;4.01;5589
1.01;Ideal;E;SI1;61.6;59;6.43;6.4;3.95;5590
1.24;Very Good;H;SI2;61.2;57;6.87;7.02;4.25;5592
1;Good;F;VS2;62.5;57;6.34;6.42;3.99;5592
1.2;Premium;H;SI1;62.4;59;6.72;6.68;4.18;5592
1.05;Good;H;VS2;63.7;58;6.45;6.4;4.09;5592
1.01;Very Good;H;VS1;62;60;6.43;6.38;3.97;5593
1.5;Ideal;I;I1;61.3;57;7.36;7.39;4.52;5593
1.14;Very Good;E;SI2;60;54;6.74;6.97;4.11;5593
1.02;Premium;G;VS2;62.9;58;6.41;6.37;4.02;5593
1.19;Very Good;H;SI1;60.8;59;6.84;6.87;4.17;5595
1.19;Very Good;H;SI1;62.7;61;6.66;6.73;4.2;5595
1.19;Premium;H;SI1;61.4;58;6.79;6.83;4.18;5595
1.17;Very Good;G;SI2;61.2;58;6.84;6.86;4.19;5595
0.88;Ideal;E;VS2;61.4;56;6.15;6.17;3.78;5595
1.03;Ideal;F;SI1;61.3;56;6.55;6.51;4;5595
1.1;Ideal;F;SI2;62.4;56;6.58;6.62;4.12;5596
0.91;Very Good;D;VS1;62.5;56;6.14;6.18;3.85;5597
1.21;Good;G;SI1;63.8;58;6.75;6.64;4.27;5597
1.02;Very Good;H;VS1;62.8;59;6.34;6.47;4.02;5598
1.02;Good;H;VS1;59.8;63;6.54;6.61;3.93;5598
1.02;Very Good;D;SI1;63.3;58;6.39;6.35;4.03;5598
1.02;Very Good;D;SI1;63.5;61;6.35;6.27;4.01;5598
1.19;Ideal;E;SI2;61.9;56;6.84;6.8;4.22;5598
1.01;Premium;E;SI1;62.6;58;6.32;6.3;3.95;5599
1.01;Good;G;VS2;63.6;60;6.3;6.35;4.02;5599
1.01;Premium;D;SI1;60.7;58;6.42;6.49;3.92;5599
1.01;Good;G;VS2;63.2;57;6.3;6.35;4;5599
1.01;Good;G;VS2;63.9;54;6.31;6.37;4.05;5599
1.01;Ideal;E;SI1;62.4;56;6.43;6.39;4;5599
1.01;Premium;E;SI1;62.9;58;6.41;6.35;4.01;5599
1.01;Ideal;E;SI1;62.6;57;6.43;6.38;4.01;5599
1.01;Ideal;E;SI1;62.1;54;6.5;6.41;4.01;5599
1.01;Premium;E;SI1;62.8;57;6.41;6.37;4.01;5599
1.01;Premium;F;SI1;61.9;56;6.53;6.45;4.02;5599
1.01;Premium;E;SI1;62.8;59;6.31;6.27;3.95;5599
1.01;Premium;E;SI1;62.9;60;6.43;6.35;4.02;5599
1;Very Good;G;VS2;63.3;60;6.37;6.29;4.01;5600
1;Very Good;G;VS2;61.8;59;6.29;6.37;3.91;5600
1.01;Very Good;D;SI1;59;59;6.57;6.59;3.88;5600
1.23;Ideal;I;SI1;62.1;58;6.82;6.86;4.25;5600
1;Good;G;VS2;63.4;61;6.23;6.29;3.97;5600
1.2;Good;I;VS1;64.8;58;6.6;6.65;4.29;5600
1.13;Premium;G;SI1;60.9;58;6.75;6.72;4.1;5600
1;Premium;E;SI1;61.6;59;6.41;6.38;3.94;5600
1.04;Good;G;VS2;61.4;65;6.53;6.47;3.99;5601
1.29;Very Good;H;SI2;63.8;57;6.8;6.87;4.36;5601
1.51;Good;E;I1;57.5;59;7.56;7.51;4.33;5601
1.2;Good;J;VS1;64.1;57;6.68;6.74;4.3;5601
1.09;Premium;H;VS2;62.6;56;6.62;6.55;4.12;5601
1.07;Ideal;E;SI2;61.5;56;6.58;6.61;4.06;5602
1.11;Good;F;SI1;62.1;61;6.58;6.62;4.1;5602
1.22;Premium;I;SI1;61.3;58;6.94;6.9;4.24;5602
0.37;Ideal;H;VS2;60.7;58;4.64;4.68;2.83;603
0.37;Ideal;H;VS2;62;54;4.64;4.65;2.88;603
0.37;Ideal;H;VS2;61.7;55;4.64;4.67;2.87;603
0.3;Ideal;E;VS2;62.3;56;4.27;4.3;2.67;603
0.3;Ideal;E;VS2;62;57;4.26;4.29;2.65;603
0.3;Ideal;E;VS2;61.8;57;4.28;4.3;2.65;603
0.3;Ideal;E;VS2;62;53;4.31;4.33;2.68;603
0.3;Ideal;E;VS2;60.6;59;4.3;4.34;2.62;603
0.37;Ideal;I;VS1;60.8;56;4.67;4.71;2.85;603
0.3;Ideal;F;VS1;62.3;56;4.26;4.28;2.66;603
0.39;Ideal;G;SI2;61.2;56;4.71;4.73;2.89;603
0.41;Ideal;F;SI2;62.6;57;4.68;4.77;2.96;603
0.38;Ideal;E;SI2;61.5;55;4.69;4.72;2.89;603
0.32;Good;G;VS2;56.7;64;4.52;4.55;2.57;603
0.3;Good;E;VS2;59.7;63;4.32;4.35;2.59;603
0.27;Premium;E;VS1;60.2;59;4.24;4.2;2.54;603
0.27;Ideal;E;VS2;62.7;55;4.18;4.15;2.61;603
0.27;Ideal;E;VS1;61.6;57;4.16;4.12;2.55;603
0.27;Ideal;E;VS1;61.6;56;4.17;4.14;2.56;603
0.27;Premium;E;VS1;61.5;58;4.22;4.17;2.58;603
0.27;Ideal;E;VS1;61.6;55;4.18;4.16;2.57;603
0.27;Premium;D;VS2;62;57;4.15;4.11;2.56;603
0.3;Premium;F;SI1;60.9;58;4.37;4.3;2.64;603
0.28;Very Good;E;VVS2;60.2;58;4.24;4.27;2.56;604
0.27;Very Good;F;VVS1;61.8;55;4.13;4.16;2.56;604
0.33;Ideal;G;VS2;61.7;55.9;4.45;4.49;2.75;604
0.33;Ideal;G;VS2;61.4;56.1;4.42;4.45;2.73;604
0.32;Ideal;F;SI1;60.6;57;4.45;4.49;2.71;604
0.41;Premium;F;SI2;59;58;4.87;4.89;2.88;604
0.41;Ideal;J;VS1;62.2;55;4.76;4.79;2.97;604
1.22;Premium;I;SI1;62.7;58;6.83;6.8;4.27;5602
1.22;Ideal;I;SI1;60.8;57;6.95;6.89;4.21;5602
1.22;Ideal;H;SI2;61.7;56;6.93;6.87;4.26;5602
1.22;Ideal;H;SI2;61;57;6.93;6.88;4.2;5602
1.22;Ideal;I;SI1;61.7;57;6.91;6.86;4.25;5602
1.21;Very Good;J;VS1;59.3;57;6.98;7.04;4.16;5604
1.21;Ideal;J;VS1;61.8;56.2;6.78;6.86;4.2;5604
1.04;Very Good;D;SI1;61.5;58;6.48;6.53;4;5605
1.04;Good;D;SI1;63.7;58;6.39;6.43;4.08;5605
1.01;Good;F;VS1;62.9;64;6.38;6.28;3.98;5606
1.1;Premium;D;SI1;58.8;61;6.73;6.67;3.94;5606
1.27;Ideal;J;VS2;61.6;56.1;6.94;7;4.29;5606
1;Premium;F;VS2;59.9;60;6.11;6.07;3.65;5606
1;Premium;F;VS2;61.9;59;6.38;6.34;3.94;5606
1;Good;F;VS2;64.2;58;6.32;6.26;4.04;5606
1.25;Premium;J;SI1;61.8;55;6.91;6.82;4.24;5607
1.2;Very Good;G;SI1;63;57;6.7;6.75;4.24;5607
2.22;Fair;J;I1;66.7;56;8.04;8.02;5.36;5607
1.29;Ideal;J;SI1;61.6;58;6.96;6.99;4.3;5607
1.03;Ideal;E;SI1;62;53;6.47;6.5;4.02;5608
1.2;Very Good;G;SI2;63.1;57;6.68;6.79;4.25;5609
1.2;Ideal;H;SI2;61;57;6.84;6.9;4.19;5610
1.1;Ideal;G;SI1;61.6;56;6.59;6.68;4.09;5610
1.35;Good;I;VS2;59.2;65;7.18;7.13;4.23;5610
1.01;Premium;H;VS2;62.5;58;6.41;6.33;3.98;5611
1.31;Very Good;I;SI2;63.5;55;6.97;6.89;4.4;5612
1.04;Premium;E;SI1;62.2;56;6.56;6.49;4.06;5612
1.31;Premium;I;SI2;63;58;6.97;6.93;4.38;5612
1.35;Very Good;J;SI1;61.1;61;7.1;7.13;4.35;5613
1.2;Ideal;H;SI2;62.6;58;6.74;6.81;4.24;5613
1.06;Ideal;F;SI1;62.2;57;6.52;6.5;4.05;5613
1.05;Very Good;H;VS2;63.3;56;6.48;6.41;4.08;5614
1.16;Ideal;D;SI2;62.5;56;6.7;6.8;4.23;5615
0.93;Very Good;E;VS2;61.4;58;6.22;6.29;3.84;5616
1.01;Good;F;VS2;64.2;54;6.24;6.31;4.03;5616
1.7;Fair;D;I1;64.7;56;7.46;7.37;4.8;5617
1.18;Premium;I;SI1;61.8;58;6.78;6.74;4.18;5617
1.27;Premium;J;VS1;62.6;59;6.92;6.88;4.32;5618
1.52;Premium;J;SI1;60.4;59;7.44;7.39;4.48;5618
1.27;Premium;D;SI2;58.9;59;7.14;7.02;4.17;5618
1;Very Good;H;VS1;64.2;53;6.27;6.34;4.05;5619
1.01;Very Good;D;SI1;61.1;58;6.46;6.51;3.96;5619
1.01;Premium;G;VS2;62.5;60;6.37;6.31;3.96;5620
1.28;Premium;E;SI2;62.5;58;6.93;6.89;4.32;5620
1.03;Very Good;H;VS2;59.9;59;6.5;6.52;3.9;5620
1.12;Premium;E;SI2;61.1;58;6.73;6.69;4.1;5620
1.01;Premium;G;VS2;59.8;61;6.53;6.44;3.88;5620
1.04;Premium;F;SI1;62.5;60;6.43;6.46;4.03;5621
1;Very Good;D;SI1;59.2;62;6.49;6.54;3.86;5621
1;Very Good;D;SI1;62.2;58;6.34;6.45;3.98;5621
1;Good;G;VS2;63.1;58;6.31;6.39;4.01;5621
1.19;Very Good;F;SI2;58.8;60;6.93;6.98;4.09;5622
1.01;Very Good;D;SI1;63.3;57;6.33;6.37;4.02;5622
1;Ideal;E;SI1;62.7;57;6.39;6.49;4.04;5622
1.23;Premium;I;VS2;61.7;58;6.87;6.85;4.23;5622
1.19;Premium;H;SI1;61.2;60;6.85;6.8;4.18;5622
1.19;Fair;H;SI1;64.4;58;6.69;6.64;4.29;5622
1;Ideal;G;SI1;61;57;6.47;6.44;3.94;5622
1;Very Good;G;VS2;60.6;60;6.4;6.5;3.91;5623
1.64;Premium;J;SI2;63;58;7.54;7.49;4.74;5624
1.03;Premium;H;VS1;62.5;59;6.47;6.43;4.03;5624
1.03;Premium;H;VS1;62;59;6.48;6.45;4.01;5624
1.21;Ideal;H;SI2;62.6;56;6.84;6.77;4.26;5624
1.03;Fair;E;SI1;65.1;58;6.35;6.24;4.1;5624
1.21;Ideal;I;SI1;62.4;57;6.84;6.78;4.25;5624
1.13;Very Good;H;VS2;61.7;56;6.65;6.73;4.13;5625
1.08;Ideal;H;VS2;61.8;56;6.59;6.55;4.06;5625
1.35;Fair;H;VS2;64.5;58;6.98;6.93;4.48;5625
1.15;Ideal;I;VS1;62.1;55;6.76;6.67;4.18;5626
1.04;Ideal;F;SI1;62.9;54;6.49;6.46;4.07;5626
1.06;Very Good;H;VS1;61.9;58;6.57;6.49;4.04;5627
1.01;Very Good;E;SI1;63;57;6.28;6.36;3.98;5627
1.01;Good;E;SI1;58.1;59;6.57;6.65;3.84;5627
1.25;Very Good;J;VS1;60.4;60;6.99;7.08;4.25;5628
1.25;Very Good;J;VS1;61.8;58;6.89;6.93;4.27;5628
1.01;Fair;D;SI1;62.6;57;6.14;6.22;3.87;5628
1.09;Premium;E;SI1;62.5;59;6.58;6.53;4.1;5628
1;Ideal;E;SI1;60.1;62;6.46;6.48;3.89;5629
1.12;Good;E;SI1;64.3;57;6.56;6.5;4.2;5630
1.53;Ideal;H;SI2;59.6;57;7.46;7.38;4.42;5631
1.26;Premium;H;SI1;61;55;7;6.97;4.26;5631
1.01;Premium;G;VS1;59.3;59;6.49;6.52;3.86;5632
1.23;Premium;I;VS1;61.6;58;6.9;6.84;4.23;5632
1.11;Ideal;H;VS2;64;58;6.52;6.46;4.16;5632
1.04;Fair;G;VS1;64.9;58;6.36;6.33;4.12;5633
1;Very Good;E;VS2;63.5;56;6.37;6.32;4.03;5633
1.2;Ideal;I;VS2;62.5;56;6.77;6.74;4.22;5634
1.15;Ideal;F;SI2;60.6;58;6.75;6.79;4.1;5635
1.1;Ideal;H;SI1;62.2;55;6.66;6.62;4.13;5636
1.25;Very Good;H;SI2;61.6;54;6.85;6.95;4.25;5637
1.25;Very Good;H;SI2;61.2;62;6.84;6.95;4.22;5637
1.25;Premium;J;VS1;62.2;58;6.88;6.92;4.29;5637
1.01;Very Good;H;VS2;60.7;58;6.47;6.51;3.94;5638
1.24;Ideal;I;VS2;62.4;57;6.82;6.9;4.28;5638
1.2;Very Good;F;SI1;63.1;58;6.75;6.68;4.24;5638
1;Ideal;D;SI1;62.8;55;6.3;6.38;3.98;5639
0.9;Very Good;G;VVS2;61.4;60;6.18;6.23;3.81;5640
0.87;Ideal;F;VS1;62;55;6.1;6.13;3.79;5640
1.09;Premium;E;SI1;62.5;57;6.61;6.55;4.11;5640
1.23;Premium;F;SI1;62.5;58;6.83;6.76;4.25;5641
1.38;Premium;H;SI2;60.2;60;7.31;7.24;4.37;5641
1.23;Ideal;H;SI2;61.4;54;6.95;6.94;4.26;5641
1;Good;D;SI1;64.2;56;6.23;6.29;4.02;5642
1.06;Premium;E;SI1;58.5;60;6.81;6.7;3.95;5642
1.22;Premium;D;SI2;61.8;58;6.86;6.8;4.22;5643
1.19;Very Good;I;VS1;59.9;61;6.85;6.91;4.12;5644
1.01;Premium;D;SI1;61.5;61;6.47;6.37;3.95;5644
1;Good;G;VS2;63.7;59;6.38;6.33;4.05;5645
1.5;Fair;H;I1;65.5;58;7.02;6.96;4.58;5645
1.2;Very Good;E;SI2;63.3;55;6.77;6.73;4.27;5645
1;Good;G;VS2;64;56;6.33;6.25;4.03;5645
1;Very Good;G;VS2;63.2;58;6.33;6.27;3.98;5645
1;Good;D;VS2;63.6;56;6.38;6.27;4.02;5645
1.05;Premium;E;VS2;62.6;59;6.5;6.43;4.05;5645
1.26;Ideal;I;SI1;62.4;56;6.93;6.85;4.3;5645
1;Premium;G;VS2;62;62;6.41;6.36;3.96;5645
1;Premium;F;SI1;61.9;60;6.39;6.34;3.94;5645
1;Premium;D;SI1;60.3;60;6.31;6.26;3.79;5645
1.2;Premium;I;VS2;62.6;61;6.76;6.68;4.21;5645
1;Very Good;D;SI1;63.1;56;6.34;6.3;3.99;5645
1;Very Good;D;SI1;63.1;56;6.34;6.3;3.99;5645
1.15;Very Good;H;VS2;62.4;56;6.66;6.68;4.16;5646
1.15;Good;H;VS2;63.1;56;6.62;6.7;4.2;5646
1.01;Good;E;SI1;64;56;6.33;6.36;4.06;5646
1.01;Premium;E;SI1;61;59;6.44;6.47;3.94;5646
1.29;Ideal;J;VS2;60.9;58;7.05;7;4.28;5646
1.01;Ideal;F;SI1;62.3;58;6.35;6.42;3.98;5646
1.51;Good;E;I1;63.6;60;7.3;7.26;4.63;5647
1.23;Premium;H;SI2;62.1;61;6.86;6.79;4.24;5648
1.23;Premium;I;SI1;59.6;60;6.96;6.93;4.14;5648
1.11;Ideal;D;SI2;61.6;55;6.66;6.62;4.09;5648
1.22;Ideal;J;VS1;61.5;55;6.86;6.87;4.22;5649
1.22;Premium;I;VS2;62.9;58;6.8;6.75;4.26;5649
1.14;Premium;G;SI1;62.3;59;6.69;6.66;4.16;5650
1.13;Premium;H;VS2;61.4;61;6.71;6.67;4.11;5650
1.13;Premium;H;VS2;62;57;6.68;6.62;4.12;5650
1.04;Premium;F;SI1;62.8;57;6.5;6.43;4.06;5650
1.01;Very Good;F;VS2;63.5;58;6.35;6.32;4.02;5650
1.14;Ideal;D;SI2;61.4;56;6.77;6.69;4.13;5650
1.14;Ideal;G;SI1;62.2;56;6.69;6.66;4.15;5650
1.06;Ideal;I;VS1;61.2;57;6.59;6.56;4.03;5651
1.31;Very Good;I;SI2;60.9;58;7.03;7.07;4.29;5652
1.1;Premium;H;VS2;61.4;58;6.68;6.62;4.08;5652
0.9;Very Good;G;VVS2;62.1;57;6.14;6.2;3.84;5653
1.21;Ideal;J;VS2;62.1;57;6.81;6.82;4.23;5653
1.03;Premium;D;SI1;63;59;6.44;6.39;4.04;5653
1.03;Ideal;D;SI1;62.4;57;6.47;6.44;4.03;5653
1.03;Ideal;G;SI1;60.8;57;6.52;6.47;3.95;5653
1.28;Very Good;I;SI2;62.6;58;6.87;6.89;4.32;5654
1.01;Very Good;D;SI1;63.2;58;6.28;6.34;3.99;5654
1.23;Premium;G;VS2;61.6;58;6.91;6.85;4.24;5654
1.06;Ideal;F;SI1;62.1;57;6.51;6.53;4.05;5655
1.2;Ideal;I;SI1;61.5;60;6.85;6.8;4.2;5655
1.01;Good;G;VS2;60.3;57;6.46;6.51;3.91;5655
1.02;Ideal;E;SI1;62.2;57;6.45;6.41;4;5655
1.02;Premium;E;SI1;59.2;56;6.63;6.57;3.91;5655
1.01;Very Good;D;SI2;62;57;6.41;6.46;3.99;5656
1.01;Premium;D;SI1;62.2;53;6.47;6.43;4.01;5656
0.9;Ideal;D;SI1;62.4;55;6.15;6.19;3.85;5656
1.01;Premium;E;SI1;59.2;60;6.56;6.51;3.87;5656
1;Ideal;F;SI1;63;56;6.41;6.38;4.03;5656
1.18;Ideal;H;SI2;62.2;56;6.74;6.76;4.2;5657
1.05;Very Good;H;VS1;63.3;57;6.45;6.4;4.07;5657
1.05;Premium;D;SI1;60.5;60;6.53;6.62;3.98;5659
1.07;Very Good;J;VVS2;60;60;6.57;6.59;3.95;5661
1.07;Very Good;H;VS1;62.5;56;6.52;6.6;4.1;5661
1.08;Ideal;G;VS2;62.1;57;6.57;6.54;4.07;5661
1.04;Very Good;E;SI1;59.6;59;6.56;6.59;3.92;5662
1.01;Very Good;F;VS2;63.3;56;6.36;6.34;4.02;5662
1.01;Ideal;F;VS2;61;56;6.44;6.4;3.94;5662
1.07;Premium;F;SI1;59.6;58;6.72;6.68;3.99;5662
1.04;Ideal;F;SI1;61.4;56;6.52;6.58;4.02;5663
1.06;Very Good;H;SI1;59.3;59;6.66;6.7;3.96;5664
1.01;Ideal;H;SI1;61.3;57;6.44;6.46;3.95;5664
1.01;Ideal;H;SI1;61.2;56;6.44;6.47;3.95;5664
1.29;Premium;I;VS1;61.1;58;7.03;6.98;4.28;5664
1.19;Premium;I;SI1;62.1;59;6.84;6.78;4.23;5664
1.23;Very Good;H;SI1;63;55;6.72;6.78;4.27;5665
1.09;Ideal;F;SI1;62;56;6.56;6.61;4.08;5665
1.23;Very Good;J;VVS2;61.2;57;6.86;6.92;4.22;5665
1.2;Very Good;G;SI1;63.2;59;6.77;6.74;4.27;5665
1.02;Ideal;H;VS2;62.4;57;6.4;6.35;3.98;5666
1.01;Fair;G;VS2;67.8;59;6.07;6.02;4.1;5666
1.05;Very Good;F;SI1;59.7;60;6.63;6.71;3.98;5666
1.02;Ideal;H;VS2;60.4;57;6.58;6.54;3.96;5666
1.02;Premium;E;VS2;62.8;59;6.44;6.39;4.03;5666
1.02;Premium;H;VS2;61;58;6.56;6.49;3.98;5666
0.96;Ideal;F;VS1;61.2;56;6.38;6.34;3.89;5666
1.1;Very Good;F;SI1;60.5;60;6.65;6.67;4.03;5667
2;Fair;I;I1;66;60;7.78;7.74;5.1;5667
1;Good;G;VS2;59.9;57;6.45;6.51;3.88;5667
1;Good;H;VS1;60.2;63;6.43;6.47;3.88;5668
1.27;Very Good;J;SI1;63.2;55;6.89;6.87;4.35;5669
1.2;Premium;H;SI1;61.8;58;6.8;6.72;4.18;5669
1.06;Ideal;H;VS2;60.5;57;6.63;6.6;4;5669
1.25;Ideal;H;SI2;62.7;56;6.92;6.87;4.32;5670
0.9;Very Good;G;IF;63.1;58;6.18;6.09;3.87;5670
1.35;Ideal;H;SI2;60;57;7.19;7.15;4.3;5670
1;Very Good;D;SI1;59.8;59;6.47;6.51;3.88;5671
0.99;Very Good;D;SI1;62.6;57;6.34;6.37;3.98;5671
1.22;Premium;I;SI1;62.1;58;6.89;6.8;4.25;5671
1.22;Premium;H;SI2;60.7;59;6.91;6.87;4.18;5671
1.3;Premium;H;SI1;62.9;60;6.95;6.88;4.35;5671
1.21;Very Good;I;SI1;61.8;59;6.75;6.78;4.18;5672
1.05;Fair;G;VS2;65.5;57;6.38;6.34;4.17;5673
1.1;Premium;H;VS1;61.3;58;6.66;6.61;4.07;5673
1.04;Premium;H;VS2;60.4;59;6.51;6.66;3.98;5674
1.18;Very Good;H;SI1;62.6;55;6.76;6.79;4.24;5674
1.21;Premium;J;VVS2;60.8;60;6.88;6.86;4.18;5674
1.14;Ideal;G;SI2;61.5;55;6.78;6.71;4.15;5675
1.28;Ideal;H;SI2;61.8;57;7;6.97;4.32;5676
1.29;Ideal;J;VS1;62;57;6.92;6.98;4.31;5676
1.09;Premium;H;VS2;61.4;58;6.64;6.58;4.06;5677
1.09;Premium;H;VS2;59.7;58;6.73;6.66;4;5677
1.09;Premium;H;VS2;60;56;6.73;6.68;4.02;5677
1.16;Very Good;G;SI1;60.7;59;6.74;6.87;4.13;5678
1.2;Premium;H;VS1;62.6;59;6.78;6.74;4.23;5678
1.16;Good;H;SI1;64;58;6.63;6.56;4.22;5678
1.01;Very Good;G;VS2;62.5;57;6.37;6.4;3.99;5679
1.02;Fair;E;SI1;65.7;58;6.23;6.31;4.12;5681
1.51;Premium;I;SI2;61.2;62;7.28;7.19;4.43;5682
1.02;Ideal;H;VS2;62;55;6.47;6.44;4;5683
1.24;Ideal;H;VS2;61.4;57;6.92;6.88;4.24;5683
1.01;Very Good;E;SI1;63.4;58;6.32;6.37;4.02;5684
1.03;Ideal;G;SI1;62.2;59;6.41;6.45;4;5684
1.01;Very Good;H;VVS2;59.6;63;6.55;6.47;3.88;5684
1.02;Premium;F;SI1;60.1;60;6.58;6.53;3.94;5686
1.02;Premium;F;SI1;61.8;59;6.45;6.39;3.97;5686
1.01;Very Good;H;VS1;60.9;55;6.53;6.57;3.99;5687
1.11;Ideal;H;SI1;62.6;57;6.64;6.59;4.14;5688
1.85;Very Good;H;I1;63.3;56;7.8;7.75;4.92;5688
1.04;Very Good;E;SI1;62.8;59;6.46;6.41;4.04;5689
1.2;Premium;G;SI2;60.2;60;6.9;6.83;4.13;5689
1.23;Good;D;SI2;60.5;64;6.94;6.88;4.18;5689
1.27;Premium;I;SI1;62.3;56;6.93;6.85;4.29;5690
1.19;Ideal;I;SI1;62.3;55;6.8;6.82;4.24;5690
1.27;Premium;I;SI1;60.9;59;6.99;6.94;4.24;5690
1.27;Ideal;I;SI1;62.4;56;6.95;6.9;4.32;5690
1.27;Very Good;J;VS1;63.4;60;6.85;6.8;4.33;5690
1.21;Ideal;H;SI2;62.1;55;6.87;6.82;4.25;5692
1.1;Ideal;F;VS2;58.6;57;6.82;6.8;3.99;5692
1.2;Ideal;I;SI1;62.3;53;6.8;6.85;4.25;5694
1.01;Ideal;D;SI1;62.1;56;6.36;6.43;3.97;5694
1.24;Premium;H;SI2;59.9;60;7.02;7;4.2;5694
1.24;Premium;H;SI2;61.2;57;7.02;6.87;4.25;5694
1.16;Very Good;D;SI1;61.8;58;6.72;6.78;4.17;5695
1.16;Ideal;G;SI2;61.6;55;6.74;6.77;4.16;5695
1.23;Premium;F;SI2;61.7;57;6.89;6.86;4.24;5695
1.5;Ideal;I;I1;61.3;57;7.39;7.36;4.52;5695
1.01;Very Good;G;VS2;62.4;58;6.37;6.41;3.99;5696
1.18;Premium;H;SI1;61.8;58;6.74;6.79;4.18;5696
2.01;Fair;I;I1;67.4;58;7.71;7.64;5.17;5696
2.01;Fair;I;I1;55.9;64;8.48;8.39;4.71;5696
1.05;Ideal;I;VS2;60.3;57;6.57;6.63;3.98;5697
1.06;Ideal;I;SI1;61.8;55;6.54;6.57;4.04;5697
1.2;Very Good;G;SI2;62;60;6.78;6.76;4.2;5698
1.19;Very Good;H;SI1;63.3;55;6.76;6.69;4.26;5698
1.01;Ideal;G;SI1;62.6;56;6.37;6.41;4;5698
1.07;Ideal;H;VS2;63.6;59;6.46;6.42;4.09;5698
1.19;Premium;H;SI1;60.8;59;6.87;6.84;4.17;5698
1.19;Premium;H;SI1;62.7;61;6.73;6.66;4.2;5698
1.2;Premium;I;VS2;62.6;58;6.77;6.72;4.22;5699
1.2;Premium;I;VS2;62.6;58;6.77;6.72;4.22;5699
1.25;Very Good;I;SI1;62.1;58;6.86;6.9;4.27;5699
1.2;Premium;I;VS2;61.8;55;6.93;6.8;4.24;5699
1.2;Premium;F;SI2;61.9;59;6.86;6.74;4.21;5699
1.2;Ideal;I;VS2;63.2;59;6.73;6.68;4.24;5699
1.14;Premium;H;VS2;61.3;59;6.76;6.72;4.13;5700
1.01;Good;F;VS2;65.2;57;6.19;6.23;4.05;5700
1.01;Good;D;SI1;58.4;62;6.48;6.5;3.79;5700
1.01;Premium;G;VS2;61.2;57;6.46;6.41;3.94;5701
1.02;Very Good;F;SI1;63.7;56;6.34;6.41;4.06;5701
1.01;Very Good;G;VS2;63.2;57;6.35;6.3;4;5701
1.01;Good;G;VS2;63.6;60;6.35;6.3;4.02;5701
1.01;Good;G;VS2;63.9;54;6.37;6.31;4.05;5701
1.01;Very Good;G;VS2;63.2;55;6.39;6.34;4.02;5701
1.01;Good;G;VS2;63.7;56;6.4;6.32;4.05;5701
1.01;Good;G;VS2;57.5;62;6.58;6.53;3.77;5701
1.01;Premium;G;VS2;61.1;60;6.46;6.37;3.92;5701
1.01;Premium;D;SI1;61.6;62;6.44;6.38;3.95;5701
1;Good;G;VS2;63.1;61;6.33;6.38;4.01;5702
1;Good;G;VS2;63.4;57;6.27;6.31;3.99;5702
1;Very Good;G;VS2;63;59;6.36;6.4;4.02;5702
1;Very Good;G;VS2;62.9;56;6.27;6.42;3.99;5702
1.02;Ideal;E;SI1;61.9;55;6.46;6.49;4.01;5702
1.06;Ideal;I;VS1;61.1;56;6.59;6.61;4.03;5702
1.05;Ideal;D;SI2;62.1;58;6.49;6.52;4.04;5702
1.01;Ideal;D;SI1;62;55;6.39;6.45;3.98;5702
1.16;Premium;H;SI1;62.8;57;6.73;6.67;4.21;5702
1.22;Ideal;H;SI2;61.1;57;6.9;5.92;4.22;5703
1.22;Ideal;H;SI2;61.7;56;6.83;6.91;4.24;5703
1.01;Very Good;D;SI2;63.1;54;6.39;6.35;4.02;5703
1.02;Premium;F;VS2;63;60;6.41;6.35;4.02;5704
1.07;Premium;D;SI1;61.9;58;6.57;6.53;4.05;5704
1.07;Ideal;E;SI2;61.5;56;6.61;6.58;4.06;5704
1.05;Ideal;H;SI1;60.8;56;6.62;6.58;4.01;5704
1.25;Ideal;H;SI2;61.2;57;6.89;6.93;4.23;5706
1.09;Premium;H;SI1;59.5;58;6.73;6.71;4;5706
1.02;Good;G;VS1;57.3;59;6.71;6.65;3.83;5706
1.21;Ideal;J;VS2;62.5;57;6.79;6.74;4.23;5707
0.31;Very Good;F;VS2;61.1;58.1;4.33;4.37;2.66;605
0.26;Ideal;G;VVS1;62.8;54;4.07;4.09;2.56;605
0.26;Ideal;G;VVS1;62.4;56;4.11;4.14;2.57;605
0.38;Ideal;J;VS1;62.2;55.7;4.63;4.65;2.89;605
0.41;Ideal;G;SI2;61.3;56;4.78;4.81;2.94;605
0.26;Ideal;G;IF;62.2;55;4.09;4.13;2.55;605
0.26;Ideal;G;IF;62.5;57;4.06;4.1;2.55;605
0.36;Premium;E;SI2;62.4;58;4.56;4.54;2.84;605
0.32;Ideal;I;VS1;62.1;57;4.42;4.37;2.73;605
0.32;Ideal;I;VS1;62.3;56;4.4;4.37;2.73;605
0.32;Premium;H;VS2;62.7;58;4.35;4.33;2.72;605
0.31;Premium;G;VS2;58.8;62;4.41;4.4;2.59;605
0.31;Premium;G;VS2;61.2;59;4.4;4.36;2.68;605
0.31;Premium;E;SI1;62.7;58;4.35;4.32;2.72;605
0.3;Premium;F;VS2;61.1;59;4.29;4.32;2.63;605
0.3;Very Good;G;VS1;62.3;59;4.27;4.3;2.67;605
0.3;Premium;F;VS2;61.4;60;4.29;4.34;2.65;605
0.3;Very Good;F;VS2;62.7;58;4.25;4.3;2.68;605
0.3;Premium;G;VS1;61.8;59;4.34;4.37;2.69;605
0.3;Ideal;F;VS2;61.1;56;4.31;4.33;2.64;605
0.3;Ideal;F;VS2;60.4;56;4.34;4.37;2.63;605
0.3;Good;H;VVS2;63.5;55;4.25;4.28;2.71;605
0.3;Ideal;H;VVS2;62.6;55;4.25;4.28;2.67;605
0.3;Good;G;VS1;63.4;58;4.23;4.25;2.69;605
0.3;Ideal;F;VS2;61.8;57;4.31;4.33;2.67;605
0.3;Ideal;H;VVS2;61.2;57;4.31;4.32;2.64;605
0.3;Ideal;F;VS2;62.5;55;4.27;4.31;2.68;605
0.3;Ideal;G;VS1;62.6;57;4.27;4.29;2.68;605
0.3;Very Good;F;VS2;62.8;56;4.29;4.31;2.7;605
0.3;Good;H;VVS2;63.6;56;4.26;4.29;2.72;605
1.04;Premium;D;SI1;61.5;58;6.53;6.48;4;5708
1.04;Good;D;SI1;63.7;58;6.43;6.39;4.08;5708
0.91;Premium;F;VVS2;63;56;6.17;6.12;3.87;5708
1.02;Very Good;D;SI1;62.7;60;6.34;6.39;3.99;5709
1.03;Ideal;E;SI1;62;53;6.5;6.47;4.02;5710
1.03;Premium;E;SI1;62.9;56;6.49;6.39;4.05;5710
1.2;Ideal;H;SI2;61.6;57;6.84;6.79;4.2;5712
1.01;Very Good;I;SI1;60.1;59;6.44;6.47;3.88;5712
1.2;Premium;I;SI1;62.6;59;6.85;6.79;4.27;5712
1.2;Premium;F;SI2;62.9;57;6.8;6.72;4.25;5712
1.2;Ideal;H;SI2;61;57;6.9;6.84;4.19;5712
1.01;Very Good;F;SI1;63.5;57;6.38;6.31;4.03;5713
1.06;Very Good;D;SI1;59.4;57;6.65;6.72;3.97;5713
1.01;Premium;F;SI1;58.9;60;6.57;6.5;3.85;5713
1.01;Premium;G;VS2;62.6;56;6.41;6.34;3.99;5713
1.24;Ideal;I;SI1;61.3;56;6.9;6.93;4.24;5714
1.22;Ideal;G;SI2;59.6;56;7.05;7.02;4.19;5714
1.27;Very Good;H;SI2;60.6;59;6.97;7;4.23;5715
1.35;Premium;J;SI1;61.1;61;7.13;7.1;4.35;5715
1.23;Ideal;F;SI2;62.8;57;6.74;6.86;4.27;5715
1.35;Premium;I;SI2;59.8;59;7.26;7.2;4.32;5715
1.1;Premium;F;SI1;59.5;59;6.7;6.77;4.01;5717
1.19;Ideal;E;SI2;60.2;57;6.84;6.87;4.13;5717
1.32;Very Good;H;SI1;63.5;57;6.88;6.92;4.38;5717
0.91;Ideal;D;SI1;60.6;56;6.27;6.3;3.81;5717
1.23;Premium;I;SI1;60.3;58;6.95;6.92;4.18;5717
1.23;Premium;I;SI1;62;57;6.91;6.83;4.26;5717
1.23;Premium;H;SI2;62;59;6.92;6.88;4.28;5717
1.2;Premium;H;SI1;62.4;58;6.76;6.79;4.23;5718
1;Very Good;E;SI1;59.2;59;6.49;6.55;3.86;5718
1;Premium;F;VS2;60.6;59;6.5;6.46;3.93;5718
1.28;Ideal;I;SI2;62.5;59;6.88;6.95;4.32;5719
1;Very Good;E;VS2;62.8;63;6.28;6.33;3.96;5720
1.21;Premium;F;SI1;61.1;61;6.78;6.74;4.13;5720
1.22;Very Good;D;SI2;62.2;58;6.85;6.91;4.28;5721
1.32;Ideal;I;SI2;61.7;55;7.07;7.03;4.35;5721
1.03;Premium;H;VS2;61.8;58;6.48;6.43;3.99;5722
1.2;Ideal;G;SI2;61.1;57;6.83;6.86;4.18;5722
1.2;Ideal;J;VS1;61;57;6.81;6.89;4.18;5722
1.31;Premium;H;VS1;62.1;58;6.98;6.97;4.33;5722
1.36;Very Good;J;SI1;62;59;7.01;7.06;4.36;5723
1;Good;G;VS2;63;58;6.25;6.35;3.97;5723
1.4;Premium;G;SI2;60.6;58;7.26;7.22;4.39;5723
1.46;Fair;H;SI2;56.3;60;7.61;7.55;4.27;5723
1;Very Good;G;VS2;63.1;58;6.39;6.31;4.01;5723
1;Premium;D;SI1;59.2;62;6.54;6.49;3.86;5723
1;Premium;D;SI1;62.2;58;6.45;6.34;3.98;5723
1.2;Very Good;I;VS2;62.5;59;6.73;6.77;4.22;5724
1.01;Good;E;SI1;63.9;56;6.37;6.31;4.05;5724
1.04;Premium;F;SI1;62.5;60;6.46;6.43;4.03;5724
1.24;Very Good;H;SI2;64;56;6.79;6.83;4.36;5725
1.21;Very Good;I;VS1;60.6;60;6.89;6.85;4.16;5726
1.05;Ideal;H;VS2;61.7;57;6.52;6.55;4.03;5728
1.3;Ideal;J;SI1;61.5;55;7.03;7.06;4.33;5728
0.99;Ideal;F;SI1;62.8;57;6.3;6.38;3.98;5728
1;Ideal;E;SI1;62.2;53.9;6.4;6.5;4;5728
1;Ideal;E;SI1;62.8;54.2;6.32;6.4;4.01;5728
1.13;Premium;H;VS2;61.7;56;6.73;6.65;4.13;5728
1;Fair;E;VS2;67;54;6.23;6.18;4.16;5729
0.93;Premium;F;SI1;62.3;59;6.25;6.21;3.88;5729
1.1;Very Good;H;VS2;63.1;57;6.6;6.52;4.14;5729
1.1;Premium;H;VS2;62.5;58;6.59;6.54;4.1;5729
1.01;Good;F;VS2;63.3;55;6.32;6.39;4.02;5731
1.01;Very Good;D;SI1;62.9;58;6.33;6.38;4;5731
1.01;Very Good;D;SI1;62.6;56;6.36;6.39;3.99;5731
1.09;Ideal;H;VS2;61.5;54;6.64;6.65;4.09;5732
0.91;Very Good;F;VVS2;62.6;59;6.1;6.16;3.84;5733
1.02;Very Good;D;SI1;62.8;58;6.37;6.41;4.01;5733
2.27;Fair;J;I1;67.6;55;8.05;8;5.43;5733
1.2;Ideal;I;VS2;62.3;57;6.74;6.8;4.22;5736
1.26;Very Good;H;SI2;62.2;57;6.86;6.9;4.28;5736
1.04;Very Good;H;VS2;60.4;56;6.55;6.59;3.97;5738
1.22;Premium;G;SI2;60.5;58;6.96;6.92;4.2;5739
1.21;Premium;I;VS1;61.9;58;6.76;6.81;4.2;5739
1.22;Premium;G;SI2;61.9;58;6.88;6.79;4.23;5739
1.22;Very Good;E;SI2;63.3;56;6.78;6.75;4.28;5739
1.22;Premium;D;SI1;62.3;60;6.84;6.8;4.25;5739
1.25;Premium;I;SI1;62.4;58;6.89;6.85;4.29;5740
1.25;Premium;H;SI2;61.2;62;6.95;6.84;4.22;5740
1.25;Premium;J;VS1;62.2;58;6.92;6.88;4.29;5740
1.25;Premium;H;SI2;61.6;54;6.95;6.85;4.25;5740
1.01;Premium;G;VS2;63;58;6.42;6.37;4.03;5741
1.24;Premium;F;SI2;62.2;58;6.86;6.8;4.25;5741
1.01;Premium;E;SI1;62.8;58;6.38;6.33;3.99;5741
1.01;Very Good;F;SI1;60.6;60;6.37;6.43;3.88;5743
1.17;Ideal;G;SI2;62.6;55;6.74;6.78;4.23;5743
1;Good;H;VS1;60.1;62;6.38;6.47;3.86;5743
1.03;Premium;H;VS1;61.2;58;6.52;6.55;4;5744
1.31;Premium;I;SI2;59.1;59;7.2;7.15;4.24;5744
1.31;Premium;I;SI2;60.5;59;7.11;7.04;4.28;5744
1.08;Ideal;H;VS2;61.9;54;6.61;6.64;4.1;5745
1.21;Premium;F;SI2;59.9;62;6.92;6.88;4.13;5746
1.2;Premium;H;SI1;62.2;58;6.78;6.72;4.2;5746
1.2;Premium;H;SI1;62.1;55;6.79;6.74;4.2;5746
1.2;Premium;H;SI1;62.7;56;6.78;6.75;4.24;5746
1.01;Very Good;G;VS2;62.7;61;6.32;6.35;3.97;5747
1.01;Good;D;SI1;58.3;59;6.59;6.61;3.85;5747
1.19;Premium;I;VS1;59.9;61;6.91;6.85;4.12;5747
1.34;Ideal;J;VS1;62;57;7.04;7.12;4.39;5748
1.06;Ideal;I;VS2;61.6;57;6.53;6.58;4.04;5748
1.07;Ideal;I;SI1;61.5;57;6.57;6.59;4.05;5748
1.01;Premium;E;SI1;61;59;6.47;6.44;3.94;5749
1.51;Fair;I;I1;65.1;57;7.16;7.12;4.65;5750
1.15;Very Good;H;VS2;63.1;56;6.7;6.62;4.2;5750
1.11;Premium;G;SI1;62.4;58;6.65;6.61;4.14;5750
1.01;Ideal;E;SI1;59.8;60;6.56;6.48;3.9;5751
1.17;Premium;H;SI1;62.5;57;6.79;6.75;4.23;5751
1.17;Ideal;H;SI1;62.1;54;6.83;6.77;4.22;5751
1.3;Premium;E;SI2;61.5;59;7.05;7;4.32;5751
1.07;Very Good;H;SI1;62.3;57;6.53;6.64;4.1;5752
0.81;Ideal;E;VVS1;62.5;54;5.95;5.98;3.73;5752
0.9;Very Good;G;IF;60.1;59;6.22;6.26;3.75;5754
1;Very Good;D;SI1;60.5;58;6.42;6.48;3.9;5755
1;Ideal;D;SI1;62.7;56;6.39;6.43;4.02;5755
1.34;Premium;D;SI2;60.3;59;7.16;7.11;4.3;5756
1.08;Ideal;H;SI1;60.6;59;6.61;6.65;4.02;5756
1.01;Good;G;VS2;58.9;61;6.46;6.55;3.83;5756
0.9;Very Good;D;VS1;63;58;6.11;6.15;3.86;5757
0.9;Very Good;D;VS1;63;56;6.13;6.18;3.88;5757
1.07;Good;H;VS2;63.8;57;6.54;6.47;4.15;5758
1.02;Very Good;G;VS2;63.5;56;6.43;6.38;4.07;5758
0.92;Ideal;H;IF;62.5;55;6.25;6.3;3.92;5758
1.08;Premium;D;SI1;62.6;56;6.62;6.57;4.13;5758
1.35;Premium;E;SI2;61.5;58;7.11;7.06;4.36;5758
1.06;Ideal;F;SI1;62.1;57;6.53;6.51;4.05;5758
1.35;Very Good;J;VS1;62.1;56;7.04;7.1;4.39;5759
1.01;Very Good;G;VS2;60.7;61;6.42;6.46;3.91;5759
1.01;Very Good;G;VS2;61.9;59;6.34;6.38;3.94;5759
1.01;Very Good;G;VS2;61.5;56;6.41;6.47;3.96;5759
1;Very Good;F;VS2;62.7;56;6.29;6.34;3.96;5759
1.01;Very Good;G;VS2;61.6;61;6.36;6.46;3.95;5759
1.01;Premium;G;VS2;60.2;59;6.48;6.55;3.92;5759
1.01;Premium;G;VS2;61.2;58;6.46;6.49;3.96;5759
1.01;Very Good;G;VS2;59.9;60;6.46;6.52;3.89;5759
1.01;Very Good;G;VS2;63;56;6.35;6.41;4.02;5759
1.01;Very Good;E;SI1;61.9;56;6.33;6.41;3.94;5759
1.31;Premium;I;VS1;61.9;56;7.07;6.98;4.35;5759
1.31;Premium;I;VS1;62.8;57;6.98;6.9;4.36;5759
1.13;Ideal;G;SI1;61.8;55;6.71;6.75;4.16;5759
1.28;Good;J;VS1;59.1;62;7.06;7.16;4.2;5759
1.01;Very Good;E;VS2;59.3;59;6.5;6.56;3.87;5760
1.21;Premium;I;SI1;61.6;56;6.89;6.85;4.23;5760
1.22;Ideal;I;VS2;59.5;57;6.91;6.97;4.13;5761
1.27;Ideal;F;SI1;61.8;57;6.96;6.89;4.28;5761
1.27;Premium;J;VVS1;60.1;58;7.06;6.99;4.22;5761
1.35;Ideal;F;SI2;62.9;56;7.05;7.03;4.43;5761
1.05;Premium;D;SI1;60.5;60;6.62;6.53;3.98;5762
1.23;Ideal;J;VS2;61.7;57;6.87;6.8;4.22;5763
1.23;Very Good;I;SI1;60.5;58;6.9;6.94;4.19;5763
1.2;Ideal;I;SI1;60.3;56;6.87;6.97;4.17;5763
1.14;Ideal;H;SI1;62.2;54;6.69;6.74;4.18;5763
1.07;Premium;H;VS1;62.5;56;6.6;6.52;4.1;5764
1.68;Good;E;I1;64.3;60;7.44;7.48;4.8;5765
1.2;Ideal;I;VS1;59.3;57;6.95;7.04;4.15;5765
1.38;Ideal;J;SI2;61;56;7.22;7.26;4.42;5765
1.33;Premium;I;SI2;62.3;59;7.01;6.98;4.36;5765
1;Very Good;G;VS2;59;62;6.49;6.56;3.85;5766
1;Good;G;VS2;59.3;61;6.51;6.57;3.88;5766
1.04;Premium;E;SI1;59.6;59;6.59;6.56;3.92;5766
1.2;Ideal;G;VS1;61.7;56;6.84;6.77;4.2;5766
1.56;Ideal;J;SI2;62.1;55;7.45;7.41;4.62;5766
1.04;Good;E;SI1;63.8;58;6.46;6.39;4.1;5766
1.07;Very Good;D;SI1;61.8;61;6.54;6.57;4.05;5767
1.07;Ideal;D;SI1;61.8;55;6.54;6.59;4.06;5767
0.96;Ideal;F;VS1;61.2;56;6.34;6.38;3.89;5767
1.02;Ideal;I;VVS2;62.1;54;6.47;6.51;4.03;5767
1.51;Premium;H;SI2;60.7;59;7.42;7.37;4.49;5767
1.23;Ideal;H;SI1;63;55;6.78;6.72;4.27;5768
1.03;Good;H;SI2;63.8;63;6.36;6.3;4.04;5768
1.09;Ideal;F;SI1;62;56;6.61;6.56;4.08;5768
1.23;Premium;J;VVS2;61.2;57;6.92;6.86;4.22;5768
1.11;Good;F;SI1;63.1;56;6.59;6.63;4.17;5769
1.1;Very Good;F;SI1;58.9;63;6.73;6.78;3.98;5769
1.05;Very Good;E;SI1;60.7;56;6.54;6.6;3.99;5770
1.13;Fair;H;SI1;65.3;59;6.52;6.44;4.23;5771
0.9;Good;G;IF;63.1;58;6.09;6.18;3.87;5771
1.09;Very Good;E;SI1;62.8;56;6.53;6.6;4.12;5771
1.29;Very Good;I;SI1;63.6;57;6.88;6.92;4.39;5771
1.29;Ideal;J;VS2;62.1;59;6.92;6.96;4.31;5771
1.22;Premium;H;VS1;62.2;58;6.84;6.76;4.23;5773
1.02;Ideal;F;SI1;62.3;56;6.41;6.44;4;5773
1.1;Premium;E;SI1;62.9;58;6.62;6.55;4.14;5773
1.22;Ideal;H;VS1;62.7;55;6.82;6.73;4.25;5773
1.03;Premium;F;VS2;62.6;58;6.45;6.4;4.02;5774
1;Premium;D;SI1;60.3;59;6.44;6.47;3.89;5775
1;Ideal;D;SI1;60.6;56;6.5;6.54;3.95;5775
1;Ideal;D;SI1;60.5;57;6.48;6.52;3.93;5775
1;Premium;D;SI1;62.5;59;6.32;6.38;3.97;5775
1.25;Very Good;H;SI2;62.8;55;6.82;6.87;4.3;5775
1;Premium;D;SI1;61.4;58;6.37;6.43;3.93;5775
1.08;Premium;H;VS2;62.9;55;6.59;6.54;4.13;5775
1.24;Premium;E;SI1;58.5;60;7.08;7.01;4.11;5775
1.04;Premium;H;VS2;60.4;59;6.66;6.51;3.98;5777
1.01;Very Good;E;VS2;61.7;56;6.41;6.45;3.97;5777
1.01;Ideal;H;VS1;62.6;57;6.37;6.4;4;5777
1.02;Very Good;D;SI1;63.3;60;6.33;6.38;4.02;5778
1.34;Ideal;I;SI2;61.3;55;7.16;7.12;4.38;5778
1.34;Premium;J;VS2;62.6;58;7.08;7.01;4.41;5778
1.01;Very Good;G;VS2;62.9;60;6.28;6.35;3.97;5779
1.13;Premium;H;VS2;62.4;58;6.61;6.66;4.14;5779
0.92;Very Good;D;SI1;60.8;58;6.24;6.27;3.8;5779
1.2;Good;H;SI1;63.7;58;6.72;6.68;4.27;5779
1.2;Premium;H;SI2;61.4;58;6.81;6.77;4.17;5779
0.92;Ideal;D;SI1;62.3;56;6.2;6.23;3.87;5779
1.29;Ideal;J;VS1;62;57;6.98;6.92;4.31;5779
1.2;Premium;E;SI2;60.4;58;6.95;6.89;4.18;5779
1.11;Very Good;H;SI1;61.9;58;6.63;6.65;4.11;5780
1.01;Premium;D;SI1;60;59;6.51;6.45;3.89;5780
1.01;Premium;D;SI1;61.2;60;6.47;6.41;3.94;5780
1.11;Premium;H;VS2;62.6;58;6.63;6.59;4.14;5781
1.16;Premium;F;VS2;60.5;59;6.86;6.8;4.13;5781
1.24;Very Good;J;VS1;62.1;58;6.85;6.96;4.29;5783
1.24;Very Good;J;VS1;62.4;59.4;6.81;6.89;4.27;5783
1.24;Very Good;I;VS2;60.1;59;6.95;7.02;4.2;5783
1.06;Premium;H;VS2;62.6;58;6.49;6.54;4.08;5783
1.06;Premium;H;VS2;62;58;6.5;6.57;4.05;5783
1.06;Very Good;H;VS2;62.5;57;6.47;6.49;4.05;5783
1.09;Very Good;G;VS2;59.9;56;6.59;6.73;3.99;5783
1;Good;E;SI1;61.6;62;6.35;6.42;3.93;5784
1.01;Fair;F;VS2;65.1;59;6.17;6.21;4.03;5784
1.33;Very Good;J;VS2;62.7;59;6.97;7.01;4.38;5785
1.01;Good;F;VS1;64;56;6.37;6.32;4.06;5786
1.23;Premium;G;VS1;62.2;58;6.78;6.74;4.27;5786
1.34;Very Good;J;SI2;62.3;61;6.97;7.05;4.37;5787
1.01;Premium;G;VS2;62.4;59;6.45;6.41;4.01;5787
1.21;Good;E;SI2;64;62;6.65;6.59;4.24;5787
1.3;Premium;F;SI2;61.6;58;7.07;6.92;4.33;5788
1.23;Very Good;I;VS2;59.7;58;6.94;7.02;4.17;5789
1.01;Very Good;F;SI1;62.3;55;6.38;6.42;3.99;5789
1.08;Ideal;H;VS1;61.9;57;6.58;6.64;4.09;5791
1.03;Premium;G;SI1;59.5;60;6.6;6.54;3.91;5791
1.26;Ideal;G;VS2;61.5;57;6.94;6.89;4.25;5792
1.16;Ideal;D;SI2;62.1;54;6.74;6.79;4.2;5793
1.21;Premium;H;SI1;62.8;59;6.72;6.68;4.21;5793
1.22;Premium;F;SI2;62.5;57;6.78;6.73;4.22;5794
0.9;Very Good;D;VS1;59.1;60;6.24;6.28;3.7;5795
0.91;Ideal;G;VS1;62.1;57;6.17;6.2;3.84;5795
1.28;Ideal;J;VS2;62.8;57;6.93;6.87;4.33;5795
1.04;Ideal;F;SI1;60.9;56;6.61;6.56;4.01;5795
1.38;Ideal;I;SI2;61.8;57;7.14;7.1;4.4;5796
1.24;Ideal;H;SI2;62;56;6.87;6.9;4.27;5797
1.24;Ideal;I;SI1;62.1;56;6.84;6.88;4.26;5797
1.01;Fair;D;VS2;59.1;68;6.56;6.44;3.84;5797
1;Ideal;F;SI2;62.4;57;6.37;6.42;3.99;5798
1.06;Ideal;E;SI1;61.6;56;6.55;6.59;4.05;5798
1.16;Very Good;H;SI2;62.8;59;6.7;6.64;4.19;5799
1.09;Premium;D;SI1;61.6;58;6.61;6.57;4.06;5799
1.35;Premium;G;SI1;62.4;58;7.07;6.97;4.38;5799
1.32;Premium;J;VS2;60.4;58;7.11;7.14;4.3;5800
1.03;Very Good;E;VS2;61.3;61;6.46;6.53;3.98;5800
1.18;Premium;H;SI1;61.8;58;6.79;6.74;4.18;5801
1.51;Fair;J;SI2;65.1;59;7.13;7.09;4.63;5801
1.14;Premium;G;SI1;60;55;6.85;6.79;4.09;5801
1.19;Premium;H;SI1;62.7;56;6.76;6.7;4.22;5802
1.11;Premium;E;SI1;61.3;58;6.61;6.66;4.07;5802
1.02;Very Good;D;SI1;64.2;58;6.32;6.35;4.07;5803
1;Very Good;F;SI1;61;60;6.38;6.43;3.91;5804
1.03;Ideal;D;SI1;61.2;55;6.51;6.57;4;5804
1.03;Ideal;D;SI1;61.6;55;6.49;6.53;4.01;5804
1.03;Ideal;D;SI1;61;57;6.48;6.53;3.97;5804
1;Ideal;D;SI1;61.9;57;6.39;6.41;3.96;5804
1.16;Ideal;D;SI1;62;56;6.73;6.76;4.18;5805
1.08;Very Good;E;SI2;63;56;6.5;6.52;4.1;5805
1.04;Ideal;H;VS2;60.7;56;6.56;6.61;4;5805
0.92;Ideal;F;VS2;61.2;56;6.25;6.3;3.84;5805
1.1;Premium;H;VS2;61.2;58;6.75;6.64;4.1;5805
1;Premium;G;VS2;63;59;6.4;6.36;4.02;5806
1;Premium;G;VS2;62.9;56;6.42;6.27;3.99;5806
1;Very Good;G;VS2;63.4;57;6.31;6.27;3.99;5806
1;Very Good;G;VS2;63.1;61;6.38;6.33;4.01;5806
1;Premium;G;VS2;62.1;57;6.43;6.39;3.98;5806
1.02;Ideal;E;SI1;61.9;55;6.49;6.46;4.01;5806
1.22;Ideal;I;SI1;60.2;58;6.96;6.9;4.17;5807
1.22;Ideal;I;SI1;60.2;57;6.99;6.93;4.19;5807
1.22;Ideal;H;SI2;61.1;57;6.9;5.92;4.22;5807
1.22;Ideal;H;SI2;61.7;56;6.91;6.83;4.24;5807
1.22;Ideal;I;SI1;62.6;57;6.8;6.77;4.25;5807
1.5;Very Good;G;I1;60.3;61;7.34;7.39;4.44;5808
1.32;Ideal;J;VS1;62.5;57;7;7.04;4.39;5808
1.14;Premium;H;VS1;62;62;6.74;6.65;4.15;5809
1.24;Good;E;SI2;58.5;57;7.03;7.1;4.13;5809
1.14;Premium;D;SI1;60.5;59;6.79;6.73;4.09;5809
1.25;Ideal;H;SI2;61.2;57;6.93;6.89;4.23;5810
1.01;Very Good;D;SI1;61.8;58;6.33;6.38;3.93;5812
1.01;Ideal;D;SI1;61.4;59;6.4;6.44;3.94;5812
1.06;Premium;G;VS2;62.3;59;6.52;6.49;4.05;5813
1.13;Ideal;I;VS1;61.6;54;6.72;6.74;4.15;5813
1.07;Premium;F;SI1;61.7;56;6.66;6.5;4.06;5813
1.02;Very Good;E;SI1;62.6;58;6.4;6.45;4.02;5814
1.21;Ideal;H;SI2;62;54.5;6.81;6.87;4.25;5814
1.03;Premium;G;VS2;62.2;56;6.51;6.48;4.04;5814
1.01;Very Good;D;SI1;61.6;59;6.42;6.47;3.97;5815
1.29;Premium;J;VS2;60.5;58;7.07;6.99;4.25;5815
1.18;Very Good;H;SI1;63.3;55;6.75;6.72;4.26;5815
1.02;Good;G;VS2;63.6;57;6.38;6.41;4.07;5816
1.02;Ideal;G;VS2;62.6;57;6.41;6.43;4.02;5816
1.02;Ideal;G;VS2;62;57;6.38;6.46;3.98;5816
1.09;Ideal;F;SI1;62;56;6.56;6.61;4.08;5816
1.09;Ideal;F;SI1;62;56;6.59;6.61;4.09;5816
1.2;Very Good;I;SI1;62.4;59;6.73;6.79;4.22;5816
0.3;Ideal;H;VVS2;61.3;57;4.31;4.33;2.65;605
0.3;Good;H;VVS2;63.6;55;4.24;4.28;2.71;605
0.3;Ideal;F;VS2;62.7;57;4.27;4.31;2.69;605
0.3;Premium;G;VS1;60;60;4.3;4.33;2.59;605
0.3;Very Good;H;VVS2;61;61;4.3;4.32;2.63;605
0.3;Ideal;H;VVS2;61.5;56;4.33;4.35;2.67;605
0.3;Premium;F;VS2;60.7;58;4.32;4.35;2.63;605
0.3;Ideal;G;VS1;61.8;54;4.29;4.32;2.66;605
0.3;Ideal;H;VVS2;62.2;57;4.26;4.29;2.66;605
0.3;Very Good;G;VS1;62.2;59;4.24;4.28;2.65;605
0.3;Premium;F;VS2;61.4;60;4.27;4.3;2.63;605
0.3;Premium;F;VS2;62.2;58;4.28;4.31;2.67;605
0.3;Very Good;G;VS1;62.8;58;4.26;4.28;2.68;605
0.3;Very Good;G;VS1;62.8;59;4.23;4.27;2.67;605
0.3;Ideal;H;VVS2;61.7;54;4.31;4.34;2.67;605
0.3;Premium;H;VVS2;62.4;58;4.26;4.3;2.67;605
0.3;Ideal;F;VS2;61.8;56;4.3;4.31;2.66;605
0.3;Very Good;G;VS1;60.3;62;4.3;4.33;2.6;605
0.3;Good;H;VVS2;63.7;55;4.24;4.27;2.71;605
0.3;Good;G;VS1;63.1;58;4.24;4.28;2.69;605
0.3;Very Good;H;VVS2;62.8;57;4.22;4.25;2.66;605
0.3;Very Good;G;VS1;62.8;57;4.25;4.29;2.68;605
0.3;Very Good;G;VS1;62.9;58;4.27;4.32;2.7;605
0.3;Very Good;G;VS1;62.5;55;4.25;4.32;2.68;605
0.3;Very Good;G;VS1;62.9;60;4.26;4.29;2.69;605
0.3;Good;H;VVS2;63.4;57;4.21;4.24;2.68;605
0.3;Ideal;H;VVS2;61.5;57;4.31;4.34;2.66;605
0.3;Very Good;G;VS1;62.8;57;4.24;4.26;2.67;605
0.3;Good;G;VS1;63.6;55;4.26;4.29;2.72;605
0.3;Premium;F;VS2;62.2;60;4.22;4.27;2.64;605
1.01;Good;F;VS2;63.1;59;6.31;6.37;4;5817
0.95;Good;G;VVS2;57.7;59.7;6.5;6.58;3.77;5817
1.06;Premium;D;SI1;59.4;57;6.72;6.65;3.97;5817
1.08;Premium;H;VS1;58.6;60;6.84;6.78;3.99;5818
1.12;Ideal;H;SI1;60.9;57;6.7;6.73;4.09;5818
1.2;Good;I;VS1;61.7;62;6.65;6.74;4.13;5818
1.2;Good;I;VS1;59.6;61;6.84;6.89;4.09;5818
1.14;Very Good;F;SI1;61;60;6.67;6.74;4.09;5819
1;Good;E;VS2;63.7;56;6.37;6.34;4.05;5819
1.07;Very Good;H;VS2;61.3;58;6.59;6.62;4.05;5820
1.07;Ideal;H;VS2;62;57;6.55;6.58;4.07;5820
1.23;Ideal;I;SI2;61.8;55;6.87;6.91;4.26;5820
1.31;Ideal;I;SI2;61;59;7.05;7.01;4.29;5820
1.05;Very Good;D;SI1;60.5;56;6.59;6.7;4;5821
1.08;Good;D;SI1;63.8;59;6.39;6.47;4.1;5821
1.05;Premium;G;VS2;61.9;59;6.56;6.52;4.05;5821
1.05;Premium;D;SI1;58.6;60;6.73;6.66;3.92;5821
1.05;Premium;E;SI1;61.8;56;6.57;6.5;4.04;5821
1.1;Premium;F;SI1;59.5;59;6.77;6.7;4.01;5821
1.2;Premium;H;SI1;59.3;60;7;6.92;4.13;5822
1.2;Premium;H;SI1;60.8;60;6.87;6.79;4.15;5822
1.2;Ideal;H;SI1;61.7;55;6.86;6.82;4.22;5822
1.2;Premium;H;SI1;62.2;59;6.79;6.71;4.2;5822
1.19;Ideal;E;SI2;60.2;57;6.87;6.84;4.13;5822
1.01;Good;E;SI1;64;60;6.38;6.28;4.05;5823
1.3;Premium;H;VS2;62.7;58;7.01;6.97;4.38;5824
1;Ideal;G;VS2;62.3;56;6.38;6.36;3.97;5824
0.91;Very Good;D;VS2;59.6;58;6.32;6.34;3.77;5825
1.19;Good;F;SI1;57.6;60;6.98;7.02;4.03;5825
1.21;Very Good;H;SI1;62.4;58;6.83;6.79;4.25;5826
1.01;Premium;H;VS1;62.1;62;6.36;6.32;3.94;5826
1.03;Premium;G;VS2;63;59;6.45;6.4;4.05;5826
1.2;Ideal;G;SI2;61.1;57;6.86;6.83;4.18;5826
0.9;Ideal;F;VS2;60.8;57;6.22;6.24;3.79;5828
1.01;Ideal;H;SI2;59.1;59;6.58;6.61;3.9;5828
1.13;Ideal;D;SI1;61.8;56;6.68;6.74;4.15;5829
1.01;Good;E;VS2;65.6;55;6.16;6.22;4.06;5829
1;Good;F;VS1;64.8;59;6.17;6.23;4.02;5829
1.15;Very Good;H;VS2;60.3;59;6.75;6.79;4.08;5831
1.14;Ideal;H;VS2;61.6;56;6.68;6.72;4.13;5831
1.16;Good;J;VVS2;61.6;57;6.79;6.85;4.2;5831
1.37;Ideal;J;VS2;63;57;7.11;7.05;4.46;5831
1.17;Premium;H;SI1;58.5;62;6.95;6.9;4.05;5831
1.27;Premium;H;VS2;58.9;61;7.09;7.03;4.16;5832
1.3;Very Good;J;VS2;61.6;56;7.02;7.07;4.34;5832
1.22;Premium;I;VS2;62.3;59;6.79;6.83;4.24;5832
1.01;Ideal;D;SI1;62;57;6.37;6.44;3.97;5832
1.01;Very Good;D;SI1;62.5;61;6.34;6.4;3.98;5832
1.01;Very Good;D;SI1;62.8;60;6.36;6.42;4.01;5832
1.31;Premium;I;VS2;60.4;59;7.16;7.05;4.29;5832
1.33;Premium;I;SI2;62.4;58;7.04;7.02;4.39;5832
1.2;Ideal;H;VS2;63;56;6.74;6.65;4.22;5833
1.2;Very Good;H;VS2;63.2;55;6.74;6.67;4.24;5833
1.05;Ideal;H;VS2;61.7;57;6.55;6.52;4.03;5833
1;Fair;F;VS1;65.3;56;6.28;6.25;4.09;5833
1.5;Good;H;SI2;57.3;62;7.55;7.5;4.31;5833
1.23;Good;I;VS1;63.6;59;6.76;6.85;4.33;5834
1.37;Very Good;I;SI2;62.2;59;7.07;7.17;4.43;5834
1.06;Ideal;F;SI1;61.9;57;6.57;6.54;4.06;5834
1.24;Very Good;I;VS2;62.7;55;6.82;6.87;4.29;5836
1.03;Ideal;D;SI2;60.7;58;6.51;6.53;3.96;5836
1.08;Premium;F;SI1;61.3;57;6.63;6.58;4.05;5836
1.17;Ideal;F;SI1;62.2;56;6.71;6.73;4.18;5837
1.03;Ideal;E;SI1;60.3;55;6.62;6.57;3.98;5837
1.12;Ideal;H;SI1;61.8;56;6.67;6.69;4.13;5838
1.01;Premium;G;VS2;62.1;60;6.35;6.37;3.95;5839
1.01;Very Good;G;VS2;61.6;56;6.4;6.46;3.96;5839
1.02;Very Good;D;SI1;62.7;57;6.42;6.5;4.05;5839
1.08;Ideal;H;VS2;62.1;56;6.59;6.56;4.08;5839
1.02;Ideal;E;SI1;62.2;54.7;6.44;6.47;4.01;5840
1;Fair;F;VS2;64.9;56;6.26;6.31;4.08;5840
0.74;Ideal;D;VVS2;61.4;56;5.82;5.87;3.58;5841
1.23;Premium;F;SI2;59.9;58;7.02;6.96;4.19;5841
1.17;Ideal;D;SI2;62.7;57;6.7;6.72;4.21;5842
1.05;Ideal;F;SI1;61.3;54;6.58;6.61;4.04;5842
1;Ideal;F;VS2;62;55;6.43;6.48;4;5844
1.09;Very Good;H;VS1;60.2;61;6.66;6.7;4.02;5845
1.12;Premium;H;VS1;62.1;58;6.6;6.64;4.11;5845
1.5;Fair;J;VS2;64.5;59;7.2;7.07;4.6;5846
1.2;Premium;G;SI2;62.4;58;6.77;6.73;4.21;5846
1.2;Premium;H;SI2;62.3;59;6.82;6.75;4.23;5846
1.2;Premium;F;SI2;62.6;58;6.79;6.73;4.23;5846
1.03;Premium;H;VS1;61.2;58;6.55;6.52;4;5849
1.26;Very Good;H;VS2;63.1;58;6.91;6.81;4.34;5849
1.08;Ideal;H;VS2;61.9;54;6.64;6.61;4.1;5850
1.25;Very Good;F;SI2;58;63;7.16;7.06;4.13;5851
1;Very Good;D;SI1;63.2;60;6.31;6.35;4;5851
1.15;Premium;G;SI1;62.2;56;6.76;6.68;4.18;5851
1.15;Premium;G;SI1;62.6;58;6.71;6.65;4.18;5851
1.33;Ideal;J;VS1;61.3;57;7.08;7.11;4.35;5852
1.16;Ideal;H;SI1;60;60;6.87;6.84;4.11;5852
1;Fair;G;VS1;58.7;67;6.47;6.45;3.79;5853
1.2;Very Good;H;VS1;63.1;57;6.69;6.65;4.2;5853
1;Very Good;H;VS2;61.3;63;6.38;6.4;3.92;5854
1.11;Ideal;H;SI1;61.6;56;6.69;6.73;4.07;5854
1.01;Premium;F;SI1;59.1;56;6.65;6.52;3.89;5854
1.01;Ideal;I;VS2;62.5;56;6.38;6.41;4;5855
0.9;Good;G;IF;61.8;61;6.12;6.17;3.8;5855
1.23;Very Good;I;SI1;63.1;56;6.91;6.79;4.32;5855
1.23;Ideal;I;SI1;62;57;6.91;6.87;4.27;5855
1.36;Premium;I;SI2;62.7;58;7.01;7.08;4.42;5856
1.33;Ideal;J;SI1;62.4;54;7.04;7.07;4.4;5857
1.14;Premium;H;VS2;61.3;59;6.76;6.72;4.13;5858
1.24;Very Good;H;SI2;60;58;6.99;7.05;4.21;5858
1.81;Fair;J;I1;68;57;7.43;7.39;5.04;5859
1;Very Good;G;VS2;61.5;58;6.36;6.39;3.92;5860
1;Good;G;VS2;63.5;59;6.23;6.33;3.99;5860
1.09;Premium;H;VS1;60.2;59;6.71;6.67;4.03;5860
1.01;Premium;D;SI1;61.5;59;6.46;6.39;3.95;5860
1.01;Very Good;H;VS2;61.2;57;6.49;6.41;3.95;5861
1.01;Very Good;F;SI1;62.4;59;6.37;6.42;3.99;5861
1.14;Ideal;H;SI1;60.4;57;6.78;6.83;4.11;5861
1.35;Ideal;J;VS2;61.4;57;7.1;7.13;4.37;5862
1.12;Ideal;H;SI1;62.8;55;6.66;6.61;4.17;5863
1.14;Ideal;I;VS1;61.7;53;6.75;6.77;4.17;5863
1;Good;G;VS1;64.2;61;6.23;6.29;4.02;5863
1.01;Premium;G;VS2;60.7;61;6.46;6.42;3.91;5864
1.01;Premium;G;VS2;61.2;58;6.49;6.46;3.96;5864
1.01;Premium;G;VS2;63;56;6.41;6.35;4.02;5864
1.01;Premium;G;VS2;61.9;59;6.38;6.34;3.94;5864
1.01;Premium;G;VS2;61.6;61;6.46;6.36;3.95;5864
1.01;Premium;G;VS2;61.5;56;6.47;6.41;3.96;5864
1;Good;F;VS2;64;59;6.29;6.25;4.03;5864
1;Premium;F;VS2;62.8;55;6.38;6.35;4;5864
1;Premium;F;VS2;59.9;59;6.46;6.42;3.86;5864
1.01;Premium;G;VS2;60.7;60;6.49;6.45;3.93;5864
1.01;Premium;G;VS2;62.1;59;6.43;6.38;3.98;5864
1.01;Premium;G;VS2;60.2;59;6.55;6.48;3.92;5864
1.1;Ideal;I;VS1;62.3;55;6.64;6.6;4.12;5864
1.21;Very Good;I;VS1;59.4;60;6.9;6.97;4.12;5865
1;Very Good;E;SI1;60.1;60;6.45;6.49;3.89;5865
1.21;Very Good;I;VS1;61.2;58;6.85;6.91;4.21;5866
1.24;Ideal;J;VS1;61.6;57;6.89;6.93;4.26;5866
1.24;Ideal;I;SI2;61.8;58;6.85;6.9;4.25;5866
1.08;Ideal;H;SI1;60;58;6.69;6.66;4.01;5867
1.2;Very Good;H;SI1;62.4;57;6.76;6.8;4.23;5868
1.1;Ideal;G;SI1;62.2;56.6;6.56;6.6;4.09;5868
1.2;Premium;G;SI1;62.5;60;6.74;6.68;4.21;5868
1.31;Premium;I;SI1;63;57;6.96;6.91;4.37;5869
1.21;Very Good;H;SI1;63.1;60;6.74;6.69;4.24;5871
1.18;Good;D;SI2;59.7;61;6.83;6.88;4.09;5871
1.68;Good;E;I1;64.3;60;7.48;7.44;4.8;5871
1.21;Premium;H;SI1;62.5;60;6.77;6.7;4.21;5871
1.04;Good;F;SI1;63.6;59;6.4;6.36;4.06;5871
1.07;Premium;D;SI1;61.8;61;6.57;6.54;4.05;5872
1.07;Ideal;D;SI1;61.8;55;6.59;6.54;4.06;5872
1.31;Premium;J;SI1;59.6;59;7.16;7.13;4.26;5876
1.06;Ideal;E;SI1;58.8;57;6.71;6.66;3.93;5877
1.28;Premium;H;VS2;59.4;60;7.07;7.03;4.19;5878
0.93;Ideal;G;IF;62.2;58;6.25;6.22;3.88;5879
0.95;Ideal;E;VS1;61.5;57;6.3;6.28;3.87;5879
1;Premium;D;SI1;61.3;61;6.52;6.39;3.96;5880
1;Premium;D;SI1;59.6;57;6.54;6.44;3.87;5880
1.25;Ideal;H;SI2;62.8;55;6.87;6.82;4.3;5880
1.2;Very Good;F;SI2;62.8;57;6.73;6.78;4.24;5880
1.2;Ideal;I;VS2;61.5;57;6.8;6.75;4.17;5880
1;Ideal;D;SI1;60.6;56;6.54;6.5;3.95;5880
1;Premium;D;SI1;60.3;59;6.47;6.44;3.89;5880
1;Premium;D;SI1;62.5;59;6.38;6.32;3.97;5880
1;Premium;D;SI1;61.4;58;6.43;6.37;3.93;5880
1;Ideal;D;SI1;62.2;56;6.38;6.35;3.96;5880
1;Ideal;E;SI1;61.6;55;6.45;6.43;3.97;5880
1;Ideal;D;SI1;60.5;57;6.52;6.48;3.93;5880
1.01;Ideal;H;VS1;62.6;57;6.4;6.37;4;5882
1.01;Fair;E;VS2;65.3;59;6.15;6.1;4;5882
1.21;Ideal;H;VS2;62.2;55;6.84;6.79;4.24;5882
1.21;Ideal;H;VS2;62.8;55;6.79;6.74;4.25;5882
1.04;Premium;F;SI1;59.5;60;6.62;6.59;3.93;5882
1.04;Ideal;F;SI1;61.3;56;6.55;6.5;4;5882
1.01;Premium;E;VS2;59.3;59;6.59;6.54;3.89;5882
1.04;Premium;H;VS1;59.7;59;6.64;6.59;3.95;5882
1.01;Premium;E;VS2;59.5;60;6.3;6.24;3.73;5882
1;Very Good;H;VS2;64.7;56;6.23;6.29;4.05;5883
1.03;Premium;H;VS1;62.4;60;6.48;6.43;4.03;5883
1.2;Very Good;I;VS2;61.7;59;6.83;6.88;4.23;5884
1.03;Very Good;I;SI2;63.5;58;6.38;6.4;4.06;5884
1.2;Very Good;H;SI2;61.5;58;6.78;6.84;4.19;5884
1.2;Ideal;I;VS2;62.5;56;6.66;6.74;4.19;5884
1.21;Very Good;E;SI1;61;60;6.83;6.88;4.18;5885
1.27;Ideal;J;VS1;61.4;59;6.95;6.97;4.27;5885
1.13;Premium;H;VS2;60.6;58;6.81;6.72;4.1;5885
1.13;Ideal;H;VS2;62;57;6.7;6.66;4.14;5885
1.13;Premium;H;VS2;62.4;58;6.66;6.61;4.14;5885
1.01;Very Good;G;VS2;60;57;6.53;6.6;3.94;5886
0.92;Ideal;H;VVS1;62.1;54;6.26;6.23;3.88;5886
1.05;Premium;H;VS1;60.1;57;6.62;6.59;3.97;5886
0.9;Very Good;E;VS2;61.3;58;6.16;6.23;3.8;5887
1;Ideal;G;VS2;62.3;56;6.37;6.41;3.98;5887
1;Ideal;G;VS2;62.3;56;6.43;6.32;3.97;5887
1;Premium;G;VS2;61;59;6.41;6.37;3.9;5887
1.28;Ideal;G;SI2;61.4;57;6.96;6.99;4.28;5888
1.1;Ideal;H;VS2;61.3;56;6.64;6.67;4.08;5888
1.09;Premium;G;VS2;59.9;56;6.73;6.59;3.99;5889
1.06;Ideal;H;VS2;62.5;57;6.49;6.47;4.05;5889
1.06;Premium;H;VS2;62;58;6.57;6.5;4.05;5889
1.21;Premium;D;SI2;62.2;60;6.8;6.83;4.24;5889
1.24;Premium;I;VS2;60.1;59;7.02;6.95;4.2;5889
1.06;Premium;H;VS2;62.6;58;6.54;6.49;4.08;5889
1.23;Good;H;SI1;63.9;56;6.81;6.77;4.34;5889
1.24;Ideal;F;SI2;61.7;57;6.95;6.88;4.27;5889
1.24;Premium;I;VS2;62.1;55;6.91;6.87;4.28;5889
1.23;Ideal;H;SI1;63;56;6.83;6.79;4.29;5889
1.24;Premium;F;SI2;61.4;58;6.94;6.9;4.25;5889
1.02;Premium;D;SI1;62.3;59;6.38;6.42;3.99;5890
1.15;Ideal;D;SI2;61.7;57;6.72;6.76;4.16;5891
1.17;Ideal;I;VS1;61.5;57;6.74;6.79;4.16;5892
1.21;Premium;J;VVS1;61.3;59;6.81;6.86;4.19;5893
0.99;Premium;F;VS2;62.6;55;6.5;6.35;4.02;5893
1.21;Good;H;SI1;63.6;56;6.63;6.68;4.23;5893
1.23;Ideal;F;SI2;62.3;58;6.8;6.84;4.25;5894
1.04;Premium;E;SI1;61.2;59;6.54;6.47;3.98;5894
1.01;Very Good;H;VS2;60.2;60;6.46;6.5;3.9;5897
0.9;Ideal;D;VS2;63;57;6.14;6.09;3.85;5897
1.29;Good;J;VS2;58.2;61;7.07;7.12;4.13;5898
1.01;Premium;G;VS1;61.7;59;6.38;6.33;3.92;5898
1.16;Ideal;D;SI2;62.1;54;6.79;6.74;4.2;5898
1.14;Good;E;SI1;60.9;64;6.78;6.68;4.09;5899
1.2;Premium;H;SI1;62.4;59;6.73;6.7;4.19;5899
1.26;Premium;G;SI2;59.1;59;7.09;7.05;4.18;5899
1.01;Very Good;F;VS2;62.9;56;6.38;6.41;4.02;5902
1.01;Good;F;VS2;60.1;60;6.46;6.51;3.9;5902
1.5;Very Good;J;SI2;58.7;60;7.46;7.54;4.4;5902
1.21;Ideal;H;VS1;62;57;6.79;6.75;4.19;5902
1.25;Premium;H;VS2;61.9;58;6.9;6.84;4.25;5902
1.24;Ideal;H;SI2;62;56;6.9;6.87;4.27;5902
1.24;Ideal;I;SI1;62.1;56;6.88;6.84;4.26;5902
1.01;Very Good;H;VS1;59.1;59;6.5;6.59;3.87;5904
1.09;Ideal;I;VS2;61.8;57;6.55;6.59;4.06;5904
1;Good;G;VS1;64.4;58;6.23;6.29;4.03;5906
1.03;Premium;E;VS2;61.3;61;6.53;6.46;3.98;5906
0.9;Ideal;H;VS1;60.4;57;6.27;6.29;3.79;5907
1.16;Ideal;G;SI1;61.8;55;6.75;6.78;4.18;5908
1.11;Premium;E;SI1;61.3;58;6.66;6.61;4.07;5908
1.08;Premium;E;SI1;59.6;60;6.73;6.66;3.99;5908
1;Fair;G;VS1;64.4;56;6.31;6.26;4.05;5908
1.07;Ideal;F;SI1;60.6;57;6.62;6.67;1.07;5909
1.22;Premium;J;VS1;61.7;59;6.92;6.85;4.25;5910
1.01;Very Good;H;VS2;59.7;64;6.45;6.48;3.86;5911
1.13;Ideal;H;SI1;61.9;60;6.63;6.65;4.11;5911
1.16;Ideal;D;SI1;62;56;6.76;6.73;4.18;5911
1.38;Premium;J;SI1;59;59;7.38;7.32;4.34;5912
1.33;Very Good;J;VS2;63.9;57;6.91;6.96;4.43;5913
1.2;Good;D;SI1;63.5;55;6.7;6.78;4.28;5913
1;Premium;H;VVS2;61.4;59;6.49;6.45;3.97;5914
1.1;Very Good;H;VS2;61.3;58;6.63;6.74;4.1;5914
2;Fair;H;I1;69.8;54;7.6;7.56;5.29;5914
1.05;Ideal;D;SI1;61.7;56;6.53;6.59;4.05;5914
1.05;Ideal;D;SI1;62.8;57;6.46;6.48;4.06;5914
1;Very Good;G;VVS2;63.5;55;6.36;6.3;4.02;5914
1;Ideal;F;VVS2;61.3;56;6.44;6.41;3.94;5914
1;Very Good;E;VS1;63.2;53;6.4;6.33;4.02;5914
1.2;Good;E;VS2;63.7;57;6.71;6.64;4.25;5914
1.65;Fair;J;SI1;61.6;66;7.61;7.47;4.66;5914
1.2;Ideal;I;VS2;62.1;57;6.78;6.71;4.19;5914
1.5;Premium;G;I1;60.3;61;7.39;7.34;4.44;5914
1.5;Good;J;SI1;64;56;7.21;7.16;4.6;5914
1.11;Very Good;D;SI1;61.6;57;6.66;6.59;4.08;5915
1.02;Ideal;G;VS2;62.6;58;6.43;6.39;4.01;5915
1.31;Very Good;I;SI2;62.7;58;6.88;6.94;4.33;5916
1.52;Fair;J;SI2;65.8;57;7.18;7.11;4.7;5916
1.05;Very Good;G;VS2;61.7;55;6.5;6.56;4.03;5917
1.2;Very Good;G;SI1;62.9;57;6.73;6.79;4.25;5918
1.02;Premium;D;SI1;60.6;59;6.53;6.47;3.94;5918
1.01;Very Good;G;VS2;61.6;58;6.4;6.45;3.96;5919
1.01;Very Good;G;VS2;59.1;58;6.56;6.63;3.9;5919
1.01;Very Good;G;VS2;63;57;6.35;6.42;4.02;5919
1.35;Premium;I;SI2;62.3;59;7.09;7.03;4.4;5919
1.51;Fair;H;SI2;66.9;57;7.13;7.09;4.75;5919
1.51;Fair;F;SI2;65.4;56;7.2;7.08;4.67;5919
1;Good;G;VS1;63.9;55;6.28;6.34;4.03;5920
1.28;Very Good;I;SI1;63.6;54;6.87;6.9;4.38;5920
1.21;Premium;E;SI2;61.7;59;6.83;6.78;4.2;5920
1.32;Premium;I;SI2;58.4;60;7.24;7.15;4.2;5921
1;Good;G;VS1;58.6;62;6.5;6.53;3.82;5921
1.18;Premium;I;VS1;62.1;58;6.76;6.7;4.18;5921
1.21;Very Good;D;SI2;60.9;58;6.83;6.89;4.18;5922
1.02;Good;G;VS2;63.6;57;6.41;6.38;4.07;5922
1.02;Ideal;G;VS2;62.6;57;6.43;6.41;4.02;5922
1.09;Ideal;F;SI1;62;56;6.61;6.59;4.09;5922
1.09;Ideal;F;SI1;62;56;6.61;6.56;4.08;5922
1.27;Good;I;VS2;63.3;63;6.82;6.87;4.33;5923
1.01;Premium;F;VS2;59.7;60;6.41;6.38;3.82;5923
1.03;Very Good;D;SI1;62.5;59;6.45;6.48;4.04;5924
1.29;Premium;H;SI2;60.1;58;7.02;6.95;4.2;5924
1.14;Premium;F;SI1;61.1;59;6.7;6.75;4.11;5925
1.14;Premium;F;SI1;59.6;58;6.78;6.8;4.05;5925
1.27;Ideal;J;VS2;62.9;54;6.87;6.9;4.33;5925
1.25;Premium;I;VS2;62.2;57;6.92;6.84;4.28;5925
1.29;Ideal;H;SI2;62.1;57;6.95;6.93;4.31;5926
1.08;Good;D;SI1;63.8;59;6.47;6.39;4.1;5927
1.05;Premium;G;VS2;62.5;55;6.59;6.54;4.1;5927
1.05;Premium;D;SI1;60.5;56;6.7;6.59;4;5927
1;Ideal;F;VS2;62.1;57;6.34;6.38;3.95;5929
1;Ideal;D;SI1;59.9;56;6.51;6.54;3.91;5929
1;Very Good;H;VVS2;60.3;59;6.41;6.46;3.88;5929
1;Very Good;F;VS2;62.9;59;6.3;6.33;3.97;5929
1;Very Good;F;VS2;58.7;62;6.51;6.6;3.85;5929
1;Good;F;VS2;63.7;59;6.27;6.32;4.01;5929
1.23;Premium;E;SI2;62.5;58;6.86;6.81;4.27;5929
1.02;Very Good;F;SI1;62.9;56;6.39;6.43;4.03;5930
0.3;Ideal;F;VS2;62.3;57;4.3;4.33;2.69;605
0.3;Ideal;G;VS1;61.4;55;4.31;4.36;2.66;605
0.3;Ideal;G;VS1;61.5;57;4.31;4.34;2.66;605
0.3;Premium;G;VS1;61.3;58;4.29;4.33;2.64;605
0.3;Ideal;F;VS2;60.7;57;4.29;4.34;2.62;605
0.3;Ideal;G;VS1;61.8;55;4.31;4.33;2.67;605
0.3;Very Good;G;VS1;62.9;60;4.18;4.22;2.64;605
0.3;Premium;G;VS1;61.8;60;4.29;4.32;2.66;605
0.3;Ideal;H;VVS2;60.4;56;4.32;4.36;2.62;605
0.3;Good;G;VS1;63.8;55;4.25;4.28;2.72;605
0.3;Ideal;F;VS2;61.6;57;4.28;4.32;2.65;605
0.3;Ideal;F;VS2;61.3;55;4.3;4.32;2.64;605
0.3;Premium;G;VS1;61.9;59;4.28;4.32;2.66;605
0.3;Very Good;H;VVS2;63;56;4.23;4.28;2.68;605
0.3;Premium;H;VVS2;61.5;58;4.28;4.3;2.64;605
0.3;Ideal;G;VS1;62.3;56;4.29;4.32;2.68;605
0.3;Premium;F;VS2;62.5;58;4.29;4.32;2.69;605
0.3;Ideal;F;VS2;60.7;56;4.32;4.34;2.63;605
0.3;Good;H;VVS2;63.1;60;4.24;4.28;2.69;605
0.3;Good;G;VS1;63.6;54;4.25;4.31;2.72;605
0.3;Ideal;G;VS1;62.5;57;4.29;4.32;2.69;605
0.3;Very Good;G;VS1;61.2;59;4.28;4.32;2.63;605
0.3;Premium;H;VVS2;62;58;4.3;4.35;2.68;605
0.3;Very Good;G;VS1;61.4;58;4.32;4.35;2.66;605
0.3;Premium;G;VS1;61.4;60;4.3;4.33;2.65;605
0.3;Very Good;H;VVS2;60.6;58;4.33;4.35;2.63;605
0.3;Ideal;G;VS1;62.2;55;4.28;4.31;2.67;605
0.3;Ideal;H;VVS2;61.6;55;4.3;4.34;2.66;605
0.3;Good;G;VS1;63.1;56;4.24;4.26;2.68;605
0.3;Very Good;F;VS2;62.9;57;4.27;4.29;2.69;605
1.15;Ideal;I;VS1;61.3;56;6.74;6.76;4.14;5930
1.22;Premium;H;VS2;62.7;58;6.77;6.73;4.23;5930
1.21;Very Good;I;VS2;62;57;6.78;6.83;4.22;5931
1.15;Very Good;D;SI1;61.7;58;6.69;6.76;4.15;5932
1.05;Ideal;I;VVS2;61.8;53;6.56;6.57;4.06;5932
1.25;Ideal;H;SI2;62.2;55.4;6.89;6.94;4.29;5932
1.01;Ideal;F;SI1;61.7;56;6.45;6.48;3.99;5932
1.09;Ideal;E;SI1;61.1;55;6.66;6.7;4.08;5935
1;Ideal;E;SI1;62.9;56;6.33;6.38;4;5935
1.15;Good;H;VS1;64.3;54;6.66;6.62;4.27;5935
1.01;Ideal;H;VS2;61.7;56;6.45;6.47;3.98;5936
1.13;Ideal;D;SI1;61.8;56;6.74;6.68;4.15;5936
1.21;Ideal;H;SI1;62;56;6.86;6.81;4.24;5936
1.26;Ideal;G;SI2;60.9;55;7;7.05;4.28;5937
1.19;Ideal;F;SI1;62.1;56;6.81;6.84;4.24;5937
1.24;Ideal;H;SI2;59.5;61;6.98;7.03;4.17;5937
1.14;Ideal;H;VS2;61.6;56;6.72;6.68;4.13;5937
1.14;Premium;H;VS2;61.7;60;6.74;6.67;4.14;5937
1.14;Ideal;H;VS2;61.7;57;6.73;6.68;4.14;5937
1.5;Premium;H;SI2;60.2;59;7.43;7.35;4.45;5937
1;Very Good;F;VS2;62.1;58;6.36;6.45;3.96;5938
1.23;Ideal;H;SI1;62.3;57;6.85;6.89;4.28;5938
1.11;Ideal;E;SI2;61.4;58;6.63;6.66;4.08;5938
1;Ideal;E;SI1;61.7;55;6.44;6.49;3.99;5938
1;Very Good;G;VS2;61.2;56;6.47;6.38;3.93;5939
1.01;Premium;D;SI1;62.3;60;6.4;6.35;3.97;5939
1.01;Premium;D;SI1;61.6;58;6.47;6.42;3.97;5939
1.01;Ideal;D;SI1;62;57;6.44;6.37;3.97;5939
1.01;Premium;D;SI1;62.8;60;6.42;6.36;4.01;5939
1.01;Ideal;D;SI1;60.8;56;6.54;6.48;3.96;5939
1.01;Very Good;G;VS2;63.1;57;6.39;6.35;4.02;5939
1;Premium;G;VS2;61.6;58;6.39;6.43;3.95;5940
1;Very Good;G;VS2;63;58;6.33;6.4;4.01;5940
1.23;Good;I;VS1;63.6;59;6.85;6.76;4.33;5940
1;Premium;G;VS1;62.9;55;6.39;6.33;4;5940
1.2;Very Good;I;VS2;60.5;60;6.86;6.93;4.17;5941
1.06;Premium;F;VS2;61.2;57;6.64;6.49;4.02;5942
1.02;Good;G;VS2;63.7;57;6.24;6.31;4;5943
1.01;Very Good;G;VS2;61.4;59;6.42;6.48;3.96;5944
1.22;Premium;H;VS2;61.4;62;6.92;6.76;4.22;5944
1.17;Ideal;F;SI1;62.2;56;6.73;6.71;4.18;5944
1.06;Ideal;D;SI1;62.7;54;6.52;6.55;4.1;5946
1.01;Premium;G;VS2;62.1;60;6.37;6.35;3.95;5946
1.01;Premium;G;VS2;59;61;6.62;6.56;3.89;5946
1.01;Premium;G;VS2;61.8;59;6.45;6.4;3.97;5946
1.01;Ideal;G;VS2;62.4;56;6.42;6.39;4;5946
0.99;Ideal;F;VS1;61;55;6.46;6.52;3.96;5947
1.25;Premium;D;SI2;63;62;6.86;6.82;4.3;5947
1.2;Premium;D;SI2;61.4;60;6.85;6.79;4.19;5947
1.2;Premium;G;SI1;61.5;61;6.84;6.78;4.19;5947
1.03;Very Good;D;SI1;61.2;54;6.53;6.61;4.02;5948
1.21;Ideal;H;SI1;62.4;56;6.85;6.8;4.26;5948
1.21;Premium;H;SI1;62.5;58;6.75;6.72;4.21;5948
1.17;Ideal;D;SI2;62.7;57;6.72;6.7;4.21;5949
1.28;Premium;H;SI2;61.9;56;7.02;6.94;4.32;5949
1.09;Very Good;H;SI1;62.5;57;6.49;6.54;4.07;5950
1.25;Premium;H;SI2;62.1;58;6.93;6.86;4.28;5950
1.25;Premium;H;SI2;60.4;59;7.02;6.95;4.22;5950
1.01;Fair;G;VS2;65.1;56;6.2;6.15;4.02;5950
1.3;Premium;J;VS2;61.5;58;7.05;7;4.32;5951
1.02;Good;G;VS1;64.3;57;6.28;6.34;4.06;5951
1.05;Premium;E;SI1;62.5;59;6.5;6.43;4.04;5951
1.09;Premium;H;VS1;60.2;61;6.7;6.66;4.02;5951
1.23;Ideal;H;SI2;60.6;57;6.98;6.94;4.22;5951
1.05;Very Good;D;SI1;59.3;59;6.63;6.69;3.95;5952
1.12;Premium;H;VS1;62.1;58;6.64;6.6;4.11;5952
1.04;Ideal;D;SI1;61.7;57;6.55;6.51;4.03;5952
1.27;Very Good;I;SI1;63.1;59;6.83;6.87;4.32;5953
1.01;Good;E;VS2;63.4;56;6.35;6.37;4.03;5954
1.2;Very Good;I;VS2;62.3;56;6.76;6.81;4.23;5955
1.2;Very Good;I;SI1;62.9;54;6.75;6.77;4.25;5955
1.02;Premium;E;SI1;61.4;58;6.48;6.45;3.97;5956
1.19;Very Good;E;SI1;58;63;6.9;6.97;4.02;5956
1.1;Premium;G;VS1;62.2;59;6.61;6.57;4.1;5958
1.32;Premium;H;VS1;61.3;58;7.09;7.01;4.32;5958
1.22;Ideal;I;VS2;62.5;57;6.83;6.9;4.29;5960
1.11;Ideal;E;SI2;60.6;56;6.76;6.78;4.1;5962
1.3;Ideal;H;VS1;62.2;57;7.01;6.98;4.35;5962
1.21;Premium;I;VS2;62.3;58;6.82;6.79;4.24;5962
1.36;Premium;I;SI2;62.7;58;7.08;7.01;4.42;5963
1.01;Premium;G;VVS2;61.5;61;6.44;6.38;3.94;5963
1.04;Very Good;G;VS2;61.3;58;6.45;6.53;3.98;5964
1.2;Ideal;E;SI2;62.5;55;6.77;6.84;4.25;5964
1.22;Very Good;I;VS1;61.6;60;6.86;6.8;4.21;5966
1.12;Very Good;D;SI1;62.2;59;6.65;6.67;4.14;5966
1.07;Premium;G;VS1;59.6;58;6.66;6.7;3.98;5967
1;Premium;G;VS2;61.5;58;6.39;6.36;3.92;5967
1;Very Good;G;VS2;63.5;59;6.33;6.23;3.99;5967
1;Premium;G;VS2;60;59;6.52;6.47;3.9;5967
1;Premium;G;VS2;63;59;6.45;6.32;4.02;5967
1;Ideal;G;VS2;62.6;57;6.47;6.4;4.03;5967
1.35;Ideal;J;VS2;61.4;57;7.13;7.1;4.37;5969
1.38;Ideal;J;SI2;62.6;56;7.05;7.16;4.45;5969
1.24;Premium;D;SI2;59.1;59;7.03;6.98;4.14;5969
1.01;Good;E;VS2;61.2;62;6.34;6.38;3.89;5972
1.24;Premium;I;SI1;58.9;59;7.08;7.02;4.15;5972
1.21;Ideal;H;SI1;61.2;57;6.86;6.93;4.22;5973
1.01;Ideal;E;SI1;62.2;57;6.41;6.35;3.97;5973
1.01;Very Good;E;SI1;63.1;57;6.4;6.37;4.03;5973
1.01;Premium;E;SI1;60;59;6.53;6.47;3.9;5973
1.55;Very Good;E;I1;61.6;58;7.42;7.52;4.6;5974
1.03;Ideal;F;SI1;62;56;6.47;6.5;4.02;5974
1.07;Premium;F;VS2;61.6;60;6.56;6.53;4.03;5974
1.25;Premium;I;VS2;61;59;6.89;6.98;4.23;5975
1.25;Very Good;I;VS2;62.7;58;6.74;6.95;4.29;5975
1.25;Ideal;J;VVS2;61.1;57;6.91;6.94;4.23;5975
1.01;Very Good;F;SI1;61.3;60;6.39;6.43;3.93;5975
1.2;Good;H;SI1;63.6;57;6.79;6.74;4.3;5975
1.2;Premium;G;VS1;62.9;59;6.75;6.69;4.23;5975
1.2;Premium;H;SI1;62.9;55;6.77;6.74;4.25;5975
1.26;Very Good;E;SI2;62.9;59;6.82;6.85;4.3;5976
1.24;Ideal;I;SI1;61.1;60;6.94;6.91;4.23;5976
1.24;Ideal;I;SI1;62.4;57;6.89;6.87;4.29;5976
1.02;Very Good;H;VS1;63.1;57;6.38;6.44;4.04;5977
1.02;Premium;G;VS2;62.6;59;6.39;6.43;4.01;5978
0.9;Ideal;G;VVS1;62.8;56;6.12;6.18;3.86;5978
1.22;Very Good;I;VS2;63.3;57;6.74;6.82;4.29;5979
1.51;Good;D;I1;57;64;7.48;7.53;4.28;5979
1.23;Premium;H;VS2;59.3;58;7;6.94;4.13;5979
1.25;Ideal;J;VVS2;62.1;56;6.81;6.84;4.24;5980
0.94;Premium;D;VS1;62.3;58;6.34;6.28;3.93;5980
1.21;Premium;F;SI2;59;60;6.94;6.99;4.11;5982
1.07;Ideal;F;SI1;62.7;56;6.47;6.53;4.08;5982
0.95;Ideal;E;VS1;61.5;57;6.28;6.3;3.87;5983
1.06;Premium;D;SI1;58.9;61;6.69;6.63;3.92;5983
1.26;Premium;I;VS2;61;59;6.97;6.91;4.23;5983
1;Good;E;VS2;63.3;59;6.29;6.34;4;5984
1.28;Very Good;H;SI2;60.2;58;7.03;7.13;4.26;5984
1.22;Ideal;H;SI1;61.9;56;6.86;6.83;4.24;5985
1.2;Very Good;I;VS2;62.1;60;6.78;6.72;4.19;5986
1.14;Premium;H;VS2;60.2;58;6.74;6.81;4.08;5986
1.01;Good;D;VS2;60.1;64;6.36;6.32;3.81;5986
1.44;Good;G;I1;63.2;54.8;7.18;7.21;4.54;5987
1.05;Very Good;G;VS2;63;57;6.48;6.51;4.09;5987
1;Very Good;D;SI1;59.3;61;6.45;6.5;3.84;5987
1.01;Very Good;F;VS2;61.4;54;6.4;6.47;3.95;5988
1.01;Very Good;F;VS2;59.9;61;6.46;6.5;3.88;5988
1.01;Good;H;VVS2;63.3;57;6.35;6.39;4.03;5988
1.01;Premium;F;VS2;62.1;60;6.36;6.43;3.97;5988
1.01;Premium;F;VS2;62.7;58;6.39;6.4;4.01;5988
1.01;Very Good;F;VS2;61.1;56;6.49;6.56;3.99;5988
1.01;Good;F;VS2;63.6;59;6.32;6.36;4.03;5988
1.01;Good;F;VS2;63.2;58;6.33;6.36;4.01;5988
1.2;Premium;F;SI2;62.8;57;6.78;6.73;4.24;5988
1.21;Very Good;H;SI2;61.1;55.7;6.87;6.92;4.21;5989
0.92;Ideal;G;VS2;62;57;6.21;6.24;3.86;5989
1.15;Ideal;H;VS2;62.6;57;6.75;6.69;4.21;5989
1.54;Good;I;SI2;57.9;62;7.63;7.5;4.38;5989
1.16;Ideal;E;SI2;61.9;55;6.71;6.77;4.17;5991
0.93;Ideal;E;SI1;61.9;56;6.24;6.27;3.87;5992
1.09;Premium;H;VS2;62.3;57;6.63;6.53;4.1;5993
1.82;Fair;H;I1;67.3;58;7.5;7.47;5.04;5993
1.05;Ideal;H;VS2;61.4;55;6.53;6.57;4.02;5993
1.04;Ideal;H;VS2;61.8;55;6.51;6.52;4.03;5994
1.54;Ideal;I;SI2;61.4;55;7.52;7.43;4.59;5994
1.01;Ideal;G;VS2;61.7;57;6.48;6.45;3.99;5995
1.28;Ideal;G;SI2;61.4;57;6.99;6.96;4.28;5995
1.01;Very Good;G;VS1;63.1;57;6.38;6.33;4.01;5995
1.21;Ideal;F;SI2;61.8;57;6.82;6.87;4.23;5996
1.2;Ideal;G;SI1;60.5;56;6.84;6.87;4.15;5996
1.33;Ideal;J;SI1;62.5;56;7.05;6.99;4.39;5996
1.29;Premium;G;SI2;62;58;7.03;6.97;4.34;5996
1.22;Premium;H;SI1;62.4;58;6.82;6.77;4.24;5997
0.96;Very Good;E;VS2;58.7;58;6.47;6.51;3.81;5997
1.21;Premium;D;SI2;62.2;60;6.83;6.8;4.24;5997
1.26;Ideal;H;SI2;61;56;6.99;6.95;4.25;5998
1.26;Premium;H;SI2;58.6;59;7.09;7.04;4.14;5998
1.02;Premium;D;SI1;62.5;59;6.4;6.34;3.98;5998
1.7;Very Good;F;I1;63.1;56;7.62;7.51;4.78;5998
1.02;Premium;G;VS2;62.7;61;6.39;6.34;3.99;5998
1.02;Premium;D;SI1;62.3;59;6.42;6.38;3.99;5998
1.26;Very Good;F;SI2;63.4;55;6.92;6.9;4.38;5998
1.02;Premium;D;SI1;60.6;59;6.53;6.47;3.94;5998
1.01;Very Good;G;VS2;59.2;59;6.52;6.59;3.88;5999
1.01;Good;G;VS2;63.1;59;6.37;6.4;4.03;5999
1.01;Premium;G;VS2;62.4;58;6.38;6.41;3.99;5999
1.01;Ideal;G;VS2;61.8;56;6.42;6.45;3.98;5999
1;Premium;G;VS1;60.9;60;6.51;6.41;3.91;6000
1.2;Very Good;H;VS2;63.3;57;6.78;6.68;4.26;6000
1.26;Very Good;G;SI2;61.3;55;6.94;7;4.27;6001
1.21;Premium;J;VVS1;61.3;59;6.86;6.81;4.19;6001
1.07;Very Good;D;SI1;60.2;55;6.64;6.68;4.01;6002
2.03;Fair;H;I1;64.4;59;7.91;7.85;5.07;6002
2.03;Fair;H;I1;66.6;57;7.81;7.75;5.19;6002
0.8;Ideal;D;VVS2;61.9;56;5.91;5.95;3.67;6004
1.01;Good;E;VS2;65.4;56;6.18;6.23;4.06;6004
1.23;Ideal;G;SI2;58.8;60;7.01;7.08;4.14;6005
1.13;Premium;H;VS1;58.9;58;6.81;6.78;4;6005
1;Premium;G;VS1;60.6;59;6.42;6.48;3.91;6006
1.2;Ideal;E;SI2;61.3;56;6.85;6.88;4.21;6006
1.5;Fair;J;SI1;64.9;58;7.09;7.03;4.58;6006
1.5;Good;G;SI2;57.5;63;7.53;7.49;4.32;6006
1.5;Good;G;SI2;57.5;63;7.53;7.49;4.32;6006
1.5;Good;G;SI2;57.9;61;7.52;7.48;4.35;6006
1.02;Very Good;F;VS2;63.3;58;6.36;6.38;4.03;6007
1.27;Very Good;I;VS2;62.6;59;6.86;6.95;4.32;6007
1.73;Fair;H;SI2;65.9;58;7.52;7.45;4.93;6007
1.59;Premium;E;SI2;62.3;58;7.42;7.37;4.61;6010
1.34;Ideal;J;VS1;62;57;7.12;7.04;4.39;6010
1.04;Ideal;G;VS2;62.5;57;6.45;6.54;4.06;6012
1.22;Premium;E;SI2;61.5;58;6.84;6.86;4.21;6012
1.22;Premium;I;VS1;61.1;58;6.84;6.91;4.2;6012
1.22;Ideal;I;SI1;61.7;57;6.85;6.82;4.22;6012
1;Very Good;F;VS2;61.6;56;6.42;6.47;3.97;6013
1.17;Ideal;I;VS1;62.2;53;6.78;6.81;4.23;6013
1.18;Ideal;H;SI1;61.4;55;6.84;6.78;4.18;6013
1.23;Ideal;J;VS2;61.2;57;6.93;6.88;4.23;6015
1.21;Ideal;G;SI2;62;56;6.83;6.81;4.23;6017
1.36;Premium;I;VS2;59.3;58;7.21;7.18;4.27;6017
0.9;Ideal;E;VS2;62.3;57;6.16;6.19;3.85;6018
1.01;Very Good;G;VS2;62.4;58;6.42;6.4;4;6019
1.2;Very Good;H;SI1;58.9;60;6.94;7.02;4.11;6019
1.2;Very Good;H;SI1;62.9;56;6.74;6.8;4.26;6019
1.2;Very Good;H;SI1;62.5;59;6.66;6.72;4.18;6019
1.2;Very Good;H;SI1;61;58;6.84;6.92;4.2;6019
1.2;Very Good;H;SI1;61.2;57;6.78;6.91;4.19;6019
1.2;Very Good;H;SI1;62.1;58;6.72;6.77;4.19;6019
1.01;Ideal;G;VS2;60.8;59;6.52;6.5;3.96;6019
1.01;Ideal;G;VS2;62.5;57;6.43;6.4;4.01;6019
1;Good;D;SI1;64.1;57;6.32;6.29;4.04;6020
1;Very Good;F;VS1;58.4;63;6.58;6.47;3.81;6021
1.2;Premium;I;VS1;62.8;56;6.8;6.74;4.25;6021
1;Very Good;H;VVS1;62.3;60;6.28;6.36;3.94;6022
1.21;Very Good;H;SI1;62.8;56;6.8;6.83;4.28;6022
1.21;Good;H;SI1;58.2;58;6.98;7.01;4.07;6022
1.07;Premium;G;VS2;60.1;60;6.76;6.6;3.99;6022
1.26;Premium;I;VS2;62.4;58;6.88;6.94;4.31;6023
1.01;Ideal;G;VS2;59.7;57;6.49;6.44;3.86;6024
1.21;Ideal;H;SI1;62.6;53;6.87;6.8;4.28;6025
1.66;Good;F;I1;62.1;57.7;7.56;7.6;4.71;6025
1.21;Good;G;VS1;63.7;57;6.73;6.67;4.27;6025
1.21;Ideal;G;VS1;62.5;57;6.77;6.7;4.21;6025
1.21;Premium;H;SI1;59.5;58;7.02;6.96;4.16;6025
1.2;Premium;G;SI1;63;58;6.72;6.68;4.22;6026
1.01;Premium;G;VS2;61.6;58;6.45;6.4;3.96;6027
1.01;Premium;G;VS2;59.1;58;6.63;6.56;3.9;6027
1.01;Ideal;G;VS2;63;57;6.42;6.35;4.02;6027
1.05;Very Good;G;VS2;60.1;55;6.65;6.73;4.02;6028
1.5;Very Good;F;I1;63.2;57;7.29;7.24;4.59;6028
1;Good;G;VS1;63.9;55;6.34;6.28;4.03;6028
1.25;Ideal;H;SI2;61.6;55;6.89;6.94;4.26;6030
1;Good;F;VS2;62.1;61;6.31;6.38;3.94;6030
1.21;Premium;D;SI2;60.9;58;6.89;6.83;4.18;6031
1.57;Premium;J;SI2;59.6;56;7.59;7.5;4.5;6031
1.27;Very Good;I;VS2;63.3;63;6.87;6.82;4.33;6031
1.25;Good;F;SI2;59;61;7.01;7.06;4.15;6032
1.1;Premium;G;VS2;60.3;57;6.73;6.68;4.04;6032
1.02;Premium;E;VS2;60.3;60;6.58;6.48;3.94;6032
1.14;Premium;F;SI1;61.1;59;6.75;6.7;4.11;6033
1.14;Premium;F;SI1;59.6;58;6.8;6.78;4.05;6033
1.03;Very Good;G;VS2;62.1;57;6.41;6.48;4;6036
1.03;Very Good;G;VS2;62.3;57;6.43;6.51;4.03;6036
1.16;Ideal;H;SI1;62.2;54;6.72;6.75;4.19;6036
1.01;Very Good;F;VS2;58.5;60;6.52;6.54;3.82;6037
1.01;Good;F;VS2;64.1;59;6.16;6.23;3.97;6037
1;Good;F;VS2;63.7;59;6.32;6.27;4.01;6037
1;Premium;H;VVS2;60.3;59;6.46;6.41;3.88;6037
1;Premium;F;VS2;58.7;62;6.6;6.51;3.85;6037
1.23;Premium;F;SI2;61.2;58;6.91;6.84;4.21;6038
1.51;Premium;H;I1;61.9;58;7.39;7.34;4.56;6038
0.99;Ideal;F;SI1;62.1;58;6.33;6.4;3.95;6038
1.23;Very Good;H;VS2;58.5;62;6.98;7;4.09;6039
1.01;Ideal;F;SI1;62.7;54;6.38;6.44;4.02;6039
1;Very Good;D;SI1;61.4;63;6.35;6.41;3.92;6040
1.02;Ideal;D;SI1;61.2;56;6.51;6.56;4;6040
1.07;Ideal;G;VS2;62.2;57;6.55;6.5;4.06;6040
1.07;Premium;G;VS2;62.2;58;6.54;6.48;4.05;6040
1.35;Very Good;I;SI2;61;60;7.09;7.15;4.34;6041
1.15;Premium;D;SI1;61.7;58;6.76;6.69;4.15;6041
1.01;Fair;F;VS2;69;61;6.06;5.99;4.16;6041
1.3;Good;H;SI2;63.7;57;6.94;6.87;4.4;6042
1.01;Very Good;E;VS2;62.6;56;6.39;6.43;4.01;6043
1;Ideal;E;VS2;62;55;6.42;6.38;3.97;6043
1.09;Ideal;E;SI1;61.1;55;6.7;6.66;4.08;6043
1.03;Ideal;F;SI1;61.3;57;6.47;6.53;3.98;6044
1.22;Premium;I;VS2;59.3;59;6.96;7.01;4.14;6045
1.13;Ideal;H;VS2;62;57;6.61;6.69;4.12;6045
1.27;Ideal;G;SI2;61.8;56;6.96;6.93;4.29;6045
1.26;Ideal;G;SI2;60.9;55;7.05;7;4.28;6046
1.22;Premium;D;SI2;62;60;6.8;6.74;4.2;6046
1.23;Ideal;H;SI1;62.3;57;6.89;6.85;4.28;6046
1.51;Good;I;SI1;63.8;57;7.21;7.18;4.59;6046
1.51;Good;I;SI1;63.8;57;7.21;7.18;4.59;6046
1.01;Very Good;G;VS2;61.9;58;6.37;6.42;3.96;6047
1.02;Very Good;F;VS2;61.8;57;6.4;6.44;3.97;6047
1.02;Very Good;D;SI1;62.8;56;6.39;6.44;4.03;6047
1;Premium;F;VS2;62.1;58;6.45;6.36;3.96;6047
1;Premium;G;VS2;60.6;60;6.4;6.3;3.85;6048
1;Premium;G;VS2;61.3;62;6.43;6.32;3.91;6048
1.2;Premium;H;VS2;62.4;57;6.73;6.67;4.18;6048
1;Ideal;E;VS2;61.9;56;6.45;6.4;3.98;6048
1;Premium;G;VS2;63;58;6.4;6.33;4.01;6048
1;Premium;G;VS2;62;57;6.43;6.37;3.97;6048
1;Premium;G;VS2;59.3;60;6.55;6.51;3.87;6048
1;Premium;G;VS2;58.6;61;6.61;6.57;3.86;6048
1.5;Premium;J;SI2;61;60;7.34;7.3;4.46;6048
1;Premium;G;VS2;62.2;58;6.54;6.49;3.94;6048
1.35;Ideal;J;VS1;62.3;54;7.17;7.06;4.43;6048
1;Very Good;G;VS2;63.3;58;6.39;6.27;4.01;6048
1;Premium;G;VS2;61.6;58;6.43;6.39;3.95;6048
0.3;Ideal;G;VS1;61.7;57;4.3;4.32;2.66;605
0.3;Premium;G;VS1;62.2;59;4.28;4.31;2.67;605
0.3;Ideal;F;VS2;62;54;4.31;4.34;2.68;605
0.3;Very Good;H;VVS2;62.9;57;4.28;4.31;2.7;605
0.3;Very Good;G;VS1;62.9;57;4.28;4.31;2.7;605
0.3;Ideal;F;VS2;61.9;55;4.31;4.32;2.67;605
0.3;Very Good;F;VS2;62.9;57;4.26;4.29;2.69;605
0.3;Good;G;VS1;63.6;57;4.23;4.26;2.7;605
0.3;Ideal;H;VVS2;61.1;55;4.32;4.36;2.65;605
0.3;Very Good;F;VS2;62.8;55;4.27;4.33;2.7;605
0.3;Premium;G;VS1;61.9;59;4.3;4.32;2.67;605
0.3;Ideal;G;VS1;61.9;56;4.29;4.34;2.67;605
0.3;Very Good;F;VS2;62.9;57;4.29;4.33;2.71;605
0.3;Good;G;VS1;63.1;59;4.25;4.27;2.69;605
0.3;Very Good;F;VS2;62.8;58;4.24;4.29;2.68;605
0.3;Premium;F;VS2;60.4;58;4.31;4.33;2.61;605
0.3;Ideal;F;VS2;62;55;4.31;4.33;2.68;605
0.3;Very Good;H;VVS2;60.8;58;4.34;4.37;2.65;605
0.3;Ideal;G;VS1;62;54;4.3;4.35;2.68;605
0.3;Ideal;H;VVS2;62.1;56;4.28;4.32;2.67;605
0.3;Ideal;F;VS2;61.4;57;4.34;4.36;2.67;605
0.3;Ideal;G;VS1;59.9;56;4.37;4.41;2.63;605
0.3;Premium;F;VS2;61.5;60;4.26;4.29;2.63;605
0.3;Very Good;G;VS1;62.4;58;4.22;4.24;2.64;605
0.3;Very Good;F;VS2;62.8;58;4.25;4.28;2.68;605
0.3;Premium;H;VVS2;60.8;60;4.29;4.33;2.62;605
0.3;Ideal;G;VS1;61.4;57;4.29;4.34;2.65;605
0.3;Ideal;F;VS2;61.6;57;4.3;4.33;2.66;605
0.3;Good;G;VS1;63.3;56;4.26;4.3;2.71;605
0.3;Premium;F;VS2;61.6;58;4.29;4.31;2.65;605
1.07;Ideal;F;SI1;62.3;53;6.57;6.59;4.1;6049
1;Good;E;VS2;57.4;58;6.57;6.61;3.78;6050
1.12;Premium;H;VS2;60.6;59;6.77;6.7;4.08;6052
1.22;Ideal;J;VS2;61;55;6.92;6.96;4.23;6052
1.18;Very Good;F;SI1;59.9;59;6.85;6.87;4.11;6053
1.2;Premium;F;SI2;59.9;58;6.96;6.9;4.15;6055
1.06;Ideal;D;SI1;62.7;54;6.55;6.52;4.1;6055
1.21;Premium;H;VS1;61.2;60;6.77;6.86;4.17;6056
1.03;Premium;D;SI1;61.2;54;6.61;6.53;4.02;6056
1.02;Good;G;VS2;63.2;57;6.38;6.41;4.04;6058
1.02;Premium;G;VS2;62.7;58;6.4;6.45;4.03;6058
1.02;Very Good;G;VS2;60.5;54;6.48;6.57;3.95;6058
1.02;Very Good;G;VS2;62.1;59;6.41;6.47;4;6058
1.21;Very Good;H;SI1;63.3;57;6.77;6.7;4.26;6058
1.03;Ideal;F;SI1;61.3;56;6.51;6.55;4;6059
1.02;Good;G;VS1;64.3;57;6.34;6.28;4.06;6059
1.12;Ideal;I;VS1;60.9;57;6.7;6.73;4.09;6060
1.06;Ideal;I;VS1;61.8;56;6.5;6.57;4.05;6060
1.07;Ideal;E;SI2;62.5;57;6.56;6.5;4.08;6060
1.32;Fair;I;SI1;64.8;58;6.9;6.83;4.45;6061
1.07;Very Good;F;SI1;61.6;58;6.54;6.6;4.05;6061
1.11;Very Good;H;VS1;63.2;57;6.61;6.53;4.15;6061
1.02;Very Good;G;VS2;63;57;6.37;6.39;4.02;6062
1.17;Very Good;D;SI2;60.9;60;6.72;6.78;4.11;6062
1.06;Very Good;D;SI1;59.3;60;6.64;6.71;3.96;6062
1.22;Ideal;I;SI1;61.7;55.2;6.84;6.9;4.24;6062
1.05;Very Good;D;SI1;59.3;58;6.68;6.74;3.98;6063
1.49;Very Good;F;I1;62.6;53.6;7.28;7.31;4.57;6064
1.02;Ideal;H;VS2;61.8;55;6.48;6.51;4.01;6065
1.11;Ideal;G;SI1;60.8;57;6.83;6.77;4.14;6065
1.21;Premium;E;SI2;58.8;58;7.07;6.91;4.11;6065
1.01;Good;G;VS1;62.7;57;6.33;6.42;4;6066
1.01;Premium;F;VS1;62.6;58;6.37;6.48;4.02;6066
1.01;Ideal;G;VS1;62.4;56;6.37;6.42;3.99;6066
1.01;Good;D;VS2;64.2;60;6.32;6.35;4.07;6066
1.01;Premium;D;SI1;62;60;6.37;6.4;3.96;6066
1.25;Ideal;I;SI1;59.6;59;7.01;7.09;4.2;6066
1.26;Premium;I;SI1;62;58;6.9;6.87;4.27;6068
1.21;Ideal;H;SI1;61.1;57;6.83;6.91;4.2;6069
1.06;Ideal;I;VVS2;62.2;55;6.51;6.55;4.06;6069
1.42;Ideal;I;VS2;62.9;57;7.21;7.07;4.49;6069
1.05;Very Good;G;VS2;62.8;58;6.44;6.48;4.06;6070
1.05;Premium;G;VS2;61.8;58;6.52;6.59;4.05;6070
1.14;Ideal;D;SI1;60.9;56;6.75;6.81;4.13;6070
1.33;Very Good;H;SI2;60.8;59;7.07;7.11;4.31;6071
1.22;Very Good;H;SI1;61.2;60;6.83;6.9;4.2;6071
1.21;Premium;E;SI2;61.9;60;6.78;6.73;4.18;6071
1.03;Premium;E;VS2;62.5;59;6.42;6.44;4.02;6072
1.01;Very Good;F;VS2;61;57;6.42;6.5;3.94;6073
1.01;Very Good;F;VS2;62.3;59;6.37;6.44;3.99;6073
1.25;Very Good;E;SI2;60.8;55;6.94;7;4.24;6073
1;Ideal;D;SI1;62.7;57;6.34;6.38;3.99;6073
1;Good;E;VS2;61.5;62;6.37;6.42;3.93;6073
1.01;Very Good;F;SI1;62.9;57;6.35;6.4;4.01;6075
1.24;Very Good;I;SI1;61.4;59;6.86;6.92;4.23;6075
1.13;Ideal;H;SI1;61.5;56;6.69;6.71;4.12;6075
1.01;Premium;D;SI1;61.8;58;6.42;6.37;3.95;6075
1.18;Ideal;H;SI1;61.6;55.5;6.77;6.85;4.19;6076
1.24;Ideal;I;VS2;62;55;6.9;6.87;4.27;6076
1.07;Premium;G;VS1;61.4;56;6.65;6.61;4.07;6076
1.2;Very Good;H;SI1;60.8;58;6.8;6.85;4.15;6077
1.11;Ideal;I;VS1;61;57;6.68;6.72;4.09;6077
1.08;Ideal;D;SI1;61.8;56;6.62;6.69;4.11;6078
1.33;Fair;G;SI2;63;62;6.9;6.87;4.34;6078
1.19;Premium;H;SI1;61.3;58;6.82;6.78;4.17;6078
1.34;Ideal;H;VS2;61.2;56;7.09;7.05;4.33;6078
1.32;Very Good;J;VS2;62.1;57;7.01;7.04;4.36;6079
1.02;Good;G;VS2;63.8;59;6.34;6.27;4.02;6080
1.01;Fair;D;VS2;65.2;57;6.23;6.19;4.05;6081
1.07;Ideal;H;VS1;62.3;55;6.59;6.54;4.09;6082
1.01;Very Good;F;VS2;62.5;56;6.4;6.44;4.01;6083
1.16;Ideal;H;SI1;61.8;54;6.74;6.81;4.19;6084
1.25;Ideal;J;VVS2;61.1;57;6.94;6.91;4.23;6084
1.25;Premium;I;VS2;61;59;6.98;6.89;4.23;6084
1.32;Very Good;H;SI2;63;59;6.91;6.99;4.38;6085
1.2;Very Good;F;SI2;62.8;55;6.74;6.8;4.25;6085
1.26;Premium;E;SI2;62.9;59;6.85;6.82;4.3;6085
1.19;Very Good;H;VS2;61.1;58;6.81;6.83;4.17;6086
1.52;Premium;H;SI2;62.6;60;7.34;7.3;4.58;6086
1.43;Fair;E;SI2;66;57;7.02;7;4.63;6086
1.12;Ideal;F;SI1;61.6;56;6.66;6.72;4.12;6087
1.02;Premium;G;VS2;62.6;59;6.43;6.39;4.01;6087
0.94;Very Good;G;VVS1;63.3;57;6.21;6.14;3.91;6088
1.35;Very Good;H;SI2;62.2;56;7.02;7.06;4.38;6088
1.23;Ideal;H;SI2;62.1;55.9;6.82;6.85;4.24;6088
1.11;Good;D;SI1;57.8;61;6.83;6.78;3.93;6088
1.51;Good;D;I1;57;64;7.53;7.48;4.28;6088
1.52;Ideal;J;SI2;62.7;56;7.28;7.2;4.54;6089
1.01;Good;F;VS2;62.5;62;6.32;6.38;3.97;6089
1.31;Premium;H;SI2;60;57;7.1;7.07;4.25;6089
1.11;Ideal;I;SI1;61.7;57;6.61;6.64;4.09;6090
2.06;Good;H;I1;64.3;58;8.03;7.99;5.15;6091
1.37;Ideal;J;SI2;62.2;55;7.07;7.11;4.41;6091
1.03;Premium;E;SI1;59.5;60;6.64;6.56;3.93;6091
1.21;Premium;F;SI2;59;60;6.99;6.94;4.11;6092
1.35;Premium;H;VS2;60.5;62;7.16;7.11;4.32;6093
1.28;Premium;I;SI1;62.6;55;6.97;6.93;4.35;6093
1.28;Premium;H;SI2;60.2;58;7.13;7.03;4.26;6093
0.99;Very Good;F;VS2;61.8;57;6.37;6.39;3.94;6094
1.04;Very Good;G;VS2;62.3;54;6.49;6.55;4.06;6095
1.14;Ideal;H;VS2;62.6;56;6.68;6.65;4.17;6095
1.14;Premium;H;VS2;60.2;58;6.81;6.74;4.08;6095
1.54;Ideal;H;SI2;61.8;57;7.43;7.35;4.57;6095
1.24;Ideal;H;SI1;62.5;56;6.92;6.88;4.31;6095
1.31;Premium;H;VS2;59.6;58;7.14;7.08;4.24;6095
1.05;Premium;G;VS2;63;57;6.51;6.48;4.09;6096
1.44;Ideal;G;I1;63.2;55;7.21;7.18;4.54;6096
1.08;Very Good;G;VS2;63.2;60;6.53;6.44;4.1;6096
1.01;Ideal;D;SI1;63;57;6.43;6.34;4.02;6097
1;Premium;G;VS1;60.9;60;6.45;6.42;3.92;6097
1.29;Ideal;I;SI2;61.9;57;6.99;7.04;4.34;6097
1.29;Ideal;J;SI1;61.5;57;7;7.06;4.32;6097
1.01;Premium;F;VS2;59.9;61;6.5;6.46;3.88;6097
1.01;Very Good;H;VVS2;63.3;57;6.39;6.35;4.03;6097
1.01;Premium;F;VS2;61.1;59;6.44;6.35;3.91;6097
1.01;Premium;F;VS2;62;59;6.45;6.38;3.98;6097
1.01;Premium;F;VS2;63;58;6.43;6.36;4.03;6097
1.01;Premium;F;VS2;62.4;58;6.43;6.36;3.99;6097
1.01;Premium;F;VS2;62.7;58;6.4;6.39;4.01;6097
1.01;Good;F;VS2;63.6;59;6.36;6.32;4.03;6097
1.01;Premium;F;VS2;62.1;60;6.43;6.36;3.97;6097
1.21;Premium;I;SI1;61.7;56;6.87;6.82;4.22;6098
1;Very Good;F;VS1;58.1;62;6.57;6.62;3.83;6098
1;Good;F;VS2;63.8;58;6.28;6.32;4.02;6098
1;Very Good;F;VS1;58.4;63;6.58;6.47;3.81;6098
1.2;Very Good;E;SI1;62.6;58;6.73;6.78;4.23;6098
1.12;Very Good;E;SI1;61.3;63;6.68;6.73;4.11;6098
1.21;Ideal;H;SI2;61.1;56;6.92;6.87;4.21;6098
1.21;Premium;H;SI2;58.8;60;6.99;6.95;4.1;6098
1.1;Premium;E;SI1;60.7;55;6.75;6.66;4.07;6098
1.29;Very Good;I;VS2;61.3;58;6.98;7.04;4.3;6099
1.23;Ideal;J;VS1;62.2;55;6.83;6.86;4.26;6100
1.31;Very Good;J;VS1;63.7;55;6.94;7.01;4.44;6101
1.07;Very Good;G;VS2;61.9;60;6.48;6.55;4.03;6101
1.02;Very Good;E;VS2;60.3;60;6.58;6.48;3.94;6103
1.02;Very Good;I;VS2;61.5;57;6.4;6.44;3.95;6104
1.51;Good;J;SI2;58.1;64;7.53;7.57;4.39;6104
1.01;Ideal;G;VS2;61.7;57;6.48;6.45;3.99;6104
1.01;Very Good;G;VS2;61.9;56;6.34;6.42;3.95;6105
1.21;Ideal;F;SI2;61.8;57;6.87;6.82;4.23;6105
1.15;Ideal;H;SI1;62.4;54;6.71;6.76;4.2;6106
1.01;Premium;D;VS2;59.2;56;6.48;6.43;3.82;6108
1.01;Premium;G;VS2;60.6;61;6.4;6.33;3.86;6108
1.01;Very Good;G;VS2;63.1;60;6.36;6.31;4;6108
1.01;Premium;G;VS2;62.9;58;6.39;6.3;3.99;6108
1.01;Ideal;G;VS2;62.4;56;6.41;6.37;3.99;6108
1.01;Premium;G;VS2;58.5;61;6.57;6.52;3.83;6108
1.01;Very Good;G;VS2;63.1;59;6.4;6.37;4.03;6108
1.01;Premium;G;VS2;62.4;58;6.41;6.38;3.99;6108
1.01;Ideal;G;VS2;61.8;56;6.45;6.42;3.98;6108
1.01;Ideal;G;VS2;62.7;56;6.43;6.39;4.02;6108
1.01;Ideal;G;VS2;61.9;55;6.49;6.46;4.01;6108
1.01;Premium;G;VS2;62;59;6.41;6.36;3.96;6108
1.01;Premium;G;VS2;61.6;60;6.51;6.42;3.98;6108
1.47;Fair;F;SI2;65.9;59;6.99;6.94;4.59;6108
1.01;Premium;G;VS2;62.1;54;6.5;6.36;3.99;6108
1.01;Premium;G;VS2;61.5;60;6.45;6.42;3.96;6108
1.01;Premium;G;VS2;59.2;59;6.59;6.52;3.88;6108
1.01;Good;G;VS2;64;59;6.27;6.33;4.03;6109
1.12;Ideal;H;VS2;61.8;55;6.64;6.7;4.12;6110
1.15;Very Good;F;SI1;62.5;59;6.62;6.69;4.16;6110
1.24;Ideal;F;SI2;61.7;57;6.91;6.86;4.25;6111
1.07;Premium;D;SI1;60.2;55;6.68;6.64;4.01;6112
1.62;Good;J;SI2;64.2;62;7.33;7.41;4.73;6112
1.04;Ideal;D;SI1;61.9;57;6.51;6.54;4.04;6112
1.18;Ideal;G;SI1;62.5;55;6.77;6.74;4.22;6112
1.25;Very Good;H;SI1;62.4;55;6.85;6.89;4.29;6113
1.01;Good;D;VS2;67;57;6.11;6.22;4.13;6113
1.06;Ideal;E;SI1;61.8;56;6.59;6.52;4.05;6114
1;Very Good;D;VS2;63.4;57;6.36;6.32;4.02;6115
1.5;Very Good;I;SI2;63.2;52;7.28;7.24;4.59;6115
1;Premium;G;VS1;62;62;6.38;6.33;3.94;6115
1;Premium;G;VS1;59.2;60;6.6;6.54;3.89;6115
1;Fair;F;VS1;64.8;61;6.26;6.21;4.04;6115
1;Fair;F;VS1;65;59;6.19;6.14;4.01;6115
1.12;Premium;H;VS1;61.6;58;6.64;4.11;3.7;6115
1.04;Premium;D;SI1;59.9;56;6.65;6.6;3.97;6115
1;Premium;G;VS1;60.6;59;6.48;6.42;3.91;6115
1.27;Premium;I;VS2;62.6;59;6.95;6.86;4.32;6116
1.29;Premium;G;SI2;61.1;59;7.03;6.95;4.27;6116
1.33;Ideal;J;VS1;61.3;57;7.11;7.08;4.35;6118
1.07;Very Good;E;VS2;62.5;57;6.53;6.6;4.1;6120
1.22;Premium;E;SI2;61.5;58;6.86;6.84;4.21;6121
1.22;Premium;E;SI2;62.5;55;6.9;6.82;4.29;6121
1.1;Premium;G;VS2;59.6;60;6.72;6.7;4;6121
1.22;Premium;I;VS1;61.1;58;6.91;6.84;4.2;6121
1.04;Premium;G;VS2;60;58;6.62;6.54;3.95;6122
1.04;Premium;G;VS2;62.2;58;6.49;6.4;4.01;6122
1.03;Ideal;H;VS2;61.2;56;6.5;6.53;3.98;6123
1.07;Premium;D;SI1;63;57;6.57;6.47;4.11;6124
0.9;Good;F;VVS1;64.2;56;6.07;6.02;3.88;6124
1.35;Ideal;J;SI1;61.9;56;7.1;7.08;4.39;6124
1.24;Premium;F;SI1;62.6;59;6.86;6.76;4.26;6125
1.21;Very Good;D;SI2;62.3;59;6.74;6.78;4.21;6125
1.24;Premium;F;SI1;61.4;62;6.94;6.88;4.24;6125
1.02;Very Good;G;VS1;62;59;6.39;6.45;3.98;6126
1.29;Very Good;D;SI2;61.9;58;6.99;7.03;4.34;6126
1.01;Good;G;VS2;62.7;60;6.27;6.32;3.95;6126
1.53;Premium;J;SI1;60.1;59;7.52;7.5;4.51;6126
1.19;Very Good;G;SI1;62.8;57;6.71;6.77;4.23;6127
1.01;Very Good;E;VS2;62.7;60;6.31;6.38;3.98;6128
1.06;Ideal;G;VS2;61.8;57;6.52;6.56;4.04;6128
1.11;Ideal;D;SI2;61.3;56;6.68;6.74;4.12;6129
1.52;Fair;H;SI2;64.9;58;7.16;7.13;4.64;6129
1.2;Premium;H;SI1;58.9;60;7.02;6.94;4.11;6129
1.2;Premium;H;SI1;61;58;6.92;6.84;4.2;6129
1.2;Premium;H;SI1;61.2;57;6.91;6.78;4.19;6129
1.2;Premium;H;SI1;62.9;56;6.8;6.74;4.26;6129
1.2;Premium;H;SI1;62.1;58;6.77;6.72;4.19;6129
1.2;Very Good;E;SI2;61.4;58;6.81;6.88;4.2;6130
1.05;Very Good;H;VS1;59.5;56;6.62;6.68;3.96;6132
1.01;Very Good;E;SI1;63.6;56;6.3;6.37;4.03;6132
1.12;Very Good;D;SI1;59.9;57;6.76;6.8;4.06;6132
1.5;Premium;H;SI2;61.5;58;7.38;7.32;4.52;6132
1.01;Ideal;G;VS2;59.8;61;6.51;6.54;3.9;6132
1.01;Ideal;G;VS2;60.4;61;6.45;6.5;3.91;6132
1.22;Ideal;F;SI2;61.7;54.9;6.84;6.9;4.24;6132
1.01;Ideal;E;SI1;61.1;55;6.47;6.52;3.97;6132
1;Premium;H;VVS1;62.3;60;6.36;6.28;3.94;6132
1.5;Premium;I;SI2;62.9;57;7.28;7.26;4.57;6132
1.16;Premium;G;SI1;62.5;58;6.73;6.68;4.19;6132
1.04;Ideal;H;VS2;62.2;57;6.46;6.49;4.03;6133
1;Ideal;H;VS2;61.2;60;6.4;6.45;3.93;6133
1.13;Ideal;G;SI1;62;55;6.68;6.71;4.15;6133
1.09;Ideal;D;SI1;61.9;57;6.57;6.61;4.08;6133
1.09;Ideal;D;SI1;62.7;56;6.55;6.59;4.12;6133
1.24;Very Good;I;VS2;60;58;6.98;7.03;4.2;6134
1.21;Ideal;H;VS2;63;57;6.73;6.7;4.23;6134
1.21;Ideal;I;VS2;62;60;6.77;6.84;4.22;6135
1.66;Ideal;F;I1;62.1;58;7.6;7.56;4.71;6135
1.31;Premium;J;VS2;60.7;58;7.1;7.07;4.3;6137
1.04;Very Good;D;SI1;58.9;58;6.66;6.69;3.93;6138
1.51;Very Good;E;I1;62;58;7.31;7.37;4.55;6139
1.17;Ideal;G;VS2;61.5;57;6.86;6.8;4.2;6139
1.4;Ideal;J;SI1;62.7;57;7.13;7.09;4.46;6139
1.3;Very Good;H;SI2;62.8;58;6.93;7.01;4.38;6140
1.2;Ideal;D;SI2;60.2;57;6.88;6.93;4.16;6140
1.29;Premium;I;SI1;62.1;57;7.03;6.92;4.33;6140
1.29;Premium;I;SI1;62.1;58;7.07;6.91;4.34;6140
1.29;Premium;I;SI1;62.2;58;7.03;6.96;4.35;6140
1.29;Premium;I;SI1;62;59;7.03;6.98;4.34;6140
1.29;Good;D;SI2;57.9;59;7.22;7.18;4.17;6140
1.04;Very Good;H;VS1;61.2;55;6.54;6.56;4.01;6141
1.12;Ideal;I;SI1;60.3;57;6.74;6.79;4.08;6143
1.14;Premium;G;VS2;61.9;58;6.68;6.72;4.15;6144
1.4;Very Good;J;SI1;63.5;58;7.05;7.09;4.49;6145
1.24;Premium;G;SI1;58.9;58;7.08;6.98;4.14;6145
1.03;Ideal;G;VS2;59.6;57;6.65;6.6;3.95;6146
1.05;Premium;G;VS1;61.8;58;6.54;6.51;4.03;6146
1.1;Ideal;F;SI1;61.4;55;6.65;6.68;4.09;6146
1.03;Premium;G;VS2;62.1;57;6.48;6.41;4;6146
1.03;Premium;G;VS2;62.3;57;6.51;6.43;4.03;6146
1.4;Premium;E;SI2;62.4;57;7.17;7.12;4.46;6147
1.96;Fair;I;I1;66.8;55;7.62;7.6;5.08;6147
1.32;Good;J;VS1;62.6;62;6.92;7.01;4.36;6147
1.37;Very Good;G;SI2;62.4;58;7;7.1;4.4;6148
1.3;Very Good;F;SI2;61.1;58;6.98;7.02;4.28;6149
1.3;Very Good;F;SI2;61.1;58;6.98;7.02;4.28;6149
1.22;Premium;I;VS2;60.6;58;6.93;6.89;4.19;6149
2.08;Premium;H;I1;61.7;57;8.23;8.18;5.06;6150
1.23;Premium;H;VS2;58.5;62;7;6.98;4.09;6150
1.04;Good;G;VS1;58.9;64;6.6;6.64;3.9;6151
1.01;Very Good;G;VS1;62.8;58;6.34;6.37;3.99;6152
1.01;Very Good;G;VS1;61.9;58;6.42;6.5;4;6152
1.23;Ideal;H;SI2;62.4;57;6.79;6.84;4.25;6152
1.33;Good;D;SI2;59;64;7.22;7.12;4.23;6152
1.22;Premium;H;SI1;62.4;58;6.82;6.77;4.24;6153
1.03;Very Good;F;VS2;62.3;59;6.39;6.45;4;6153
1.09;Premium;G;VS2;60.6;62;6.68;6.58;4.02;6153
1;Premium;F;VS2;62.5;54;6.33;6.3;3.95;6154
1.22;Premium;I;VS2;59.3;59;7.01;6.96;4.14;6156
1.51;Fair;I;SI2;66;57;7.14;7;4.7;6156
1.19;Very Good;D;SI2;61.1;58;6.84;6.88;4.19;6157
1.02;Ideal;D;SI1;61.3;56;6.48;6.53;3.99;6157
1.36;Premium;J;VS2;58.4;59;7.4;7.27;4.28;6157
1.02;Ideal;D;SI1;62.8;56;6.44;6.39;4.03;6158
1.01;Ideal;G;VS2;61.6;57;6.41;6.44;3.96;6159
1.01;Very Good;F;VS2;62.7;56;6.37;6.43;4.01;6159
1.01;Very Good;F;VS2;62.5;59;6.38;6.42;4;6159
1.01;Very Good;F;VS2;62;59;6.38;6.42;3.97;6159
1.01;Very Good;F;VS2;61.5;57;6.4;6.48;3.96;6159
1.01;Good;F;VS2;63.1;60;6.29;6.39;4;6159
1.01;Very Good;F;VS2;61.3;61;6.34;6.38;3.9;6159
1.01;Very Good;F;VS2;61.7;57;6.39;6.44;3.96;6159
1.01;Premium;F;VS2;60.7;60;6.51;6.58;3.97;6159
1.01;Good;E;VS1;65.8;55;6.2;6.23;4.09;6159
1.18;Premium;H;SI1;61.6;59;6.82;6.72;4.17;6159
1;Premium;G;VS2;61.9;58;6.45;6.41;3.98;6160
1.2;Ideal;G;SI1;61.5;54;6.85;6.87;4.22;6160
1;Good;E;VS2;57.4;58;6.61;6.57;3.78;6160
1.27;Very Good;H;SI1;63.2;56;6.92;6.88;4.36;6162
1;Good;D;VS2;65.7;55;6.17;6.22;4.07;6163
1.01;Premium;G;VS1;62.4;59;6.38;6.35;3.97;6163
1.17;Premium;H;VS2;62.4;57;6.74;6.69;4.19;6163
1.03;Very Good;G;VS2;62.9;56;6.43;6.45;4.05;6164
1.28;Premium;I;SI1;60;60;7.08;6.99;4.22;6164
1.28;Premium;H;SI2;62;57;7;6.94;4.32;6164
1.01;Premium;F;VS2;63;58;6.4;6.34;4.01;6165
1.05;Ideal;H;VS2;62.6;56;6.45;6.5;4.05;6165
1.23;Good;I;SI1;60.7;61;6.91;6.93;4.2;6165
0.3;Ideal;H;VVS2;61.3;56;4.33;4.35;2.66;605
0.3;Premium;G;VS1;59.6;59;4.34;4.38;2.6;605
0.3;Very Good;G;VS1;61.7;60;4.24;4.28;2.63;605
0.3;Ideal;G;VS1;61.5;56;4.28;4.34;2.65;605
0.3;Good;G;VS1;63.6;55;4.27;4.31;2.73;605
0.3;Very Good;G;VS1;61.7;56;4.29;4.33;2.66;605
0.3;Very Good;G;VS1;62;60;4.23;4.28;2.64;605
0.3;Ideal;F;VS2;60.9;56;4.32;4.35;2.64;605
0.3;Very Good;G;VS1;62.1;60;4.24;4.3;2.65;605
0.3;Premium;F;VS2;62.5;58;4.26;4.28;2.67;605
0.3;Premium;F;VS2;60.6;60;4.36;4.39;2.65;605
0.3;Ideal;F;VS2;62.1;55;4.26;4.31;2.66;605
0.27;Very Good;E;VVS2;61.2;60;4.16;4.17;2.55;606
0.4;Very Good;J;VS1;62.1;57;4.69;4.72;2.92;606
0.36;Very Good;G;SI1;61.8;57.8;4.52;4.58;2.81;606
0.4;Ideal;J;VS1;61.3;56;4.77;4.79;2.93;606
0.35;Premium;I;SI1;62.5;58;4.53;4.49;2.82;606
0.35;Ideal;I;SI1;61.3;54;4.56;4.51;2.78;606
0.35;Good;I;SI1;63.6;56;4.53;4.5;2.87;606
0.38;Very Good;I;VS1;60.1;60;4.66;4.72;2.82;606
0.3;Ideal;D;VS2;61.8;55;4.32;4.35;2.68;606
0.3;Ideal;D;VS2;59.5;56;4.37;4.41;2.61;606
0.41;Good;J;VS2;64.3;55;4.66;4.7;3.01;606
0.37;Ideal;E;SI1;61.4;56;4.6;4.65;2.84;606
0.32;Very Good;G;VVS2;64;55;4.31;4.35;2.77;607
0.29;Very Good;G;VVS1;61.6;56;4.24;4.27;2.62;607
0.29;Very Good;G;VVS1;62;55;4.27;4.29;2.65;607
0.29;Very Good;G;VVS1;61.5;57;4.24;4.27;2.62;607
0.29;Very Good;G;VVS1;61.4;56;4.25;4.28;2.62;607
0.29;Ideal;H;VVS2;61.6;55;4.27;4.29;2.64;607
1.29;Very Good;I;VS2;62.8;58;6.89;6.93;4.34;6166
1.04;Very Good;F;VS2;59.6;62;6.56;6.62;3.93;6166
1.04;Very Good;H;VVS2;59.1;60;6.6;6.66;3.92;6166
1.1;Ideal;F;VS2;60;57;6.76;6.71;4.04;6166
1.2;Very Good;I;VS1;62.4;56;6.78;6.74;4.22;6167
1.08;Very Good;G;VS2;62;57;6.52;6.55;4.05;6168
1.12;Ideal;E;SI2;61.6;56;6.69;6.71;4.13;6168
1.02;Very Good;G;VS2;63.4;59;6.32;6.3;4;6169
1.2;Ideal;H;SI1;61.9;54;6.8;6.86;4.23;6169
1.06;Very Good;E;SI1;59.8;56;6.63;6.67;3.98;6169
1.02;Premium;G;VS2;62.7;58;6.45;6.4;4.03;6169
1.02;Very Good;G;VS2;63.2;57;6.41;6.38;4.04;6169
1.02;Ideal;G;VS2;62.8;57;6.46;6.41;4.04;6169
1.02;Premium;G;VS2;59.2;59;6.66;6.58;3.92;6169
1.02;Premium;G;VS2;62.1;59;6.47;6.41;4;6169
1.02;Premium;G;VS2;60.5;54;6.57;6.48;3.95;6169
1.02;Premium;G;VS2;59.8;58;6.58;6.54;3.92;6169
1.02;Ideal;G;VS2;61.9;53;6.5;6.48;4.02;6169
1.32;Premium;I;SI1;62.3;58;6.98;7.01;4.36;6171
1.32;Premium;I;SI1;62.2;58;6.99;7.04;4.36;6171
1.51;Very Good;J;SI2;63.2;58;7.28;7.25;4.59;6171
1.23;Premium;E;SI2;62.4;60;6.82;6.78;4.24;6172
1.51;Premium;I;SI2;61.3;55;7.41;7.36;4.53;6173
1.04;Ideal;G;VVS2;61.4;57;6.52;6.44;3.98;6173
1.05;Good;D;SI1;63.7;59;6.42;6.38;4.08;6174
1.05;Premium;D;SI1;59.3;58;6.74;6.68;3.98;6174
1.28;Good;G;SI1;57.6;62;7.17;7.13;4.12;6175
1.49;Ideal;F;I1;62.6;54;7.31;7.28;4.57;6175
1.38;Premium;J;VS2;60.2;59;7.29;7.19;4.36;6175
1.01;Good;D;VS2;64.2;60;6.35;6.32;4.07;6176
1.01;Fair;D;VS2;65.6;61;6.21;6.16;4.06;6176
1.01;Premium;F;VS1;62.6;58;6.48;6.37;4.02;6176
1.01;Ideal;G;VS1;62.9;57;6.43;6.39;4.03;6176
1.01;Good;D;VS2;64;58;6.3;6.24;4.01;6176
1.01;Premium;D;SI1;62;60;6.4;6.37;3.96;6176
1.04;Ideal;G;VS2;62.6;55;6.45;6.49;4.05;6177
1.04;Ideal;G;VS2;61.4;57;6.5;6.53;4;6177
1.04;Very Good;G;VS2;61.9;57;6.46;6.5;4.01;6177
1.04;Premium;G;VS2;62.5;58;6.43;6.47;4.03;6177
1.2;Very Good;H;VS1;62;57;6.77;6.81;4.21;6177
1.04;Very Good;G;VS2;61.8;56;6.47;6.5;4.01;6177
1;Good;G;VS1;62.4;62;6.33;6.37;3.96;6177
1.11;Good;E;SI1;61.4;57.5;6.62;6.66;4.08;6178
1.03;Ideal;F;SI1;62.4;57;6.48;6.44;4.03;6178
1.21;Ideal;H;SI1;61.1;57;6.91;6.83;4.2;6180
1.21;Premium;H;SI1;61.8;58;6.83;6.79;4.21;6180
1.05;Premium;G;VS2;62.8;58;6.48;6.44;4.06;6181
1.37;Premium;F;SI2;62.8;57;7.12;7.08;4.46;6181
1.05;Premium;G;VS2;61.8;58;6.59;6.52;4.05;6181
1.2;Premium;F;VS2;61.4;58;6.8;6.75;4.16;6182
1.2;Good;H;SI1;64.2;60;6.68;6.62;4.27;6182
1;Good;F;VS2;63.2;59;6.3;6.35;4;6183
1;Very Good;F;VS2;62.2;57;6.4;6.43;3.99;6183
1;Good;H;VVS1;63.5;60;6.3;6.36;4.02;6183
1;Very Good;F;VS2;62.9;59;6.4;6.47;4.02;6183
1.53;Premium;G;I1;62.8;58;7.39;7.28;4.61;6183
1.23;Ideal;I;SI1;61.1;58;6.86;6.91;4.21;6183
1.03;Premium;E;VS2;62.5;59;6.44;6.42;4.02;6183
1.03;Ideal;F;SI1;62.1;56;6.5;6.46;4.03;6183
1.22;Premium;H;VS2;62.7;59;6.82;6.81;4.27;6184
1.54;Ideal;G;I1;61.6;55;7.4;7.43;4.57;6186
1.26;Ideal;J;VVS1;61.4;60;6.92;6.95;4.26;6186
1;Good;G;VS1;63.9;60;6.3;6.35;4.04;6187
1.3;Premium;I;SI1;58.1;59;7.19;7.16;4.17;6188
1.21;Very Good;H;VS2;62.9;57;6.75;6.8;4.26;6189
1.21;Very Good;H;VS2;62.9;57;6.75;6.8;4.26;6189
1;Good;D;VS2;60.8;61;6.33;6.4;3.87;6189
1;Good;D;VS2;62.8;61;6.31;6.34;3.97;6189
1;Very Good;D;VS2;61.2;61;6.35;6.39;3.9;6190
1.21;Very Good;G;SI1;62.2;60;6.71;6.73;4.18;6190
1.33;Ideal;J;VS1;62.4;55;7.02;7.05;4.39;6190
1.21;Ideal;D;SI2;62;57;6.81;6.83;4.23;6190
1.18;Ideal;I;VS2;62.3;55.6;6.73;6.76;4.21;6191
1.02;Ideal;D;SI1;62.3;57;6.41;6.44;4;6191
1.2;Very Good;I;VS1;62.6;59;6.69;6.73;4.2;6192
1;Good;F;VS2;62.4;60;6.27;6.29;3.92;6192
1.14;Very Good;F;SI1;61.3;62;6.71;6.77;4.13;6194
1.21;Very Good;H;SI1;62.2;56;6.75;6.79;4.21;6194
1;Good;H;VVS2;63.7;52;6.41;6.36;4.07;6194
1.54;Premium;J;VS1;60.9;61;7.49;7.45;4.55;6194
1.58;Premium;F;SI2;59.1;59;7.68;7.59;4.51;6194
1.02;Very Good;F;SI1;60.2;58;6.49;6.54;3.92;6195
1.01;Very Good;F;VS2;59.1;59;6.58;6.65;3.91;6196
1;Very Good;D;SI1;60.3;58;6.44;6.49;3.9;6196
1.05;Ideal;D;SI1;60.7;60;6.52;6.56;3.97;6196
1.19;Premium;H;VS2;62.6;56;6.81;6.76;4.25;6198
1.2;Very Good;H;SI1;62.4;60;6.75;6.71;4.2;6199
1.23;Premium;I;VS2;59.3;59;7.13;6.97;4.18;6199
1.23;Ideal;H;SI2;60.6;56;6.94;6.92;4.2;6199
1.35;Ideal;I;SI1;62.3;57;7.11;7.05;4.41;6199
1.23;Ideal;H;SI2;62.1;56;6.85;6.82;4.24;6199
1.07;Ideal;F;SI1;62.3;56;6.51;6.53;4.06;6200
1.22;Ideal;J;VS1;61.4;58;6.85;6.87;4.21;6201
1.54;Premium;J;VS2;59.3;59;7.54;7.5;4.46;6202
1.16;Premium;H;VS2;62.3;56;6.77;6.68;4.19;6202
1.33;Very Good;I;VS2;62.5;61;6.99;7.02;4.38;6203
1.08;Ideal;D;SI1;61.3;56;6.63;6.72;4.09;6203
1.01;Very Good;G;VS2;62.5;59;6.34;6.37;3.97;6204
1.01;Very Good;F;VS2;59.2;60;6.46;6.51;3.84;6204
1.02;Very Good;H;VS1;61.4;56.5;6.44;6.47;3.97;6204
1.04;Premium;G;VS2;62.3;54;6.55;6.49;4.06;6206
1.23;Premium;I;VS2;61.1;60;6.95;6.89;4.23;6206
1;Very Good;E;SI1;61.4;60;6.4;6.44;3.94;6207
1;Very Good;G;VS2;62.7;59;6.32;6.38;3.98;6208
0.9;Very Good;D;VS1;62.2;58;6.14;6.18;3.83;6208
1;Premium;G;VVS2;62.8;57;6.38;6.29;3.98;6209
1.12;Ideal;G;VS2;62.1;57;6.6;6.63;4.11;6209
1;Ideal;F;VS2;62.8;57;6.35;6.3;3.97;6209
1;Premium;F;VS2;61.6;55;6.42;6.34;3.93;6209
1.1;Premium;D;VS2;60;59;6.67;6.6;3.98;6209
1;Good;F;VS2;63.8;58;6.32;6.28;4.02;6209
1;Premium;G;VS2;62.9;56;6.42;6.34;4.01;6209
1.2;Good;F;VS1;64;56;6.63;6.58;4.23;6209
1.5;Fair;I;SI2;68.1;59;7.12;6.84;4.75;6209
1.2;Ideal;I;VS1;62.1;56.5;6.8;6.84;4.23;6210
1.28;Premium;H;SI1;62.1;62;6.88;6.83;4.26;6210
1;Fair;F;VS2;64.9;52;6.24;6.33;4.08;6210
1.06;Very Good;G;VS2;60.1;58;6.64;6.67;4;6212
1.06;Good;G;VS2;63.1;59;6.45;6.48;4.08;6212
1.01;Very Good;G;VS2;60.2;58;6.51;6.54;3.93;6213
1.07;Premium;G;VS2;61.9;60;6.55;6.48;4.03;6213
1.03;Premium;G;VS2;62.3;59;6.38;6.42;3.99;6214
1.52;Premium;I;SI2;62.2;59;7.36;7.27;4.56;6214
1.24;Premium;H;SI1;60.1;58;7.04;7.01;4.22;6215
1.02;Premium;E;VS2;61.9;62;6.47;6.38;3.98;6215
1.51;Good;J;SI2;58.1;64;7.57;7.53;4.39;6215
1.48;Premium;H;SI2;59.7;59;7.46;7.42;4.44;6216
1;Premium;G;VS2;61.6;54;6.49;6.46;3.99;6216
1.22;Premium;I;VS2;60.3;59;6.93;6.87;4.16;6217
1.06;Very Good;G;VS2;59.4;59;6.68;6.63;3.95;6217
1.03;Very Good;F;VS2;63.4;62;6.34;6.31;4.01;6218
1.02;Premium;F;VS2;62.7;59;6.41;6.44;4.03;6220
1.01;Premium;G;VS1;62.7;58;6.31;6.36;3.97;6221
1.01;Very Good;E;VS2;62.9;58;6.37;6.47;4.04;6221
1.01;Very Good;E;VS2;63;60;6.32;6.35;3.99;6221
1.01;Good;E;VS2;62.5;58;6.32;6.36;3.96;6221
1.01;Good;E;VS2;63.7;56;6.27;6.29;4;6221
1.01;Good;E;VS2;62.6;58;6.33;6.36;3.97;6221
1.32;Fair;E;SI2;65.2;58;6.86;6.79;4.45;6221
1.12;Ideal;H;VS2;61.8;55;6.7;6.64;4.12;6222
1;Good;F;VS2;63.1;57;6.32;6.36;4;6223
1.62;Good;J;SI2;64.2;62;7.41;7.33;4.73;6223
1.21;Premium;E;SI2;61.5;58;6.86;6.79;4.2;6223
1.47;Premium;J;SI2;60;58;7.36;7.31;4.4;6223
1.05;Very Good;E;SI1;59.7;57;6.63;6.71;3.98;6224
1.5;Premium;G;SI2;61.8;60;7.28;7.25;4.49;6224
1.5;Good;I;SI1;63.8;56;7.26;7.15;4.59;6224
1.09;Ideal;I;VS1;61.8;55;6.59;6.62;4.08;6225
1.09;Ideal;I;VS1;61.4;56;6.61;6.66;4.07;6225
1.31;Ideal;H;SI2;62.3;56;7;6.97;4.35;6225
1.21;Very Good;H;SI1;60.2;58;6.89;6.93;4.16;6229
1.03;Premium;G;VS2;58.9;59;6.65;6.59;3.9;6229
1.03;Ideal;G;VS2;60.3;56;6.59;6.55;3.96;6229
1.25;Premium;H;SI2;62.2;60;6.83;6.8;4.24;6230
0.9;Ideal;E;VS1;61.7;56;6.19;6.22;3.83;6230
1.24;Ideal;I;SI1;62;58;6.83;6.88;4.25;6232
1.07;Premium;E;VS2;62.5;57;6.6;6.53;4.1;6232
1.04;Very Good;G;VS2;63.4;55;6.48;6.42;4.09;6232
1.23;Very Good;F;SI2;61.9;58;6.77;6.79;4.2;6233
1;Ideal;G;VS2;58.9;60;6.53;6.58;3.86;6235
1.31;Premium;J;VS1;62.3;56;7.06;6.99;4.38;6236
1.31;Premium;H;SI2;61.4;60;7.04;7;4.31;6236
1.28;Premium;G;SI2;62.6;58;6.94;6.89;4.33;6236
1.34;Very Good;J;VS1;61.7;59;7.03;7.14;4.37;6237
1.34;Very Good;J;VS1;63;57;6.9;7.01;4.38;6237
1.22;Premium;E;SI2;61.5;58;6.81;6.85;4.2;6237
0.9;Ideal;G;VVS1;62.9;56;6.11;6.19;3.87;6237
1.53;Good;I;SI2;63.9;59;7.31;7.17;4.64;6238
1.02;Premium;G;VS1;62;59;6.45;6.39;3.98;6238
1.02;Premium;F;VS1;61.4;59;6.48;6.42;3.96;6238
1.01;Very Good;G;VS1;60.5;60;6.44;6.52;3.92;6239
1.01;Very Good;G;VS1;60.7;63;6.38;6.4;3.88;6239
1.01;Premium;G;VS1;59.9;59;6.48;6.51;3.89;6239
1.01;Ideal;G;VS2;61.6;56;6.43;6.46;3.97;6239
1.26;Ideal;H;SI2;62;55;6.9;6.97;4.29;6239
1.06;Ideal;G;VS2;61.8;57;6.56;6.52;4.04;6240
1.03;Ideal;G;VS2;61.8;56;6.54;6.48;4.02;6241
1.11;Ideal;D;SI2;61.3;56;6.74;6.68;4.12;6241
1.01;Premium;F;VS2;62.3;58;6.34;6.4;3.97;6244
1.01;Premium;F;VS2;61.5;58;6.41;6.46;3.96;6244
1;Very Good;E;VS2;62.9;59;6.27;6.38;3.98;6245
1.56;Good;I;SI1;64;57;7.32;7.28;4.67;6246
1.56;Good;G;SI2;63.7;54;7.35;7.31;4.67;6246
1.3;Premium;I;VS2;62.7;58;6.97;6.9;4.35;6246
1.01;Good;G;VS1;58.7;62;6.49;6.55;3.83;6247
1;Good;E;VS2;62.4;58;6.33;6.4;3.97;6248
1.21;Very Good;D;SI2;62.4;58;6.77;6.83;4.24;6248
1;Very Good;H;VVS2;62.6;56;6.36;6.39;3.99;6249
1.06;Ideal;F;SI1;61.7;55.1;6.56;6.58;4.06;6249
1.03;Ideal;D;SI1;61.9;57;6.52;6.54;4.04;6250
1.01;Good;E;VS2;60.8;63;6.44;6.46;3.92;6250
1.22;Good;H;SI2;63.5;56;6.84;6.77;4.32;6250
1.2;Premium;H;VS2;60.7;60;6.88;6.82;4.16;6250
1.2;Premium;F;SI1;62.4;58;6.81;6.75;4.23;6250
1.2;Premium;I;VS1;59.9;59;6.96;6.87;4.14;6250
1;Good;D;VS1;64;58;6.27;6.21;3.99;6250
1.5;Premium;H;SI2;61.1;59;7.41;7.35;4.51;6250
1.5;Fair;H;SI2;64.6;59;7.2;7.11;4.62;6250
1.39;Ideal;J;VS2;60.3;57;7.24;7.26;4.37;6252
1.35;Premium;J;VS2;60.5;56;7.19;7.12;4.33;6254
1.24;Ideal;H;SI1;61.3;57;6.95;6.89;4.24;6254
1.04;Ideal;H;VS1;62.2;56.6;6.43;6.49;4.02;6255
1.05;Ideal;H;SI1;61.3;57;6.51;6.54;4;6255
1.53;Ideal;I;SI2;61.8;56;7.4;7.35;4.56;6255
1.14;Premium;G;VS2;61.9;58;6.72;6.68;4.15;6256
1.14;Premium;D;SI1;58.9;59;6.84;6.78;4.01;6256
1.33;Premium;E;SI2;61;60;7.13;7.05;4.33;6256
1.24;Premium;I;VS2;60.2;58;6.98;6.93;4.19;6257
1.01;Very Good;F;VS2;58.8;63;6.51;6.56;3.84;6257
1.01;Very Good;F;VS2;59.2;59;6.49;6.61;3.88;6257
1.01;Very Good;G;VVS2;61.9;58;6.38;6.48;3.98;6257
1.01;Ideal;D;SI1;62.2;54;6.42;6.45;4;6257
1.09;Ideal;D;SI1;62.8;54;6.6;6.62;4.15;6259
1.04;Ideal;E;SI1;62.6;53;6.49;6.52;4.07;6260
1.38;Ideal;J;SI1;61.8;56;7.17;7.14;4.42;6260
1.37;Premium;G;SI2;62.4;58;7.1;7;4.4;6260
1.3;Premium;F;SI2;61.1;58;7.02;6.98;4.28;6261
1.21;Premium;E;SI1;60;60;7.01;6.92;4.18;6261
1.21;Premium;E;SI1;63;57;6.75;6.7;4.24;6261
1.54;Good;E;I1;63.3;60;7.26;7.3;4.61;6261
1.21;Ideal;F;VS2;62.6;55;6.81;6.74;4.24;6261
1;Ideal;E;VS2;62;56;6.42;6.36;3.96;6261
1.07;Very Good;H;VS1;62.5;56;6.52;6.55;4.08;6262
1.12;Very Good;F;SI1;62.9;57;6.6;6.62;4.16;6262
1;Very Good;G;VS1;62.4;60;6.37;6.39;3.98;6263
1.31;Very Good;H;SI2;61.7;59;6.96;7.01;4.31;6263
1.02;Ideal;H;SI1;61.8;57;6.43;6.46;3.98;6264
1.01;Very Good;E;VS2;61.7;60;6.36;6.45;3.95;6265
1.51;Good;I;SI1;63.8;59;7.27;7.21;4.62;6266
1.51;Premium;G;SI2;60;60;7.45;7.4;4.48;6266
1;Good;F;VS2;63.3;55;6.29;6.34;4;6267
1.01;Very Good;F;VS2;63.1;56;6.41;6.37;4.03;6267
1.01;Very Good;E;SI1;60.8;59;6.43;6.5;3.93;6268
1;Fair;E;VS2;57.4;58;6.57;6.64;3.79;6268
1.01;Very Good;D;SI1;61.4;59;6.37;6.43;3.93;6270
1.01;Very Good;D;SI1;63.6;59;6.33;6.37;4.04;6270
1.01;Fair;G;VS2;59.1;56;6.55;6.52;3.86;6271
1.01;Premium;F;VS2;62.4;56;6.43;6.35;3.99;6271
1.01;Premium;F;VS2;58.9;58;6.59;6.51;3.86;6271
1.01;Premium;F;VS2;62.7;58;6.37;6.3;3.97;6271
1.01;Premium;F;VS2;62.3;58;6.34;6.3;3.94;6271
1.01;Good;F;VS2;60.8;61;6.42;6.45;3.91;6271
1.01;Very Good;F;VS2;63.1;60;6.39;6.29;4;6271
1.01;Premium;F;VS2;61.3;61;6.38;6.34;3.9;6271
1.01;Fair;F;VS2;61.1;60;6.49;6.4;3.94;6271
1.01;Premium;D;VS2;61.6;59;6.38;6.32;3.91;6271
1.01;Premium;F;VS2;62.5;58;6.43;6.4;4.01;6271
1.01;Ideal;G;VS2;61.6;57;6.44;6.41;3.96;6271
1.01;Premium;F;VS2;60.4;59;6.52;6.46;3.92;6271
1;Premium;E;VS2;62.8;62;6.29;6.26;3.94;6272
1.18;Ideal;I;VS1;62.2;55;6.8;6.77;4.22;6272
1;Premium;G;VS2;61.6;58;6.44;6.42;3.96;6272
1.6;Fair;F;SI2;65;56;7.35;7.26;4.8;6272
1;Good;E;VS2;57.4;62;6.56;6.53;3.76;6272
1;Ideal;G;VS2;62.3;54;6.42;6.38;3.99;6272
1;Premium;G;VS2;60.1;57;6.42;6.35;3.84;6272
1;Good;E;VS2;63.8;58;6.31;6.19;3.99;6272
1;Premium;E;VS2;59.9;59;6.45;6.38;3.84;6272
1.07;Very Good;G;VS2;62.3;57;6.56;6.47;4.06;6274
1.07;Premium;F;VS2;62.4;57;6.55;6.5;4.07;6274
1.19;Ideal;H;SI1;62;56.4;6.77;6.81;4.2;6275
1;Good;E;SI1;61.1;58;6.43;6.41;3.92;6275
1.26;Ideal;F;SI2;62.7;58;6.91;6.87;4.32;6277
1.54;Premium;I;SI2;61.5;61;7.41;7.31;4.53;6278
1.22;Very Good;G;SI1;63.4;57;6.74;6.77;4.28;6278
1.04;Premium;F;VS2;59.6;62;6.62;6.56;3.93;6278
1.04;Premium;H;VVS2;59.1;60;6.66;6.6;3.92;6278
1.36;Very Good;H;SI2;61.5;58;7.09;7.16;4.38;6279
1.05;Ideal;I;VS2;62.2;55.8;6.49;6.52;4.04;6279
1.21;Ideal;I;VS1;60.3;60;6.89;6.93;4.17;6279
1;Good;E;VS2;60.7;62;6.33;6.46;3.88;6279
1.29;Premium;I;VS2;62.2;57;7.01;6.97;4.35;6279
1.35;Ideal;J;SI1;62.3;57;7.02;7.08;4.39;6281
1.2;Premium;H;SI1;60.8;60;6.9;6.85;4.18;6282
1;Very Good;F;VS2;62.5;58;6.32;6.36;3.96;6283
1.32;Premium;I;SI1;62.2;58;7.04;6.99;4.36;6283
1.01;Good;G;VS1;63.8;56;6.27;6.34;4.02;6283
1.1;Premium;G;VS2;60.5;60;6.67;6.58;4.01;6284
1;Very Good;E;VS2;64;59;6.22;6.31;4.01;6285
1;Fair;E;VS2;57.3;64;6.59;6.46;3.79;6285
1.18;Very Good;G;SI1;60.8;58;6.81;6.85;4.15;6286
1.04;Ideal;G;VS2;62;59;6.43;6.5;4.01;6286
1.04;Ideal;G;VS2;59.4;58;6.63;6.67;3.95;6286
1.01;Very Good;F;VS2;58.8;59;6.55;6.59;3.86;6288
1.01;Very Good;F;VS2;60.8;58;6.44;6.49;3.93;6288
1.01;Very Good;F;VS2;59.4;61;6.48;6.51;3.86;6288
1.23;Ideal;E;SI2;61.2;55;6.92;7.01;4.26;6288
1.32;Ideal;J;VS2;62.3;57;6.96;7;4.35;6288
1.09;Ideal;H;VS2;61.3;56;6.57;6.63;4.05;6288
1.01;Good;F;VS2;61.7;58;6.3;6.34;3.9;6288
1.01;Good;F;VS2;62.1;58;6.28;6.35;3.92;6288
1.22;Premium;G;SI1;62.3;58;6.83;6.76;4.23;6288
0.9;Very Good;E;VVS2;62.2;60;6.04;6.12;3.78;6289
1.01;Very Good;F;VS2;63.7;56;6.29;6.34;4.02;6289
2.49;Fair;J;I1;66.3;58;8.26;8.18;5.45;6289
1.23;Ideal;D;SI2;60.6;54;6.97;7.02;4.24;6289
1.23;Ideal;D;SI2;62.4;56;6.81;6.87;4.27;6289
1.3;Very Good;I;VS2;62.7;57;6.88;6.9;4.32;6290
1.04;Ideal;G;VS2;61.4;57;6.53;6.5;4;6290
1.04;Premium;G;VS2;62.5;58;6.47;6.43;4.03;6290
0.29;Ideal;G;VVS2;61.4;57;4.27;4.3;2.63;607
0.29;Ideal;G;VVS2;60.7;54;4.33;4.37;2.64;607
0.29;Ideal;G;VVS2;61.9;56;4.24;4.25;2.62;607
0.36;Ideal;I;VVS1;61.6;56;4.58;4.61;2.83;607
0.29;Ideal;H;VVS1;62.1;55;4.28;4.3;2.66;607
0.29;Ideal;G;VVS1;62.3;55;4.25;4.29;2.66;607
0.29;Ideal;G;VVS1;62.8;54;4.21;4.24;2.65;607
0.35;Ideal;F;SI1;61.5;54;4.57;4.6;2.82;607
0.29;Ideal;H;IF;62.2;55;4.25;4.28;2.65;607
0.29;Ideal;H;IF;60.7;57;4.3;4.33;2.62;607
0.29;Ideal;H;IF;62.1;55;4.26;4.29;2.65;607
0.34;Ideal;G;SI1;62.7;57;4.51;4.48;2.82;607
0.31;Good;F;VS1;63.9;55;4.27;4.3;2.74;607
0.24;Very Good;F;VVS2;61.8;56;4.01;4.04;2.48;608
0.24;Very Good;F;VVS2;61.7;56;3.98;4;2.45;608
0.24;Very Good;F;VVS2;60.6;59;4.04;4.06;2.45;608
0.24;Very Good;E;VVS2;62.2;56;3.96;3.98;2.47;608
0.24;Very Good;E;VVS2;62.4;54;3.96;3.99;2.48;608
0.24;Very Good;F;VVS1;62.2;57;3.97;4;2.48;608
0.24;Very Good;F;VVS1;62.3;56;3.97;4.01;2.49;608
0.24;Very Good;F;VVS1;60.4;56;4.05;4.07;2.45;608
0.24;Very Good;F;VVS1;62.5;55;3.98;4.02;2.49;608
0.37;Very Good;H;VS2;63.5;59;4.51;4.55;2.88;608
0.37;Ideal;G;SI1;61;56;4.61;4.68;2.84;608
0.36;Premium;G;SI2;59.3;59;4.66;4.62;2.75;608
0.36;Premium;G;SI2;62.4;58;4.58;4.56;2.85;608
0.36;Premium;G;SI2;60.8;58;4.61;4.57;2.79;608
0.36;Premium;G;SI2;61.9;56;4.59;4.55;2.83;608
0.3;Premium;H;VS2;61.1;59;4.37;4.3;2.65;608
0.3;Ideal;I;VS1;61.6;56;4.36;4.31;2.67;608
1.04;Ideal;G;VS2;61.8;56;6.5;6.47;4.01;6290
1.04;Ideal;G;VS2;61.9;57;6.5;6.46;4.01;6290
1;Premium;G;VS1;62.4;62;6.37;6.33;3.96;6290
1.04;Ideal;G;VS2;62.6;55;6.49;6.45;4.05;6290
1.04;Premium;G;VS2;62.6;56;6.44;6.41;4.02;6290
1;Ideal;G;VS1;62.9;57;6.36;6.32;3.99;6290
1;Premium;G;VS1;62.3;58;6.39;6.3;3.95;6290
1.01;Very Good;G;VS2;63.5;57;6.36;6.39;4.05;6291
1.23;Premium;H;VS2;61.4;59;6.85;6.87;4.21;6291
1.51;Fair;H;SI2;65.4;60;7.06;6.96;4.6;6291
0.95;Ideal;F;SI1;61.7;56;6.31;6.34;3.9;6291
1.51;Fair;H;SI2;64.5;59;7.21;7.15;4.63;6291
1.11;Ideal;E;SI1;61.4;58;6.66;6.62;4.08;6291
1.21;Ideal;I;VS1;60.5;58;6.95;6.89;4.19;6292
1.03;Very Good;H;VS1;61.9;59;6.44;6.49;4;6294
1.32;Very Good;G;SI2;62.9;57;6.94;6.98;4.38;6294
1.01;Ideal;G;VS2;62;54.9;6.41;6.44;3.99;6295
1.01;Ideal;G;VS2;59.6;59;6.52;6.57;3.9;6295
1.01;Ideal;G;VS2;62;57;6.4;6.44;3.98;6295
1.01;Ideal;G;VS2;60.6;58;6.44;6.5;3.92;6295
1;Very Good;G;VS2;60.8;55;6.46;6.49;3.94;6296
1.06;Premium;G;VS2;60.4;58;6.64;6.68;4.02;6296
1;Very Good;H;VVS1;63.5;60;6.36;6.3;4.02;6296
1;Premium;F;VS2;62.9;59;6.47;6.4;4.02;6296
1;Premium;F;VS2;62.2;57;6.43;6.4;3.99;6296
1;Very Good;F;VS2;63.2;59;6.35;6.3;4;6296
1.21;Good;J;IF;62.1;60;6.81;6.87;4.25;6299
1.03;Ideal;D;SI1;62.2;56;6.48;6.45;4.02;6299
1.54;Ideal;G;I1;61.6;55;7.43;7.4;4.57;6299
1.25;Premium;G;SI2;60.4;59;6.98;6.96;4.21;6300
1.25;Premium;I;VS2;61.2;58;6.94;6.89;4.23;6300
1.32;Very Good;I;SI2;61.2;58;7.12;7.06;4.34;6300
1.5;Very Good;E;SI2;63.5;60;7.19;7.12;4.54;6300
1.29;Ideal;H;SI2;61.6;54;7;7.02;4.32;6300
1.15;Ideal;I;SI1;61.9;56;6.68;6.72;4.15;6300
1.15;Ideal;I;SI1;61.8;55;6.73;6.76;4.17;6300
1.5;Premium;D;I1;61.7;62;7.28;7.24;4.48;6300
1.5;Good;E;SI2;61.5;65;7.21;7.17;4.42;6300
1.25;Ideal;G;SI2;61.5;56;7;6.92;4.28;6300
1.02;Premium;G;VS2;62.5;58;6.41;6.46;4.02;6301
1.02;Very Good;G;VS1;62.6;58;6.36;6.46;4.01;6301
1.16;Very Good;F;SI1;63.4;55;6.73;6.65;4.24;6301
1.21;Ideal;H;VS2;62.9;57;6.8;6.75;4.26;6302
1.3;Very Good;I;SI1;62.3;58;6.93;6.96;4.33;6302
0.9;Ideal;G;VVS2;61.6;56;6.2;6.23;3.83;6302
1.2;Ideal;I;VS2;61.1;58;6.83;6.86;4.18;6303
1;Premium;D;VS2;61.2;61;6.39;6.35;3.9;6303
1.34;Ideal;D;I1;61.7;55;7.12;7.08;4.38;6303
1.18;Ideal;I;VS2;62.3;56;6.76;6.73;4.21;6304
1.02;Ideal;F;VS2;61.5;57;6.48;6.5;3.99;6306
1.5;Good;J;SI2;63.6;58;7.18;7.25;4.59;6306
1.56;Premium;J;SI2;61.4;58;7.38;7.43;4.55;6306
1.3;Very Good;H;SI1;63.4;57;6.93;6.88;4.38;6307
1.03;Premium;F;VS2;62.4;58;6.47;6.42;4.02;6307
1.28;Ideal;I;VS2;61.4;57;7.04;6.97;4.3;6308
1.12;Ideal;H;VS1;61.9;57;6.66;6.69;4.13;6309
1.01;Very Good;E;VS2;62.3;58;6.39;6.45;4;6310
1.11;Very Good;G;VS2;62.3;58;6.59;6.61;4.11;6311
1.83;Premium;G;I1;62;58;7.84;7.8;4.85;6313
1.15;Ideal;G;SI1;62;55;6.72;6.76;4.18;6313
1;Very Good;E;VS2;63.8;59;6.25;6.32;4.01;6315
2.01;Fair;G;I1;70.2;57;7.53;7.5;5.27;6315
1;Good;E;VS2;64.1;54;6.26;6.31;4.03;6315
1.45;Very Good;J;SI1;62.4;57;7.16;7.23;4.49;6316
1.05;Ideal;E;SI1;60.7;55;6.62;6.67;4.03;6316
1.33;Premium;I;VS2;62.5;61;7.02;6.99;4.38;6316
1.12;Ideal;I;VVS2;61.6;54;6.72;6.74;4.14;6317
1.02;Ideal;H;VS1;61.4;57;6.47;6.44;3.97;6317
1.26;Very Good;I;SI1;61.9;58;6.97;6.92;4.3;6318
1;Very Good;F;VS2;62.7;58;6.38;6.41;4.01;6319
1.08;Very Good;F;VS2;63.1;57;6.56;6.5;4.12;6319
1.24;Premium;D;SI1;59.3;60;7.05;7.01;4.16;6319
1.26;Very Good;H;SI1;62.1;57;6.88;6.94;4.29;6320
1.69;Premium;I;I1;62.4;60;7.56;7.59;4.73;6320
1.71;Ideal;J;SI1;62.8;57;7.58;7.55;4.75;6320
1.14;Premium;F;SI1;60.4;58;6.82;6.79;4.11;6320
1.29;Premium;I;VS2;60.4;58;7.12;7.03;4.27;6321
1.29;Ideal;G;SI2;61.5;55;7.03;6.99;4.31;6321
1.17;Ideal;G;VS2;62.2;57;6.75;6.72;4.19;6321
1.12;Ideal;G;VS2;62.1;57;6.63;6.6;4.11;6322
1.31;Premium;I;VS2;61.9;59;7.02;6.98;4.33;6323
1.22;Very Good;H;SI1;62.4;57;6.78;6.82;4.24;6323
1.22;Very Good;H;SI1;62.5;59;6.79;6.82;4.25;6323
1.21;Very Good;E;SI1;62.9;58;6.78;6.79;4.27;6324
1.17;Ideal;H;VS2;60.3;61;6.84;6.8;4.11;6324
1.07;Ideal;G;VS2;61.1;59;6.62;6.57;4.03;6324
1;Ideal;E;SI1;62.4;55;6.34;6.42;3.98;6324
1.2;Ideal;I;VS1;62.1;57;6.84;6.8;4.23;6324
1.06;Premium;G;VS2;60.1;58;6.67;6.64;4;6325
1.06;Very Good;G;VS2;63.1;59;6.48;6.45;4.08;6325
1.01;Very Good;G;VS1;62.7;56;6.36;6.46;4.02;6326
1.3;Good;D;SI2;57.1;63;7.22;7.27;4.14;6327
1.24;Premium;H;SI1;60.1;58;7.04;7.01;4.22;6327
1.29;Ideal;J;SI1;61.6;57;6.98;7.01;4.32;6327
1.03;Premium;G;VS2;62.3;59;6.42;6.38;3.99;6327
2.14;Fair;H;I1;66.4;56;8;7.92;5.29;6328
1.18;Ideal;E;SI2;60.9;57;6.86;6.89;4.19;6328
1;Good;D;SI1;64.1;56;6.28;6.24;4.01;6328
1;Premium;F;VS2;62.8;59;6.35;6.32;3.98;6328
1;Ideal;G;VS2;60.5;56;6.54;6.49;3.94;6328
1;Premium;F;VS2;62.2;59;6.37;6.29;3.94;6328
1.01;Premium;F;VS2;60.8;58;6.44;6.49;3.93;6330
1.01;Good;F;VS2;63.9;58;6.32;6.39;4.06;6330
1.26;Ideal;J;VS1;62.2;58;6.88;6.92;4.29;6332
1.01;Good;F;VS2;60.6;62;6.52;6.49;3.94;6332
1.02;Premium;F;VS2;62.7;59;6.44;6.41;4.03;6333
1.2;Premium;H;VS2;61.4;59;6.79;6.75;4.16;6333
1.02;Ideal;G;VS2;60.6;56;6.56;6.52;3.96;6333
1.04;Very Good;G;VS2;61.1;56;6.54;6.56;4.01;6334
1.22;Very Good;G;SI1;62.1;58;6.84;6.89;4.26;6334
1.3;Premium;J;VS1;61.6;56;7.06;7;4.33;6334
1.3;Ideal;J;VS1;62.3;57;7.06;6.97;4.37;6334
1.01;Premium;G;VS1;62.7;58;6.36;6.31;3.97;6335
1.19;Ideal;G;SI1;62.3;55;6.76;6.81;4.23;6335
1.01;Good;E;VS2;63.7;56;6.29;6.27;4;6335
1.01;Premium;E;VS2;63;60;6.35;6.32;3.99;6335
1.01;Premium;E;VS2;62.9;58;6.47;6.37;4.04;6335
1.01;Premium;E;VS2;60.2;58;6.56;6.52;3.94;6335
1.01;Very Good;E;VS2;63.1;60;6.3;6.26;3.96;6335
1.01;Premium;G;VS1;61.2;58;6.47;6.33;3.92;6335
1.17;Very Good;H;SI1;59.6;62;6.88;6.82;4.08;6336
1.31;Ideal;J;SI1;62.5;56;6.95;7.04;4.37;6337
1.37;Premium;H;VS2;60.9;59;7.22;7.17;4.38;6337
1.31;Ideal;I;VS2;62.4;57;6.93;6.97;4.34;6338
0.81;Ideal;F;IF;61.5;55;5.98;6.05;3.7;6338
1.37;Ideal;J;SI1;62.1;55;7.13;7.16;4.44;6339
1;Very Good;F;VS2;62.2;55;6.39;6.44;3.99;6340
1.01;Ideal;G;VS2;62.4;57;6.39;6.36;3.98;6340
1.02;Ideal;D;SI1;62.2;56;6.43;6.47;4;6340
1.5;Fair;H;SI1;68;59;7.12;6.82;4.76;6340
1.35;Premium;I;SI1;62.1;58;7.07;7;4.37;6340
1.04;Ideal;G;VS2;62;57;6.49;6.5;4.03;6342
1.04;Very Good;F;VS2;60.1;59;6.56;6.61;3.96;6342
1.02;Ideal;E;SI1;62.6;57;6.41;6.44;4.02;6342
1.51;Premium;E;SI2;62.7;58;7.27;7.24;4.55;6342
1.51;Premium;J;VS2;62.3;59;7.36;7.3;4.57;6342
1.37;Ideal;I;VS2;61.5;56;7.14;7.11;4.38;6343
1.22;Ideal;E;SI2;62.7;57;6.84;6.81;4.28;6343
1.2;Good;D;SI2;63.7;52;6.72;6.68;4.27;6344
1.03;Premium;E;VS2;60;59;6.54;6.6;3.94;6344
1.1;Ideal;H;VS2;62.7;56;6.58;6.63;4.14;6344
2;Premium;H;I1;59.7;62;8.19;8.02;4.85;6344
1.2;Good;D;SI2;62.2;65;6.75;6.7;4.18;6344
1.01;Ideal;E;SI1;60.8;56;6.53;6.47;3.95;6346
1.01;Ideal;E;SI1;61.1;57;6.5;6.47;3.96;6346
2.02;Fair;G;I1;68;55;7.77;7.72;5.27;6346
2.02;Fair;G;I1;65.6;57;7.87;7.8;5.15;6346
1.14;Ideal;G;SI2;62.3;56;6.66;6.69;4.16;6346
1.21;Ideal;H;SI2;62.1;58;6.78;6.84;4.23;6347
1;Ideal;G;VS1;62.2;56;6.35;6.41;3.97;6349
1;Ideal;G;VS1;62.7;54;6.37;6.42;4.01;6349
1;Good;G;VS1;63.6;59;6.3;6.34;4.02;6349
1.26;Premium;I;VS2;61.2;59;7.03;6.9;4.26;6350
1.26;Premium;H;SI2;61.3;57;6.96;6.87;4.24;6350
1.2;Very Good;H;SI1;61.6;61;6.81;6.77;4.18;6350
1.62;Premium;H;SI2;63;58;7.47;7.41;4.69;6350
1.4;Ideal;J;SI1;62.1;57;7.17;7.14;4.44;6350
1.05;Ideal;G;VS2;61.7;56;6.54;6.52;4.03;6350
1.26;Ideal;I;VS2;62.6;55;6.96;6.91;4.34;6350
1.22;Premium;E;SI2;61.5;58;6.85;6.81;4.2;6351
1;Good;F;VS2;63.9;62;6.26;6.32;4.02;6352
1.1;Very Good;D;SI1;60.7;55;6.71;6.74;4.08;6352
1;Very Good;F;VS2;62.9;55;6.34;6.38;4;6352
1;Premium;F;VS2;62.4;60;6.35;6.38;3.97;6352
1;Premium;F;VS2;62.6;60;6.29;6.37;3.96;6352
1.02;Ideal;G;VS2;62.5;57;6.41;6.45;4.02;6352
1.25;Ideal;I;SI1;61;56;6.97;7.02;4.27;6352
1.06;Premium;D;SI1;61.1;59;6.63;6.56;4.03;6352
1.01;Fair;G;VS1;64.6;60;6.34;6.22;4.06;6353
1.01;Premium;G;VS1;59.9;59;6.51;6.48;3.89;6353
1.01;Very Good;G;VS1;60.7;63;6.4;6.38;3.88;6353
1.01;Premium;G;VS1;60.5;60;6.52;6.44;3.92;6353
1.01;Ideal;G;VS2;61.6;56;6.46;6.43;3.97;6353
1.01;Very Good;G;VVS2;61.3;61;6.32;6.47;3.92;6354
1.24;Very Good;G;SI2;60.5;60;6.93;7.01;4.22;6354
1.22;Premium;H;VS2;60.9;58;6.89;6.86;4.19;6354
1.22;Premium;H;SI1;61.9;56;6.89;6.84;4.25;6354
1.22;Premium;I;VS1;60.6;61;6.94;6.88;4.19;6354
1.07;Premium;G;VS2;62.1;58;6.55;6.59;4.08;6355
1.07;Very Good;G;VS2;63;55;6.5;6.55;4.11;6355
1.07;Ideal;G;VS2;62.2;57;6.53;6.55;4.07;6355
1.07;Very Good;G;VS2;60.5;56;6.64;6.71;4.04;6355
1.07;Very Good;G;VS2;60.9;58;6.56;6.6;4.01;6355
1.02;Ideal;G;VS2;60.5;57;6.51;6.55;3.95;6356
1.29;Premium;J;VVS2;62.6;59;6.98;6.91;4.35;6356
2.15;Premium;H;I1;62.9;57;8.25;8.2;5.18;6357
1;Premium;E;VS2;62.9;59;6.38;6.27;3.98;6359
0.92;Ideal;F;VS1;61.3;56;6.26;6.3;3.85;6360
1.04;Good;G;VS1;63.8;57;6.42;6.37;4.08;6360
1.04;Premium;G;VS1;60.2;58;6.65;6.64;4;6360
1.04;Very Good;F;VS2;61;60;6.54;6.48;3.97;6361
1.53;Good;H;I1;62.3;55.6;7.34;7.38;4.59;6361
1.26;Ideal;G;SI2;61.8;57;6.93;6.95;4.29;6362
1.19;Premium;H;VS2;61;59;6.91;6.8;4.18;6363
1.06;Ideal;F;SI1;61.7;55;6.58;6.56;4.06;6363
1.5;Good;I;SI2;65;55;7.15;7.24;4.68;6364
1.02;Very Good;E;VS2;60.6;61;6.44;6.47;3.91;6366
1.39;Ideal;J;VS2;60.3;57;7.26;7.24;4.37;6366
1.01;Fair;F;VS1;64.6;60;6.26;6.16;4.01;6366
1.16;Premium;E;SI1;61.3;60;6.7;6.64;4.09;6366
1.01;Fair;D;VS2;65.3;58;6.29;6.24;4.09;6366
1.52;Premium;J;SI1;61;59;7.41;7.35;4.5;6367
1.01;Very Good;G;VS1;62.3;60;6.35;6.49;4;6368
1.53;Good;J;SI2;64.1;58;7.3;7.18;4.64;6368
1.31;Premium;H;VS2;62.1;58;7.01;6.86;4.31;6368
1.04;Ideal;H;VS1;62.5;53;6.5;6.52;4.07;6368
1.04;Ideal;H;VS1;62;54;6.52;6.54;4.05;6368
1.17;Ideal;H;SI1;61.1;57;6.77;6.83;4.16;6368
1.1;Very Good;G;VS2;61.9;57;6.59;6.65;4.1;6369
1.38;Very Good;H;SI2;62.3;60;7.07;7.12;4.42;6369
1;Good;G;VS2;59.1;62;6.42;6.45;3.8;6369
1.01;Premium;G;VVS2;61.9;58;6.48;6.38;3.98;6371
1.01;Very Good;G;VVS2;62.1;63;6.38;6.31;3.94;6371
1.25;Ideal;G;SI2;61.1;55;6.95;6.99;4.26;6371
1.22;Ideal;D;SI2;61.8;58;6.84;6.92;4.25;6372
1.29;Ideal;I;SI1;61.9;56;6.97;7.03;4.33;6372
1.05;Very Good;D;VS2;62.9;57;6.39;6.51;4.06;6373
1.2;Very Good;E;SI1;63.2;57;6.75;6.69;4.25;6373
1.54;Fair;I;SI2;65;56;7.22;7.14;4.67;6375
1;Very Good;E;VS2;59.4;59;6.44;6.46;3.83;6377
2.03;Fair;G;I1;66.3;56;7.81;7.75;5.16;6377
2.03;Premium;G;I1;61.1;58;8.11;8.06;4.94;6377
1;Ideal;G;VS2;62.4;59;6.36;6.4;3.98;6377
1.66;Ideal;J;SI2;60.8;57;7.68;7.65;4.66;6377
1.24;Premium;E;SI2;61.1;59;6.99;6.89;4.24;6377
1;Ideal;G;VS1;62.6;56;6.39;6.36;3.99;6377
1;Premium;G;VS1;62.4;60;6.39;6.37;3.98;6377
1.18;Ideal;I;VVS1;59.7;54;6.92;6.99;4.15;6378
1.13;Premium;G;VS2;62.7;57;6.67;6.61;4.16;6379
1.2;Ideal;I;VS1;61.5;59;6.82;6.84;4.2;6380
1.24;Ideal;I;SI1;60.6;59;6.97;7.03;4.24;6381
1.14;Fair;G;VS1;57.5;67;0;0;0;6381
1;Very Good;F;VS2;63.3;55;6.34;6.29;4;6382
1.24;Premium;I;VVS2;62.7;58;6.85;6.89;4.31;6383
1.27;Ideal;E;SI2;60.2;57;7.09;7.14;4.28;6383
1.51;Ideal;H;SI2;61.7;57;7.39;7.36;4.55;6384
1;Very Good;G;VS2;62.8;62;6.28;6.33;3.96;6386
1.46;Premium;J;SI2;60.1;58;7.43;7.34;4.44;6387
1.22;Premium;H;SI1;60.6;60;6.92;6.85;4.17;6387
1.1;Premium;G;VS2;62.8;58;6.6;6.58;4.14;6387
1.1;Ideal;G;VS2;62.3;56;6.63;6.59;4.12;6387
1.22;Very Good;H;SI1;63.5;55;6.78;6.73;4.29;6387
1.09;Very Good;G;VS2;60.9;56;6.67;6.7;4.07;6388
1.22;Ideal;H;SI1;62.1;56;6.87;6.81;4.25;6388
1;Very Good;G;VS2;63.8;58;6.31;6.35;4.04;6389
1.23;Ideal;I;SI1;61.8;58;6.87;6.91;4.26;6389
1;Good;D;VS2;64.1;58;6.24;6.33;4.03;6389
1;Good;F;VS1;64.2;60;6.18;6.28;4;6389
1.33;Premium;I;VS1;61.7;58;7.09;7.14;4.39;6390
1.01;Fair;F;VS1;64.5;59;6.27;6.19;4.02;6391
1.13;Ideal;F;SI1;59.6;57;6.83;6.79;4.06;6391
1.02;Ideal;F;VS2;61;56;6.55;6.62;4.02;6393
1.51;Premium;F;SI2;62.7;58;7.33;7.29;4.58;6393
1.51;Good;J;SI1;64.1;61;7.16;7.19;4.6;6394
1.35;Ideal;J;SI1;62.3;57;7.08;7.02;4.39;6396
1.27;Ideal;I;VS1;62.8;57;6.86;6.89;4.32;6396
1.02;Very Good;E;SI1;62.7;60;6.45;6.4;4.03;6397
1.36;Good;E;SI2;58;64;7.26;7.19;4.19;6397
1.7;Ideal;H;I1;61.3;55;7.7;7.63;4.7;6397
1.2;Premium;E;SI2;62.6;56;6.84;6.77;4.26;6397
1;Fair;F;VS1;65.3;59;6.25;6.21;4.07;6397
1.02;Premium;E;VS2;60.4;58;6.51;6.47;3.92;6397
1.21;Fair;G;SI1;64.6;60;6.69;6.62;4.3;6397
1.02;Good;F;VS2;64.2;59;6.4;6.28;4.07;6397
1.02;Premium;G;VS2;62.1;58;6.5;6.44;4.02;6397
1.22;Ideal;H;SI2;62.3;57;6.84;6.89;4.28;6398
1.22;Ideal;I;SI1;62.3;58;6.8;6.82;4.24;6398
1.01;Very Good;E;VS2;60.9;57;6.41;6.47;3.92;6399
1.01;Good;E;VS2;63.3;60;6.3;6.33;4;6399
1.01;Good;E;VS2;63.3;58;6.35;6.38;4.03;6399
1.01;Very Good;E;VS2;62;55;6.42;6.46;3.99;6399
1.01;Very Good;E;VS2;58.1;60;6.51;6.58;3.8;6399
1.25;Very Good;G;SI2;61.4;59;6.97;6.93;4.27;6399
1.06;Ideal;F;VS2;60.5;57;6.6;6.58;3.99;6399
0.84;Ideal;D;VVS1;62;54;6.04;6.08;3.76;6399
1.06;Premium;F;VS2;62.3;58;6.56;6.51;4.07;6399
1;Premium;E;VS2;62.9;58;6.36;6.29;3.98;6400
1.35;Premium;G;SI2;58.4;59;7.32;7.28;4.26;6400
1.22;Ideal;F;SI2;62.5;56.2;6.81;6.85;4.27;6401
1.37;Ideal;I;SI2;62.2;56;7.07;7.14;4.42;6401
1.57;Premium;I;SI2;62.2;60;7.43;7.36;4.6;6401
1.27;Ideal;I;VS2;62.6;57;6.92;6.88;4.32;6401
1.47;Premium;I;SI2;61.6;59;7.29;7.32;4.5;6403
1.05;Ideal;F;VS2;62.7;56;6.52;6.59;4.11;6403
1.27;Ideal;H;SI2;61.8;57;6.93;6.96;4.29;6403
1.22;Premium;E;SI1;59.7;61;7.03;6.9;4.16;6403
1.23;Ideal;E;SI2;61.2;55;7.01;6.92;4.26;6403
1.04;Very Good;F;VS2;59;57;6.64;6.69;3.93;6405
1.17;Ideal;I;SI1;61.7;56;6.73;6.78;4.17;6405
1.3;Premium;J;VVS2;62.9;60;6.91;6.86;4.33;6405
1.33;Premium;H;SI2;62.8;52;7.15;7.06;4.46;6405
1.01;Very Good;G;VS2;61.6;60;6.42;6.47;3.97;6406
1.01;Very Good;G;VS2;63.4;55;6.35;6.4;4.04;6406
1.23;Ideal;H;VS2;59;57;7.05;6.99;4.14;6406
1.3;Premium;H;SI2;60.1;57;7.17;7.13;4.3;6406
1.01;Good;G;VS1;59.2;63;6.5;6.48;3.84;6407
1.22;Very Good;G;SI2;63.2;58;6.82;6.76;4.29;6409
1.32;Ideal;G;SI2;62.9;57;6.98;6.94;4.38;6409
1.02;Ideal;G;VS2;62.5;58;6.36;6.44;4;6410
1.08;Ideal;H;VS2;60.3;57;6.67;6.7;4.03;6411
0.3;Premium;I;VS1;60.3;58;4.34;4.32;2.61;608
0.3;Premium;I;VS1;59.8;60;4.36;4.34;2.6;608
0.3;Premium;I;VS1;60.4;58;4.4;4.34;2.64;608
0.3;Ideal;I;VS1;61;56;4.37;4.35;2.66;608
0.3;Premium;I;VS1;59.1;59;4.38;4.35;2.58;608
0.3;Premium;I;VS1;58.8;61;4.43;4.38;2.59;608
0.3;Premium;I;VS1;60.5;60;4.33;4.3;2.61;608
0.3;Premium;I;VS1;60.8;59;4.32;4.3;2.62;608
0.3;Very Good;I;VS1;63.4;54;4.32;4.29;2.73;608
0.3;Ideal;I;VS1;62.5;54;4.32;4.29;2.69;608
0.3;Ideal;I;VS1;62.5;57;4.32;4.29;2.69;608
0.3;Premium;I;VS1;61.7;58;4.32;4.27;2.65;608
0.3;Premium;I;VS1;62;58;4.3;4.25;2.65;608
0.3;Premium;I;VS1;62.9;58;4.29;4.26;2.69;608
0.3;Premium;I;VS1;61.7;59;4.3;4.26;2.64;608
0.3;Premium;I;VS1;63;53;4.31;4.26;2.7;608
0.3;Premium;I;VS1;61.6;60;4.3;4.27;2.64;608
0.3;Very Good;I;VS1;63.3;59;4.23;4.2;2.67;608
0.3;Premium;I;VS1;62.9;59;4.3;4.22;2.68;608
0.3;Good;I;VS1;63.7;58;4.25;4.23;2.7;608
0.3;Very Good;I;VS1;63.5;57;4.29;4.24;2.71;608
0.3;Premium;H;VS2;62.3;58;4.33;4.31;2.69;608
0.3;Premium;H;VS2;60.9;61;4.35;4.32;2.64;608
0.3;Ideal;H;VS2;60.7;57;4.37;4.33;2.64;608
0.3;Premium;H;VS2;61.8;60;4.31;4.26;2.65;608
0.3;Premium;H;VS2;60.9;61;4.3;4.27;2.61;608
0.3;Very Good;H;VS2;63.5;54;4.3;4.27;2.72;608
0.3;Premium;H;VS2;62.2;59;4.31;4.28;2.67;608
0.3;Premium;H;VS2;61.1;61;4.33;4.31;2.64;608
0.3;Premium;H;VS2;62.5;58;4.28;4.26;2.67;608
1.06;Ideal;G;VS2;62.7;55;6.53;6.49;4.08;6411
1.01;Good;G;VS1;63.2;61;6.33;6.35;4.01;6412
1.01;Premium;G;VS1;59.8;59;6.5;6.55;3.9;6412
1.28;Ideal;G;SI2;61.5;57;6.93;7;4.28;6412
1.02;Ideal;F;VS2;62.1;57;6.44;6.37;3.98;6412
1.08;Premium;G;VS2;59.4;59;6.68;6.75;3.99;6415
1.08;Very Good;G;VS2;62.3;58;6.5;6.54;4.06;6415
1.27;Premium;I;VS1;62.2;59;6.87;6.92;4.29;6415
1.02;Premium;G;VS2;62.5;58;6.46;6.41;4.02;6416
1.01;Ideal;F;VS2;61;57;6.38;6.5;3.93;6416
1.01;Premium;F;VS2;59.2;60;6.51;6.54;3.86;6416
1.01;Good;F;VS2;63.1;60;6.36;6.39;4.02;6416
1.01;Very Good;F;VS2;62.8;59;6.33;6.41;4;6416
1.01;Premium;F;VS2;62.2;60;6.37;6.4;3.97;6416
1.01;Premium;F;VS2;61.7;58;6.42;6.48;3.98;6416
1.01;Ideal;F;VS2;62;56;6.46;6.51;4.02;6416
1.2;Premium;H;VS2;62.5;58;6.77;6.73;4.23;6416
1.2;Premium;H;VS2;62.4;59;6.73;6.69;4.19;6416
1.2;Premium;H;VS2;62.8;58;6.75;6.7;4.22;6416
1.02;Ideal;G;VS2;60.4;57;6.55;6.53;3.95;6416
1.02;Premium;G;VS2;61.5;59;6.44;6.41;3.95;6416
1.02;Ideal;G;VS2;62.5;55;6.43;6.49;4.04;6418
1.02;Ideal;G;VS2;62.8;57;6.36;6.45;4.02;6418
1.21;Ideal;I;VS1;62.2;54.5;6.81;6.86;4.25;6418
1.22;Very Good;I;VS2;59.6;58;6.95;6.98;4.15;6419
1.25;Ideal;I;VS2;62.5;56;6.87;6.92;4.31;6419
1.09;Ideal;H;VS2;61.4;57;6.61;6.65;4.07;6419
1.17;Ideal;G;SI1;60.7;56;6.79;6.84;4.13;6419
1.22;Very Good;G;SI1;63.4;56;6.75;6.78;4.29;6421
1.5;Good;J;SI2;63.6;58;7.25;7.18;4.59;6421
1.2;Very Good;H;VS2;63.2;54;6.73;6.78;4.27;6423
1.04;Very Good;G;VS2;62.8;56;6.42;6.48;4.05;6424
1;Ideal;F;VS2;61.7;58;6.37;6.43;3.95;6424
1.29;Ideal;H;SI1;62.6;56;6.96;6.93;4.35;6424
1.49;Fair;H;I1;66.9;61;6.93;6.89;4.62;6425
1.01;Premium;E;VS2;62.1;58;6.42;6.34;3.96;6425
1.08;Ideal;H;SI1;60.5;57;6.63;6.67;4.02;6426
1.06;Ideal;D;SI1;62.6;56;6.49;6.52;4.07;6426
1.29;Premium;I;SI1;61.8;59;6.99;6.96;4.31;6429
1.01;Good;D;VS2;61.6;61;6.43;6.45;3.97;6429
1.27;Ideal;J;VVS2;62.2;54;6.92;6.98;4.32;6430
1.32;Ideal;I;SI1;62.2;57;7.07;7.01;4.38;6431
1.32;Premium;H;SI2;62.7;58;7.05;6.99;4.4;6431
1.02;Very Good;G;VS2;60.9;56;6.47;6.51;3.95;6432
1;Very Good;G;VS1;59.1;61;6.48;6.54;3.85;6435
1.26;Premium;H;SI1;62.1;57;6.94;6.88;4.29;6435
1.23;Ideal;I;VS1;61.5;56;6.86;6.89;4.23;6435
1.14;Very Good;G;VS2;63.2;56;6.67;6.63;4.2;6435
1.2;Premium;F;SI1;62.9;58;6.76;6.69;4.23;6435
1.69;Premium;I;I1;62.4;60;7.59;7.56;4.73;6436
1;Good;G;SI1;59.9;58;6.44;6.48;3.87;6437
1.24;Very Good;G;SI1;61.8;59;6.85;6.88;4.24;6438
1.31;Premium;I;VS2;61.9;59;7.02;6.98;4.33;6438
1.01;Very Good;F;VS1;59.4;58;6.46;6.54;3.86;6439
1.01;Ideal;G;VS2;61.7;56;6.43;6.46;3.98;6439
1.01;Ideal;G;VS2;61.9;56;6.42;6.46;3.99;6439
1.01;Ideal;G;VS2;61.9;56;6.41;6.45;3.98;6439
1.23;Ideal;H;SI1;61;56;6.96;6.92;4.23;6439
1;Very Good;D;VS2;63.1;59;6.26;6.36;3.98;6440
1.18;Ideal;H;SI1;61.5;57;6.78;6.82;4.18;6440
1.25;Good;F;VS2;63.9;58;6.76;6.71;4.31;6440
1.21;Premium;E;SI1;62.9;58;6.79;6.78;4.27;6440
1.07;Very Good;E;VS2;60.4;58;6.61;6.66;4.01;6441
1.58;Ideal;I;SI2;62.3;57;7.42;7.34;4.6;6441
1.01;Premium;G;VS1;62.7;56;6.46;6.36;4.02;6441
0.9;Premium;D;VS1;61.2;58;6.27;6.25;3.83;6441
1.01;Premium;G;VS1;62;58;6.44;6.4;3.98;6441
1.33;Very Good;J;VS1;61.7;55;7.07;7.12;4.38;6442
1.3;Ideal;F;SI2;62.2;56;6.96;7;4.34;6442
1.3;Premium;I;VS2;60.1;58;7.1;7.14;4.28;6442
1.27;Very Good;I;VS2;62.4;58;6.83;6.89;4.28;6443
1.36;Ideal;D;SI2;61.2;57;7.15;7.19;4.39;6443
1.3;Good;D;SI2;57.1;63;7.27;7.22;4.14;6443
1.5;Premium;H;SI2;61.8;57;7.34;7.31;4.53;6443
0.91;Ideal;D;VS2;60.9;57;6.26;6.32;3.83;6444
1;Good;E;VS2;60.6;65;6.29;6.36;3.83;6445
1.11;Premium;G;VS2;60.4;58;6.76;6.72;4.07;6445
1.01;Good;F;VS2;63.9;58;6.39;6.32;4.06;6446
1.01;Premium;F;VS2;60.9;58;6.47;6.41;3.92;6446
1.02;Very Good;D;VS2;63.9;59;6.29;6.33;4.03;6447
1.14;Premium;F;SI1;61.1;58;6.77;6.72;4.12;6448
1.22;Premium;G;SI1;61.2;60;6.82;6.75;4.15;6449
1.01;Very Good;G;VS2;63.6;56;6.34;6.39;4.05;6449
1;Very Good;G;VS2;62.4;58;6.31;6.38;3.96;6449
1.22;Premium;G;SI1;62.1;58;6.89;6.84;4.26;6449
1.01;Ideal;G;VS2;61.9;58;6.37;6.43;3.96;6449
1.33;Ideal;J;VS1;62.5;58;6.99;7.03;4.38;6449
1.23;Ideal;I;SI1;62.1;57;6.83;6.88;4.26;6449
1.01;Good;D;VS2;64.5;58;6.27;6.31;4.06;6449
1.2;Ideal;H;SI1;62;58;6.78;6.83;4.22;6450
1;Premium;G;VS2;60.6;59;6.42;6.36;3.87;6451
1.3;Ideal;I;SI1;62.3;58;6.94;7;4.34;6451
1.28;Premium;I;VS2;62.5;61;6.89;6.86;4.3;6451
1.2;Premium;H;SI1;61.3;60;6.87;6.81;4.19;6451
1.28;Ideal;H;SI2;62.8;57;6.92;6.87;4.33;6451
1;Premium;G;VS2;60;59;6.54;6.46;3.9;6451
1.2;Premium;G;SI1;62.7;58;6.71;6.66;4.19;6451
1.09;Very Good;G;VS1;59.7;63;6.65;6.74;4;6453
1.09;Ideal;H;VS2;62.9;58;6.56;6.51;4.11;6453
1.31;Good;I;VS1;64.3;58.7;6.84;6.87;4.41;6455
1.45;Fair;F;SI2;64.4;58;7.17;7.11;4.59;6455
1.22;Ideal;F;SI1;62.8;55;6.87;6.79;4.29;6456
1.23;Very Good;H;SI1;61;59;6.91;6.86;4.2;6458
1.04;Ideal;H;SI1;61.6;55;6.51;6.54;4.02;6458
1.04;Premium;F;VS2;60.1;59;6.61;6.56;3.96;6458
1.04;Ideal;G;VS2;62;57;6.5;6.49;4.03;6458
1.28;Ideal;F;SI2;62.3;55;6.96;6.91;4.32;6458
1.36;Premium;F;SI2;61.4;59;7.16;7.12;4.38;6458
1.55;Premium;H;SI2;58;60;7.61;7.58;4.41;6458
1.5;Premium;H;SI2;62.1;58;7.31;7.21;4.51;6458
1.12;Ideal;E;SI1;61.6;55;6.69;6.66;4.11;6458
1.23;Very Good;H;VS2;61.6;59;6.84;6.86;4.22;6459
1.23;Very Good;H;VS2;60.6;59;6.89;6.94;4.19;6459
1.22;Ideal;I;VS1;62.3;54;6.82;6.86;4.26;6459
1.07;Ideal;F;VS2;62;57;6.5;6.47;4.08;6459
1.03;Ideal;D;SI1;59.9;57;6.61;6.68;3.98;6460
1.03;Premium;E;VS2;60;59;6.6;6.54;3.94;6460
1.02;Good;E;VS2;63.2;60;6.29;6.34;3.99;6462
1;Premium;G;VS1;61.2;58;6.49;6.38;3.94;6462
1.34;Very Good;G;SI2;62.2;56;7;7.08;4.38;6463
1.34;Premium;G;SI2;61.7;58;7.04;7.1;4.36;6464
1.14;Very Good;D;SI1;62.7;59;6.64;6.67;4.17;6464
1;Good;G;VS1;63.6;59;6.34;6.3;4.02;6465
1;Ideal;G;VS1;62.2;56;6.41;6.35;3.97;6465
1;Ideal;G;VS1;62.7;54;6.42;6.37;4.01;6465
0.9;Very Good;E;VVS2;62;55;6.08;6.17;3.8;6466
1.03;Ideal;F;VS2;60.4;56;6.59;6.56;3.97;6467
1;Very Good;F;VS1;62.9;56;6.38;6.43;4.03;6468
1;Very Good;F;VS1;62.6;57;6.35;6.42;4;6468
1.2;Good;H;VS2;62.6;56;6.73;6.76;4.22;6468
1;Premium;F;VS2;58.6;61;6.53;6.5;3.82;6468
1;Premium;F;VS2;62.4;60;6.38;6.35;3.97;6468
1.25;Ideal;E;SI1;61.1;57;6.93;6.89;4.22;6468
1.1;Premium;D;SI1;60.7;55;6.74;6.71;4.08;6468
1;Premium;F;VS2;62.6;60;6.37;6.29;3.96;6468
1.22;Ideal;I;VS1;62.3;57;6.81;6.85;4.25;6469
1.22;Ideal;I;VS1;61.9;55.7;6.81;6.84;4.23;6469
1.01;Premium;G;VVS2;61.3;61;6.47;6.32;3.92;6470
1.31;Ideal;F;SI1;62.4;56;6.98;6.9;4.33;6470
1.1;Ideal;H;VS1;61.4;57;6.65;6.64;4.08;6470
1.01;Premium;G;VVS2;61.9;60;6.45;6.41;3.98;6470
1.07;Ideal;G;VS2;63;55;6.55;6.5;4.11;6471
1.07;Premium;G;VS2;60.9;58;6.6;6.56;4.01;6471
1.07;Ideal;G;VS2;62.2;57;6.55;6.53;4.07;6471
1.07;Premium;G;VS2;60.5;56;6.71;6.64;4.04;6471
1.07;Premium;G;VS2;62.1;58;6.59;6.55;4.08;6471
1.2;Ideal;H;SI1;62.2;56;6.8;6.77;4.23;6471
1.27;Ideal;H;SI1;61.5;55;6.97;6.95;4.28;6472
1.29;Ideal;E;SI2;62.8;57;6.94;6.88;4.34;6473
1.7;Good;I;I1;63.6;58;7.52;7.48;4.77;6474
1.26;Ideal;H;SI1;61.7;58;6.95;6.9;4.27;6476
1.06;Good;G;VS1;63.4;57;6.45;6.48;4.1;6477
1.53;Ideal;H;I1;62.3;56;7.38;7.34;4.59;6477
1.26;Ideal;E;SI2;61;57;7.03;6.97;4.27;6477
1.21;Ideal;G;VS2;61.7;56;6.85;6.83;4.22;6478
1.02;Very Good;F;VS2;59.4;58;6.52;6.62;3.9;6479
1.02;Ideal;F;VS2;62.7;54;6.42;6.5;4.05;6479
1.02;Very Good;F;VS2;61.7;58;6.47;6.5;4;6479
1.02;Premium;F;VS2;61.3;58;6.42;6.54;3.97;6479
1.02;Good;F;VS2;63.3;59;6.37;6.4;4.04;6479
1.02;Ideal;F;VS2;62.7;56;6.39;6.44;4.02;6479
1.07;Ideal;H;VS1;60.2;59;6.66;6.69;4.02;6479
1.03;Premium;G;VS1;62.1;59;6.48;6.4;4;6479
1.01;Very Good;E;VS2;63.1;56;6.34;6.4;4.02;6480
1.09;Ideal;G;VS2;62.3;57;6.6;6.57;4.1;6480
1.33;Ideal;H;SI2;62.7;57;7.05;6.98;4.4;6480
1.33;Premium;G;SI2;63;59;7;6.97;4.4;6480
1.33;Very Good;H;SI2;62.5;58;7.04;6.97;4.38;6482
1.06;Very Good;G;VS2;61.7;57;6.5;6.57;4.03;6483
1.31;Ideal;H;SI2;62.2;57;6.96;7;4.34;6484
1.03;Premium;F;VS2;62;58;6.5;6.46;4.02;6484
1.2;Ideal;H;SI1;60.8;57;6.9;6.88;4.19;6485
1.05;Ideal;G;VS2;60.8;57;6.58;6.65;4.02;6486
1.05;Ideal;G;VS2;61.9;56;6.52;6.56;4.05;6486
1.05;Very Good;G;VS2;62.8;57;6.45;6.49;4.06;6486
1.03;Very Good;G;VS1;60.6;58;6.48;6.55;3.95;6487
1.2;Ideal;H;VS2;59.9;57;6.91;6.87;4.13;6487
1.01;Premium;E;VS2;62.4;60;6.39;6.43;4;6488
1.01;Very Good;E;VS2;62.9;57;6.37;6.43;4.02;6488
0.94;Ideal;G;VVS1;62.4;58;6.22;6.27;3.9;6488
1.24;Ideal;H;SI1;60.9;57;6.9;6.95;4.22;6488
1.22;Premium;G;SI1;60.7;59;6.92;6.96;4.21;6492
1.15;Ideal;G;VS2;61.4;57;6.78;6.74;4.15;6492
1.15;Premium;G;VS2;61.5;58;6.76;6.71;4.14;6492
1.2;Premium;G;SI1;63;60;6.81;6.75;4.27;6494
1.38;Very Good;J;VS2;62.7;56;7.06;7.11;4.44;6494
1.51;Premium;E;I1;59;62;7.41;7.36;4.36;6494
1.18;Ideal;I;VVS1;59.7;54;6.99;6.92;4.15;6494
1.37;Premium;G;SI2;59.6;60;7.24;7.18;4.3;6495
1.1;Very Good;H;VVS2;59.7;57.8;6.7;6.76;4.01;6497
1.01;Very Good;G;VS1;62.8;59;6.34;6.37;3.99;6499
1.01;Premium;G;VS1;62.6;59;6.38;6.46;4.02;6499
1.01;Premium;G;VS1;62.6;59;6.38;6.43;4.01;6499
1.01;Good;G;VS1;63.2;58;6.34;6.38;4.02;6499
1.01;Premium;G;VS1;62.7;58;6.38;6.41;4.01;6499
1.01;Good;G;VS1;63.7;57;6.32;6.37;4.04;6499
1.01;Premium;G;VS1;60.8;58;6.44;6.51;3.94;6499
1.01;Premium;G;VS1;62.3;59;6.38;6.42;3.99;6499
1.01;Ideal;G;VS1;61.8;57;6.4;6.45;3.97;6499
1.02;Ideal;G;VS2;61.4;55;6.48;6.51;3.99;6499
1.2;Premium;H;VS2;62.8;59;6.75;6.7;4.22;6500
1.14;Very Good;G;VS2;61.3;57;6.69;6.78;4.13;6500
1.01;Ideal;F;VS2;62.6;57;6.39;6.43;4.01;6501
1.01;Very Good;E;SI1;63.4;55;6.38;6.42;4.06;6501
1.2;Ideal;G;SI1;61.2;56;6.92;6.84;4.21;6502
1.35;Ideal;H;VS2;61.6;55;7.08;7.02;4.34;6502
2.07;Fair;G;I1;67.7;56;7.76;7.73;5.25;6503
1.24;Ideal;F;SI2;61.4;58;6.85;6.9;4.22;6503
1.12;Premium;G;VS2;61.7;56;6.72;6.61;4.11;6503
1.01;Ideal;G;VS1;62;57;6.44;6.36;3.97;6504
1.08;Good;H;VVS1;63.1;57;6.52;6.57;4.13;6504
1.09;Premium;G;VS2;60.9;56;6.7;6.67;4.07;6504
1.22;Premium;I;VS1;59.4;60;7.02;6.96;4.15;6504
1.01;Ideal;G;VS2;61.8;57;6.43;6.41;3.97;6504
1.09;Premium;G;VS2;61.7;58;6.6;6.53;4.05;6504
1.02;Premium;G;VS1;60.8;58;6.52;6.47;3.95;6505
1.21;Premium;H;SI1;61.6;61;6.88;6.83;4.22;6505
1.32;Premium;H;VS2;61.5;59;7.04;7.01;4.32;6505
1.21;Premium;D;SI2;62.5;57;6.79;6.71;4.22;6505
1.21;Premium;D;SI2;62.5;57;6.79;6.71;4.22;6505
1.29;Ideal;F;SI2;61.7;54;7.08;6.99;4.34;6509
1.01;Good;G;VS1;64;60;6.29;6.33;4.04;6509
1.01;Good;E;VS1;64.6;58;6.22;6.29;4.04;6509
1.29;Ideal;I;VS2;62.7;57;6.97;6.91;4.35;6509
1.02;Ideal;F;VS2;62.9;57;6.42;6.33;4.01;6509
1.23;Ideal;G;SI1;61.4;56;6.94;6.91;4.25;6509
1.51;Premium;H;SI2;62.9;58;7.31;7.26;4.58;6511
1.51;Ideal;I;VS2;60.7;57;7.42;7.35;4.48;6511
1.51;Good;J;SI1;64.1;61;7.19;7.16;4.6;6511
1.2;Ideal;H;SI1;62.7;55;6.76;6.73;4.23;6512
1.01;Ideal;G;VS2;60.1;55;6.53;6.58;3.94;6512
1.11;Ideal;F;SI1;61.1;57;6.67;6.69;4.08;6512
1.53;Premium;H;SI2;61.5;60;7.46;7.39;4.56;6512
3;Very Good;H;I1;63.1;55;9.23;9.1;5.77;6512
1.33;Very Good;I;SI1;62.6;56;6.97;7.03;4.38;6513
0.92;Ideal;D;VS2;61.4;56;6.26;6.28;3.85;6513
1.01;Very Good;E;VS2;63.3;58;6.38;6.35;4.03;6516
1.01;Very Good;E;VS2;63.3;60;6.33;6.3;4;6516
1.01;Premium;E;VS2;58.1;60;6.58;6.51;3.8;6516
1.01;Ideal;G;VS2;61.5;57;6.49;6.45;3.98;6516
1.01;Very Good;E;VS2;61.1;62;6.39;6.5;3.94;6517
1.01;Good;E;VS2;58.9;62;6.55;6.63;3.88;6517
1.15;Ideal;E;SI1;60.2;57;6.8;6.77;4.09;6517
1;Very Good;E;VS2;62.6;60;6.35;6.4;3.99;6518
1.2;Ideal;H;SI1;62.1;56;6.83;6.76;4.22;6518
1.22;Ideal;F;SI2;62.5;56;6.85;6.81;4.27;6518
1.32;Premium;H;VVS2;61.3;58;7.05;7.01;4.31;6520
1;Premium;F;VS2;61.9;59;6.36;6.41;3.95;6521
2;Good;J;I1;63.6;62;7.97;7.8;5.02;6521
1.01;Very Good;E;VS2;62.2;58;6.36;6.41;3.97;6522
1.01;Very Good;E;VS2;60.4;58;6.47;6.6;3.95;6522
1.01;Very Good;E;VS2;63.3;56;6.34;6.37;4.02;6522
1.01;Good;E;VS2;58;60;6.64;6.68;3.86;6522
1.5;Good;J;SI1;64.5;56;7.09;7.18;4.6;6523
1.07;Very Good;G;VS2;62.9;59;6.49;6.52;4.09;6525
1.13;Ideal;G;VS2;62.7;57;6.65;6.68;4.18;6525
1.19;Very Good;F;SI1;60.8;59;6.85;6.89;4.18;6526
1.2;Very Good;G;SI1;62.8;60;6.71;6.79;4.24;6526
1.2;Very Good;G;SI1;62.8;57;6.68;6.73;4.21;6526
1.11;Premium;H;VS2;61.1;59;6.66;6.63;4.06;6527
1.04;Ideal;G;VS2;60.8;57;6.55;6.57;3.99;6529
1.01;Premium;G;VS1;59.8;59;6.55;6.5;3.9;6529
1.01;Very Good;G;VS1;63.2;61;6.35;6.33;4.01;6529
1.01;Very Good;G;VS1;63.5;59;6.36;6.31;4.02;6529
1.01;Good;G;VS1;63.7;56;6.37;6.29;4.03;6529
1.31;Premium;H;SI2;60.8;58;7.13;7.08;4.32;6529
1.08;Ideal;G;VS2;62.5;56;6.57;6.54;4.1;6530
1.15;Fair;G;VS1;64.6;57;6.6;6.5;4.23;6530
1.22;Very Good;F;SI1;63.1;58;6.8;6.74;4.27;6530
1.22;Very Good;G;SI2;59.2;61;6.99;6.92;4.12;6531
1.09;Ideal;D;SI1;61.3;55.9;6.61;6.65;4.06;6532
1.08;Premium;G;VS2;62.3;58;6.54;6.5;4.06;6532
1.08;Premium;G;VS2;60.1;59;6.7;6.64;4.01;6532
1.08;Ideal;G;VS2;62.4;55;6.62;6.55;4.11;6532
1.08;Premium;G;VS1;61.5;61;6.62;6.55;4.05;6532
1.27;Premium;I;VS1;62.2;59;6.92;6.87;4.29;6532
1.08;Premium;G;VS2;59.4;59;6.75;6.68;3.99;6532
2;Fair;F;I1;66.1;57;7.84;7.7;5.14;6532
1.08;Premium;G;VS2;62.4;57;6.56;6.49;4.07;6532
1.01;Very Good;F;VS2;63.3;57;6.41;6.33;4.03;6533
1.01;Premium;F;VS2;61.7;58;6.48;6.42;3.98;6533
1.01;Premium;F;VS2;62.2;60;6.4;6.37;3.97;6533
1.01;Premium;F;VS2;59.3;62;6.48;6.44;3.83;6533
1.01;Premium;F;VS2;59.2;60;6.54;6.51;3.86;6533
1.01;Ideal;F;VS2;62;56;6.51;6.46;4.02;6533
1.01;Premium;F;VS2;62.8;59;6.41;6.33;4;6533
1.01;Very Good;F;VS2;63.1;60;6.39;6.36;4.02;6533
1.1;Ideal;G;VS2;62;56;6.6;6.68;4.12;6534
1.1;Premium;G;VS2;60.2;58;6.71;6.75;4.05;6534
1.2;Very Good;E;SI1;61.8;56;6.75;6.82;4.19;6534
1.11;Premium;G;VS2;61.4;58;6.7;6.66;4.1;6534
2.21;Premium;H;I1;62.2;58;8.31;8.27;5.16;6535
1;Ideal;H;VVS1;61.5;59;6.37;6.41;3.93;6535
1.1;Ideal;G;VS1;61.3;54;6.69;6.65;4.09;6535
1.29;Very Good;I;VS2;61.8;58;6.94;6.98;4.3;6537
1.03;Very Good;G;VS1;62.2;57;6.42;6.47;4.01;6539
1.03;Very Good;G;VS1;63;56;6.43;6.46;4.06;6539
1.08;Ideal;D;SI1;62.7;57;6.52;6.56;4.1;6539
1.08;Ideal;D;SI1;60.3;57;6.68;6.71;4.04;6539
1.01;Very Good;F;VS2;63.2;59;6.3;6.36;4;6540
0.3;Premium;H;VS2;62.9;59;4.3;4.26;2.69;608
0.3;Very Good;H;VS2;63.5;58;4.27;4.24;2.7;608
0.3;Premium;H;VS2;63;59;4.29;4.25;2.69;608
0.3;Premium;H;VS2;62.7;59;4.26;4.22;2.66;608
0.3;Premium;H;VS2;62.7;59;4.27;4.22;2.66;608
0.3;Premium;H;VS2;62.6;58;4.28;4.22;2.66;608
0.3;Premium;H;VS2;62.5;59;4.28;4.23;2.66;608
0.3;Very Good;H;VS2;63.5;59;4.27;4.2;2.69;608
0.3;Good;D;VS2;64.1;57;4.25;4.21;2.71;608
0.3;Premium;H;VS2;61.1;61;4.32;4.29;2.63;608
0.32;Ideal;E;VS2;61.4;57;4.4;4.46;2.72;608
0.33;Premium;D;SI1;60.1;59;4.46;4.49;2.69;608
0.33;Ideal;D;SI1;62.5;54;4.43;4.44;2.77;608
0.33;Premium;D;SI1;60.3;58;4.47;4.49;2.7;608
0.33;Very Good;I;VVS1;61.7;61;4.43;4.45;2.74;608
0.33;Ideal;D;SI1;62.4;54;4.41;4.44;2.76;608
0.33;Very Good;D;SI1;60;59;4.47;4.5;2.69;608
0.33;Premium;I;VVS1;61.9;60;4.41;4.44;2.74;608
0.33;Very Good;D;SI1;61.5;60;4.41;4.44;2.72;608
0.33;Ideal;D;SI1;62.7;55;4.4;4.44;2.77;608
0.33;Premium;D;SI1;60.4;60;4.41;4.46;2.68;608
0.33;Ideal;D;SI1;61.3;56;4.44;4.46;2.73;608
0.33;Very Good;D;SI1;62.8;56;4.39;4.43;2.77;608
0.33;Very Good;I;VVS1;62.5;61;4.38;4.42;2.75;608
0.33;Very Good;D;SI1;62.8;55;4.41;4.45;2.78;608
0.28;Ideal;D;VVS1;61.7;57;4.2;4.23;2.6;608
0.28;Very Good;E;VVS2;58.7;60;4.31;4.34;2.54;608
0.33;Very Good;I;VVS1;58.9;61;4.52;4.55;2.67;609
0.29;Very Good;F;VVS1;59.8;61;4.31;4.35;2.59;609
0.29;Very Good;E;VVS1;59.5;61;4.29;4.31;2.56;609
1.18;Ideal;I;VS1;62.6;55.3;6.73;6.79;4.24;6541
1.32;Premium;F;SI2;60.6;60;7.05;7.1;4.29;6541
1.04;Very Good;G;VS1;63.2;56;6.39;6.46;4.06;6541
1.22;Ideal;H;SI1;62.2;56;6.84;6.89;4.27;6541
1.04;Ideal;G;VS2;62.8;56;6.48;6.42;4.05;6542
1.23;Very Good;H;SI1;62.3;58;6.79;6.83;4.24;6542
1.32;Premium;G;SI1;62.1;59;7.03;6.99;4.35;6542
1.18;Premium;F;SI1;62.3;59;6.75;6.67;4.18;6542
1.03;Good;F;VS2;63.9;59;6.35;6.38;4.07;6543
1.03;Ideal;F;VS2;59.1;55;6.6;6.69;3.93;6543
1.27;Ideal;E;VS2;61.8;55;7.03;6.92;4.31;6543
1.27;Ideal;F;VS2;62.8;56;6.9;6.86;4.32;6543
1.39;Ideal;I;SI2;61.6;55;7.14;7.18;4.41;6544
1.52;Premium;H;SI2;60.7;60;7.55;7.32;4.5;6544
1.05;Very Good;F;VS2;62;56;6.48;6.52;4.03;6545
1.25;Premium;I;VS1;60.4;59;6.94;7.01;4.21;6545
1.23;Good;G;SI1;63.1;56;6.78;6.81;4.29;6545
1.09;Very Good;G;VS1;62.5;59;6.56;6.59;4.11;6546
1.51;Very Good;J;SI2;61.9;59;7.26;7.31;4.51;6546
1.26;Very Good;H;SI1;60.6;60;6.97;7;4.23;6546
1.43;Ideal;J;SI1;62.1;58;7.23;7.16;4.47;6546
1.2;Premium;H;VS2;60.6;58;6.82;6.88;4.15;6547
1.06;Ideal;G;VS2;61.1;57;6.56;6.59;4.02;6548
1.28;Ideal;G;SI2;61.1;58;6.98;7.03;4.28;6548
0.63;Ideal;D;IF;62.5;55;5.47;5.5;3.43;6549
1.21;Very Good;G;SI1;61.2;58;6.84;6.91;4.21;6549
1.3;Ideal;H;SI2;61.1;57;7.09;7.04;4.32;6552
1.01;Very Good;E;VS2;62.9;57;6.34;6.42;4.01;6552
1.5;Fair;G;SI2;68.5;66;6.87;6.76;4.67;6552
1;Good;F;VS1;57.8;59;6.57;6.59;3.8;6552
1;Premium;G;VS1;59.1;61;6.54;6.48;3.85;6552
1.5;Good;G;SI2;63.6;58;7.19;7.09;4.54;6552
1;Very Good;G;VS1;63.2;58;6.32;6.27;3.98;6552
1.52;Premium;F;SI2;60.7;61;7.47;7.36;4.5;6554
1.15;Premium;G;VS2;62.6;58;6.68;6.71;4.19;6557
1.23;Ideal;D;SI1;60.9;54;7.01;6.96;4.25;6557
1.03;Ideal;G;VS2;61.8;56;6.47;6.5;4.01;6557
1.2;Very Good;I;VVS2;59.9;55;6.88;6.94;4.14;6558
1.17;Ideal;H;VS2;62.4;58;6.73;6.71;4.19;6558
1.03;Ideal;G;VS1;62.1;57;6.44;6.47;4.01;6558
1.07;Ideal;G;VS2;62.3;57;6.58;6.54;4.09;6558
1.27;Very Good;I;SI1;60.7;61;6.97;6.91;4.21;6559
1.21;Good;G;VVS2;63.8;55;6.74;6.65;4.28;6559
1.22;Ideal;G;SI1;61.6;57;6.89;6.81;4.22;6559
1.3;Ideal;F;SI2;62.2;56;7;6.96;4.34;6559
1.03;Ideal;H;VVS2;62.4;53;6.45;6.51;4.05;6560
1.08;Ideal;G;VS2;62.5;57;6.56;6.6;4.11;6561
1.07;Ideal;E;SI1;61.4;55;6.57;6.62;4.05;6561
1.13;Premium;G;VS2;60.1;59;6.82;6.75;4.08;6561
1.05;Ideal;G;VS2;61.9;57;6.47;6.51;4.03;6562
1.08;Ideal;H;VS1;62;55;6.56;6.6;4.08;6562
1.24;Premium;G;SI1;60.5;58;7.1;7.05;4.13;6562
1.01;Very Good;D;VS2;59.8;60;6.42;6.46;3.85;6563
1.13;Ideal;E;SI1;62.2;55;6.66;6.69;4.15;6563
1.02;Ideal;G;VS1;62.2;57;6.43;6.47;4.01;6563
1.11;Very Good;E;SI1;62.4;57;6.58;6.6;4.11;6563
1.01;Good;D;VS2;62.5;62;6.26;6.34;3.94;6563
1.04;Premium;G;VS2;61;59;6.53;6.42;3.95;6564
1.23;Very Good;I;VS1;63.1;58;6.77;6.91;4.32;6564
2.22;Fair;H;I1;70.1;55;7.77;7.74;5.44;6564
1.33;Premium;G;SI2;60.3;58;7.16;7.19;4.33;6565
1.06;Ideal;D;SI1;61.5;56;6.58;6.55;4.04;6565
1.21;Very Good;H;SI1;63.5;60;6.65;6.61;4.21;6566
1.26;Very Good;I;VS1;61.8;61;6.9;6.95;4.28;6566
1.28;Very Good;F;SI1;63;56;6.9;7.03;4.39;6566
1.21;Premium;H;SI1;60.5;59;6.96;6.89;4.19;6566
1.21;Premium;H;SI1;62.4;56;6.83;6.79;4.25;6566
1;Good;D;SI1;59.9;62;6.41;6.45;3.85;6568
1.02;Very Good;G;VS2;61.9;54;6.45;6.48;4;6569
1.2;Very Good;H;SI1;62.3;57;6.78;6.76;4.22;6569
1.2;Ideal;H;SI1;61.2;60;6.87;6.82;4.19;6569
1.2;Ideal;H;SI1;62.2;58;6.81;6.77;4.22;6569
1.09;Very Good;G;VS1;59.7;63;6.74;6.65;4;6570
1.35;Very Good;I;SI1;59.5;58;7.28;7.17;4.3;6573
1.21;Premium;H;SI1;59.8;58;6.95;6.9;4.14;6573
1.21;Ideal;H;SI1;62.1;59;6.81;6.75;4.21;6573
1.31;Ideal;I;VS1;64.3;59;6.87;6.84;4.41;6573
1.01;Very Good;E;VS2;60.4;57;6.45;6.49;3.91;6577
1.23;Premium;H;VS2;60.6;59;6.94;6.89;4.19;6577
1.35;Premium;I;SI1;59.2;59;7.24;7.18;4.27;6577
1.2;Ideal;H;SI1;61.9;56;6.78;6.82;4.21;6578
1.43;Very Good;J;VS2;62.8;56;7.13;7.19;4.5;6579
1.01;Ideal;D;SI1;63;56;6.36;6.41;4.02;6579
1.11;Premium;D;VS2;59.5;60;6.77;6.7;4.01;6579
1.28;Premium;H;SI1;62.7;58;6.88;6.94;4.33;6580
1.28;Premium;H;SI1;59.9;59;7.05;7.08;4.23;6580
1.25;Ideal;G;SI1;62.5;54;6.88;6.85;4.29;6580
1.02;Very Good;E;VS2;63.2;60;6.34;6.29;3.99;6580
1.02;Premium;E;VS2;61.6;60;6.51;6.42;3.98;6580
1.2;Very Good;G;VS2;63.3;57;6.69;6.64;4.22;6580
1;Ideal;F;VS2;61.7;54;6.42;6.39;3.95;6580
1.2;Ideal;I;VVS2;61.5;57;6.91;6.82;4.22;6581
1.34;Premium;G;SI2;62.2;56;7.08;7;4.38;6581
1.02;Very Good;E;VS2;63.3;57;6.37;6.43;4.05;6582
1.06;Premium;G;VS2;60.9;57;6.65;6.61;4.04;6582
1.28;Premium;I;VS1;61.1;61;7.01;6.96;4.27;6583
1.34;Premium;G;SI2;61.7;58;7.1;7.04;4.36;6583
1.2;Ideal;H;VS2;62.6;56;6.76;6.73;4.22;6586
1.08;Ideal;G;VS2;61.3;56;6.59;6.62;4.05;6586
1.2;Premium;G;SI1;62.3;59;6.84;6.75;4.23;6586
1.1;Ideal;H;VS1;62.3;55;6.57;6.61;4.1;6586
1.05;Ideal;G;VS2;61.8;57;6.53;6.48;4.02;6586
1.05;Very Good;E;VS2;63.5;57;6.51;6.46;4.12;6586
1.01;Premium;F;VS2;61.6;59;6.39;6.43;3.95;6587
1.01;Ideal;G;VS2;62.1;58;6.38;6.43;3.98;6587
1.07;Ideal;D;SI1;60.7;57;6.61;6.64;4.02;6587
1.29;Premium;H;SI1;61.6;57;7.02;6.97;4.31;6588
1.29;Premium;H;SI1;62.9;59;7;6.84;4.35;6588
1.2;Ideal;H;SI1;61.9;54;6.83;6.9;4.25;6588
1.2;Premium;H;SI1;59.5;58;7.02;6.97;4.16;6588
1.29;Ideal;H;SI1;61.6;57;7;6.95;4.3;6588
1.04;Ideal;G;VS2;62.5;57;6.46;6.49;4.05;6589
1.04;Premium;G;VS2;60.1;59;6.56;6.59;3.95;6589
1.11;Premium;F;VS2;63;56;6.62;6.49;4.15;6589
1.02;Ideal;G;VS2;62.6;56;6.4;6.44;4.02;6591
1.09;Premium;G;VS2;59.7;58;6.74;6.7;4.01;6592
2.01;Very Good;H;I1;58.1;63;8.3;8.19;4.79;6592
1.11;Very Good;G;VS2;62.2;55;6.61;6.67;4.13;6593
1.11;Very Good;G;VS2;60.8;58;6.65;6.7;4.06;6593
1.28;Premium;H;SI1;62;62;6.93;6.87;4.28;6595
1.06;Very Good;G;VS1;63.4;57;6.48;6.45;4.1;6595
1.51;Fair;D;SI2;66.2;54;7.19;7.08;4.72;6596
1.36;Very Good;F;SI1;62.8;53;7.05;7.1;4.45;6597
1.02;Very Good;D;VS2;62.3;57;6.41;6.47;4.01;6597
2.1;Fair;G;I1;67.4;59;7.82;7.76;5.24;6597
2.1;Fair;G;I1;64.6;58;8.05;8.01;5.19;6597
1.26;Ideal;H;SI2;61.8;54;6.95;6.99;4.31;6597
1.26;Ideal;I;SI1;62.6;57;6.89;6.92;4.32;6597
1.02;Very Good;F;VS2;63.3;59;6.4;6.37;4.04;6597
1.02;Ideal;F;VS2;62.7;54;6.5;6.42;4.05;6597
1.53;Very Good;H;SI2;60.6;63;7.43;7.38;4.49;6597
1.02;Premium;F;VS2;61.3;58;6.54;6.42;3.97;6597
1.01;Very Good;F;VS2;60;63;6.46;6.48;3.88;6598
1;Ideal;E;VS2;61.6;57;6.38;6.44;3.95;6600
1;Premium;E;VS2;62.7;59;6.31;6.38;3.98;6600
1;Very Good;E;VS2;62.8;60;6.32;6.36;3.98;6600
1;Premium;E;VS2;60;60;6.43;6.43;3.89;6600
1;Premium;E;VS2;61.5;58;6.39;6.42;3.94;6600
1;Very Good;E;VS2;62.8;57;6.34;6.37;3.99;6600
1;Premium;E;VS2;61.8;59;6.38;6.41;3.95;6600
1;Very Good;E;VS2;62.1;59;6.34;6.38;3.95;6600
1.31;Premium;H;SI2;61.4;59;6.99;6.96;4.28;6602
1.2;Very Good;D;SI2;62.9;59;6.7;6.75;4.23;6602
1.31;Ideal;H;SI2;62.2;57;7;6.96;4.34;6602
1.33;Very Good;G;SI2;62;59;7.1;7.04;4.38;6603
1.05;Ideal;G;VS2;60.8;57;6.65;6.58;4.02;6604
1.05;Ideal;G;VS2;62.8;57;6.49;6.45;4.06;6604
1.2;Premium;F;SI1;60.2;58;6.9;6.86;4.14;6604
1.26;Ideal;G;VS1;62.3;57;6.93;6.87;4.3;6604
1.05;Ideal;G;VS2;61.9;56;6.56;6.52;4.05;6604
1.04;Good;F;VS2;63.7;58;6.34;6.43;4.07;6606
1;Premium;G;VS1;62.4;59;6.35;6.4;3.98;6606
1.01;Premium;E;VS2;62.4;60;6.43;6.39;4;6606
1.01;Good;E;VS2;56.7;61;6.71;6.66;3.79;6606
1.01;Premium;E;VS2;60.8;60;6.46;6.43;3.92;6606
1.01;Premium;E;VS2;62.5;58;6.44;6.4;4.01;6606
1.01;Premium;E;VS2;62.9;59;6.36;6.3;3.98;6606
1.21;Premium;H;VS1;61.9;60;6.88;6.78;4.23;6607
1.22;Very Good;D;SI2;59;58;6.96;7.08;4.14;6607
1;Ideal;H;VVS2;62.9;55;6.34;6.39;4;6607
0.63;Ideal;D;IF;62.5;55;5.5;5.47;3.43;6607
1.25;Ideal;G;SI1;60.4;57;7.03;7;4.24;6608
1.22;Premium;H;VS2;62.3;58;6.85;6.77;4.24;6608
1;Premium;F;VS2;61.7;56;6.48;6.39;3.97;6608
1;Premium;F;VS2;62.7;58;6.4;6.33;3.99;6608
1.37;Very Good;G;SI2;62.8;57;7.06;7.12;4.45;6609
1.07;Very Good;G;VS1;58.6;60;6.65;6.76;3.93;6610
1.03;Ideal;D;SI1;61.3;56;6.48;6.54;3.99;6610
1.27;Premium;I;VS1;59.5;61;7.08;7.04;4.2;6611
1;Ideal;G;VS2;62.1;57;6.42;6.37;3.97;6612
1.02;Very Good;E;VS2;59.2;58;6.52;6.58;3.88;6612
1.01;Good;D;VS1;61.1;56;6.36;6.43;3.91;6612
1.01;Very Good;G;VS1;59.1;58;6.56;6.63;3.9;6613
1.01;Very Good;G;VS1;62.2;53;6.48;6.54;4.05;6613
1.02;Ideal;H;VVS2;62;56;6.42;6.45;3.99;6613
1.01;Good;G;VS1;57.7;63;6.55;6.65;3.81;6613
1.02;Ideal;F;VS2;62.7;57;6.44;6.47;4.05;6614
1.33;Premium;H;VS2;59.9;60;7.13;7.09;4.26;6614
1.1;Ideal;H;VVS2;59.7;58;6.76;6.7;4.01;6616
1.31;Ideal;I;VS1;62.1;56;7.01;7.04;4.36;6617
1.04;Ideal;G;VS2;61.6;55;6.51;6.55;4.02;6617
1.09;Ideal;G;VS2;60.9;57;6.69;6.72;4.08;6617
1.23;Ideal;H;SI1;62.4;54;6.83;6.89;4.28;6617
1.01;Premium;G;VS1;62.3;59;6.42;6.38;3.99;6618
1.01;Very Good;G;VS1;63.2;58;6.38;6.34;4.02;6618
1.01;Premium;G;VS1;62.8;59;6.37;6.34;3.99;6618
1.01;Premium;G;VS1;62.6;59;6.43;6.38;4.01;6618
1.01;Ideal;G;VS1;61.8;57;6.45;6.4;3.97;6618
1.01;Good;G;VS1;63.7;57;6.37;6.32;4.04;6618
1.01;Ideal;G;VS1;61.2;57;6.47;6.41;3.94;6618
1.01;Premium;G;VS1;60.2;59;6.58;6.51;3.94;6618
1.01;Premium;G;VS1;62.7;58;6.41;6.38;4.01;6618
1.01;Premium;G;VS1;62.6;59;6.46;6.38;4.02;6618
1.01;Ideal;G;VS2;61.4;58;6.47;6.44;3.97;6618
1;Very Good;F;VS2;61.1;60;6.36;6.43;3.91;6619
1.2;Ideal;D;SI2;61.7;56;6.81;6.88;4.22;6619
1.04;Ideal;H;VVS2;62.2;55;6.48;6.52;4.04;6619
1.14;Premium;G;VS2;61.2;58;6.75;6.71;4.12;6619
1.06;Ideal;H;VS2;62.3;53;6.58;6.56;4.09;6619
1.21;Ideal;H;SI1;60.3;60;6.9;6.87;4.15;6620
1.22;Premium;H;SI1;62;58;6.81;6.76;4.21;6620
1.1;Ideal;F;SI1;61.6;54;6.66;6.69;4.11;6621
1.01;Very Good;E;VS2;59.9;57;6.52;6.57;3.92;6622
1.02;Very Good;G;VS1;62.4;58;6.37;6.42;3.99;6622
1.08;Premium;D;SI1;62.8;58;6.62;6.51;4.12;6623
1.08;Very Good;H;VVS1;63.1;57;6.57;6.52;4.13;6623
1.24;Very Good;H;SI1;62.4;58;6.93;6.82;4.29;6625
1.01;Good;F;VS1;61.8;57;6.34;6.44;3.95;6626
1.02;Premium;F;VS2;61.8;56;6.54;6.46;4.02;6626
1.36;Premium;J;VS2;61.9;59;7.09;7.06;4.38;6626
1.2;Premium;H;VS1;61.3;58;6.85;6.81;4.19;6626
1.06;Very Good;F;VS2;62.7;55;6.54;6.5;4.09;6627
1.03;Premium;G;VS1;62.2;59;6.41;6.46;4;6628
1.03;Very Good;G;VS1;60.7;58;6.5;6.55;3.96;6628
1.39;Very Good;G;SI2;61.5;62;7.09;7.16;4.38;6628
1.14;Ideal;H;VS2;62;54;6.72;6.74;4.17;6628
1.04;Ideal;G;VS2;61.9;57;6.48;6.5;4.02;6628
1.21;Ideal;H;SI1;62.1;56;6.81;6.84;4.23;6629
1.57;Premium;J;VS2;59.9;57;7.56;7.52;4.52;6629
1.51;Very Good;I;SI2;63.1;60;7.19;7.13;4.52;6630
1.01;Very Good;D;SI1;62.1;59;6.37;6.41;3.97;6630
1.1;Ideal;H;VS1;61.7;56;6.61;6.65;4.09;6630
1.91;Fair;H;SI2;64.6;56;7.76;7.7;4.99;6632
1.02;Very Good;F;VS2;59.9;56;6.56;6.6;3.94;6632
1.01;Very Good;G;VS1;64.4;59;6.26;6.31;4.05;6632
1.04;Ideal;G;VS1;61.1;56;6.58;6.55;4.01;6632
1.4;Ideal;J;VS2;62.2;57;7.17;7.08;4.43;6633
1.27;Ideal;H;SI1;61.7;57;6.95;6.93;4.28;6635
1.55;Premium;J;SI2;62.6;60;7.36;7.3;4.59;6635
1.69;Ideal;H;I1;62;56;7.61;7.66;4.73;6636
1.2;Ideal;D;SI2;61;60;6.81;6.84;4.16;6636
1.03;Ideal;H;VVS2;62.2;55;6.43;6.49;4.03;6638
1.24;Ideal;J;VS2;62.1;56;6.86;6.9;4.27;6639
1.2;Ideal;I;VS1;62.5;55;6.76;6.81;4.24;6639
1.52;Premium;I;SI1;58.8;61;7.5;7.46;4.4;6639
1.54;Premium;I;SI2;62.4;59;7.33;7.35;4.58;6640
1.21;Premium;H;SI1;60.2;58;6.93;6.88;4.16;6640
1;Premium;F;VS2;61.9;59;6.41;6.36;3.95;6640
1;Premium;F;VS2;60.5;59;6.57;6.39;3.92;6640
1;Very Good;G;VS1;62.4;57;6.38;6.41;3.99;6642
1.09;Ideal;H;VS1;61.3;54;6.66;6.68;4.09;6643
1.13;Ideal;G;VS2;62.7;57;6.68;6.65;4.18;6644
1.07;Premium;G;VS2;62.9;59;6.52;6.49;4.09;6644
1.07;Premium;G;VS2;62.5;57;6.58;6.5;4.09;6644
1.03;Ideal;G;VS2;62.8;55;6.48;6.44;4.05;6645
1.38;Premium;H;SI2;62.1;60;7.13;7.08;4.41;6646
1.02;Ideal;G;VS2;62.3;55;6.45;6.48;4.03;6648
1.02;Ideal;G;VS2;61.7;56;6.44;6.52;4;6648
1.07;Ideal;G;VS2;62.4;55;6.53;6.58;4.09;6648
1.01;Very Good;F;VS2;60.6;55;6.5;6.56;3.96;6649
1.09;Good;H;VVS2;58.8;61;6.72;6.78;3.97;6651
1.01;Fair;F;VS1;61.7;61;6.6;6.49;4.04;6651
1.12;Ideal;G;VS2;62;56;6.64;6.69;4.13;6652
1.2;Very Good;I;VS1;62.8;54.5;6.75;6.79;4.25;6652
1.02;Premium;F;VS2;62.4;59;6.4;6.45;4.01;6652
0.91;Ideal;D;VS1;62.3;59;6.16;6.19;3.85;6652
1.21;Very Good;I;VVS2;61.1;57;6.83;6.85;4.18;6653
2.25;Fair;H;I1;67.7;58;8.01;7.97;5.41;6653
1.1;Premium;G;VS2;60.2;58;6.75;6.71;4.05;6653
1.32;Premium;I;SI1;60.3;60;7.14;7.09;4.29;6653
1.2;Good;E;SI1;59.9;64;6.84;6.79;4.08;6653
1.04;Good;F;VS1;63.9;55;6.49;6.4;4.12;6653
1.1;Premium;G;VS2;61.2;62;6.64;6.6;4.05;6653
1.2;Premium;E;SI1;61.8;56;6.82;6.75;4.19;6653
1.1;Ideal;G;VS2;62;56;6.68;6.6;4.12;6653
1.1;Ideal;G;VS2;60;57;6.74;6.7;4.03;6653
1.22;Ideal;H;SI1;61.8;57;6.83;6.85;4.23;6654
1.27;Very Good;I;SI1;63;60;6.86;6.8;4.3;6654
1.22;Very Good;G;SI1;61.8;58;6.82;6.88;4.23;6656
1.26;Premium;F;SI2;61.3;58;6.99;6.91;4.26;6657
1.02;Very Good;F;VS2;63.2;57;6.34;6.41;4.03;6659
1.03;Ideal;G;VS1;63;56;6.46;6.43;4.06;6659
1.03;Premium;G;VS1;62.2;57;6.47;6.42;4.01;6659
1.53;Fair;J;VS2;64.7;58;7.24;7.22;4.68;6659
1.21;Ideal;F;SI1;61.1;55;6.87;6.85;4.19;6659
1.21;Premium;F;SI1;60;60;6.96;6.91;4.16;6659
1.06;Ideal;G;VS2;62.2;56;6.51;6.54;4.06;6660
1.32;Premium;F;SI2;60.6;60;7.1;7.05;4.29;6660
1.25;Ideal;H;SI1;62.2;57;6.86;6.9;4.28;6661
1.22;Premium;H;VS1;63;59;6.8;6.73;4.26;6661
1.18;Ideal;I;VS1;62.6;55;6.79;6.73;4.24;6661
1.03;Very Good;F;VS1;61.7;56;6.47;6.49;4;6662
1.56;Very Good;J;SI2;61.4;58;7.4;7.45;4.56;6662
1.56;Very Good;J;SI2;62;57;7.37;7.44;4.59;6662
1.19;Ideal;H;VS2;62.1;59;6.82;6.73;4.21;6662
1.03;Good;F;VS2;63.9;59;6.38;6.35;4.07;6662
1.03;Ideal;F;VS2;60.7;56;6.58;6.56;3.99;6662
1.06;Very Good;G;VS1;62.8;54;6.5;6.56;4.1;6663
1.06;Very Good;G;VS1;63.1;57;6.42;6.49;4.07;6663
1.01;Ideal;G;VS2;60.9;57;6.48;6.51;3.95;6663
1.25;Premium;I;VS1;60.4;59;7.01;6.94;4.21;6664
1.26;Premium;H;SI1;62.2;58;6.93;6.87;4.29;6664
1;Ideal;D;SI1;62.5;55;6.42;6.34;3.99;6664
1.23;Very Good;G;SI1;63.1;56;6.81;6.78;4.29;6665
1.2;Premium;H;VS2;62.8;59;6.75;6.7;4.22;6666
1.01;Very Good;E;VS2;61.9;55;6.38;6.44;3.97;6666
1.01;Very Good;E;VS2;62.9;58;6.36;6.39;4.01;6666
1.01;Very Good;E;VS2;62.7;57;6.31;6.36;3.97;6666
1.01;Good;E;VS2;63.5;58;6.34;6.36;4.03;6666
1.01;Good;E;VS2;63.4;60;6.31;6.37;4.02;6666
0.32;Ideal;H;SI2;61.4;56;4.4;4.43;2.71;420
0.29;Ideal;G;SI1;62.1;54;4.25;4.29;2.65;420
0.25;Ideal;I;VVS1;61.9;55;4.07;4.1;2.53;421
0.31;Ideal;I;VS2;61.2;55;4.36;4.4;2.68;421
0.31;Ideal;H;SI2;61.1;56;4.4;4.42;2.69;421
0.31;Ideal;H;SI2;61.3;55;4.35;4.38;2.67;421
0.31;Ideal;H;SI2;61;56;4.36;4.39;2.67;421
0.31;Ideal;E;SI2;59.5;61;4.42;4.45;2.64;421
0.31;Ideal;H;SI1;61.3;55;4.35;4.39;2.68;421
0.31;Ideal;H;SI1;61.3;55;4.36;4.41;2.69;421
0.31;Ideal;H;SI1;61.3;57;4.36;4.38;2.68;421
0.36;Premium;J;SI1;61.3;60;4.52;4.59;2.79;421
0.3;Very Good;H;SI1;62.2;60;4.24;4.28;2.65;421
0.32;Good;I;SI1;63.5;57;4.3;4.33;2.74;421
0.3;Very Good;H;SI1;62.6;58;4.22;4.28;2.66;421
0.32;Ideal;G;SI2;62.5;55;4.37;4.4;2.74;421
0.32;Good;F;SI2;63.1;56;4.34;4.38;2.75;421
0.32;Premium;J;VS1;61.9;58;4.33;4.39;2.7;421
0.3;Very Good;H;SI1;62.9;57;4.28;4.31;2.7;421
0.3;Good;H;SI1;63.7;56;4.2;4.22;2.68;421
0.32;Premium;J;VS1;61.7;58;4.38;4.4;2.71;421
0.3;Ideal;H;SI1;62.6;55;4.28;4.32;2.69;421
0.3;Very Good;H;SI1;61.6;62;4.24;4.3;2.63;421
0.32;Ideal;J;VS1;61.3;57;4.41;4.43;2.71;421
0.3;Very Good;H;SI1;59.4;63;4.35;4.4;2.6;421
0.3;Premium;H;SI1;61.2;60;4.29;4.31;2.63;421
0.32;Very Good;F;SI2;62.6;56;4.37;4.41;2.75;421
0.3;Good;H;SI1;63.4;58;4.26;4.29;2.71;421
0.32;Good;F;SI2;63.5;56;4.35;4.37;2.77;421
0.3;Very Good;E;SI2;61.7;61;4.29;4.33;2.66;421
0.31;Very Good;F;VS2;58.8;58;4.45;4.49;2.63;609
0.31;Ideal;H;VVS2;61.4;55;4.37;4.39;2.69;609
0.31;Ideal;H;VVS2;61.4;56;4.38;4.41;2.7;609
0.31;Ideal;H;VVS2;62.2;54;4.36;4.38;2.72;609
0.39;Ideal;I;SI1;62.1;55;4.66;4.71;2.91;609
0.3;Ideal;F;SI1;61.9;57;4.28;4.31;2.66;609
0.3;Ideal;F;SI1;61.2;55;4.35;4.37;2.67;609
0.3;Ideal;F;SI1;60.6;57;4.34;4.37;2.64;609
0.3;Very Good;D;VS2;62.9;55;4.31;4.34;2.72;610
0.31;Very Good;E;VS1;64;55;4.29;4.33;2.76;610
0.3;Ideal;H;VVS2;62.3;54.4;4.28;4.32;2.68;610
0.32;Ideal;F;VS2;60.9;56;4.41;4.45;2.7;610
0.33;Ideal;H;VS1;61.6;55;4.46;4.48;2.75;610
0.33;Ideal;H;VS1;62.6;56;4.39;4.42;2.75;610
0.38;Ideal;I;SI1;61.7;56;4.64;4.67;2.87;610
0.33;Premium;H;SI1;63;58;4.42;4.4;2.78;610
0.33;Ideal;H;SI1;63;57;4.41;4.39;2.77;610
0.3;Very Good;D;VS1;61.2;55;4.32;4.34;2.65;610
0.3;Good;D;VS1;64.3;56;4.22;4.27;2.73;610
0.3;Premium;D;VS1;60.2;59;4.39;4.42;2.65;610
0.23;Very Good;D;VS1;61.5;58;3.93;3.98;2.43;611
0.4;Very Good;E;SI2;58.7;57;4.88;4.94;2.88;611
0.4;Very Good;E;SI2;61.6;55;4.75;4.83;2.95;611
0.41;Good;G;SI2;63.6;54;4.7;4.74;3;611
0.41;Premium;J;VS2;61.9;59;4.69;4.74;2.92;611
0.41;Good;G;SI2;63.4;58;4.7;4.73;2.99;611
0.41;Good;J;VS2;63.4;56;4.7;4.73;2.99;611
0.41;Good;I;SI1;63.8;57;4.67;4.7;2.99;611
0.41;Premium;G;SI2;61.4;58;4.75;4.8;2.93;611
0.28;Very Good;E;VVS2;61.4;55;4.22;4.25;2.6;612
1.01;Premium;E;VS2;62;59;6.44;6.46;4;6666
1.01;Very Good;E;VS2;60.4;58;6.47;6.51;3.92;6666
1.2;Ideal;H;VS2;62;56;6.86;6.81;4.24;6666
1.2;Premium;H;VS2;60.6;58;6.88;6.82;4.15;6666
1.2;Very Good;G;SI1;63.5;56;6.77;6.7;4.28;6666
1.06;Ideal;G;VS2;61.1;57;6.59;6.56;4.02;6667
1.33;Premium;F;SI2;59.9;58;7.13;7.17;4.28;6668
1.06;Premium;E;VS1;59.1;58;6.66;6.71;3.95;6669
1.01;Very Good;G;VS1;60.9;60;6.47;6.43;3.93;6669
1.04;Very Good;G;VS1;63.1;57;6.39;6.44;4.05;6669
1.01;Premium;G;VVS2;58.5;59;6.66;6.6;3.88;6670
1.25;Ideal;E;SI2;62.3;57;6.83;6.88;4.27;6670
1.01;Premium;E;VS1;61.2;61;6.41;6.33;3.9;6670
1.01;Premium;G;VVS2;62;56;6.49;6.41;4;6670
1.13;Ideal;H;VS2;61.9;56;6.69;6.63;4.13;6670
1.45;Very Good;J;VS2;62.8;57;7.14;7.17;4.49;6671
1.01;Ideal;F;VS2;60.3;56;6.5;6.56;3.94;6672
1.01;Ideal;G;VS1;62.4;56;6.39;6.44;4;6672
1.2;Very Good;H;VVS1;63.3;56;6.75;6.7;4.26;6672
1.21;Very Good;H;VS2;62.9;58;6.74;6.78;4.25;6673
1.06;Premium;F;VS2;61.8;60;6.58;6.53;4.05;6673
1.01;Premium;F;VS2;60.3;59;6.52;6.45;3.91;6674
1.13;Ideal;E;SI1;61.7;57;6.65;6.81;4.15;6674
0.8;Ideal;F;IF;60.8;56;5.99;6.05;3.66;6674
1.2;Ideal;H;SI1;61.3;57;6.81;6.85;4.19;6675
1.31;Ideal;F;SI2;62.7;57;7.05;6.98;4.4;6676
1.4;Very Good;I;SI2;62.4;59;7.12;7.17;4.46;6677
1.18;Ideal;I;VVS2;62.7;55;6.7;6.79;4.23;6678
1.01;Very Good;F;VS1;63.9;55;6.28;6.36;4.04;6679
0.9;Ideal;G;VVS1;61.5;56;6.22;6.24;3.83;6680
1.51;Premium;J;SI1;60.4;62;7.42;7.32;4.45;6680
1.14;Good;G;VS2;63.2;58;6.63;6.67;4.2;6681
1.23;Ideal;H;SI1;61.5;57;6.92;6.89;4.25;6681
1.13;Ideal;E;SI1;62.2;55;6.69;6.66;4.15;6682
1.02;Ideal;G;VS1;62.2;57;6.47;6.43;4.01;6683
1.12;Premium;G;VS2;62.3;59;6.71;6.61;4.15;6683
1.12;Ideal;G;VS2;60.8;57;6.74;6.69;4.08;6683
1.02;Premium;G;VS1;61;58;6.55;6.49;3.98;6683
1.02;Premium;G;VS1;62;56;6.5;6.43;4.01;6683
1.02;Ideal;G;VS1;62.2;56;6.46;6.4;4;6683
1.21;Very Good;H;VS2;62.8;57;6.77;6.82;4.27;6684
1.07;Ideal;I;VVS1;62.3;57;6.56;6.6;4.1;6685
1.33;Premium;G;SI2;60.3;58;7.19;7.16;4.33;6685
1.24;Premium;H;SI1;60.2;60;6.91;6.94;4.17;6686
1.31;Very Good;I;SI1;62.6;59;6.97;6.86;4.33;6686
2.01;Good;F;I1;64;56;7.93;7.91;5.07;6686
1.5;Good;J;SI1;59.1;64;7.32;7.43;4.36;6687
0.9;Ideal;D;VS2;61.2;56;6.2;6.26;3.81;6689
1.08;Premium;G;VS1;62;60;6.55;6.51;4.05;6689
1.21;Ideal;I;VS1;61.5;56;6.83;6.87;4.22;6691
1.21;Ideal;I;VS1;61.5;58;6.84;6.88;4.22;6691
1.04;Ideal;F;VS2;62.1;57;6.48;6.53;4.04;6692
1;Premium;F;VS1;61.3;59;6.45;6.42;3.95;6692
1.04;Very Good;H;IF;62;55;6.51;6.55;4.05;6694
1.02;Very Good;G;VS1;61.9;58;6.44;6.48;4;6694
1.39;Premium;I;SI1;62.1;57;7.22;7.08;4.44;6694
1.22;Premium;G;SI1;63;57;6.84;6.74;4.28;6695
1.01;Premium;E;VS2;60.4;57;6.49;6.45;3.91;6697
1.06;Ideal;H;VVS2;61.8;60;6.52;6.49;4.02;6698
1;Very Good;G;VS1;60.6;63;6.42;6.45;3.9;6699
1;Very Good;F;VS2;63.2;56;6.32;6.37;4.01;6701
1.28;Premium;H;SI1;59.9;59;7.08;7.05;4.23;6701
1.28;Ideal;H;SI1;62.4;56;6.93;6.91;4.32;6701
1.57;Very Good;J;SI2;62.1;60;7.37;7.41;4.59;6702
1;Premium;G;VVS2;62.5;60;6.43;6.34;3.99;6702
1.01;Premium;F;VS2;60.8;57;6.52;6.47;3.95;6702
1.01;Premium;H;IF;62.1;59;6.47;6.41;4;6702
1.2;Very Good;E;SI1;61;59;6.91;6.83;4.19;6703
1.05;Good;H;IF;64.3;58;6.5;6.35;4.13;6703
1.22;Very Good;G;SI1;62.4;57;6.75;6.8;4.23;6704
1.02;Ideal;E;VS2;60.7;56;6.58;6.61;4;6704
1.08;Ideal;G;VS2;61.3;56;6.62;6.59;4.05;6706
1.06;Very Good;G;VS1;60.5;56;6.65;6.6;4.01;6707
1.01;Premium;F;VS2;61.6;59;6.43;6.39;3.95;6707
1.21;Very Good;F;SI1;59.4;56;6.95;7;4.14;6708
1.1;Very Good;F;VS2;62;59;6.56;6.6;4.08;6708
1.21;Good;E;SI1;64.2;58;6.65;6.59;4.25;6708
1.08;Good;G;VS2;58.9;58;6.69;6.75;3.96;6708
1.21;Premium;H;VS2;58.8;59;7.01;6.98;4.11;6708
1.04;Premium;G;VS2;60.1;59;6.59;6.56;3.95;6709
1.04;Ideal;G;VS2;62.5;57;6.49;6.46;4.05;6709
1.04;Premium;G;VS2;61.8;58;6.51;6.46;4.01;6709
1.23;Very Good;D;SI2;62.3;58;6.78;6.81;4.23;6710
1.2;Good;H;VS2;63.3;59;6.74;6.78;4.28;6710
1.21;Premium;H;VS2;60.8;58;6.91;6.88;4.19;6710
1.21;Premium;H;VS2;61.5;58;6.82;6.78;4.18;6710
1.51;Premium;J;SI2;61.9;56;7.44;7.29;4.56;6712
1.2;Very Good;H;VS1;61.8;56;6.82;6.86;4.23;6713
1.22;Good;I;VS1;59.2;61;7.01;6.95;4.13;6713
1.11;Premium;G;VS2;60.8;58;6.7;6.65;4.06;6713
1.11;Ideal;G;VS2;62.2;55;6.67;6.61;4.13;6713
1.11;Premium;G;VS2;59;59;6.79;6.76;4;6713
1.11;Premium;G;VS2;62.3;58;6.65;6.61;4.13;6713
1.01;Very Good;F;VS2;63.6;59;6.3;6.34;4.02;6714
1.01;Very Good;E;VS2;62.9;60;6.36;6.4;4.01;6714
1.3;Ideal;I;VS2;61.7;56;7.07;7.02;4.35;6714
1.26;Ideal;H;SI1;61;56;7;7.04;4.28;6715
1.06;Premium;E;VS2;62.3;58;6.49;6.52;4.05;6716
1.56;Ideal;H;SI2;62.3;55;7.39;7.35;4.59;6716
1.5;Fair;I;SI2;64.8;58;7.05;7.15;4.6;6717
1.01;Very Good;F;VS1;61;58;6.47;6.54;3.97;6719
1;Premium;E;VS2;62.8;60;6.36;6.32;3.98;6720
1;Premium;E;VS2;62.1;59;6.38;6.34;3.95;6720
1.5;Premium;G;SI2;58.3;61;7.55;7.4;4.34;6720
1.5;Ideal;G;SI2;63;57;7.31;7.2;4.57;6720
1.2;Good;G;VS2;64;59;6.8;6.63;4.3;6720
1;Premium;E;VS2;60.4;57;6.49;6.46;3.91;6720
1;Ideal;E;VS2;61.6;57;6.44;6.38;3.95;6720
1;Ideal;E;VS2;62.8;57;6.37;6.34;3.99;6720
1;Premium;E;VS2;61.5;58;6.42;6.39;3.94;6720
1;Premium;E;VS2;62.7;59;6.38;6.31;3.98;6720
1;Premium;E;VS2;60;60;6.43;6.43;3.89;6720
1;Ideal;E;VS2;62.1;56;6.42;6.39;3.98;6720
1.2;Premium;H;VS1;58.5;61;6.98;6.93;4.07;6720
1.21;Premium;H;VS2;60.5;60;6.95;6.9;4.19;6722
1.28;Very Good;I;VS1;62.8;57;6.9;6.95;4.35;6726
1.2;Premium;H;VS1;62.7;58;6.75;6.65;4.2;6727
1.43;Fair;I;VS1;50.8;60;7.73;7.25;3.93;6727
1.21;Ideal;H;SI1;61.8;55;6.82;6.86;4.23;6727
1.22;Ideal;H;SI1;62.2;54;6.83;6.86;4.26;6727
1;Premium;G;VS1;62.4;59;6.4;6.35;3.98;6727
1.56;Ideal;J;SI1;61.8;57;7.44;7.39;4.58;6727
1.04;Good;F;VS2;63.7;58;6.43;6.34;4.07;6727
1.06;Ideal;G;VS2;61.9;55;6.54;6.57;4.06;6728
1.06;Ideal;G;VS2;61.6;56;6.53;6.59;4.04;6728
1.24;Premium;H;SI1;60.4;59;6.97;6.93;4.2;6729
1.07;Premium;G;VS1;62;58;6.59;6.53;4.07;6730
1.07;Premium;G;VS1;58.6;60;6.76;6.65;3.93;6730
1.37;Ideal;G;SI2;62.8;57;7.12;7.06;4.45;6730
1.5;Good;I;SI2;58.5;60;7.41;7.5;4.36;6731
1;Very Good;E;VS2;61.9;57;6.35;6.38;3.94;6732
1.02;Very Good;E;VS2;58.4;57;6.59;6.64;3.86;6732
1.02;Ideal;E;VS2;62.7;56;6.38;6.44;4.02;6732
1.01;Very Good;H;VVS1;60.6;56;6.5;6.53;3.95;6733
1.03;Very Good;F;VS1;60.2;55;6.62;6.56;3.97;6733
1.26;Very Good;G;SI1;63;59;6.84;6.88;4.32;6733
1.26;Very Good;G;SI1;61.7;60;6.85;6.9;4.24;6733
1.01;Premium;D;VS1;61.1;56;6.43;6.36;3.91;6733
1.01;Ideal;G;VS2;62.1;57;6.4;6.45;3.99;6734
1.01;Ideal;G;VS2;61;56;6.47;6.51;3.96;6734
1.02;Ideal;F;VS2;62.7;57;6.47;6.44;4.05;6734
1.02;Fair;G;VVS2;64.6;59;6.31;6.29;4.07;6736
1.31;Premium;I;VS1;58.5;60;7.18;7.15;4.19;6737
1.11;Ideal;E;SI1;62.5;54;6.62;6.63;4.13;6737
1.01;Very Good;D;VS2;62.9;58;6.35;6.41;4.01;6738
1.02;Good;G;VS1;63.3;58;6.38;6.42;4.05;6738
1.26;Ideal;G;SI1;59.6;57;7.08;7.04;4.21;6738
1.2;Ideal;D;SI2;61.7;56;6.88;6.81;4.22;6740
1.14;Ideal;G;SI1;61.7;56;6.71;6.75;4.15;6741
1.2;Ideal;G;SI1;62.2;58;6.77;6.84;4.23;6741
1.47;Premium;I;SI2;62.4;55;7.34;7.24;4.55;6742
1.2;Premium;E;SI1;62.5;56;6.75;6.71;4.21;6742
1.2;Ideal;H;SI1;62.5;56;6.84;6.79;4.26;6742
1;Very Good;G;VS2;62.2;58;6.35;6.39;3.96;6743
1.1;Ideal;E;SI1;61.3;56;6.65;6.7;4.09;6743
1.18;Good;G;SI1;58;59;6.98;7.03;4.06;6743
1.13;Premium;G;VS2;62.5;58;6.69;6.59;4.15;6743
1.21;Very Good;H;VS2;62.1;60;6.77;6.83;4.22;6745
1;Very Good;D;VS2;59.6;60;6.52;6.57;3.9;6745
1.5;Ideal;J;SI1;59.4;62;7.38;7.35;4.38;6745
1.5;Good;J;SI2;60.9;62;7.3;7.32;4.45;6746
1.21;Good;H;VS1;63.3;58;6.72;6.77;4.27;6748
1;Good;G;VVS2;62.4;61;6.32;6.3;3.94;6748
1.03;Premium;G;VS1;60.7;58;6.55;6.5;3.96;6749
1.03;Premium;G;VS1;62.2;59;6.46;6.41;4;6749
1.18;Ideal;I;VVS1;62.6;54;6.74;6.78;4.23;6750
1.5;Good;J;SI2;63.6;57;7.3;7.23;4.62;6750
1.5;Premium;J;SI2;61.4;61;7.36;7.3;4.5;6750
1.23;Premium;G;SI1;62.4;55;6.89;6.83;4.28;6750
1.23;Ideal;H;SI1;61.7;55;6.94;6.9;4.27;6750
1.07;Very Good;H;VVS2;61.3;56;6.54;6.59;4.03;6751
1.03;Ideal;F;VS2;62.4;56;6.48;6.43;4.03;6751
1.37;Premium;E;SI2;61;57;7.25;7.19;4.4;6751
1.41;Premium;I;SI2;62.9;59;7.14;7.08;4.47;6751
1.02;Very Good;E;VS2;62.9;56;6.37;6.47;4.04;6752
2.03;Fair;F;I1;65.6;56;7.89;7.86;5.16;6753
1.14;Ideal;H;VS2;62.6;53;6.67;6.72;4.19;6753
1.24;Very Good;I;VS1;59.4;58;7.04;7.09;4.2;6754
1.01;Very Good;E;VS2;61.6;58;6.43;6.49;3.98;6754
1.35;Ideal;J;VS2;61.8;54;7.1;7.14;4.4;6754
1.41;Premium;J;VS2;62.7;56;7.2;7.16;4.5;6754
1.34;Premium;I;VS2;61.8;59;7.07;7.04;4.36;6754
1.27;Premium;H;VS2;62.6;59;6.83;6.93;4.31;6755
1.16;Ideal;E;SI1;61.9;55;6.74;6.79;4.19;6755
1.51;Premium;I;SI1;62.2;61;7.35;7.27;4.55;6756
1.69;Ideal;H;I1;62;56;7.66;7.61;4.73;6757
1.3;Very Good;H;SI1;62.3;58;6.97;7.03;4.36;6758
1.11;Ideal;I;VS1;61.2;57;6.67;6.7;4.09;6758
1.01;Premium;G;VS1;60.9;58;6.43;6.47;3.93;6759
1.01;Good;G;VS1;63.8;57;6.35;6.38;4.06;6759
1.01;Fair;F;VS1;64.7;54;6.33;6.28;4.08;6759
1.29;Ideal;H;SI1;63.2;57;6.89;6.96;4.38;6760
1.28;Premium;I;VS2;61.7;60;7.05;6.95;4.32;6762
1;Very Good;D;VS2;62.6;58;6.31;6.38;3.97;6762
1.02;Very Good;E;VS2;59.1;60;6.61;6.51;3.88;6762
1.29;Ideal;F;SI2;60.7;58;7;7.07;4.27;6762
1.2;Ideal;G;SI1;61.8;59;6.77;6.8;4.19;6762
1.22;Premium;I;VS1;62.6;57.4;6.76;6.8;4.24;6763
1.22;Very Good;I;VS1;62.9;53.8;6.79;6.83;4.29;6763
1.47;Very Good;J;VS2;62.5;59;7.18;7.23;4.5;6763
1.34;Very Good;I;SI1;61.1;59;7.05;7.12;4.33;6763
1.04;Premium;E;VS1;58.6;59;6.68;6.64;3.9;6765
1.04;Very Good;G;VVS1;58.2;60;6.66;6.71;3.89;6766
1.05;Very Good;G;VS1;61.8;58;6.5;6.55;4.03;6766
1.28;Very Good;H;SI2;60.4;61;7.08;7.03;4.26;6766
1.16;Ideal;F;SI1;62.6;58;6.68;6.73;4.2;6768
0.97;Premium;F;VVS2;58.1;60;6.53;6.49;3.78;6768
1.08;Ideal;G;VS2;60.3;59;6.62;6.64;4;6769
1.01;Very Good;F;VS2;62.3;59;6.37;6.41;3.98;6770
1.5;Very Good;H;SI2;63.3;57;7.27;7.21;4.59;6770
1.5;Good;H;SI2;63.6;60;7.3;7.23;4.63;6770
1.01;Very Good;E;VS2;64;56;6.22;6.37;4.03;6771
1.15;Ideal;H;VS2;62.8;54;6.7;6.75;4.22;6772
1.01;Very Good;G;VS2;62.9;54;6.35;6.4;4;6773
1.01;Very Good;F;VS2;61.6;57;6.39;6.46;3.96;6773
1.51;Very Good;J;SI2;62.8;59;7.23;7.26;4.55;6773
1.04;Ideal;G;VS2;61.6;57;6.49;6.54;4.01;6773
1.02;Premium;F;VS2;62.4;59;6.45;6.4;4.01;6773
1.2;Premium;F;SI1;61;62;6.96;6.81;4.2;6774
1.12;Premium;G;VS2;60.7;53;6.81;6.7;4.1;6774
1.2;Ideal;I;VS1;62.8;55;6.79;6.75;4.25;6774
1.12;Ideal;G;VS2;62;56;6.69;6.64;4.13;6774
1.12;Ideal;G;VS2;62.2;54;6.65;6.62;4.13;6774
1;Good;E;VS2;63.1;56;6.37;6.41;4.03;6776
1.1;Very Good;E;VS2;61.9;55;6.61;6.67;4.11;6776
1.22;Premium;H;SI1;61.8;57;6.86;6.82;4.23;6776
1;Premium;D;VS2;60.8;61;6.41;6.39;3.89;6776
1;Very Good;D;VS2;63.5;57;6.37;6.32;4.03;6776
1.22;Ideal;H;SI1;61.8;57;6.85;6.83;4.23;6776
1.01;Very Good;H;VVS1;61.1;58;6.41;6.45;3.93;6777
1.08;Very Good;G;VS2;60.6;58;6.65;6.71;4.05;6777
1.01;Very Good;G;VS1;58.8;58;6.52;6.61;3.86;6777
1.22;Premium;G;SI1;61.8;58;6.88;6.82;4.23;6777
1.07;Premium;G;VS2;61.9;58;6.54;6.55;4.05;6779
1.25;Ideal;D;SI2;61.9;54.4;6.9;6.93;4.28;6779
1.38;Premium;G;SI2;59.2;59;7.35;7.29;4.33;6779
1.08;Ideal;G;VS1;62;55;6.62;6.57;4.09;6779
1.07;Very Good;G;VS1;61.2;55;6.63;6.67;4.07;6780
1.19;Very Good;H;VS2;60.5;59;6.97;7;4.17;6781
1.37;Very Good;G;SI2;63.4;61;6.95;7.03;4.43;6781
1.04;Premium;F;VS2;61.7;59;6.45;6.49;3.99;6782
1.25;Good;H;SI1;63.7;58;6.81;6.79;4.33;6783
1.03;Premium;F;VS1;61.7;56;6.49;6.47;4;6783
1.25;Premium;H;SI1;62.2;57;6.91;6.85;4.28;6783
1.25;Ideal;H;SI1;62.2;57;6.9;6.86;4.28;6783
1.21;Ideal;H;VS1;62.7;56;6.79;6.84;4.27;6784
1.02;Very Good;D;VS2;59.8;61;6.54;6.61;3.93;6785
1.02;Very Good;F;VS1;61.3;59;6.45;6.51;3.97;6785
1.27;Ideal;H;SI1;60.6;57;7.07;7;4.26;6785
1.03;Very Good;G;VS2;62.2;57;6.43;6.46;4.01;6786
1.01;Premium;E;VS2;62;59;6.46;6.44;4;6787
1.01;Ideal;E;VS2;61.9;55;6.44;6.38;3.97;6787
1.01;Very Good;E;VS2;63.5;58;6.36;6.34;4.03;6787
1.01;Premium;E;VS2;60.4;58;6.51;6.47;3.92;6787
1.01;Premium;E;VS2;62.7;57;6.36;6.31;3.97;6787
1.01;Very Good;E;VS2;63.4;60;6.37;6.31;4.02;6787
1.01;Very Good;E;VS2;63.2;57;6.38;6.35;4.02;6787
1.01;Very Good;F;VS2;63.1;58;6.4;6.35;4.02;6787
1.01;Premium;G;VS1;60.3;58;6.56;6.5;3.94;6787
1.01;Premium;E;VS2;62.9;58;6.39;6.36;4.01;6787
1.01;Ideal;F;VS2;60.9;57;6.48;6.45;3.94;6787
1.01;Ideal;F;VS2;61.9;55;6.47;6.45;4;6787
1.01;Ideal;F;VS2;62.1;57;6.46;6.42;4;6787
1.65;Premium;G;I1;62;59;7.53;7.57;4.68;6788
1.53;Premium;G;SI2;58.5;59;7.52;7.49;4.39;6788
1.15;Ideal;H;VS2;62.4;56;6.71;6.65;4.17;6788
1.43;Ideal;J;SI1;60.5;58;7.25;7.34;4.41;6789
1.33;Premium;F;SI2;59.9;58;7.17;7.13;4.28;6790
1.33;Ideal;H;SI2;62.3;55;7.01;7.08;4.39;6791
1.52;Premium;I;VS2;61.7;61;7.35;7.3;4.52;6793
1.32;Very Good;I;VS1;63.5;58;6.89;6.94;4.39;6793
1.07;Ideal;G;VS1;61.8;57;6.52;6.58;4.05;6793
1.15;Very Good;H;VVS2;58.8;58;6.87;6.9;4.05;6793
1.03;Ideal;G;VS2;60.7;57;6.53;6.56;3.97;6793
1.25;Ideal;J;VS1;61.2;56;6.93;6.95;4.25;6793
1.2;Good;G;VS2;65.2;56;6.61;6.67;4.33;6793
1.52;Ideal;H;I1;61.6;56;7.75;7.73;4.77;6793
1.01;Very Good;D;VS2;63.3;58;6.35;6.38;4.03;6794
1.01;Good;F;VS1;59;62;6.56;6.6;3.88;6794
1.01;Ideal;G;VS1;62.4;56;6.44;6.39;4;6794
1.01;Ideal;G;VS1;61.5;56;6.48;6.43;3.97;6794
1.01;Ideal;F;VS2;60.3;56;6.56;6.5;3.94;6794
1.01;Very Good;G;VS1;63.1;55;6.34;6.37;4.01;6795
1.02;Ideal;G;VS2;62.3;56;6.46;6.51;4.04;6796
2;Fair;J;I1;66.5;56;7.93;7.8;5.23;6796
1.02;Good;D;VS1;64.6;58;6.22;6.28;4.04;6797
1.02;Ideal;H;VVS2;62.1;56;6.5;6.45;4.02;6797
1.02;Ideal;H;VVS2;62.1;55;6.5;6.46;4.02;6797
1.5;Good;H;SI2;59.8;61;7.39;7.49;4.45;6798
1.11;Ideal;E;SI1;61.1;57;6.64;6.72;4.08;6800
0.97;Ideal;H;VVS1;60.4;57;6.4;6.48;3.89;6801
1.05;Very Good;E;VS2;61.6;58;6.48;6.53;4.01;6803
1.14;Very Good;G;VS2;63.2;58;6.67;6.63;4.2;6803
1;Ideal;F;VS2;62.6;57;6.4;6.35;3.99;6804
0.9;Good;E;IF;63.6;56;6.11;6.02;3.86;6804
1.35;Premium;F;SI2;62.8;60;7.08;7;4.42;6804
1.24;Ideal;D;SI1;61.9;56;6.9;6.87;4.26;6805
1.55;Ideal;J;SI2;62;56;7.42;7.38;4.59;6805
1.3;Ideal;I;VS1;62.1;57;6.98;7.04;4.35;6806
1.3;Premium;I;VS1;62.2;59;6.91;6.97;4.32;6806
0.28;Very Good;E;VVS1;60.9;60;4.25;4.26;2.59;612
0.3;Very Good;E;VS2;60.7;63;4.32;4.35;2.63;612
0.41;Very Good;F;SI2;62.6;54;4.75;4.77;2.98;612
0.28;Very Good;F;IF;62.2;55;4.23;4.26;2.64;612
0.28;Ideal;F;VVS2;61.6;55;4.22;4.26;2.61;612
0.28;Ideal;E;VVS2;60.7;57;4.22;4.25;2.57;612
0.32;Ideal;E;VS2;61.3;56;4.41;4.46;2.72;612
0.3;Ideal;F;VS1;61.5;55;4.31;4.34;2.66;612
0.3;Ideal;F;VS1;62.1;55;4.31;4.35;2.69;612
0.3;Ideal;F;VS1;61.8;55;4.31;4.33;2.67;612
0.3;Ideal;F;VS1;61.9;56;4.3;4.32;2.67;612
0.4;Ideal;I;SI2;61.3;56;4.76;4.79;2.93;612
0.41;Ideal;F;SI2;61.6;54;4.78;4.8;2.95;612
0.41;Ideal;F;SI2;62;53;4.77;4.81;2.97;612
0.4;Ideal;J;SI1;61.6;56;4.72;4.77;2.93;612
0.4;Ideal;J;SI1;61.4;55;4.75;4.8;2.93;612
0.28;Good;E;IF;64.6;58;4.09;4.12;2.65;612
0.34;Ideal;E;SI2;62;56;4.48;4.45;2.77;612
0.34;Premium;E;SI2;61.7;61;4.51;4.47;2.77;612
0.32;Ideal;G;SI1;61.3;56;4.42;4.39;2.7;612
0.32;Premium;G;SI1;62;55;4.43;4.41;2.74;612
0.32;Premium;G;SI1;60.9;56;4.45;4.41;2.7;612
0.32;Premium;G;SI1;59.6;60;4.46;4.43;2.65;612
0.32;Premium;G;SI1;62.6;58;4.37;4.35;2.73;612
0.32;Ideal;G;SI1;63;56;4.38;4.35;2.75;612
0.32;Very Good;G;SI1;63.5;56;4.38;4.35;2.77;612
0.32;Premium;G;SI1;61.6;58;4.4;4.36;2.7;612
0.32;Premium;G;SI1;61;61;4.41;4.38;2.68;612
0.32;Premium;G;SI1;62.6;58;4.35;4.31;2.71;612
0.32;Very Good;D;SI2;63.4;56;4.38;4.36;2.77;612
1.5;Premium;J;SI1;60.5;59;7.38;7.47;4.49;6806
1.01;Ideal;E;VS2;60.5;60;6.46;6.47;3.91;6806
1.03;Very Good;G;VS2;58.8;63;6.7;6.61;3.91;6806
0.96;Ideal;G;VS1;61.1;56;6.34;6.39;3.89;6807
1.05;Very Good;F;VS2;62.8;57;6.45;6.48;4.06;6808
1.24;Premium;H;SI1;60.2;60;6.94;6.91;4.17;6808
1.2;Very Good;E;SI1;61;58;6.83;6.88;4.18;6809
1.06;Ideal;G;VS2;61.3;57;6.56;6.58;4.03;6809
1.04;Ideal;G;VS2;61.9;54;6.53;6.56;4.05;6809
1.03;Ideal;F;VS2;61.4;58;6.49;6.51;3.99;6809
1.1;Very Good;F;VS2;61.4;58;6.63;6.73;4.1;6810
1.32;Very Good;I;SI1;62.1;57;6.99;7.09;4.37;6810
1.05;Ideal;F;VS2;61.6;54;6.54;6.58;4.04;6810
1.52;Premium;D;SI2;62.4;59;7.36;7.29;4.57;6810
1.28;Very Good;D;SI2;61.2;58;6.96;7.09;4.3;6811
1.58;Very Good;F;SI2;63.2;57;7.43;7.38;4.68;6813
1.2;Very Good;G;VS1;63.3;57;6.77;6.71;4.26;6814
1.04;Very Good;G;VS1;63.4;59;6.46;6.38;4.07;6814
1.2;Very Good;H;VS1;63.1;55;6.82;6.77;4.29;6814
1.2;Ideal;H;VS1;62.5;57;6.81;6.73;4.23;6814
1.04;Premium;D;VS2;62;60;6.49;6.45;4.01;6814
1.34;Premium;H;SI1;62.4;57;7.07;6.96;4.38;6814
1.04;Ideal;F;VS2;62.1;57;6.53;6.48;4.04;6814
1.17;Fair;E;VS2;64.5;56;6.75;6.68;4.33;6814
1.04;Premium;G;VS1;61.5;61;6.56;6.51;4.02;6814
1.02;Very Good;E;VS2;62.5;57;6.36;6.41;3.99;6816
1.51;Fair;H;SI2;65.5;56;7.18;7.13;4.69;6816
2.17;Fair;G;I1;55.6;62;8.75;8.69;4.8;6817
1.23;Ideal;I;VS2;62.4;58;6.81;6.88;4.27;6817
1.23;Ideal;I;VS2;62.4;58;6.82;6.86;4.27;6817
1;Very Good;G;VVS2;64.9;57;6.21;6.28;4.05;6818
1.06;Very Good;G;VS2;59.8;58;6.64;6.7;3.99;6818
1;Very Good;F;VS2;63.4;58;6.3;6.39;4.02;6818
1.51;Very Good;I;SI2;63.1;60;7.19;7.13;4.52;6819
1.3;Very Good;I;VS1;62.6;57;6.92;6.95;4.34;6819
1.19;Very Good;H;VS2;61.1;58;6.78;6.83;4.16;6819
1.74;Premium;F;I1;59.9;58;7.88;7.82;4.7;6821
1.13;Premium;F;VS2;59.8;61;6.81;6.76;4.06;6822
1;Good;E;VS1;60.6;63;6.28;6.42;3.85;6822
1.31;Premium;J;VS2;62;59;7.04;6.97;4.34;6822
1.06;Very Good;F;VS2;62.2;57;6.53;6.58;4.08;6823
1.01;Very Good;F;VS1;59.9;59;6.52;6.57;3.92;6825
1.01;Good;F;VS1;61.2;56;6.42;6.49;3.95;6825
1.23;Very Good;I;VS2;61.2;59;6.84;6.81;4.18;6826
1.01;Ideal;G;VS2;60.6;57;6.47;6.53;3.94;6826
1.09;Very Good;G;VS1;62.5;59;6.54;6.57;4.1;6827
1.01;Premium;D;VS2;61;59;6.44;6.41;3.92;6827
1.07;Good;F;VS2;57.6;60;6.83;6.79;3.92;6828
1.17;Ideal;F;SI1;61.1;56;6.77;6.82;4.15;6828
1.32;Good;E;SI1;63.7;56;6.96;6.88;4.41;6830
1.02;Very Good;D;VS2;63.7;55;6.42;6.45;4.1;6830
0.9;Ideal;F;VS2;62.3;56;6.17;6.19;3.85;6830
1.15;Very Good;G;VS2;62.9;58;6.62;6.7;4.19;6831
1.39;Ideal;J;VS2;60.9;57;7.2;7.25;4.4;6831
1.04;Ideal;G;VS1;61.5;55;6.54;6.55;4.02;6831
1.05;Ideal;H;VS1;61.8;55;6.54;6.57;4.05;6833
1.28;Ideal;G;SI2;61.8;56;6.95;6.99;4.31;6833
1.2;Very Good;H;VS2;63.3;59;6.78;6.74;4.28;6833
1.23;Premium;D;SI2;62.3;58;6.81;6.78;4.23;6833
1.21;Ideal;H;VS1;60.7;57;6.86;6.89;4.17;6834
0.8;Very Good;D;IF;63.3;57;5.85;5.87;3.71;6834
1.11;Ideal;H;VVS2;61.4;57;6.63;6.67;4.08;6837
1.05;Ideal;G;VS2;61.6;56;6.52;6.56;4.03;6837
1.1;Ideal;G;SI1;61.6;56;6.62;6.65;4.08;6837
1.26;Ideal;H;SI1;61;56;7.04;7;4.28;6837
1.28;Ideal;I;VS2;61.6;57;7.01;6.98;4.31;6838
1.06;Premium;E;VS2;62.3;58;6.52;6.49;4.05;6838
1.5;Fair;H;SI1;65;57;7.1;7.06;4.6;6838
1.5;Fair;H;SI1;65;57;7.1;7.06;4.6;6838
1.24;Premium;D;SI2;61.4;59;6.87;6.91;4.23;6840
1;Very Good;F;VS2;63.8;56.9;6.29;6.36;4.04;6841
1;Good;F;VS2;61.1;61;6.38;6.45;3.92;6841
1.01;Premium;G;VVS2;60.9;59;6.54;6.59;4;6843
1.01;Good;E;VS2;63.9;59;6.31;6.34;4.04;6843
1.01;Premium;E;VS2;62.2;58;6.36;6.41;3.97;6843
1.01;Good;G;VVS2;63.4;55;6.34;6.41;4.04;6843
1.01;Very Good;G;VVS2;63;59;6.34;6.41;4.01;6843
1.01;Premium;G;VVS2;61.4;58;6.46;6.51;3.98;6843
1.1;Ideal;H;SI1;61.5;56;6.61;6.65;4.08;6844
1.01;Very Good;G;VS1;62.5;56;6.36;6.4;3.99;6846
1.5;Good;H;SI2;60.8;64;7.27;7.2;4.4;6846
1.71;Good;G;SI2;63.7;57;7.54;7.5;4.79;6847
1.23;Very Good;H;VS2;62.4;58;6.8;6.85;4.26;6848
1.03;Very Good;D;VS1;59.6;61;6.57;6.62;3.93;6848
1.21;Premium;H;VS2;59.3;60;6.93;6.99;4.13;6849
1.09;Ideal;E;SI1;61.8;55;6.65;6.58;4.09;6849
1.24;Premium;H;VS2;61.2;59;6.89;6.93;4.23;6850
1.51;Good;J;SI1;63.5;58;7.24;7.29;4.61;6851
1.51;Very Good;J;SI1;61.2;62;7.32;7.36;4.49;6851
1.51;Premium;J;SI1;59.4;59;7.45;7.54;4.45;6851
1.09;Ideal;E;SI2;62.7;55.9;6.52;6.58;4.11;6852
1.06;Premium;G;VS1;62.2;55;6.58;6.51;4.07;6853
1.02;Ideal;E;VS2;62.7;56;6.44;6.38;4.02;6854
1.02;Premium;E;VS2;58.4;57;6.64;6.59;3.86;6854
1.02;Premium;E;VS2;62.1;52;6.55;6.49;4.05;6854
2;Good;G;I1;63.9;58;7.99;7.91;5.08;6854
1.26;Very Good;I;VS1;59.2;60;7.09;7.02;4.18;6855
1.01;Ideal;G;VS2;61;56;6.46;6.49;3.95;6855
1.06;Ideal;D;VS2;62.5;54;6.53;6.6;4.1;6856
1.08;Ideal;H;VVS2;62.4;55;6.53;6.57;4.09;6856
1.25;Premium;G;SI1;60.7;58;6.97;6.9;4.21;6856
1.09;Ideal;G;VS1;62.5;56;6.63;6.55;4.12;6856
1.11;Ideal;G;VS2;61.2;56;6.65;6.68;4.08;6857
1.02;Ideal;G;VS1;62.1;58;6.4;6.45;3.99;6857
1.19;Ideal;D;SI1;62;57;6.77;6.82;4.21;6857
1.31;Good;H;SI1;57.9;62;7.18;7.25;4.18;6857
1.72;Premium;J;SI1;62;56;7.76;7.7;4.79;6857
1.27;Ideal;H;SI1;60.1;58;7.02;7.05;4.23;6858
1.12;Ideal;F;VS2;60.9;55;6.73;6.67;4.08;6858
1;Ideal;E;VS2;61.7;54;6.41;6.46;3.97;6859
1.35;Very Good;E;SI1;62.7;57;7.01;7.05;4.41;6860
2.32;Fair;H;I1;70.5;55;7.93;7.9;5.58;6860
1;Premium;E;VS2;61.8;62;6.47;6.44;3.99;6860
1.21;Good;E;SI1;63.6;58;6.65;6.77;4.27;6861
1.02;Very Good;G;VS1;63.3;58;6.42;6.38;4.05;6861
1.11;Premium;F;VS2;62.7;59;6.58;6.62;4.14;6863
1.06;Very Good;G;VS1;63;56;6.47;6.51;4.09;6863
1.02;Very Good;D;SI1;60.3;56;6.55;6.57;3.96;6863
1.02;Fair;F;VVS2;64.8;58;6.22;6.28;4.05;6863
1.03;Ideal;G;VS1;62.3;56;6.5;6.46;4.04;6864
1.05;Very Good;E;VS2;62.2;57;6.44;6.56;4.04;6865
1;Very Good;G;VS1;59.4;59;6.52;6.54;3.88;6867
1.18;Very Good;I;IF;63.3;58;6.69;6.73;4.25;6867
1.24;Ideal;H;SI1;62.3;54;6.88;6.9;4.29;6867
1;Premium;D;VS2;59.6;60;6.57;6.52;3.9;6868
1.2;Very Good;H;VS2;62.5;59;6.76;6.72;4.21;6870
2.72;Fair;J;I1;68.2;56;8.46;8.43;5.76;6870
1.21;Good;H;VS1;59.5;65;6.88;6.84;4.08;6871
1;Ideal;E;VS2;62.9;55;6.4;6.36;4.01;6871
1.21;Very Good;H;VS1;63.3;58;6.77;6.72;4.27;6871
1;Ideal;E;VS2;62;56;6.46;6.41;3.99;6871
0.9;Very Good;D;VVS2;62.6;59;6.11;6.15;3.84;6872
1.2;Very Good;F;SI1;63.5;57;6.65;6.74;4.25;6872
1.09;Ideal;F;SI1;61.4;56;6.63;6.66;4.08;6872
1.31;Ideal;I;VS2;61.7;55;7;7.1;4.35;6873
1.26;Good;G;SI1;63.2;61;6.81;6.87;4.32;6874
1.24;Premium;F;SI1;61.6;59;6.86;6.9;4.24;6874
1.24;Premium;E;SI1;59.7;59;7.07;6.99;4.2;6875
1;Very Good;E;VS2;59;58;6.49;6.53;3.84;6875
1.21;Ideal;H;SI1;62.2;54;6.8;6.86;4.25;6876
1.29;Premium;I;VS1;63;57;6.99;6.89;4.37;6877
1;Very Good;D;VS2;62.6;56;6.33;6.39;3.98;6881
1.01;Premium;G;VS1;61.7;56;6.53;6.46;4.01;6882
1.01;Good;G;VS1;63.8;57;6.38;6.35;4.06;6882
1.01;Premium;G;VS1;60.9;58;6.47;6.43;3.93;6882
1;Very Good;F;VS1;62.1;60;6.33;6.42;3.96;6883
1.35;Very Good;I;VS2;61.7;59;7.05;7.09;4.36;6884
1.08;Ideal;F;SI1;61.8;55;6.58;6.63;4.08;6884
1.31;Very Good;I;VS1;62.3;58;6.99;7.03;4.37;6885
1.07;Premium;F;VS1;60.6;61;6.62;6.56;3.99;6885
1.21;Ideal;E;SI1;62;56;6.83;6.76;4.21;6887
1.21;Very Good;H;VS2;60.1;57;6.88;6.97;4.16;6887
1.83;Fair;H;I1;68;57;7.47;7.44;5.07;6887
1.22;Ideal;I;VS1;62.9;54;6.83;6.79;4.29;6887
1.22;Ideal;I;VS1;62.6;57;6.8;6.76;4.24;6887
1.22;Premium;F;SI1;61.8;59;6.86;6.83;4.23;6887
1.23;Premium;G;SI1;61.2;59;6.88;6.81;4.19;6888
1.5;Premium;I;SI1;62.3;58;7.33;7.22;4.53;6888
0.97;Very Good;F;VVS2;58.1;60;6.49;6.53;3.78;6889
1.41;Ideal;J;SI1;62.3;55;7.18;7.21;4.48;6889
1.06;Ideal;G;VS2;61.9;54;6.54;6.58;4.06;6890
1.04;Premium;G;VVS1;58.2;60;6.71;6.66;3.89;6890
1.55;Premium;J;SI2;62.6;57;7.37;7.32;4.6;6890
1.13;Ideal;G;VS2;62.7;56;6.61;6.65;4.16;6891
0.9;Very Good;E;VVS2;63.7;57;6.1;6.12;3.89;6892
1.21;Very Good;H;SI1;60.4;58;6.91;6.96;4.19;6892
1.27;Premium;H;SI1;60.2;58;7.04;6.99;4.22;6892
1.42;Very Good;I;VS1;60.1;65;7.28;7.2;4.35;6894
1.24;Ideal;G;SI1;61;56.4;6.93;6.99;4.25;6895
1.16;Ideal;E;SI1;61.9;57;6.72;6.76;4.17;6896
1.52;Good;J;SI1;63.6;60;7.21;7.25;4.6;6897
1.6;Premium;F;SI2;61.8;57;7.51;7.46;4.63;6899
1;Premium;F;VS2;60.7;58;6.45;6.36;3.89;6899
1.01;Premium;F;VS2;59.2;61;6.59;6.55;3.89;6900
1.55;Ideal;E;SI2;62.3;55;7.44;7.37;4.61;6901
1.03;Ideal;F;VS2;62;57;6.4;6.48;3.99;6902
1.07;Premium;G;VS2;61.9;58;6.55;6.54;4.05;6903
1.34;Ideal;H;SI2;61.6;56;7.1;7.05;4.36;6904
1.01;Very Good;D;VS2;62.2;61;6.37;6.43;3.98;6905
1.01;Very Good;D;VS2;60.4;58;6.47;6.57;3.94;6905
1.01;Very Good;G;VS1;63.6;57;6.3;6.35;4.02;6905
1.09;Ideal;G;VS2;62;54;6.61;6.65;4.11;6905
1.52;Fair;I;SI2;64.7;58;7.19;7.22;4.66;6905
1.02;Very Good;G;VS2;60.5;60;6.53;6.49;3.94;6906
1.09;Premium;G;VS2;61;59;6.6;6.65;4.04;6906
1.21;Good;G;VS2;63.7;59;6.59;6.67;4.22;6906
1.04;Premium;F;VS2;61.7;59;6.49;6.45;3.99;6906
1.01;Ideal;F;SI1;62;56;6.41;6.46;3.99;6907
1.04;Premium;F;VS2;61.9;58;6.55;6.51;4.04;6908
1.02;Premium;D;VS2;59.8;61;6.61;6.54;3.93;6909
1.23;Premium;G;SI1;62.5;59;6.84;6.77;4.25;6909
1.02;Very Good;D;VS2;63.4;54;6.38;6.33;4.03;6909
1;Very Good;F;VS1;60.1;63;6.42;6.45;3.87;6910
1.02;Very Good;F;VS2;62.8;57;6.36;6.41;4.01;6911
1.19;Ideal;E;SI1;61.3;57;6.81;6.83;4.18;6911
1.01;Good;D;VS2;61.8;59;6.28;6.35;3.9;6912
1.65;Premium;G;I1;62;59;7.57;7.53;4.68;6912
1.03;Ideal;G;VS1;62;54.8;6.46;6.5;4.02;6913
1.05;Ideal;G;VS2;59.4;59;6.62;6.65;3.94;6914
1.51;Very Good;I;SI2;63.2;58;7.31;7.27;4.61;6914
1.02;Very Good;E;VS2;60;59;6.54;6.59;3.94;6915
1.04;Very Good;D;VS1;60.8;58;6.5;6.53;3.96;6915
1.61;Very Good;G;SI2;63.4;55;7.47;7.35;4.7;6915
1.26;Premium;F;SI1;62.3;58;6.89;6.84;4.28;6915
1.31;Very Good;I;VS2;61.2;58;7.01;7.05;4.3;6917
1.07;Ideal;G;VS1;61.8;57;6.58;6.52;4.05;6917
1.15;Premium;H;VVS2;58.8;58;6.9;6.87;4.05;6917
1.12;Ideal;G;VS1;62.3;57;6.59;6.64;4.12;6918
1.29;Ideal;J;VVS1;61.2;56;7.01;7.05;4.3;6918
1.31;Premium;I;VS2;62.4;61;6.98;6.9;4.33;6921
1.31;Premium;I;VS2;60;58;7.15;7.11;4.28;6921
1.26;Ideal;F;SI1;60.6;56;7.05;6.98;4.25;6922
1.5;Fair;E;SI2;64.8;55;7.26;7.15;4.67;6922
1.03;Ideal;F;VS2;62.3;56;6.52;6.49;4.05;6922
1.03;Premium;E;VS2;62.9;61;6.42;6.36;4.02;6922
1.03;Ideal;F;VS2;61.2;54;6.56;6.51;4;6922
1.01;Premium;F;VS2;61.4;57;6.51;6.45;3.98;6923
1.12;Very Good;F;VS2;62;58;6.63;6.69;4.13;6925
1.12;Good;F;VS2;63.8;57;6.59;6.61;4.21;6925
1.14;Ideal;H;VS1;61.9;53;6.73;6.75;4.17;6926
1;Very Good;F;VS2;61.9;58;6.41;6.49;3.99;6927
1.73;Ideal;J;SI1;62.6;57;7.69;7.65;4.8;6927
1.3;Ideal;G;VS1;62.4;56;7.03;6.95;4.36;6928
1.15;Very Good;E;VS2;62.9;56;6.65;6.68;4.19;6929
1.05;Premium;E;VS2;62.1;58;6.5;6.54;4.05;6930
1.03;Very Good;G;VS2;61;58;6.5;6.54;3.98;6931
1.08;Ideal;G;VS2;61.8;55;6.57;6.63;4.08;6931
1.3;Premium;I;VS1;62.2;59;6.97;6.91;4.32;6931
1.3;Ideal;I;VS1;62.1;57;7.04;6.98;4.35;6931
1.22;Premium;F;SI1;62.5;59;6.78;6.83;4.25;6932
1.01;Premium;G;VS1;60.7;58;6.49;6.52;3.95;6932
1.01;Good;F;VVS2;63.6;60;6.31;6.36;4.03;6932
1.05;Ideal;F;VS2;62.8;57;6.48;6.45;4.06;6933
1.09;Ideal;G;VS1;62.4;57;6.55;6.63;4.11;6934
1.22;Premium;H;VS2;62.4;58;6.84;6.79;4.25;6934
1.51;Ideal;D;SI2;61.2;56;7.4;7.36;4.52;6934
1.29;Premium;D;SI2;59.4;62;7.06;6.99;4.17;6935
1.51;Good;J;VS2;64;58;7.24;7.27;4.64;6936
1.05;Ideal;G;VS1;62;56;6.47;6.53;4.03;6936
1.05;Premium;G;VS1;61.6;58;6.48;6.51;4;6936
1.01;Very Good;G;VS1;63.1;57;6.32;6.39;4.01;6936
1.28;Premium;D;SI2;61.2;58;7.09;6.96;4.3;6936
1;Very Good;D;VS2;61.2;60;6.4;6.42;3.92;6937
1.19;Good;E;VS2;57.4;60;6.9;7;3.99;6937
1.01;Ideal;G;VS2;62.7;54;6.43;6.47;4.04;6937
1.1;Ideal;G;VS2;60.9;56;6.68;6.79;4.1;6939
1.51;Very Good;J;SI1;62.9;59;7.25;7.29;4.57;6942
1.15;Premium;D;SI1;63;57;6.69;6.64;4.2;6942
1.01;Very Good;F;VS2;60.5;59;6.51;6.54;3.95;6944
1.25;Ideal;H;VS2;60;56;7.04;6.99;4.21;6944
1.19;Premium;H;VS2;61.1;58;6.83;6.78;4.16;6944
1.06;Ideal;I;VVS1;60.2;57;6.62;6.66;4;6945
1.28;Premium;H;SI1;62.3;58;7;6.94;4.34;6946
1.06;Premium;F;VS2;62.2;57;6.58;6.53;4.08;6947
1.22;Ideal;H;VS2;61.4;57;6.89;6.85;4.22;6947
1.1;Very Good;G;VS1;60.3;62;6.72;6.67;4.04;6951
0.95;Ideal;G;IF;59.8;59;6.36;6.43;3.82;6951
1.09;Premium;G;VS1;62.5;59;6.57;6.54;4.1;6951
1.01;Ideal;G;VS1;62.7;56;6.4;6.35;4;6951
1.01;Ideal;G;VS1;62.4;58;6.43;6.39;4;6951
1.11;Very Good;G;VS2;62.2;57;6.55;6.6;4.09;6953
1.16;Ideal;H;VS2;62.1;57;6.7;6.73;4.17;6954
1.2;Very Good;F;SI1;63.3;58;6.63;6.57;4.18;6955
1.04;Ideal;G;VS2;60.5;57;6.56;6.62;3.99;6955
1.15;Premium;G;VS2;62.9;58;6.7;6.62;4.19;6955
1.01;Very Good;E;VS2;62.6;59;6.35;6.39;3.99;6956
1.2;Ideal;H;VS2;62.2;55;6.76;6.85;4.23;6956
1.01;Ideal;E;VS2;61.4;57;6.44;6.5;3.97;6956
1;Very Good;F;VS2;62.8;57;6.29;6.35;3.97;6957
1.23;Premium;H;VS2;62.4;61;6.85;6.8;4.26;6957
1.21;Ideal;G;SI1;62.1;57;6.79;6.83;4.23;6958
1;Good;E;VS2;58.2;60;6.52;6.54;3.8;6958
1.24;Ideal;H;SI1;61.6;57;6.92;6.84;4.24;6958
1.18;Ideal;G;SI1;62;56;6.76;6.79;4.2;6960
1.35;Very Good;I;VS2;62.1;62;6.97;7.05;4.35;6961
1.08;Ideal;H;VVS1;62.5;54;6.56;6.58;4.1;6961
1.72;Very Good;F;I1;60.5;59;7.71;7.8;4.69;6962
1.12;Ideal;H;SI1;61.6;56;6.64;6.68;4.11;6962
1.11;Ideal;H;VVS2;61.4;57;6.67;6.63;4.08;6962
1.24;Premium;H;VS2;61.7;59;6.91;6.84;4.24;6962
1.22;Very Good;G;VS2;63.1;56;6.82;6.8;4.3;6962
1.11;Premium;D;SI1;62;58;6.68;6.64;4.13;6962
1.33;Premium;I;VS1;61.5;58;7.02;7.06;4.33;6963
1.33;Good;I;VS1;63.7;56;6.92;6.96;4.42;6963
1.33;Premium;E;SI2;62.5;58;6.99;7.03;4.38;6963
1.21;Premium;E;SI1;62.3;58;6.77;6.74;4.21;6963
1.01;Ideal;G;VS2;62.6;56;6.41;6.44;4.02;6964
1.24;Premium;D;SI2;61.4;59;6.91;6.87;4.23;6965
1.56;Good;J;VS2;57.6;65;7.6;7.62;4.38;6966
1.55;Ideal;J;SI2;62.3;54;7.38;7.42;4.61;6966
1.01;Premium;G;VVS2;60.9;59;6.59;6.54;4;6968
1.01;Ideal;E;VS2;61.3;57;6.49;6.46;3.97;6968
1.02;Ideal;G;VS1;62;55;6.4;6.53;4.01;6968
1.2;Ideal;H;SI1;61.1;56;6.92;6.87;4.21;6968
1.01;Very Good;G;VVS2;63.4;55;6.41;6.34;4.04;6968
1.01;Good;E;VS2;63.9;59;6.34;6.31;4.04;6968
1.73;Premium;H;SI2;60.5;60;7.79;7.71;4.69;6968
1.01;Premium;E;VS2;62.2;58;6.41;6.36;3.97;6968
1.22;Premium;G;SI2;62.4;61;6.79;6.79;4.23;6969
1.39;Good;F;SI2;63.8;55;7.05;7.08;4.51;6969
0.32;Ideal;D;SI2;61.7;55;4.4;4.38;2.71;612
0.32;Ideal;D;SI2;59.5;57;4.5;4.47;2.67;612
0.32;Good;D;SI2;63.9;58;4.33;4.31;2.76;612
0.32;Premium;G;SI1;62.8;56;4.36;4.34;2.73;612
0.34;Premium;I;VS2;62.1;57;4.48;4.44;2.77;612
0.34;Premium;I;VS2;61.8;58;4.51;4.48;2.78;612
0.34;Premium;H;SI1;60.2;58;4.52;4.48;2.71;612
0.34;Premium;H;SI1;62.1;59;4.5;4.46;2.78;612
0.34;Ideal;E;SI2;62.4;57;4.5;4.47;2.8;612
0.34;Premium;E;SI2;59.9;59;4.57;4.55;2.73;612
0.34;Premium;E;SI2;61.7;58;4.54;4.5;2.79;612
0.34;Premium;E;SI2;61.5;58;4.52;4.49;2.77;612
0.34;Premium;E;SI2;62.4;59;4.46;4.42;2.77;612
0.34;Premium;E;SI2;62.5;59;4.46;4.43;2.78;612
0.34;Good;E;SI2;63.7;55;4.46;4.43;2.83;612
0.34;Ideal;E;SI2;62.9;56;4.48;4.45;2.81;612
0.32;Premium;G;SI1;62.5;58;4.43;4.4;2.76;612
0.32;Premium;G;SI1;60.9;58;4.44;4.39;2.69;612
0.32;Ideal;G;SI1;61.3;57;4.4;4.37;2.69;612
0.32;Ideal;G;SI1;62.5;55;4.38;4.35;2.73;612
0.32;Ideal;D;SI2;61.8;55;4.42;4.38;2.72;612
0.32;Ideal;D;SI2;61.1;56;4.41;4.39;2.69;612
0.32;Ideal;D;SI2;59.8;57;4.46;4.4;2.65;612
0.32;Good;D;SI2;63.7;56;4.34;4.33;2.76;612
0.32;Ideal;D;SI2;62.8;57;4.38;4.35;2.74;612
0.32;Ideal;D;SI2;62.4;54;4.4;4.38;2.74;612
0.32;Ideal;D;SI2;62.6;56;4.4;4.38;2.75;612
0.34;Premium;E;SI1;59.3;58;4.59;4.55;2.71;612
0.32;Ideal;G;SI1;61.4;57;4.41;4.38;2.7;612
0.32;Ideal;G;SI1;61.6;57;4.42;4.38;2.71;612
1.2;Good;E;SI1;64;61;6.61;6.67;4.25;6969
1.22;Premium;D;SI2;61.9;60;6.88;6.82;4.24;6969
1.09;Ideal;H;SI1;61.4;56;6.61;6.64;4.07;6970
1.71;Good;F;SI2;63.7;54;7.6;7.49;4.81;6971
1.56;Premium;F;SI2;63;58;7.35;7.28;4.66;6971
1.1;Ideal;G;VS2;60.2;56;6.7;6.74;4.05;6972
1.21;Very Good;H;VS1;63.4;55;6.76;6.81;4.3;6973
1.2;Very Good;F;SI1;62.7;58;6.74;6.72;4.22;6973
1.36;Ideal;J;VVS2;61.9;56;7.16;7.13;4.42;6973
1.02;Very Good;D;VS2;62.7;58;6.35;6.44;4.01;6974
1.03;Premium;D;VS1;59.6;61;6.62;6.57;3.93;6974
1.21;Premium;H;VS2;59.3;60;6.99;6.93;4.13;6974
1.01;Very Good;G;VVS2;63.3;57;6.29;6.36;4.01;6975
1.51;Premium;J;SI1;61.2;62;7.36;7.32;4.49;6976
1.51;Very Good;J;SI1;63.5;58;7.29;7.24;4.61;6976
1.51;Fair;J;SI1;63.4;60;7.31;7.18;4.59;6976
1.5;Premium;H;SI2;61.2;61;7.34;7.27;4.47;6979
1.45;Very Good;J;VS2;62.6;58;7.28;7.16;4.52;6980
1.13;Ideal;I;VS1;61.9;55;6.67;6.7;4.14;6980
1.13;Ideal;I;VS1;61.8;57;6.66;6.7;4.13;6980
1.05;Ideal;G;VS2;61.6;59;6.51;6.54;4.02;6981
1.03;Ideal;G;VS2;61.3;57;6.51;6.54;4;6981
1.06;Ideal;D;VS2;62.5;54;6.6;6.53;4.1;6981
1.52;Good;J;VS2;63.1;61;7.19;7.23;4.55;6982
1.08;Premium;G;VS1;62.9;55;6.6;6.53;4.13;6982
1.08;Premium;G;VS1;62.7;56;6.55;6.52;4.1;6982
1.11;Ideal;G;VS2;61.2;56;6.68;6.65;4.08;6982
1.1;Ideal;G;VS1;61.5;57;6.62;6.65;4.08;6984
1.2;Very Good;F;SI1;61.9;58;6.75;6.82;4.2;6985
1.5;Very Good;J;SI1;62.5;58;7.24;7.29;4.54;6987
1.1;Very Good;F;VS2;61.1;57;6.65;6.71;4.08;6987
1.5;Very Good;J;SI1;62.7;58;7.22;7.26;4.54;6987
1.29;Premium;H;VS2;62.4;57;6.98;6.92;4.34;6987
1.41;Premium;D;SI2;61.1;56;7.19;7.15;4.38;6988
1;Premium;G;VS1;62.9;60;6.36;6.29;3.98;6989
1.23;Ideal;I;VVS1;62.1;57;6.83;6.9;4.26;6989
1;Premium;G;VS1;58.6;61;6.57;6.5;3.83;6989
1;Ideal;E;VS2;61.5;55;6.47;6.44;3.97;6989
1.09;Very Good;F;VS2;61.4;54;6.66;6.7;4.1;6990
1.58;Premium;F;SI2;60.7;60;7.54;7.51;4.57;6990
1.24;Ideal;G;SI1;60.5;60;6.97;6.91;4.2;6994
1.01;Very Good;E;VS1;62;57;6.46;6.38;3.98;6996
1.56;Very Good;J;SI2;58.3;63;7.64;7.7;4.47;6996
1.4;Good;H;SI2;62.5;57;7.07;7.11;4.43;6996
1.04;Premium;G;VS1;62;56;6.53;6.46;4.03;6996
1.01;Very Good;E;VS1;62.1;58;6.39;6.45;3.99;6997
1.23;Very Good;H;SI1;60.3;58;6.93;6.96;4.19;6997
1.07;Very Good;G;VS1;60.9;55;6.6;6.64;4.03;6998
1.01;Good;D;VS2;62.1;59;6.28;6.35;3.92;6998
1.31;Ideal;I;VS2;61.7;55;7.1;7;4.35;6999
1.01;Very Good;F;VS1;62.8;58;6.32;6.39;3.99;6999
1.01;Ideal;D;VS2;59.8;56;6.49;6.52;3.89;6999
1.01;Good;F;VS1;63.3;60;6.32;6.35;4.01;6999
1.01;Premium;F;VS1;61.3;58;6.44;6.52;3.97;6999
1.01;Good;D;VS2;63.1;60;6.35;6.39;4.02;6999
1.24;Premium;F;SI1;61.6;59;6.9;6.86;4.24;7000
1.26;Very Good;G;SI1;63.2;61;6.87;6.81;4.32;7000
1.01;Very Good;D;VS2;60.6;56;6.45;6.51;3.93;7001
1.01;Very Good;F;VS1;63.7;56;6.27;6.33;4.01;7001
1.01;Good;F;VVS2;65.9;54;6.18;6.27;4.1;7001
1.3;Premium;D;SI2;60.2;59;7;7.05;4.23;7002
1;Very Good;E;VS1;61.2;57;6.43;6.47;3.95;7002
1.21;Ideal;I;VVS2;62.7;56;6.8;6.83;4.27;7002
1.06;Very Good;G;VS1;62;58;6.51;6.56;4.05;7003
1.16;Premium;F;VS2;62.7;58;6.71;6.65;4.19;7003
1.27;Premium;G;SI1;61.4;59;6.94;6.98;4.27;7005
2.23;Very Good;G;I1;63.5;57;8.24;8.2;5.22;7006
0.91;Premium;E;VVS2;61.1;61;6.24;6.2;3.8;7006
1.39;Premium;H;VS2;62.5;59;7.17;7.1;4.46;7006
1;Good;G;VVS1;63.8;60;6.31;6.35;4.04;7007
1.05;Very Good;G;VS1;62.3;56;6.45;6.51;4.04;7010
1.01;Ideal;E;VS2;61.9;57;6.43;6.37;3.96;7013
1.01;Ideal;F;VS2;61.9;54;6.45;6.49;4;7014
1.04;Ideal;F;VS1;61.4;57;6.51;6.56;4.01;7015
1.34;Ideal;I;VS1;62.2;57;7.02;7.06;4.38;7016
1;Good;F;VVS2;56.5;63;6.65;6.62;3.75;7016
1.13;Ideal;G;VS2;62.7;56;6.65;6.61;4.16;7016
1.01;Premium;F;VS1;60.8;59;6.45;6.41;3.91;7017
1.2;Ideal;E;SI2;62;57;6.8;6.82;4.22;7018
1.51;Premium;H;SI2;62.3;62;7.32;7.21;4.51;7018
1.04;Premium;E;VS2;62.4;58;6.56;6.51;4.08;7019
2.11;Fair;F;I1;67.6;57;7.88;7.83;5.31;7019
1.01;Very Good;G;VS1;63.6;57;6.34;6.36;4.04;7021
1.1;Premium;G;VS2;59.4;60;6.78;6.72;4.01;7022
1.52;Good;J;SI1;63.6;60;7.25;7.21;4.6;7022
1.27;Ideal;E;SI2;60.8;57;7;7.02;4.26;7023
2.01;Good;H;I1;63.9;59;8.01;7.92;5.09;7024
1.05;Premium;F;VS2;62.6;58;6.47;6.5;4.06;7025
1.28;Ideal;I;VS1;61.3;57;7.02;6.98;4.29;7025
2.05;Good;G;I1;56.9;58;8.46;8.3;4.77;7026
1;Good;D;VS2;60.7;61;6.4;6.46;3.9;7026
1.02;Ideal;F;VS2;62;57;6.46;6.44;4;7026
1.05;Ideal;G;VS1;61.3;57;6.51;6.58;4.01;7027
1.05;Ideal;G;VS2;61.7;57;6.56;6.53;4.04;7028
1.27;Very Good;I;VS1;60.6;59;7.04;6.96;4.24;7031
1.01;Premium;D;VS2;60.4;58;6.57;6.47;3.94;7032
1.01;Premium;D;VS2;62.2;61;6.43;6.37;3.98;7032
1.15;Premium;G;VS1;63;60;6.68;6.6;4.18;7032
1.09;Premium;G;VS2;61;59;6.65;6.6;4.04;7032
1.51;Premium;J;SI1;62.3;58;7.3;7.33;4.56;7034
1.04;Ideal;F;VS2;60.1;59;6.59;6.63;3.97;7035
1.29;Ideal;H;SI1;62.1;55;6.96;7;4.34;7036
1.02;Ideal;F;VS2;62.8;57;6.41;6.36;4.01;7037
1.01;Very Good;F;VS2;61.1;58;6.45;6.51;3.96;7037
1.21;Ideal;I;VS1;61.8;56;6.83;6.87;4.23;7037
1.05;Ideal;G;VS1;62.5;56;6.48;6.54;4.07;7037
1.32;Ideal;E;SI2;62.7;56;7.03;6.97;4.39;7037
1.19;Ideal;E;SI1;61.3;57;6.83;6.81;4.18;7037
1.14;Ideal;I;VS1;61.1;56;6.73;6.76;4.12;7038
1.01;Very Good;E;VS1;62.2;56;6.38;6.42;3.98;7039
1.15;Very Good;H;VS1;62.5;56;6.65;6.72;4.18;7040
1.04;Premium;D;VS1;60.8;58;6.53;6.5;3.96;7041
1.14;Good;G;VS1;63.4;58;6.61;6.67;4.21;7042
1.14;Ideal;G;VS2;61.5;57;6.68;6.72;4.12;7042
1.25;Ideal;I;VS1;61.4;58;6.89;6.93;4.24;7042
1.04;Ideal;G;VS2;61.3;57;6.53;6.56;4.01;7044
1.3;Premium;D;SI2;61.5;58;6.98;6.91;4.27;7044
1.04;Premium;E;VS2;61.1;59;6.54;6.56;4;7047
1.21;Good;G;VS2;64.1;58;6.74;6.67;4.3;7047
1.21;Ideal;H;VS1;60.5;57;6.91;6.88;4.17;7047
1.04;Good;G;VS1;63.8;57;6.4;6.43;4.09;7049
1.04;Very Good;G;VS1;61.8;58;6.5;6.55;4.03;7049
1.24;Very Good;H;SI1;60.8;60;6.9;6.94;4.21;7050
1.12;Good;F;VS2;63.8;57;6.61;6.59;4.21;7051
1.3;Ideal;H;SI1;62.2;56;7.03;6.98;4.36;7054
1.11;Premium;G;VS2;61.5;58;6.69;6.62;4.09;7055
1.09;Ideal;H;VVS1;61.4;56;6.64;6.67;4.09;7055
1.02;Ideal;G;VS1;61.4;57;6.45;6.49;3.98;7055
1.26;Premium;H;SI1;61.3;57;7.01;6.93;4.27;7056
1.5;Fair;F;SI2;64.7;59;7.13;7.05;4.59;7056
1;Premium;F;VS1;62;59;6.42;6.35;3.96;7056
1;Premium;F;VS1;59.2;60;6.53;6.48;3.58;7056
1;Premium;F;VS1;59.2;60;6.53;6.48;3.85;7056
1;Premium;F;VS1;62.7;55;6.39;6.34;3.99;7056
1.01;Ideal;F;VS1;61.7;59;6.44;6.42;3.97;7056
1.05;Premium;E;VS2;62.1;58;6.54;6.5;4.05;7056
1.5;Fair;F;SI2;65.3;57;7.15;7.09;4.65;7056
1;Ideal;F;VS1;61.7;55;6.42;6.39;3.95;7056
1.5;Premium;F;SI2;62.4;58;7.31;7.24;4.54;7056
1.5;Premium;I;SI2;62.2;61;7.24;7.19;4.49;7056
1.34;Ideal;G;SI2;61.1;56;7.11;7.13;4.35;7058
1.01;Ideal;G;VS1;59.1;55;6.6;6.53;3.88;7059
1.32;Ideal;I;VS2;61.7;59;7.03;7.06;4.35;7059
1.14;Ideal;H;VS2;62;55;6.71;6.72;4.16;7059
1.01;Good;F;VVS2;63.6;60;6.36;6.31;4.03;7059
1.22;Premium;F;SI1;62.5;59;6.83;6.78;4.25;7059
1.01;Premium;G;VS1;60.7;58;6.52;6.49;3.95;7059
1.01;Premium;F;VS2;62.5;59;6.41;6.32;3.98;7062
1.51;Good;J;VS2;64;58;7.27;7.24;4.64;7062
1.05;Premium;G;VS1;61.6;58;6.51;6.48;4;7063
1.05;Ideal;G;VS1;62;56;6.53;6.47;4.03;7063
1.03;Ideal;G;VS2;61.6;55;6.49;6.54;4.01;7064
1.19;Good;E;VS2;57.4;60;7;6.9;3.99;7064
1.13;Ideal;D;SI1;61.4;56;6.69;6.74;4.12;7066
1.55;Very Good;H;SI1;63.2;57;7.35;7.31;4.64;7066
1.55;Very Good;H;SI1;63.2;57;7.35;7.31;4.64;7066
1.02;Good;F;VS1;63.7;57;6.35;6.39;4.06;7068
1.7;Ideal;H;I1;62.6;54.1;7.58;7.63;4.77;7068
1.01;Premium;G;VVS2;61.2;59;6.42;6.36;3.91;7068
1.07;Ideal;G;VS1;61.8;55;6.55;6.59;4.06;7069
2.25;Fair;G;I1;64.9;58;8.15;8.12;5.28;7069
1.05;Ideal;G;VS2;62.2;54;6.53;6.55;4.07;7070
1;Premium;F;VS2;59;59;6.54;6.51;3.85;7072
1.2;Very Good;H;VS2;62.5;60;6.72;6.78;4.22;7072
1.62;Very Good;J;SI2;61.6;60;7.52;7.64;4.67;7072
1.2;Ideal;H;VS2;62.8;57;6.75;6.79;4.25;7072
1.2;Ideal;H;VS2;61.2;59;6.84;6.89;4.2;7072
1.16;Ideal;G;VS2;62.3;57;6.66;6.72;4.17;7074
1.16;Premium;G;VS2;59.9;60;6.85;6.88;4.11;7074
1.1;Ideal;G;VS2;62.5;54;6.59;6.62;4.12;7074
1.2;Ideal;E;SI1;62.3;55;6.78;6.84;4.24;7074
1.06;Ideal;F;VS2;61;57;6.57;6.6;4.02;7075
1.17;Very Good;G;VS2;63.2;57;6.73;6.71;4.25;7076
1.08;Fair;G;VS1;64.7;60;6.44;6.41;4.16;7076
1.5;Premium;D;SI2;59.6;59;7.54;7.46;4.47;7076
1.02;Ideal;G;VS1;61.1;56;6.51;6.54;3.99;7077
1.02;Ideal;F;VS2;62;55;6.47;6.5;4.02;7078
1.09;Ideal;G;VS1;60.5;57;6.69;6.73;4.06;7078
1.06;Very Good;E;VS2;61;60;6.57;6.53;4;7079
1.32;Ideal;I;VS2;60.8;57;7.02;7.07;4.28;7079
1.01;Very Good;F;VS1;62.5;60;6.36;6.41;3.99;7079
1.2;Ideal;I;VVS2;62.9;55;6.75;6.79;4.26;7079
1.14;Ideal;H;SI1;61.8;56;6.68;6.72;4.14;7079
1.14;Ideal;H;SI1;61.6;56;6.72;6.74;4.14;7079
1.14;Ideal;H;SI1;61.5;55;6.72;6.75;4.14;7079
1.14;Premium;G;VS2;60.9;57;6.79;6.73;4.12;7079
1.32;Ideal;F;SI1;61.6;56;7.11;7.05;4.36;7079
1.08;Premium;F;VS2;62.8;59;6.55;6.47;4.09;7079
1.14;Premium;G;VS2;61.4;60;6.71;6.68;4.11;7079
1.2;Very Good;I;VVS1;62.6;56;6.7;6.74;4.21;7080
1.29;Ideal;G;VS2;62.9;57;6.91;6.89;4.34;7080
1.59;Fair;I;SI2;65.2;58;7.28;7.24;4.73;7080
1.09;Ideal;G;VS2;62.4;55;6.61;6.56;4.11;7081
1;Fair;D;VS1;55.9;60;6.77;6.71;4.38;7083
1;Good;E;VVS1;64.1;62;6.29;6.26;4.02;7084
1.4;Ideal;H;SI2;61.2;56;7.18;7.23;4.41;7084
1.22;Ideal;E;SI1;61.7;56;6.88;6.92;4.26;7085
1.21;Ideal;I;VVS1;61.6;55;6.88;6.8;4.21;7086
1.48;Premium;I;SI2;61.3;58;7.39;7.32;4.51;7086
1.3;Very Good;I;VS2;61.8;56;6.98;7.04;4.33;7087
1.18;Ideal;D;SI1;61.9;55;6.76;6.8;4.2;7087
1.33;Ideal;H;SI1;62.7;56;6.99;7.04;4.4;7088
1.21;Ideal;E;SI1;62.3;56;6.87;6.81;4.26;7088
1.72;Premium;F;I1;60.5;59;7.8;7.71;4.69;7089
1.23;Premium;H;VS2;62.9;57;6.84;6.77;4.28;7089
1.33;Premium;I;VS1;61.5;58;7.06;7.02;4.33;7090
1.33;Good;I;VS1;63.7;56;6.96;6.92;4.42;7090
1.33;Premium;E;SI2;62.5;58;7.03;6.99;4.38;7090
1.12;Ideal;H;VVS2;62.3;53;6.64;6.7;4.16;7091
1.02;Ideal;F;VS1;60.7;56;6.53;6.61;3.99;7091
1.24;Premium;H;VS1;62.2;59;6.83;6.9;4.27;7092
1.24;Very Good;H;VS1;62.6;54;6.84;6.88;4.29;7092
1.3;Very Good;H;VS2;62.5;59;6.93;6.96;4.34;7092
1.13;Very Good;F;VS1;61.6;58;6.61;6.68;4.09;7092
1.18;Very Good;D;SI1;61.7;57;6.8;6.84;4.21;7093
1.01;Very Good;E;VS2;60.4;60;6.47;6.44;3.9;7094
1.21;Premium;H;VS1;62.3;58;6.77;6.84;4.24;7094
1.01;Very Good;E;VS1;60.9;55;6.48;6.58;3.98;7094
1.56;Good;J;VS2;57.6;65;7.62;7.6;4.38;7094
1.16;Fair;F;VS1;57.8;67;6.97;6.84;3.99;7094
1.38;Ideal;G;SI2;61.4;55;7.2;7.17;4.41;7094
1.15;Ideal;I;VS1;61.7;56;6.73;6.76;4.16;7096
1;Premium;E;VS1;63;60;6.38;6.32;4;7096
1.2;Good;E;SI1;64;61;6.67;6.61;4.25;7096
1.39;Good;F;SI2;63.8;55;7.08;7.05;4.51;7096
1.01;Very Good;F;VS2;62.1;57;6.38;6.43;3.98;7098
1.5;Very Good;G;SI2;63.2;58;7.25;7.19;4.56;7098
1.5;Premium;G;SI2;62.1;60;7.34;7.28;4.54;7098
1.5;Fair;H;SI2;59.3;58;7.31;7.37;4.35;7098
1.28;Ideal;H;VS2;62.3;56;6.97;6.89;4.32;7098
1.28;Premium;H;VS2;61.2;60;6.99;6.94;4.26;7098
1.14;Ideal;G;VS2;60.5;60;6.77;6.75;4.09;7099
1.63;Ideal;F;I1;62;55.1;7.5;7.57;4.68;7100
1.15;Ideal;H;SI1;61.6;55;6.74;6.79;4.17;7100
1.02;Premium;D;VS2;62.7;58;6.44;6.35;4.01;7101
1.03;Very Good;D;VS2;63.3;57;6.39;6.44;4.06;7102
1.29;Good;I;VS2;57.9;61;7.16;7.13;4.14;7102
1.51;Ideal;G;SI2;61.8;57;7.37;7.31;4.54;7103
1.36;Premium;I;VS2;61.9;56;7.17;7.08;4.41;7104
1.22;Premium;H;VS1;62.7;56;6.82;6.74;4.25;7105
1.24;Very Good;G;SI1;61.8;58;6.9;6.96;4.28;7106
1.14;Very Good;D;SI1;60.2;60;6.7;6.85;4.08;7106
1.41;Premium;H;SI2;59.1;57;7.41;7.34;4.36;7106
1.01;Very Good;F;VS1;63.2;58;6.32;6.34;4;7107
1.31;Very Good;G;SI2;62.2;58;7.05;6.98;4.36;7107
1.13;Ideal;H;VVS2;59.7;59;6.89;6.77;4.08;7108
1.52;Ideal;G;SI2;61.9;57;7.43;7.38;4.58;7108
1.11;Ideal;G;VS2;61.7;56;6.62;6.66;4.1;7109
1.52;Very Good;J;VS2;63.1;61;7.23;7.19;4.55;7109
1.28;Ideal;H;SI1;61.8;57;7.02;6.97;4.32;7109
1.08;Ideal;F;VS2;61.9;55;6.58;6.64;4.09;7110
1.21;Ideal;I;VS1;61.7;53;6.89;6.92;4.26;7111
1.1;Ideal;G;VS1;61.5;57;6.65;6.62;4.08;7111
1.21;Very Good;H;VS2;59.1;59;6.95;6.99;4.12;7113
1.16;Ideal;G;VS2;61.7;57;6.72;6.8;4.17;7113
1;Good;D;VS2;63.1;56;6.36;6.4;4.02;7114
1.2;Very Good;F;VS2;62.4;58;6.76;6.8;4.23;7114
1;Premium;F;VS1;62.6;58;6.37;6.4;4;7114
1;Ideal;G;VS1;62.7;53;6.39;6.46;4.03;7114
1.1;Premium;F;VS2;61.1;57;6.71;6.65;4.08;7115
1.23;Ideal;I;VVS1;62.1;57;6.9;6.83;4.26;7117
1.07;Very Good;F;VS1;62;58;6.57;6.59;4.08;7118
1.02;Ideal;D;VS1;62.7;55;6.49;6.4;4.04;7118
1.32;Very Good;H;SI1;62.4;58;7.02;7.09;4.4;7119
1.03;Ideal;G;VS1;62;57;6.45;6.48;4;7119
1.03;Ideal;G;VS1;61.7;54;6.49;6.52;4.01;7119
0.94;Ideal;F;VS2;61.2;57;6.29;6.33;3.86;7120
1.01;Ideal;F;VS1;62.2;57;6.38;6.48;4;7122
1.06;Premium;E;VS2;61.4;60;6.57;6.53;4.02;7123
1.59;Premium;F;SI2;62.2;58;7.49;7.45;4.64;7123
1.15;Ideal;H;VS1;62.7;57;6.68;6.64;4.17;7123
1.32;Very Good;I;VS2;60.5;59;7.02;7.06;4.26;7125
1.51;Very Good;J;SI1;60.6;57;7.38;7.46;4.5;7125
1.27;Very Good;H;SI1;62.3;58;6.87;6.94;4.3;7125
1.29;Ideal;F;SI2;61.9;55;6.95;7.01;4.32;7126
1.01;Premium;F;VS1;61.3;58;6.52;6.44;3.97;7127
1.01;Very Good;F;VS1;63.3;60;6.35;6.32;4.01;7127
1.01;Ideal;D;VS2;59.8;56;6.52;6.49;3.89;7127
1.01;Good;E;VS1;63.8;60;6.25;6.23;3.98;7127
1.01;Very Good;D;VS2;63.1;60;6.39;6.35;4.02;7127
1.01;Premium;F;VS1;62.4;61;6.39;6.36;3.98;7127
1.44;Very Good;H;SI2;58.2;61;7.45;7.51;4.35;7128
1.16;Ideal;G;VS2;60.7;58;6.86;6.81;4.15;7128
1.02;Premium;G;VS1;61;61;6.58;6.53;4;7129
1.02;Ideal;G;VS1;61.6;55;6.53;6.46;4;7129
1.23;Ideal;H;VS2;62.2;55;6.81;6.85;4.25;7130
1.06;Premium;G;VS1;62;58;6.56;6.51;4.05;7130
1.06;Premium;G;VS1;62.8;56;6.52;6.47;4.08;7130
1.3;Premium;D;SI2;60.2;59;7.05;7;4.23;7130
1.19;Premium;G;VS2;62.3;58;6.82;6.77;4.23;7130
0.91;Very Good;E;VVS2;61.1;61;6.24;6.2;3.8;7131
2.27;Fair;G;I1;68.6;56;7.99;7.94;5.47;7131
1.06;Very Good;G;VS1;61.7;57;6.52;6.56;4.04;7132
1.27;Premium;G;SI1;61.4;59;6.98;6.94;4.27;7133
1.21;Ideal;I;VVS2;62.2;55;6.79;6.83;4.23;7134
1;Good;G;VVS1;63.8;60;6.35;6.31;4.04;7134
1.01;Very Good;F;VS2;63.8;55;6.31;6.38;4.05;7135
1.51;Very Good;J;SI1;62.4;58;7.27;7.32;4.55;7136
1.11;Ideal;H;VVS2;61.2;56;6.74;6.7;4.11;7136
1.01;Very Good;G;VVS2;62.5;54;6.38;6.41;4;7137
0.32;Ideal;G;SI1;60.9;57;4.46;4.44;2.71;612
0.32;Ideal;G;SI1;60.8;56;4.48;4.44;2.71;612
0.32;Premium;G;SI1;60.5;59;4.43;4.39;2.67;612
0.32;Ideal;D;SI2;61.4;56;4.46;4.43;2.73;612
0.31;Good;H;VVS1;63.7;56;4.3;4.33;2.75;612
0.31;Premium;H;VVS1;61.8;59;4.32;4.36;2.68;612
0.3;Very Good;F;VVS2;64.1;55;4.2;4.25;2.71;613
0.3;Very Good;F;VVS2;64.2;56;4.22;4.26;2.72;613
0.31;Very Good;I;VVS1;57.7;62;4.51;4.53;2.61;613
0.32;Very Good;F;VS1;59.1;59;4.45;4.48;2.64;613
0.41;Ideal;J;VS2;62.4;55;4.75;4.77;2.97;613
0.41;Ideal;J;VS2;62.4;53;4.79;4.83;3;613
0.41;Ideal;J;VS2;62.2;54;4.76;4.79;2.97;613
0.41;Ideal;J;VS2;61.7;55;4.8;4.82;2.97;613
0.41;Ideal;J;VS2;62.3;54;4.77;4.8;2.98;613
0.37;Ideal;E;SI1;61;56;4.66;4.68;2.85;613
0.3;Good;F;VVS2;66;55;4.19;4.21;2.77;613
0.5;Fair;F;I1;71;57;4.87;4.79;3.43;613
0.37;Very Good;H;SI1;62.6;63;4.6;4.5;2.85;613
0.5;Fair;F;I1;68.4;54;4.94;4.82;3.35;613
0.33;Very Good;H;VVS2;61.6;56;4.44;4.47;2.74;614
0.33;Very Good;H;VVS2;61.9;55;4.44;4.46;2.75;614
0.33;Very Good;H;VVS2;61.8;57;4.43;4.46;2.74;614
0.33;Very Good;H;VVS2;61.9;56;4.44;4.47;2.76;614
0.26;Very Good;E;VVS2;62.9;56;4.07;4.1;2.57;614
0.32;Ideal;H;VVS2;62.3;57;4.34;4.37;2.71;614
0.32;Ideal;G;VS1;61.4;54;4.45;4.48;2.74;614
0.39;Ideal;E;SI2;61;55;4.74;4.77;2.9;614
0.3;Very Good;D;SI1;58.8;63;4.35;4.32;2.55;614
0.35;Very Good;H;VS1;62.6;58;4.49;4.52;2.82;614
1.01;Good;G;VVS2;62.4;61;6.34;6.38;3.97;7137
1.01;Good;G;VVS2;63.2;59;6.27;6.35;3.99;7137
1.03;Ideal;F;VS1;61.7;56;6.49;6.54;4.02;7137
1.18;Premium;G;VS2;62.3;62;6.72;6.69;4.18;7137
1.51;Very Good;I;SI2;62.9;58;7.24;7.3;4.57;7139
1.51;Fair;J;VS1;65.2;56;7.16;7.11;4.65;7139
1.13;Ideal;G;VS2;62.1;53;6.69;6.74;4.17;7140
1.5;Premium;I;SI2;59.5;62;7.46;7.39;4.42;7140
1.7;Premium;I;SI2;61.7;56;7.66;7.57;4.7;7140
1.5;Very Good;I;SI1;60.2;63;7.38;7.33;4.43;7140
1.2;Very Good;I;IF;59.1;61;6.91;6.99;4.11;7141
1.21;Premium;H;VS2;61;58;6.9;6.83;4.19;7142
1.23;Very Good;E;SI1;59.2;62;7;7.05;4.16;7143
1.32;Good;I;VS1;59.2;58;7.14;7.18;4.24;7143
1.56;Premium;J;VS1;61.3;59;7.54;7.49;4.61;7144
1;Very Good;E;SI1;63;54;6.36;6.4;4.02;7145
1.51;Premium;G;SI2;62.7;57;7.33;7.29;4.58;7145
1.12;Ideal;D;SI1;61.2;58;6.65;6.68;4.08;7145
1.51;Ideal;I;SI1;62.2;56;7.36;7.27;4.55;7145
1;Very Good;D;VS2;61.5;63;6.35;6.31;3.89;7146
1.46;Very Good;I;SI1;62.5;57;7.15;7.19;4.48;7146
1.31;Good;G;SI1;63.4;56.5;6.87;6.97;4.4;7147
1.19;Very Good;H;VS1;62.4;59;6.73;6.79;4.22;7147
1.13;Ideal;G;VS2;61.9;56;6.68;6.71;4.14;7147
1.33;Ideal;I;VS2;61.1;54;7.14;7.15;4.37;7148
1.06;Very Good;D;VS2;59.6;60;6.68;6.71;3.99;7149
0.92;Very Good;D;VVS2;62.8;58;6.11;6.22;3.87;7150
1.5;Very Good;I;SI2;63.1;59;7.24;7.15;4.54;7150
1.13;Premium;G;VS2;61.9;58;6.7;6.67;4.14;7151
1.19;Very Good;E;VS2;59.2;60;6.93;6.95;4.11;7152
1.22;Very Good;H;VS1;58.9;59;6.96;7.02;4.12;7152
1.19;Good;H;VS1;60.8;61;6.86;6.88;4.18;7152
1.12;Ideal;D;SI1;60.5;56;6.75;6.78;4.09;7153
1.29;Premium;H;VS2;61.2;60;7.03;6.95;4.28;7153
1.05;Premium;F;VS2;62.6;58;6.5;6.47;4.06;7154
1.64;Good;G;SI2;63.8;58;7.45;7.41;4.74;7154
1.22;Premium;F;VS2;63;60;6.85;6.74;4.28;7154
1.51;Very Good;G;SI2;63.1;58;7.23;7.19;4.55;7154
1.59;Ideal;J;SI2;62.1;54;7.51;7.44;4.64;7155
1.17;Ideal;G;VS1;59.4;57;6.93;6.87;4.1;7155
1.05;Ideal;G;VS1;61.3;57;6.58;6.51;4.01;7155
1.56;Premium;I;SI1;61.7;59;7.44;7.38;4.57;7155
1.42;Ideal;I;SI1;61.9;57;7.23;7.15;4.45;7157
1.36;Ideal;F;SI2;62;56;7.08;7.11;4.4;7157
1.13;Ideal;G;VS2;61.6;57;6.68;6.7;4.12;7159
1.06;Ideal;G;VS2;62.8;55;6.49;6.51;4.08;7160
1.5;Good;H;SI2;64.2;56;7.2;7.26;4.64;7161
1.5;Very Good;H;SI2;62;63;7.24;7.28;4.5;7161
1.55;Premium;E;SI2;58.5;57;7.66;7.57;4.46;7161
1.51;Premium;I;SI2;62.6;59;7.28;7.31;4.57;7162
1.32;Ideal;I;SI1;62;57;6.99;7.04;4.35;7162
1.51;Good;J;SI1;62.4;64;7.31;7.23;4.54;7162
1.24;Premium;F;SI1;61.6;59;6.94;6.89;4.26;7162
1;Very Good;G;VVS2;60.3;62;6.41;6.45;3.88;7163
1.32;Premium;H;SI1;61.5;61;7.05;6.97;4.31;7163
1;Premium;G;VS1;59.7;59;6.57;6.5;3.9;7164
1.01;Ideal;G;VVS2;60.6;57;6.54;6.5;3.95;7167
1.07;Very Good;G;VS1;62.8;58;6.48;6.52;4.08;7168
1;Ideal;E;VS2;59.6;57;6.43;6.42;3.83;7168
1;Premium;E;VS2;61.3;58;6.41;6.38;3.92;7168
1;Premium;E;VS2;63;58;6.25;6.22;3.93;7168
1;Premium;F;VS2;60.7;57;6.5;6.45;3.93;7168
1.33;Premium;H;SI1;61.9;58;6.98;7.04;4.34;7171
1.14;Ideal;G;VS2;61.5;57;6.72;6.68;4.12;7171
1.14;Very Good;G;VS1;63.4;58;6.67;6.61;4.21;7171
1.32;Very Good;G;SI2;61.6;57;6.98;7.05;4.32;7173
1.1;Very Good;F;VS2;62.8;56;6.56;6.59;4.13;7174
1.15;Very Good;G;VS2;60.1;60;6.75;6.8;4.08;7175
1.02;Ideal;F;VS2;62.3;56;6.39;6.54;4;7175
1.16;Ideal;H;VS1;62.4;56;6.71;6.73;4.19;7175
1.04;Premium;E;VS2;61.1;59;6.56;6.54;4;7175
1.27;Very Good;H;VS2;59.2;58;7.07;7.15;4.21;7176
1;Very Good;G;VVS2;63;56;6.37;6.4;4.02;7177
1.5;Good;J;VS2;61.7;56;7.23;7.33;4.49;7177
1.5;Good;J;VS2;63.6;58;7.2;7.23;4.59;7177
1.5;Very Good;J;VS2;60.5;63;7.27;7.32;4.41;7177
1;Ideal;E;VS2;62.5;57;6.38;6.45;4.01;7177
1;Ideal;F;VS1;61.4;56;6.46;6.51;3.98;7177
1.04;Good;G;VS1;63.8;57;6.43;6.4;4.09;7177
1.23;Very Good;H;VS2;60.2;63;6.95;6.91;4.17;7177
1.01;Ideal;G;VS1;61.8;58;6.4;6.42;3.96;7178
1.01;Very Good;G;VS1;60.9;55;6.46;6.51;3.95;7179
1.01;Ideal;G;VS2;61.9;56;6.4;6.44;3.97;7179
1.01;Ideal;G;VS2;61.4;57;6.44;6.5;3.97;7179
1.01;Ideal;G;VS1;61.9;54;6.44;6.48;4;7179
1.11;Premium;F;VS2;61.3;56;6.68;6.63;4.08;7179
1.23;Ideal;I;VS1;61.6;54;6.9;6.94;4.26;7181
1.19;Ideal;H;VS1;62.1;54;6.8;6.83;4.23;7181
1.5;Premium;E;SI2;61.5;60;7.29;7.22;4.46;7182
1.35;Fair;I;VS2;61.6;62;7.15;7.1;4.39;7182
1.25;Ideal;H;SI1;62.2;54;6.93;6.88;4.3;7182
1.33;Ideal;I;VS2;62.5;54;7.02;7.05;4.4;7186
1.52;Fair;J;VS1;65.4;58;7.22;7.17;4.7;7186
1.08;Ideal;G;VS2;62.3;54;6.59;6.61;4.11;7187
1.5;Premium;H;SI2;61.4;62;7.4;7.25;4.49;7187
1.5;Fair;H;SI2;65.5;53;7.14;7.11;4.67;7187
1.51;Fair;H;VS2;65.6;56;7.08;4.7;4;7188
1.01;Very Good;G;VVS2;61.9;58;6.38;6.44;3.97;7188
1.31;Very Good;H;SI1;60.3;58;7.02;7.1;4.26;7189
1.07;Ideal;E;VS2;60;56;6.64;6.62;3.98;7190
1.57;Premium;J;VS1;60.8;61;7.6;7.49;4.59;7190
1;Good;E;VS1;60;65;6.48;6.43;3.87;7190
1.2;Ideal;H;VS2;60.8;55;6.9;6.85;4.18;7190
1.2;Very Good;D;SI1;60.7;58;6.81;6.86;4.15;7191
1.03;Premium;E;VS2;61.2;59;6.53;6.47;3.98;7192
1.02;Ideal;G;VS1;61.3;56;6.49;6.53;3.99;7192
1.06;Ideal;H;VVS1;61.3;57;6.55;6.53;4.01;7193
1.12;Ideal;G;VS2;62.2;54;6.65;6.7;4.15;7193
1.01;Very Good;E;VS2;60.6;59;6.43;6.47;3.91;7195
1.21;Very Good;H;VS1;60.4;59;6.88;6.97;4.18;7196
1.02;Premium;F;VS1;60.5;56;6.61;6.52;3.97;7197
1.7;Ideal;H;I1;62.6;54;7.63;7.58;4.77;7197
1.02;Good;F;VS1;63.7;57;6.39;6.35;4.06;7197
1.02;Good;F;VS1;57.9;59;6.64;6.59;3.83;7197
1.36;Good;F;SI1;57.5;60;7.36;7.31;4.22;7197
1.01;Ideal;E;VS2;61.6;57;6.43;6.46;3.97;7198
1.07;Ideal;G;VS1;61.8;55;6.59;6.55;4.06;7198
1.07;Ideal;G;VS1;62;56;6.58;6.52;4.06;7198
1.14;Ideal;G;VS2;61.9;56;6.69;6.71;4.14;7199
1;Good;D;VS2;63.9;56;6.34;6.31;4.04;7200
1.22;Good;H;VS2;63.8;55;6.77;6.71;4.3;7201
1.21;Premium;E;SI1;62.6;58;6.79;6.82;4.26;7203
1.21;Very Good;H;SI1;59.6;60;6.93;6.94;4.13;7203
1.16;Ideal;G;VS2;62.3;57;6.72;6.66;4.17;7203
1.47;Premium;J;VS2;61.5;58;7.31;7.29;4.49;7203
1.16;Premium;G;VS2;59.9;60;6.88;6.85;4.11;7203
1;Very Good;F;VS1;60.4;59;6.4;6.51;3.9;7204
1.33;Premium;H;SI1;61.1;61;7.05;7.02;4.3;7204
1;Premium;F;VVS2;61.9;61;6.45;6.32;3.95;7204
2;Ideal;H;I1;62.5;57;8.05;7.98;5.01;7204
1.04;Very Good;F;VS1;63;56;6.45;6.5;4.08;7207
1.19;Ideal;I;IF;61.7;56;6.78;6.81;4.19;7207
1.51;Good;J;VS2;63.7;59;7.12;7.2;4.56;7207
1.5;Good;I;SI1;64.2;56;7.25;7.14;4.62;7207
1.51;Good;F;SI2;63.7;59;7.15;7.26;4.59;7208
1.04;Ideal;E;SI1;61.8;56;6.49;6.53;4.02;7208
1.32;Ideal;I;VS2;60.8;57;7.07;7.02;4.28;7209
1.01;Ideal;F;VS1;63.2;56;6.35;6.41;4.03;7209
1.24;Good;H;VS2;58.3;58;7.09;7.15;4.15;7210
1.5;Very Good;I;SI2;63.4;58;7.15;7.21;4.55;7211
1.5;Fair;H;SI1;65.9;56;7.11;7.04;4.66;7211
1.03;Ideal;G;VS1;62.2;59;6.48;6.42;4.01;7211
1.15;Premium;D;SI1;61.1;53;6.83;6.76;4.15;7213
1.4;Ideal;H;SI2;61.2;56;7.23;7.18;4.41;7213
1.42;Fair;G;VS2;59.6;66;7.31;7.23;4.33;7214
0.9;Good;E;VVS1;63.4;60;6.06;6.11;3.86;7214
1;Very Good;G;VVS2;60.7;56;6.5;6.51;3.95;7215
1.41;Very Good;F;SI2;61.4;59;7.17;7.2;4.41;7215
1.22;Ideal;E;SI1;61.7;56;6.92;6.88;4.26;7215
1.5;Good;G;SI2;63.7;58;7.15;7.22;4.58;7216
1.18;Ideal;H;VS1;64.9;58;6.57;6.53;4.25;7216
1.18;Ideal;D;SI1;61.9;55;6.8;6.76;4.2;7216
1.33;Ideal;H;SI1;62.7;56;7.04;6.99;4.4;7217
1.36;Ideal;I;SI1;62;56;7.08;7.11;4.4;7218
1.11;Ideal;E;SI1;62.1;55;6.66;6.68;4.14;7218
1.27;Premium;H;VS2;62.1;60;6.94;6.88;4.29;7219
1.27;Ideal;H;VS2;60.3;56;7.08;7.02;4.25;7219
1.01;Premium;G;IF;61.3;58;6.4;6.48;3.95;7220
1.04;Ideal;D;VS2;61.9;55;6.5;6.52;4.03;7220
1.07;Ideal;G;VS1;61.4;57;6.57;6.6;4.04;7222
1.24;Premium;H;VS1;62.2;59;6.9;6.83;4.27;7222
1.24;Ideal;H;VS1;62.6;54;6.88;6.84;4.29;7222
1.24;Ideal;H;VS1;63;56;6.87;6.82;4.31;7222
1;Ideal;G;VS1;62.5;54;6.41;6.45;4.02;7223
1.21;Premium;H;VS1;62.3;58;6.84;6.77;4.24;7223
1.4;Premium;G;SI2;62;60;7.1;7.16;4.42;7225
1.01;Very Good;G;VVS2;59.7;59;6.5;6.56;3.9;7226
2.3;Premium;G;I1;60.2;59;8.71;8.56;5.19;7226
1;Good;E;VVS2;65.3;56;6.19;6.24;4.06;7226
1.25;Very Good;H;VS2;62.9;60;6.77;6.83;4.28;7227
1.09;Ideal;G;VS2;60.6;57;6.68;6.73;4.06;7227
1.01;Ideal;F;VS2;61.6;56;6.48;6.45;3.98;7229
1.63;Ideal;F;I1;62;55;7.57;7.5;4.68;7229
1.34;Very Good;D;SI2;62.3;59;6.99;7.03;4.37;7230
0.85;Ideal;D;VVS1;62;56;6.05;6.11;3.77;7230
1.26;Ideal;G;SI1;61.3;57;6.94;6.99;4.27;7230
1.21;Ideal;E;SI1;62.2;54.1;6.82;6.86;4.26;7231
1.07;Premium;F;VS1;62.4;58;6.52;6.49;4.06;7232
1.51;Good;I;SI1;63.9;63;7.17;7.2;4.59;7233
1.03;Very Good;F;VS1;62.2;57;6.47;6.51;4.04;7233
1.38;Premium;H;VS1;61;60;7.21;7.16;4.38;7233
1.01;Good;E;VS1;63.4;58;6.36;6.38;4.04;7234
1.01;Very Good;G;VVS2;63;59;6.25;6.38;3.98;7234
1.01;Very Good;G;VVS2;62.8;58;6.38;6.42;4.02;7234
1.01;Very Good;G;VVS2;59.4;58;6.51;6.53;3.93;7234
1.51;Premium;H;SI2;59.4;62;7.47;7.31;4.39;7235
1.2;Ideal;H;VS2;62.4;56.6;6.74;6.8;4.22;7235
1.7;Very Good;H;SI2;63.5;58;7.5;7.43;4.74;7235
1;Premium;H;IF;60.6;57;6.54;6.47;3.94;7235
1.21;Ideal;H;VS2;62.4;59;6.81;6.79;4.24;7236
1.31;Good;I;VS2;62.5;56;7.03;6.98;4.38;7236
1.09;Ideal;F;VS2;61.2;56;6.68;6.65;4.08;7238
1.39;Premium;J;VS1;60.8;58;7.26;7.21;4.4;7239
1.52;Very Good;J;SI1;62.3;57;7.32;7.38;4.58;7239
1.01;Premium;F;VS2;61.7;58;6.47;6.43;3.98;7240
1.07;Ideal;E;VS2;61.8;58;6.53;6.61;4.06;7240
1.01;Ideal;E;VS2;59.3;57;6.57;6.51;3.88;7240
1.53;Ideal;G;SI2;61.7;57;7.44;7.41;4.58;7240
1.01;Premium;E;VS2;58;61;6.53;6.5;3.94;7240
1.01;Premium;E;VS2;59.3;58;6.53;6.49;3.86;7240
1.01;Ideal;F;VS1;62.2;57;6.48;6.39;4;7240
1;Very Good;G;VVS2;62.1;59;6.34;6.45;3.97;7242
1.2;Ideal;G;VS2;62.8;57;6.78;6.72;4.24;7243
1.16;Ideal;G;VS2;61.7;57;6.8;6.72;4.17;7243
1.48;Very Good;H;SI2;62.3;58;7.18;7.23;4.49;7244
1;Premium;F;VS1;62.6;58;6.4;6.37;4;7244
1.05;Premium;F;VS2;62.3;59;6.5;6.46;4.04;7244
1.61;Premium;J;SI2;62.2;59;7.52;7.47;4.66;7245
1.21;Very Good;H;VS1;62.3;58;6.71;6.74;4.19;7246
1.25;Premium;H;VS2;60.4;59;6.92;6.96;4.19;7246
1.05;Ideal;G;VS1;61.5;55;6.56;6.59;4.04;7247
1.07;Good;E;VS2;63.1;56;6.49;6.54;4.11;7250
1.21;Ideal;H;VS2;61.9;55;6.86;6.8;4.23;7250
1.7;Premium;I;SI2;59.4;59;7.83;7.75;4.63;7250
1.03;Good;E;VS1;63.3;59;6.4;6.45;4.07;7251
1.02;Very Good;E;VS1;58.9;59;6.52;6.65;3.88;7253
1.5;Ideal;I;SI2;60.6;59;7.37;7.48;4.5;7253
1.51;Premium;J;SI1;60.6;57;7.46;7.38;4.5;7255
1.06;Ideal;G;VS2;62.3;56;6.49;6.54;4.06;7255
1.51;Good;I;VVS2;63.6;58;7.29;7.26;4.63;7255
1.14;Ideal;G;VS1;62.5;56;6.69;6.66;4.17;7255
1.55;Premium;I;SI2;61.5;58;7.39;7.46;4.57;7256
1.23;Ideal;I;VVS2;62.5;57;6.81;6.86;4.27;7256
1.21;Premium;F;SI1;61.6;59;6.82;6.79;4.19;7257
1.02;Very Good;D;VS2;62.9;60;6.37;6.42;4.02;7257
1.02;Very Good;F;VS1;61.9;59;6.38;6.44;3.97;7257
2.31;Fair;G;I1;67.4;56;8.05;7.99;5.41;7257
1.01;Very Good;F;VS2;62.8;57;6.34;6.44;4.01;7258
1.2;Premium;G;VS2;59.4;58;6.91;6.85;4.09;7258
1.2;Premium;G;VS2;59.6;58;6.94;6.89;4.12;7258
2;Fair;F;I1;64.9;57;7.99;7.82;5.14;7258
1.5;Premium;J;SI1;61.7;59;7.36;7.32;4.53;7258
1;Premium;E;VS1;61.9;60;6.41;6.44;3.98;7260
1;Very Good;G;VVS2;60.5;62;6.39;6.44;3.88;7260
1;Good;E;VS1;63.6;59;6.32;6.35;4.03;7260
1.25;Premium;E;SI1;60.9;59;6.98;7.02;4.26;7260
1.23;Ideal;H;VS2;62.2;55;6.85;6.81;4.25;7260
1.23;Ideal;H;VS2;62.3;56;6.86;6.79;4.25;7260
1.22;Premium;E;SI1;62.6;58;6.78;6.8;4.25;7262
1.01;Ideal;G;VS1;62.1;54;6.41;6.43;3.99;7262
1.5;Premium;I;SI2;62.2;62;7.27;7.2;4.5;7266
1.1;Ideal;H;VVS2;62;56;6.59;6.63;4.1;7267
1.01;Very Good;G;VVS2;63.2;59;6.35;6.27;3.99;7267
1.73;Premium;I;SI2;61.1;62;7.64;7.54;4.64;7270
1.32;Very Good;H;SI1;62.3;57;7.04;6.99;4.37;7270
1.05;Ideal;G;VS1;62.2;53;6.51;6.55;4.06;7270
1.1;Very Good;F;VS2;62.7;58.5;6.5;6.59;4.1;7272
1.51;Ideal;E;SI2;62.7;55;7.27;7.18;4.53;7272
1.2;Very Good;G;VS2;62.4;59;6.68;6.74;4.19;7273
1.07;Ideal;H;VVS1;61.7;56;6.56;6.68;4.06;7273
1.7;Ideal;H;SI2;62.1;57;7.68;7.63;4.75;7273
1.23;Premium;E;SI1;59.2;62;7.05;7;4.16;7274
1.2;Premium;E;SI1;60.9;57;6.86;6.8;4.16;7274
1.06;Premium;E;VS2;61.3;58;6.52;6.56;4.01;7275
1.07;Ideal;G;VS2;61.9;55;6.55;6.57;4.06;7275
1.07;Ideal;G;VS2;61.4;57;6.56;6.63;4.05;7275
1.06;Ideal;E;VS2;61.9;55;6.54;6.58;4.06;7275
1.14;Premium;F;VS2;62;59;6.71;6.64;4.14;7275
1.11;Ideal;F;VS2;60.4;58;6.73;6.66;4.04;7275
1.23;Very Good;H;VS1;61.3;53;6.93;6.98;4.26;7276
1.75;Ideal;H;I1;61.5;54.9;7.75;7.78;4.78;7276
1.05;Very Good;F;VS1;60.2;58;6.62;6.74;4.02;7276
1.31;Premium;H;VS2;62.5;58;6.97;6.94;4.35;7277
1.01;Premium;F;VS2;61.2;57.5;6.43;6.45;3.94;7277
1.02;Very Good;E;SI1;63.7;55;6.29;6.4;4.04;7277
1.31;Ideal;G;SI1;63.4;57;6.97;6.87;4.4;7277
1.19;Premium;H;VS1;62.4;59;6.79;6.73;4.22;7277
1.01;Very Good;D;VS2;62.8;57;6.33;6.4;4;7278
1.21;Very Good;H;VS1;62;58;6.76;6.91;4.24;7279
1.21;Very Good;H;VS1;62.4;60;6.73;6.79;4.22;7279
1.01;Good;G;VVS1;63.1;59;6.33;6.42;4.02;7279
1;Premium;D;VS1;61;58;6.46;6.42;3.93;7280
1.06;Premium;D;VS2;59.6;60;6.71;6.68;3.99;7280
1;Very Good;D;VS2;59.8;60;6.46;6.49;3.87;7281
1.09;Very Good;G;VS1;60;57;6.68;6.71;4.02;7281
1;Very Good;D;VS1;60;60;6.44;6.49;3.88;7281
1.2;Premium;F;SI1;60.1;59;6.92;6.85;4.14;7282
1.32;Very Good;H;SI1;62.8;56;6.94;7;4.38;7283
1.05;Fair;G;VS1;65.6;58;6.25;6.38;4.13;7283
1.22;Premium;H;VS1;58.9;59;7.02;6.96;4.12;7283
1.47;Ideal;I;VS2;62.3;57;7.24;7.3;4.53;7284
0.9;Ideal;E;VVS2;62.8;54;6.11;6.21;3.87;7286
1.07;Ideal;F;SI1;61.5;56;6.58;6.62;4.06;7286
1.01;Premium;E;VS2;59.2;59;6.67;6.6;3.93;7287
1.54;Premium;G;SI2;61.6;58;7.45;7.3;4.57;7287
1.01;Ideal;E;VS2;61.5;57;6.44;6.48;3.97;7288
1.36;Very Good;E;SI2;61.7;59;7.09;7.2;4.41;7288
1.25;Ideal;E;SI2;62.3;58;6.86;6.89;4.28;7289
1.01;Very Good;E;VS2;59.5;60;6.5;6.54;3.88;7290
1.01;Ideal;G;VS1;61.2;57;6.42;6.47;3.95;7290
1.13;Ideal;G;VS2;61.6;57;6.7;6.68;4.12;7290
1.5;Good;F;SI2;64.1;55;7.15;7.11;4.57;7291
1.5;Very Good;H;SI2;62;63;7.28;7.24;4.5;7291
1.5;Good;H;SI2;64.2;56;7.26;7.2;4.64;7291
1.24;Fair;D;SI1;55.6;67;7.27;7.11;4;7291
1.5;Premium;H;SI2;62.3;59;7.27;7.21;4.52;7291
1.5;Good;H;SI2;64.2;61;7.15;7.1;4.57;7291
1.02;Very Good;G;VVS2;61.3;59;6.46;6.53;3.98;7292
1.09;Ideal;G;VS2;62.8;57;6.54;6.58;4.12;7292
1.02;Good;G;VVS2;62.3;60;6.38;6.49;4.01;7292
0.35;Ideal;I;VVS2;62.3;57;4.49;4.53;2.81;614
0.35;Premium;H;VS1;61.7;59;4.51;4.53;2.79;614
0.35;Premium;E;SI1;61.1;59;4.5;4.56;2.77;614
0.35;Premium;H;VS1;62.6;59;4.45;4.5;2.8;614
0.35;Ideal;E;SI1;61.2;57;4.52;4.56;2.78;614
0.35;Ideal;E;SI1;62.3;56;4.53;4.56;2.83;614
0.35;Premium;H;VS1;61.3;59;4.54;4.57;2.79;614
0.35;Very Good;E;SI1;62.7;57;4.47;4.52;2.82;614
0.35;Very Good;E;SI1;61.9;58;4.49;4.52;2.79;614
0.35;Ideal;E;SI1;60.9;55;4.53;4.57;2.77;614
0.35;Very Good;E;SI1;62.9;58;4.48;4.52;2.83;614
0.3;Good;E;VS2;63.4;56;4.26;4.29;2.71;614
0.35;Premium;E;SI1;59.7;60;4.53;4.58;2.72;614
0.35;Premium;E;SI1;61.2;58;4.53;4.59;2.79;614
0.35;Very Good;E;SI1;60.7;59;4.52;4.57;2.76;614
0.3;Very Good;E;VS2;62.6;62;4.21;4.25;2.65;614
0.35;Ideal;H;VS1;62;56;4.54;4.56;2.82;614
0.35;Ideal;E;SI1;61;57;4.54;4.57;2.78;614
0.35;Premium;E;SI1;60.8;60;4.51;4.57;2.76;614
0.36;Very Good;E;SI1;59.9;60;4.59;4.62;2.76;615
0.35;Ideal;G;VS2;62.5;53;4.53;4.56;2.84;615
0.34;Ideal;H;VS1;62.4;55;4.48;4.5;2.8;615
0.3;Ideal;F;VS1;62.3;54;4.31;4.33;2.69;615
0.3;Ideal;I;IF;62;57;4.28;4.3;2.66;615
0.3;Ideal;I;IF;62.5;56;4.26;4.28;2.67;615
0.33;Very Good;D;VS2;60.8;60;4.52;4.46;2.73;615
0.32;Very Good;F;VS1;62.2;55;4.37;4.39;2.72;616
0.34;Ideal;G;VS2;60.8;56;4.53;4.55;2.76;616
0.34;Ideal;G;VS2;61.4;55;4.51;4.54;2.78;616
0.36;Premium;F;SI1;61.1;60;4.62;4.57;2.81;616
1.51;Premium;I;SI2;62.6;59;7.31;7.28;4.57;7292
1.51;Premium;I;SI2;58.7;59;7.53;7.49;4.41;7292
1.14;Very Good;F;VS2;58.3;60;6.87;6.91;4.02;7293
1.01;Good;E;VVS2;64.2;57;6.3;6.34;4.06;7293
1.2;Ideal;H;VS1;62;57;6.69;6.76;4.17;7294
1.04;Ideal;G;VS1;61.7;57;6.47;6.53;4.01;7294
1.04;Ideal;G;VS1;61.5;56;6.53;6.57;4.03;7294
2.01;Fair;F;I1;58.7;66;8.3;8.19;4.84;7294
1.08;Ideal;G;VS2;62.3;57;6.53;6.57;4.08;7295
1.03;Ideal;F;VS1;60.7;56;6.54;6.6;3.99;7296
1.27;Ideal;H;SI1;59.8;57;7.08;7.01;4.22;7297
1.23;Ideal;I;VVS2;62;55;6.86;6.89;4.26;7299
1.5;Fair;G;SI1;56.1;62;7.6;7.52;4.24;7300
1.33;Premium;H;SI1;61.9;58;7.04;6.98;4.34;7302
1.63;Premium;I;SI1;61.5;60;7.59;7.54;4.65;7302
1.01;Good;D;VS1;62.2;62;6.29;6.41;3.95;7303
1.52;Fair;I;VVS2;64.9;56;7.28;7.21;4.7;7303
1.54;Good;I;SI2;63.3;60;7.31;7.34;4.64;7304
1.25;Very Good;H;VS2;62.1;56;6.91;6.96;4.31;7305
1.34;Premium;D;SI2;61.5;58;7.04;7.07;4.34;7305
1.01;Very Good;E;VS1;62.6;57;6.28;6.37;3.96;7306
1.01;Good;G;VVS2;58.2;55;6.65;6.68;3.88;7306
1.5;Very Good;J;VS2;60.5;63;7.32;7.27;4.41;7308
1.5;Good;J;VS2;63.6;58;7.23;7.2;4.59;7308
1.5;Premium;J;VS2;61.7;56;7.33;7.23;4.49;7308
1.2;Very Good;E;SI1;62.7;57;6.7;6.79;4.23;7310
1.11;Premium;F;VS1;62.8;56;6.62;6.57;4.14;7310
1.22;Premium;H;VS2;60.8;59;6.93;6.86;4.19;7310
1.39;Premium;E;SI2;62.7;58;6.99;7.11;4.42;7311
1.02;Premium;E;VS2;60;59;6.56;6.54;3.93;7311
1.27;Very Good;I;VS2;59.2;60;7.11;7.08;4.2;7312
1.23;Very Good;H;SI1;62.5;56;6.79;6.82;4.25;7313
1.23;Ideal;H;SI1;62.3;58;6.85;6.89;4.28;7313
1.51;Good;E;SI2;64.3;58;7.24;7.15;4.62;7314
1.51;Premium;J;SI1;58.4;60;7.58;7.53;4.41;7314
1.42;Premium;H;SI2;61.6;58;7.22;7.17;4.43;7316
1.21;Premium;G;VS2;63;58;6.72;6.67;4.22;7318
1.2;Very Good;G;VS2;62;55;6.8;6.84;4.23;7318
1.55;Premium;H;SI2;62;56;7.41;7.37;4.58;7319
1.37;Premium;J;VVS2;59.4;61;7.29;7.25;4.32;7319
1.52;Very Good;F;SI2;63.1;60;7.25;7.21;4.56;7320
1.21;Premium;G;VS2;62.2;58;6.78;6.88;4.25;7320
1.51;Premium;H;SI2;63;59;7.26;7.16;4.54;7321
1.02;Ideal;G;VS1;61.3;57;6.48;6.51;3.98;7324
1.02;Ideal;G;VS1;61;57;6.48;6.5;3.96;7324
1.41;Ideal;H;SI2;62.7;56;7.11;7.17;4.48;7324
1.33;Ideal;I;VS2;62.6;55;7.01;7.05;4.4;7325
1.11;Ideal;E;VS2;62.2;56;6.59;6.66;4.12;7326
1.02;Ideal;F;VS2;62;56;6.42;6.45;3.99;7326
1.56;Premium;I;VS2;60.8;59;7.56;7.51;4.58;7326
1.25;Premium;H;VS1;62.7;59;6.82;6.86;4.29;7328
1.03;Premium;F;VS1;61.8;59;6.46;6.48;4;7328
1.19;Ideal;I;VS1;61.6;56;6.81;6.83;4.2;7328
1.05;Ideal;H;IF;61.2;55;6.62;6.59;4.04;7329
1.01;Very Good;E;VS1;62.9;60;6.33;6.43;4.01;7332
1.01;Good;G;VVS2;62.4;59;6.32;6.37;3.96;7332
1.3;Very Good;I;VS1;62.1;59;6.97;7.01;4.34;7333
1.58;Fair;H;SI1;64.7;58;7.28;7.22;4.69;7333
1.06;Ideal;F;VS2;62.1;55;6.52;6.55;4.06;7334
1.21;Premium;E;SI1;62.6;58;6.82;6.79;4.26;7334
1.13;Fair;F;VS1;64.5;55;6.62;6.56;4.25;7335
1.23;Ideal;E;SI2;62.1;55;6.91;6.84;4.27;7336
1;Premium;F;VS1;62.3;61;6.38;6.33;3.96;7336
1.01;Ideal;F;VS2;62.5;55;6.38;6.41;4;7338
1.44;Fair;H;VS1;58.1;69;7.49;7.34;4.32;7338
1.2;Premium;D;SI1;59.7;59;6.91;6.86;4.11;7338
1.12;Premium;G;VS1;58.4;58;6.87;6.84;4;7338
1.04;Ideal;F;VS1;63;56;6.5;6.45;4.08;7338
1.41;Very Good;H;SI2;58.5;57;7.36;7.44;4.33;7339
1.51;Good;H;SI2;59.9;64;7.53;7.39;4.47;7340
1.51;Premium;H;SI2;60.2;62;7.43;7.38;4.46;7340
1.51;Premium;H;SI2;62.1;58;7.34;7.2;4.52;7340
1.52;Premium;I;SI2;62.5;56;7.35;7.33;4.59;7341
1.33;Premium;E;SI2;62;57;7.15;7.08;4.41;7341
1;Very Good;F;VS2;61.1;60;6.4;6.46;3.93;7343
1.06;Ideal;F;VS1;61.9;57;6.53;6.55;4.05;7345
1.06;Very Good;D;VS2;62.8;55;6.53;6.56;4.11;7345
1.4;Very Good;F;SI2;59.9;60;7.29;7.38;4.44;7345
1.59;Very Good;I;SI2;61.9;58;7.46;7.5;4.63;7345
1.37;Ideal;I;VS2;61.5;55;7.18;7.2;4.42;7346
1.01;Ideal;F;VS2;61.7;55;6.42;6.46;3.98;7347
1.21;Ideal;F;SI1;61.2;59;6.8;6.85;4.18;7349
1.54;Good;J;SI1;62.9;62;7.3;7.36;4.61;7349
1;Very Good;F;VS1;63.7;57;6.33;6.35;4.04;7350
1.24;Premium;D;SI1;62.4;59;6.82;6.86;4.27;7351
1.02;Premium;F;VS1;62;59;6.39;6.41;3.97;7351
1.02;Premium;F;VS1;61.9;58;6.45;6.5;4.01;7351
1.01;Premium;G;IF;61.3;58;6.48;6.4;3.95;7352
1.01;Premium;F;VS1;59.4;60;6.5;6.46;3.85;7353
1.14;Ideal;H;VVS2;61.9;56;6.69;6.72;4.15;7354
1.01;Ideal;E;VS2;62.1;56;6.41;6.45;3.99;7355
1.52;Ideal;J;SI1;61.9;57;7.33;7.37;4.55;7356
1.4;Premium;G;SI2;62;60;7.16;7.1;4.42;7357
1.51;Premium;J;VS2;60.7;60;7.43;7.36;4.49;7357
1.09;Ideal;G;VS2;61.2;56;6.62;6.64;4.06;7357
1.05;Ideal;G;VS1;62.2;57;6.49;6.51;4.04;7357
1.02;Ideal;G;VS1;61.5;55;6.49;6.52;4;7357
1.46;Very Good;J;VS2;59.7;59;7.36;7.39;4.4;7358
1.24;Premium;H;VS1;61.2;59;6.91;6.94;4.24;7358
1.31;Premium;G;SI1;62.2;56;7.02;6.97;4.35;7358
1.21;Good;G;VS2;59.1;61;6.95;6.89;4.09;7359
1.2;Premium;E;SI1;60.3;57;6.98;6.84;4.17;7362
1.51;Ideal;I;SI2;61.2;58;7.33;7.42;4.51;7362
1.12;Ideal;G;VS2;62.1;55;6.64;6.67;4.13;7364
1.5;Very Good;H;SI2;62.1;59;7.24;7.28;4.51;7365
1.37;Very Good;E;SI2;62.5;59;6.98;7.04;4.38;7365
1.51;Good;I;SI1;63.9;63;7.2;7.17;4.59;7365
1.03;Premium;F;VS1;62.2;57;6.51;6.47;4.04;7365
1.25;Ideal;H;VS2;62.2;57;6.92;6.88;4.29;7365
1.01;Ideal;G;VVS2;60.6;57;6.54;6.5;3.95;7366
1.01;Premium;G;VVS2;59.4;58;6.53;6.51;3.93;7366
1.01;Premium;G;VVS2;63;59;6.38;6.25;3.98;7366
1.01;Very Good;E;VS1;63.4;58;6.38;6.36;4.04;7366
1;Very Good;E;VS1;59.4;56;6.53;6.56;3.89;7367
1.2;Ideal;I;IF;61.5;56;6.79;6.84;4.19;7367
1.5;Good;J;VS2;59.6;60;7.31;7.38;4.38;7368
1.13;Ideal;F;VS2;62.1;56;6.65;6.71;4.15;7369
1.01;Very Good;F;VS2;61.5;54;6.45;6.5;3.98;7370
1.52;Good;J;VS2;63.3;56;7.27;7.33;4.62;7370
1.52;Good;J;VS2;63.5;58;7.24;7.28;4.61;7370
1;Ideal;E;VS2;61.3;58;6.41;6.44;3.94;7370
1.2;Very Good;G;VS2;63.1;57;6.69;6.74;4.24;7371
1.14;Ideal;G;VS2;62;55;6.68;6.77;4.17;7371
1.11;Premium;F;VS2;61.9;58;6.7;6.64;4.13;7371
1.01;Premium;F;VS1;61.7;58;6.4;6.43;3.96;7372
1.22;Very Good;F;SI1;60.5;58;6.91;6.97;4.2;7372
1.2;Very Good;G;SI1;61.9;58;6.74;6.79;4.19;7372
1.2;Ideal;G;SI1;61.6;57;6.85;6.88;4.23;7372
1.2;Ideal;G;SI1;62.7;56;6.78;6.83;4.27;7372
1.05;Ideal;F;VS1;60.4;56;6.61;6.63;4;7373
1.04;Ideal;G;VS1;61.2;58;6.5;6.53;3.99;7375
1.09;Very Good;G;VS1;62.5;58;6.49;6.59;4.09;7378
1.25;Premium;H;VS2;60.4;59;6.96;6.92;4.19;7378
1.2;Good;G;VS2;62.2;58;6.72;6.76;4.19;7380
1.51;Good;D;SI2;61.7;65;7.31;7.38;4.53;7384
1.09;Ideal;F;VS2;60.9;54;6.66;6.73;4.08;7385
1.57;Premium;I;VS2;60.8;59;7.5;7.47;4.55;7385
1.57;Ideal;I;SI2;62.8;57;7.39;7.36;4.63;7385
1.23;Ideal;H;VVS2;61.3;55;6.9;6.94;4.24;7387
1.46;Very Good;I;SI1;62.8;57;7.13;7.21;4.5;7387
1.52;Ideal;H;SI2;62.3;56;7.34;7.24;4.54;7388
1.52;Fair;H;SI2;64.9;58;7.23;7.19;4.68;7388
1.52;Fair;H;SI2;65;57;7.12;7.09;4.62;7388
1.32;Very Good;H;SI1;62.3;58;6.96;7;4.35;7389
1.02;Premium;F;VS1;61.9;59;6.44;6.38;3.97;7389
1.19;Premium;G;VS2;61.9;58;6.86;6.74;4.21;7389
1.53;Premium;I;SI2;62.7;62;7.41;7.23;4.59;7389
1.25;Premium;G;VVS1;62;58;6.96;6.87;4.29;7389
1.02;Premium;D;VS2;62.9;60;6.42;6.37;4.02;7389
1.03;Ideal;G;VS1;61.2;57;6.5;6.54;3.99;7391
1.03;Ideal;G;VS1;62.4;56;6.44;6.47;4.03;7391
1;Premium;E;VS1;58.7;62;6.6;6.55;3.86;7392
1;Fair;E;VS1;64.4;55;6.33;6.3;4.07;7392
1.5;Very Good;I;SI2;60.8;58;7.24;7.34;4.43;7392
1.5;Very Good;I;SI2;62.7;57;7.28;7.35;4.59;7392
1.03;Ideal;F;VS2;62.3;56;6.43;6.45;4.01;7392
1;Premium;G;VVS2;60.5;62;6.44;6.39;3.88;7392
1;Premium;E;VS1;61.9;60;6.44;6.41;3.98;7392
1;Good;E;VS1;63.6;59;6.35;6.32;4.03;7392
1;Premium;D;VS2;59.8;58;6.55;6.47;3.89;7392
0.9;Ideal;D;VS1;61.9;59;6.14;6.17;3.81;7393
1.22;Premium;E;SI1;62.3;59;6.8;6.74;4.22;7395
1.22;Premium;E;SI1;62.6;58;6.8;6.78;4.25;7395
1.31;Premium;H;SI1;59.3;59;7.18;7.13;4.24;7395
1.19;Premium;G;VS2;58.9;61;6.88;6.81;4.03;7397
1.04;Good;F;VS1;63.2;57;6.41;6.44;4.06;7399
1.1;Premium;G;VS1;58.4;60;6.85;6.81;3.99;7399
1.51;Very Good;I;SI2;62.5;59;7.27;7.32;4.56;7400
1.26;Ideal;H;SI1;60.8;57;7.01;6.97;4.25;7400
1.5;Very Good;J;VS2;62.4;60;7.21;7.32;4.53;7402
1;Ideal;G;VVS2;62.6;55;6.37;6.4;4;7403
2.04;Premium;I;I1;61.1;61;8.25;8.12;5;7403
1.13;Premium;G;VS1;58.6;59;6.91;6.84;4.03;7404
1.13;Premium;G;VS1;60;60;6.87;6.72;4.08;7404
1.13;Ideal;G;VS1;61.7;54;6.77;6.71;4.16;7404
1.2;Premium;G;VS2;62.4;59;6.74;6.68;4.19;7405
1.1;Very Good;G;VS2;61.9;56.7;6.57;6.63;4.09;7405
1.53;Very Good;I;SI2;61.6;56;7.39;7.45;4.57;7406
1.06;Premium;E;VS2;61.3;58;6.56;6.52;4.01;7408
1.64;Very Good;J;SI2;62.5;58;7.48;7.56;4.7;7409
1.14;Ideal;H;VS2;61.1;57;6.71;6.78;4.12;7409
1.75;Ideal;H;I1;61.5;55;7.78;7.75;4.78;7409
1.01;Ideal;F;VS2;61.2;58;6.45;6.43;3.94;7409
1.01;Premium;F;VS1;60.4;59;6.54;6.5;3.94;7409
1.01;Very Good;F;VS2;62.9;55;6.36;6.42;4.02;7411
1.01;Ideal;F;VS2;60.9;58;6.43;6.47;3.93;7411
1.01;Very Good;G;VVS1;63.1;59;6.42;6.33;4.02;7412
1.01;Ideal;F;VS1;60.8;57;6.54;6.52;3.97;7412
1.17;Ideal;G;VS2;61.3;56;6.79;6.81;4.17;7413
1.2;Ideal;G;VS2;62.6;57;6.74;6.81;4.24;7413
1.17;Ideal;G;VS2;62;56;6.71;6.74;4.17;7413
1.25;Very Good;H;VS2;60.3;54;7;7.03;4.23;7414
1.7;Premium;G;SI2;62.2;59;7.68;7.6;4.75;7414
1.32;Ideal;G;SI1;61.9;57;7.05;7.01;4.35;7414
0.97;Very Good;G;VVS1;61.9;54;6.33;6.36;3.93;7415
1.07;Very Good;D;VS2;62.4;57;6.51;6.59;4.09;7415
1.31;Very Good;H;VS2;61.4;59;6.96;7.01;4.29;7415
1.04;Ideal;G;VS2;60.7;56;6.59;6.54;3.99;7415
1.28;Ideal;G;SI1;62.4;58;6.89;6.95;4.32;7415
1.55;Ideal;J;VS2;61.7;57;7.37;7.42;4.56;7416
1.21;Very Good;G;VS2;63.1;60;6.72;6.66;4.22;7416
1.21;Very Good;G;VS2;63.1;58;6.77;6.71;4.25;7416
1.51;Premium;J;VS2;59.6;60;7.48;7.58;4.49;7418
1.51;Very Good;J;VS2;60.2;59;7.35;7.36;4.43;7418
1.51;Good;J;VS2;62.8;59;7.17;7.2;4.51;7418
1.51;Very Good;J;VS2;62.8;59;7.2;7.28;4.55;7418
1.51;Premium;J;VS2;62.3;59;7.31;7.35;4.57;7418
1.53;Very Good;J;VS2;62.9;59;7.31;7.34;4.61;7418
1.22;Ideal;H;VS1;62.3;55;6.8;6.84;4.25;7418
1.44;Premium;H;SI2;62.1;55;7.25;7.2;4.49;7419
1;Premium;E;VS1;61.4;58;6.44;6.42;3.95;7420
1.01;Ideal;E;VS2;61.5;57;6.48;6.44;3.97;7421
1.36;Premium;E;SI2;61.7;59;7.2;7.09;4.41;7421
2.03;Premium;H;I1;59.4;59;8.31;8.22;4.91;7421
1.09;Premium;G;VS1;60.2;61;6.71;6.64;4.02;7422
1.01;Very Good;D;VS2;61.9;59;6.35;6.44;3.96;7422
1.17;Ideal;G;VS2;62;57;6.74;6.78;4.19;7423
1.25;Ideal;H;SI1;62;58;6.86;6.89;4.26;7423
1.56;Very Good;J;SI1;59.6;58;7.55;7.59;4.51;7424
1.21;Ideal;E;SI1;61.9;57;6.88;6.79;4.23;7424
1.26;Ideal;H;VS2;61.7;56;6.95;6.89;4.27;7424
1.3;Premium;D;SI1;62.2;58;6.93;6.83;4.28;7426
1.21;Ideal;H;VS2;62.6;54.8;6.78;6.84;4.26;7426
1.21;Very Good;H;VS2;62.9;55;6.75;6.8;4.26;7426
1.5;Very Good;J;VS2;63.3;57;7.2;7.25;4.57;7428
1.34;Ideal;H;VS2;60.2;56;7.23;7.18;4.34;7429
1.03;Ideal;F;VS1;60.7;56;6.6;6.54;3.99;7429
1.01;Good;G;VVS2;63.1;56;6.34;6.4;4.02;7430
1.01;Ideal;E;VS1;61.6;57;6.41;6.45;3.96;7430
1.22;Ideal;I;VS2;60.4;57;6.91;6.99;4.2;7430
1.23;Premium;H;VS2;59.5;59;7.08;7.01;4.19;7431
1.17;Very Good;F;VS2;62.4;56;6.71;6.76;4.2;7432
1.52;Fair;H;SI1;64.6;55;7.24;7.19;4.66;7433
1.5;Good;G;SI1;58.4;65;7.45;7.41;4.34;7434
1.19;Good;D;VS1;63.8;55;6.68;6.64;4.25;7437
1.42;Good;H;SI2;61.8;61;7.01;7.09;4.36;7437
1.54;Very Good;I;SI2;63.3;60;7.34;7.31;4.64;7437
1.12;Premium;F;VS2;62.8;56;6.67;6.61;4.17;7437
1.47;Very Good;H;SI2;59.1;56;7.46;7.51;4.42;7438
1.47;Very Good;H;SI2;62.6;58;7.17;7.24;4.51;7438
1.47;Very Good;H;SI2;59.3;59;7.34;7.39;4.37;7438
1.34;Premium;D;SI2;61.5;58;7.07;7.04;4.34;7438
1.18;Ideal;G;VS2;60.9;56;6.8;6.85;4.16;7439
1.07;Ideal;H;VS1;61;57;6.59;6.63;4.03;7440
1.02;Ideal;G;VS1;62.4;57;6.41;6.43;4.01;7440
1.05;Ideal;G;VS1;62.8;58;6.44;6.48;4.06;7440
1.51;Very Good;I;SI2;60.6;60.2;7.32;7.37;4.45;7441
1.51;Premium;F;SI2;61.8;59;7.36;7.3;4.53;7441
1.51;Premium;J;SI1;63;58;7.32;7.28;4.6;7441
1.51;Very Good;I;SI2;63.5;60;7.28;7.21;4.6;7441
1.11;Ideal;G;VS2;61.4;56;6.65;6.7;4.1;7443
1.09;Ideal;E;VS2;61.2;56;6.62;6.67;4.07;7443
1.21;Very Good;H;VS1;62.6;58;6.71;6.75;4.21;7445
1.39;Premium;E;SI2;62.7;58;7.11;6.99;4.42;7445
1.01;Very Good;D;VS2;63.1;58;6.34;6.38;4.01;7448
1;Very Good;F;VS1;61.9;58;6.34;6.37;3.94;7450
1.01;Very Good;G;VS1;59.3;57;6.55;6.6;3.9;7451
1.16;Ideal;G;VS2;62.5;56;6.67;6.73;4.19;7451
1;Premium;E;VS1;61.1;60;6.41;6.43;3.92;7452
1;Good;G;VVS2;63.1;58;6.33;6.37;4.01;7453
1;Very Good;G;VVS2;59.5;61;6.42;6.46;3.83;7453
1.54;Very Good;J;SI1;61.2;59;7.41;7.45;4.55;7453
1;Very Good;E;VS1;63;56;6.39;6.41;4.03;7453
1.1;Ideal;F;VS2;61.4;56;6.64;6.68;4.09;7453
1.34;Very Good;D;SI2;61.7;58;7.04;7.1;4.36;7453
1.21;Premium;G;VS2;62.2;58;6.88;6.78;4.25;7454
1.01;Very Good;F;VS1;62.9;58;6.29;6.31;3.96;7455
1.51;Premium;J;VS2;63;57;7.38;7.29;4.62;7455
1.07;Very Good;G;VVS2;61.6;57;6.55;6.59;4.05;7457
1.04;Ideal;G;VS1;62.3;56;6.45;6.49;4.03;7457
1.04;Ideal;G;VS1;61.5;57;6.5;6.54;4.01;7457
1.01;Ideal;E;VS1;60.4;59;6.52;6.5;3.93;7458
1.31;Premium;H;VS2;62.5;58;6.97;6.94;4.35;7459
1.13;Ideal;I;VVS1;61.6;57;6.67;6.75;4.12;7459
1.04;Ideal;F;VS2;62;55;6.47;6.52;4.03;7459
1.5;Very Good;H;SI1;62;63;7.24;7.19;4.47;7459
1.11;Ideal;E;VS2;62.2;56;6.66;6.59;4.12;7459
1.5;Fair;E;SI2;65.8;57;7.17;7.11;4.7;7459
1.5;Very Good;H;SI1;63.5;58;7.23;7.17;4.57;7459
1.29;Ideal;G;SI1;60.9;59;6.99;7.04;4.27;7463
1.2;Ideal;F;SI1;61.5;53;6.87;6.9;4.24;7463
1.7;Ideal;J;SI2;62;53;7.68;7.65;4.75;7464
1.7;Good;I;SI2;63.6;59;7.62;7.52;4.8;7464
1.01;Ideal;F;VS1;61.3;57;6.44;6.47;3.96;7465
1.01;Ideal;F;VS1;62.5;54;6.43;6.46;4.03;7465
1.01;Premium;F;VS1;62.5;58;6.37;6.42;4;7465
1.01;Ideal;F;VS1;62;57;6.39;6.45;3.98;7465
1.02;Ideal;E;VS2;60.2;56;6.56;6.62;3.97;7465
1.01;Premium;G;VVS2;61.6;60;6.41;6.38;3.94;7466
1.19;Ideal;H;VS1;62.5;54;6.78;6.82;4.25;7466
1.01;Premium;E;VS1;62.9;60;6.43;6.33;4.01;7466
1.01;Premium;G;VVS2;62.4;59;6.37;6.32;3.96;7466
1.01;Premium;G;VVS2;61.7;59;6.44;6.37;3.95;7466
1.01;Good;E;VS1;63.6;54;6.38;6.32;4.04;7466
1.52;Very Good;J;VS2;62.6;58;7.28;7.31;4.57;7467
1.04;Ideal;G;VS1;61.8;56;6.5;6.52;4.02;7467
1;Good;G;VVS1;58.4;60;6.55;6.61;3.84;7467
1.51;Fair;E;SI1;67.2;53;7.15;7.1;4.79;7468
1.5;Fair;D;SI2;68.8;57;6.9;6.86;4.73;7469
1.11;Ideal;G;VS2;62;56;6.62;6.65;4.12;7472
0.37;Premium;F;SI1;61.6;59;4.62;4.67;2.86;616
0.37;Very Good;F;SI1;62.4;59;4.56;4.6;2.86;616
0.37;Premium;F;SI1;60.3;58;4.62;4.66;2.8;616
0.37;Very Good;F;SI1;62.5;58;4.52;4.57;2.84;616
0.37;Premium;F;SI1;61.5;59;4.59;4.62;2.83;616
0.37;Very Good;F;SI1;62.3;59;4.57;4.61;2.86;616
0.37;Ideal;F;SI1;62.4;54;4.6;4.63;2.88;616
0.39;Good;J;VS1;63.1;56;4.62;4.7;2.94;616
0.3;Good;D;VS2;63.5;53;4.3;4.33;2.74;616
0.39;Very Good;J;VS1;61;62;4.66;4.71;2.86;616
0.3;Ideal;D;VS2;62.4;55;4.3;4.32;2.69;616
0.39;Premium;J;VS1;61.6;59;4.67;4.71;2.89;616
0.39;Good;J;VS1;63.5;58;4.59;4.64;2.93;616
0.3;Ideal;D;VS2;62.3;56;4.29;4.31;2.68;616
0.31;Very Good;G;VVS2;62.3;59;4.29;4.32;2.68;617
0.38;Ideal;J;VS2;61.4;57;4.65;4.68;2.87;617
0.29;Good;E;VVS2;63.2;60;4.17;4.19;2.64;617
0.29;Good;E;VVS2;62.7;62;4.19;4.23;2.64;617
0.42;Good;D;SI2;60.7;61;4.78;4.84;2.92;617
0.4;Good;E;SI2;64.2;57;4.68;4.7;3.01;617
0.31;Premium;G;VS1;59.9;59;4.44;4.41;2.65;617
0.32;Very Good;E;VS1;61.6;56;4.4;4.46;2.73;618
0.31;Good;F;SI1;64.1;61;4.29;4.2;2.72;618
0.3;Ideal;G;VS1;61.7;54.6;4.3;4.33;2.67;618
0.26;Ideal;F;VS1;62.4;53;4.11;4.13;2.57;618
0.26;Ideal;F;VS1;62.1;54;4.12;4.13;2.56;618
0.31;Fair;F;SI1;64.7;56;4.28;4.25;2.76;618
0.29;Very Good;E;VS1;60;57;4.33;4.34;2.6;619
0.29;Very Good;E;VS1;59.2;58;4.36;4.39;2.59;619
0.32;Very Good;D;SI1;60.1;60;4.38;4.4;2.64;619
1.33;Premium;H;SI1;61.5;59;7.06;7.03;4.33;7472
1.11;Ideal;F;VS2;61.7;55;6.65;6.67;4.11;7473
1.2;Ideal;H;VS1;60.8;58;6.85;6.91;4.18;7473
1.42;Ideal;H;SI2;62.2;56;7.21;7.16;4.47;7475
1.5;Premium;I;SI2;61.2;59;7.39;7.36;4.51;7476
1.51;Good;J;VS2;59.5;61;7.45;7.62;4.48;7476
1.5;Fair;H;VVS2;65.8;57;7.19;7.15;4.72;7476
1.03;Ideal;E;VS1;59.5;57;6.6;6.62;3.93;7477
1.03;Very Good;E;VS1;61.5;58;6.43;6.55;3.99;7477
1.26;Very Good;H;SI1;62.5;56;6.88;6.93;4.31;7477
1.45;Ideal;J;VS2;61.9;59;7.16;7.21;4.45;7477
1.06;Ideal;F;VS1;61.9;57;6.55;6.53;4.05;7479
1.59;Premium;I;VS2;62;58;7.44;7.39;4.6;7479
1.06;Premium;D;VS2;59.3;55;6.7;6.65;3.96;7479
1.4;Premium;F;SI2;59.9;60;7.38;7.29;4.39;7479
1.32;Ideal;I;VS1;61.2;57;7.06;7.12;4.34;7480
1.11;Good;E;VS2;58.5;58;6.77;6.84;3.98;7480
1.04;Very Good;G;VVS2;62.8;54;6.39;6.5;4.05;7481
1.03;Ideal;G;VS1;61.4;55;6.5;6.53;4;7481
1.07;Ideal;F;VS2;62.4;55;6.53;6.57;4.09;7483
1.5;Very Good;H;VS2;63.2;58;7.26;7.21;4.57;7484
1.57;Premium;I;SI2;60.9;58;7.53;7.51;4.58;7484
1.02;Premium;D;VS2;61.5;58;6.51;6.44;3.98;7485
1.25;Ideal;I;VS1;61.6;56;6.91;6.95;4.27;7485
1.07;Ideal;G;VS1;62.1;54;6.56;6.59;4.08;7485
1.02;Premium;F;VS1;61.9;58;6.5;6.45;4.01;7485
1.02;Premium;F;VS1;62;59;6.41;6.39;3.97;7485
1.24;Premium;D;SI1;62.4;59;6.86;6.82;4.27;7486
1.54;Premium;F;SI2;62;56;7.51;7.4;4.62;7486
1.01;Very Good;D;VS2;59.8;60;6.46;6.51;3.88;7487
1.09;Ideal;G;VS1;62.1;55.1;6.57;6.63;4.1;7487
1.52;Ideal;J;SI1;61.9;57;7.37;7.33;4.55;7491
1.52;Ideal;H;SI1;62;56;7.38;7.32;4.56;7491
1.5;Very Good;J;VS2;62.6;58;7.25;7.29;4.55;7492
1;Good;G;VVS2;60.9;56;6.49;6.52;3.96;7492
1.09;Good;D;VS1;63.9;57;6.57;6.49;4.17;7493
1.24;Premium;H;VS1;61.2;59;6.94;6.91;4.24;7493
1.54;Premium;F;SI2;62.8;57;7.36;7.28;4.6;7494
1.04;Premium;F;VS1;59.4;60;6.56;6.58;3.9;7495
1.12;Ideal;G;VS1;61;56;6.72;6.76;4.11;7495
1.5;Very Good;H;SI2;63.1;57;7.16;7.27;4.55;7495
1.5;Good;H;SI2;63.6;58;7.15;7.2;4.56;7495
1.27;Premium;H;VS2;60.7;58;7.04;6.97;4.25;7496
1.3;Premium;H;SI1;59.9;59;7.18;7.12;4.28;7498
1;Good;D;VS1;57.8;61;6.62;6.56;3.81;7500
1.37;Ideal;I;VS2;61.3;56;7.15;7.18;4.39;7500
1.5;Premium;H;SI2;62.1;59;7.28;7.24;4.51;7500
1.5;Good;H;SI2;64.3;57;7.18;7.15;4.61;7500
1.08;Premium;F;VS2;62.1;59;6.54;6.59;4.08;7501
1.41;Good;D;SI2;63.9;60;7.08;7;4.5;7501
1.55;Premium;J;SI1;62.5;58;7.36;7.4;4.61;7502
1.11;Very Good;G;VS1;61.5;57.6;6.66;6.7;4.11;7503
1.02;Very Good;E;VS1;61;58;6.46;6.52;3.96;7503
1.5;Ideal;J;VS2;60;57;7.45;7.36;4.44;7503
1.5;Premium;J;VS2;59.6;60;7.38;7.31;4.38;7503
1.27;Premium;H;VS2;60;61;7.03;6.99;4.26;7503
1;Very Good;F;VS1;61.6;56;6.41;6.44;3.96;7504
1.34;Ideal;F;VS2;62.5;56;7.09;7.05;4.42;7504
1.13;Ideal;F;VS2;62.1;56;6.71;6.65;4.15;7504
1.52;Very Good;J;VS2;63.5;58;7.28;7.24;4.61;7504
1.52;Very Good;J;VS2;63.3;56;7.33;7.27;4.62;7504
1.52;Very Good;I;SI1;62.7;59;7.26;7.34;4.58;7506
1.22;Ideal;H;VS2;60.4;57;6.95;6.98;4.21;7506
1;Very Good;G;VVS1;62.3;56;6.29;6.4;3.95;7507
1.01;Premium;F;VS1;61.7;58;6.43;6.4;3.96;7507
1.01;Premium;D;VS2;60;59;6.53;6.48;3.9;7508
1.71;Good;J;SI2;63.9;59;7.55;7.47;4.8;7508
1.04;Ideal;F;VS2;61.1;57;6.52;6.54;3.99;7508
1.2;Ideal;D;SI1;61.8;58;6.76;6.83;4.2;7508
2.12;Premium;G;I1;60;58;8.39;8.28;4.99;7508
1.1;Very Good;F;VS2;60.6;58;6.67;6.77;4.07;7509
1.51;Fair;H;SI1;55.8;61;7.72;7.63;4.28;7509
1.03;Very Good;G;VS1;61.3;56.1;6.5;6.52;3.99;7511
1.54;Premium;I;SI1;61.8;57;7.43;7.37;4.57;7512
1.07;Very Good;F;VS1;62;56;6.51;6.55;4.05;7513
1.21;Ideal;H;VS2;62.9;55;6.77;6.8;4.27;7513
1.29;Ideal;H;SI1;61.8;55;6.99;6.95;4.31;7513
1.5;Ideal;J;VS2;61.6;58;7.33;7.38;4.53;7515
1.5;Premium;J;SI1;61.2;61;7.43;7.37;4.53;7518
1.51;Good;D;SI2;61.7;65;7.38;7.31;4.53;7519
1.31;Ideal;H;SI1;60.8;56;7.12;7.08;4.32;7519
1;Ideal;G;VVS2;62.8;53.9;6.37;6.42;4.02;7520
1.5;Ideal;J;SI1;61.1;56.7;7.35;7.38;4.5;7520
1.09;Ideal;F;VS2;60.9;54;6.73;6.66;4.08;7520
1.05;Very Good;E;VS1;61.6;58;6.53;6.56;4.03;7521
1.01;Premium;E;VS2;60.9;58;6.53;6.47;3.96;7522
1.08;Premium;G;VS1;63;59;6.56;6.5;4.11;7523
1.05;Ideal;G;VS1;61.1;56;6.54;6.59;4.01;7523
1.25;Very Good;H;VS2;63.3;57;6.87;6.82;4.33;7525
1.05;Ideal;G;VS1;61;56;6.62;6.56;4.02;7526
1;Ideal;F;VS1;61.9;57;6.41;6.39;3.96;7526
1.33;Ideal;I;SI1;61.6;57;7.06;7.1;4.36;7526
1.5;Premium;I;SI2;60.8;58;7.34;7.24;4.43;7526
1.5;Premium;I;SI2;62.5;61;7.29;7.24;4.54;7526
1.5;Premium;I;SI2;62.7;57;7.35;7.28;4.59;7526
1.31;Premium;H;SI1;62.4;58;7.02;6.96;4.36;7527
1;Very Good;G;VVS2;62.3;58;6.39;6.45;4;7528
1.01;Ideal;E;VS1;62.7;55;6.4;6.45;4.03;7528
1.01;Very Good;G;VVS2;63;61;6.34;6.36;4;7528
1.01;Good;E;VS1;63.8;55;6.32;6.41;4.06;7528
1.01;Good;G;VVS2;63.2;59;6.34;6.38;4.02;7528
1;Very Good;E;VS1;62.3;53;6.35;6.39;3.97;7528
1.1;Ideal;G;VS1;61.9;55;6.59;6.63;4.09;7528
1.72;Premium;F;I1;60.1;58;7.77;7.74;4.66;7532
1;Very Good;E;VS1;63.2;55;6.34;6.29;3.99;7532
1.03;Ideal;E;VS2;61.7;56;6.45;6.54;4.01;7533
1.51;Premium;H;VS2;61.2;59;7.4;7.38;4.52;7534
1.04;Very Good;F;VS1;63.2;57;6.44;6.41;4.06;7534
1.51;Fair;H;VS2;64.9;53;7.28;7.24;4.71;7534
1.15;Premium;G;VS1;61.7;58;6.73;6.7;4.14;7535
1.5;Premium;G;SI1;62.3;60;7.27;7.17;4.5;7535
1.3;Premium;H;VS2;62.4;58;6.92;6.95;4.33;7536
1.02;Premium;F;VS1;60.8;59;6.46;6.49;3.94;7539
1.53;Premium;I;SI2;62.1;59;7.35;7.37;4.57;7539
1.02;Good;D;VS2;63.2;58;6.36;6.4;4.03;7539
1.02;Very Good;F;VS1;62.8;58;6.4;6.44;4.03;7539
1.02;Very Good;F;VS1;62.7;55;6.37;6.43;4.01;7539
1.1;Ideal;G;VS2;61.9;57;6.63;6.57;4.09;7540
1.06;Premium;D;VS2;62.3;59;6.48;6.52;4.05;7541
0.92;Very Good;D;VS1;61.9;58;6.19;6.24;3.85;7544
1.51;Very Good;J;SI1;58.8;59;7.47;7.56;4.42;7544
1.24;Ideal;I;VS2;61.8;56;6.86;6.89;4.25;7544
1.21;Ideal;F;SI1;62.3;55.7;6.8;6.85;4.25;7546
1.2;Ideal;G;VS2;61.9;56;6.86;6.81;4.23;7548
1.17;Ideal;G;VS2;62;56;6.74;6.71;4.17;7548
1.17;Ideal;G;VS2;61.3;56;6.81;6.79;4.17;7548
1.08;Ideal;E;VS2;62;54;6.62;6.57;4.09;7548
1.08;Premium;E;VS2;59.4;59;6.71;6.68;3.98;7548
1.36;Good;G;SI1;64.3;59;6.93;6.85;4.43;7549
1.35;Very Good;H;VS2;62.3;57;7.06;7.12;4.42;7549
1.6;Very Good;J;SI1;62.7;58;7.37;7.41;4.63;7550
1.6;Premium;J;SI1;62.2;58;7.48;7.54;4.67;7550
1.1;Ideal;G;VS1;61.3;57;6.59;6.66;4.06;7550
1.31;Premium;H;VS2;61.4;59;7.01;6.96;4.29;7550
1.53;Ideal;J;VS2;61.4;58;7.35;7.43;4.54;7550
1.17;Ideal;G;VS2;61.4;56;6.77;6.81;4.17;7550
1.07;Premium;D;VS2;62.4;57;6.59;6.51;4.09;7550
1.03;Ideal;F;VS2;60.2;54;6.64;6.61;3.99;7550
1.08;Ideal;G;VS1;61.4;56;6.59;6.63;4.06;7551
1.08;Ideal;G;VS1;61;56;6.62;6.65;4.05;7553
1;Fair;E;VVS2;56.8;58;6.59;6.64;3.76;7553
1.51;Premium;J;VS2;62.8;59;7.28;7.2;4.55;7553
1.51;Premium;J;VS2;62.3;59;7.35;7.31;4.57;7553
1.51;Premium;J;VS2;62.8;59;7.2;7.17;4.51;7553
1.51;Premium;J;VS2;60.2;59;7.36;7.35;4.43;7553
1.51;Premium;J;VS2;59.6;60;7.58;7.48;4.49;7553
1.51;Premium;J;VS2;59.2;59;7.53;7.47;4.44;7553
1.56;Good;H;SI2;59.2;59;7.46;7.54;4.44;7554
1.53;Premium;J;VS2;62.9;59;7.34;7.31;4.61;7554
1.21;Premium;H;VS1;62.5;59;6.8;6.74;4.23;7555
1;Good;E;VS1;60.1;63;6.42;6.45;3.87;7556
1.51;Very Good;J;VS2;62.2;60;7.27;7.32;4.54;7557
1.47;Premium;G;SI2;61.8;58;7.28;7.22;4.48;7557
1.52;Premium;H;SI1;62;60;7.36;7.28;4.54;7559
1.5;Fair;E;SI2;69.6;62;6.88;6.79;4.76;7560
1.5;Very Good;F;SI2;63.1;54;7.29;7.26;4.59;7560
1.5;Premium;E;SI2;61.1;58;7.34;7.31;4.47;7560
1.25;Premium;H;VS1;59.3;57;7.11;7.05;4.2;7560
1.18;Ideal;F;VS2;62;57;6.82;6.77;4.21;7560
1.21;Premium;H;VS2;59.9;59;6.94;6.92;4.15;7562
1.21;Ideal;H;VS2;62.6;55;6.84;6.78;4.26;7562
1.21;Ideal;H;VS2;62.9;55;6.8;6.75;4.26;7562
1.24;Good;E;SI1;63.5;55;6.82;6.86;4.35;7563
1.07;Ideal;F;VS2;61;54;6.59;6.62;4.03;7564
1.02;Ideal;D;SI1;61.7;56;6.4;6.49;3.97;7564
1.17;Premium;G;VS1;62.4;56;6.81;6.75;4.23;7564
1.01;Ideal;E;VS1;61.6;57;6.45;6.41;3.96;7565
1.01;Very Good;G;VVS2;63.1;56;6.4;6.34;4.02;7565
1.26;Very Good;H;VS2;63.8;52;6.89;6.84;4.38;7567
1.3;Very Good;F;SI1;61.5;58;6.99;7.06;4.32;7567
1;Very Good;D;VS1;61.2;62;6.35;6.39;3.9;7567
1.21;Very Good;G;VS2;62.3;58;6.76;6.8;4.22;7568
1.17;Premium;F;VS2;62.4;56;6.76;6.71;4.2;7568
1;Ideal;E;VS2;62.1;57;6.38;6.41;3.97;7569
1.13;Ideal;H;VS1;61.6;55;6.7;6.74;4.14;7571
1;Good;G;VVS2;61.6;60;6.34;6.38;3.92;7572
1.47;Premium;H;SI2;59.3;59;7.39;7.34;4.37;7573
1.25;Ideal;H;SI1;62.4;55;6.9;6.86;4.3;7573
1.47;Premium;H;SI2;59.1;56;7.51;7.46;4.42;7573
1.02;Ideal;G;VS1;62.8;55;6.45;6.41;4.04;7574
1.01;Premium;D;VS1;62.1;58;6.4;6.37;3.97;7575
1.01;Very Good;D;VS1;63.1;58;6.34;6.3;3.99;7575
1.51;Premium;I;SI2;59.7;59;7.48;7.46;4.46;7577
1.07;Ideal;G;VS2;61.6;57;6.55;6.61;4.05;7577
1.07;Ideal;G;VS2;61.7;55;6.53;6.57;4.04;7577
1.51;Premium;G;SI1;62.3;59;7.29;7.21;4.52;7577
1.23;Premium;H;VS1;61.1;58;6.91;6.86;4.21;7577
1.51;Good;I;VS2;63.8;57;7.24;7.18;4.6;7577
1.51;Ideal;I;SI2;61.8;57;7.43;7.36;4.57;7577
1.51;Premium;I;SI2;60.4;56;7.4;7.36;4.46;7577
1.64;Very Good;J;SI2;63;58;7.42;7.51;4.71;7579
1.44;Premium;I;SI1;62.9;59;7.2;7.15;4.51;7580
1.52;Ideal;I;SI2;61.3;60;7.33;7.39;4.51;7582
1.52;Ideal;I;SI2;61.7;57;7.38;7.41;4.56;7582
1.09;Very Good;G;VVS2;59.8;61;6.64;6.7;3.99;7583
1.56;Very Good;H;SI2;58.7;63;7.73;7.55;4.49;7583
1;Very Good;G;VVS2;59.8;59;6.47;6.51;3.88;7584
1.4;Very Good;I;VS1;61.6;59;7.17;7.22;4.43;7584
1.56;Very Good;I;SI1;62.9;58;7.31;7.35;4.61;7584
1.22;Ideal;H;VS2;62.8;56;6.81;6.75;4.26;7584
1.51;Premium;G;SI1;61.3;61;7.41;7.34;4.52;7585
1.51;Very Good;G;SI1;63.1;56;7.27;7.22;4.57;7585
1.02;Very Good;F;VS1;62.4;58;6.42;6.47;4.02;7587
1.15;Ideal;G;VS2;61.6;55;6.74;6.76;4.16;7587
1.03;Ideal;G;VS1;60.8;57;6.55;6.57;3.99;7587
1.03;Ideal;G;VS1;61.7;56;6.47;6.53;4.01;7587
1.12;Premium;D;VS2;63;57;6.62;6.55;4.15;7587
1.09;Premium;F;VS1;61.3;60;6.67;6.61;4.07;7588
1;Premium;E;VS1;61.1;60;6.43;6.41;3.92;7588
1.01;Ideal;E;VS1;61.5;57;6.44;6.47;3.97;7589
1.12;Very Good;E;VS2;62.8;57;6.61;6.64;4.16;7589
1.54;Very Good;I;SI2;59.4;61;7.49;7.56;4.47;7589
1.12;Ideal;F;VS2;61.9;55;6.68;6.73;4.15;7589
1.54;Very Good;I;SI2;60.1;61;7.41;7.46;4.47;7589
1.16;Very Good;G;VS1;62.9;55;6.65;6.74;4.21;7589
1.06;Ideal;G;VS1;61.4;56;6.55;6.58;4.03;7589
1;Very Good;G;VVS2;63.1;58;6.37;6.33;4.01;7589
1.54;Premium;J;SI1;61.2;59;7.45;7.41;4.55;7589
1;Premium;G;VVS2;59.5;61;6.46;6.42;3.83;7589
1.1;Ideal;F;VS2;61.4;56;6.68;6.64;4.09;7589
1.21;Ideal;D;SI1;63;57;6.82;6.76;4.28;7589
1.36;Premium;I;VS1;62;59;7.1;7.06;4.39;7592
1.58;Ideal;J;SI1;61.6;56;7.53;7.5;4.63;7592
1.06;Ideal;F;VS2;61.2;57;6.58;6.55;4.02;7592
1.58;Premium;J;VVS2;61;58;7.56;7.49;4.59;7592
1.07;Premium;G;VVS2;61.6;57;6.59;6.55;4.05;7593
1.06;Ideal;G;VS1;60.7;56;6.6;6.64;4.02;7594
1.06;Ideal;G;VS1;61.6;56;6.53;6.57;4.04;7594
1.07;Very Good;G;VVS2;59.4;57;6.74;6.69;3.99;7597
1.01;Very Good;E;VS1;63.9;58;6.31;6.36;4.05;7597
1.01;Ideal;G;VVS2;62;58;6.36;6.39;3.95;7597
1.01;Ideal;E;VS2;62.5;54;6.39;6.42;4;7597
1.09;Very Good;F;VS1;62.9;58;6.51;6.55;4.11;7598
1.28;Ideal;G;SI1;62.2;56;6.96;6.9;4.31;7598
1.52;Very Good;H;SI2;63.1;55;7.36;7.28;4.62;7600
1.16;Ideal;G;VS2;62.2;55;6.78;6.75;4.21;7600
1.01;Ideal;F;VS1;62;57;6.45;6.39;3.98;7602
1.02;Premium;G;VVS2;62.6;59;6.41;6.46;4.03;7602
1.02;Good;E;VS1;63.9;56;6.33;6.38;4.06;7602
1.02;Premium;G;VVS2;62.2;60;6.39;6.43;3.99;7602
1.11;Ideal;D;VS2;62;57;6.62;6.67;4.12;7602
1.01;Ideal;D;VS2;60.6;57;6.54;6.46;3.94;7602
1.01;Ideal;F;VS1;61.3;57;6.47;6.44;3.96;7602
1.01;Premium;F;VS1;62.5;58;6.42;6.37;4;7602
1.01;Ideal;F;VS1;62.5;54;6.46;6.43;4.03;7602
1.01;Ideal;D;VS2;62.6;54;6.46;6.42;4.03;7602
1.2;Good;G;VS2;63.3;58;6.66;6.74;4.24;7603
1.2;Premium;G;VS2;61.4;60;6.77;6.81;4.17;7603
1.46;Premium;H;SI2;61.4;59;7.3;7.26;4.47;7604
1;Very Good;E;VS2;61;59;6.41;6.48;3.93;7607
1;Very Good;E;VS2;62.9;57;6.33;6.35;3.99;7607
1.53;Premium;H;SI1;62;60;7.31;7.27;4.55;7608
1.11;Ideal;G;VS2;62;56;6.65;6.62;4.12;7608
1.35;Ideal;H;SI1;61.5;58;7.08;7.11;4.36;7609
1.51;Premium;E;SI2;62;62;7.16;7.09;4.42;7610
1.07;Very Good;G;VS2;60;56;6.67;6.69;4.01;7611
1.21;Premium;G;VS2;62.2;60;6.79;6.75;4.21;7611
1.03;Ideal;F;VS1;59;55;6.62;6.67;3.92;7613
1.03;Premium;E;VS1;61.5;58;6.55;6.43;3.99;7614
1.12;Ideal;H;VS1;60.9;57;6.71;6.73;4.09;7616
1.6;Ideal;F;SI2;62.8;56;7.46;7.41;4.69;7616
1.32;Ideal;I;VS1;61.2;57;7.12;7.06;4.34;7617
1.53;Ideal;H;SI2;62.5;57;7.36;7.39;4.61;7617
1.11;Premium;E;VS2;62.2;58;6.61;6.64;4.12;7619
1.35;Ideal;H;SI1;62.8;57;6.98;7.09;4.42;7619
1.3;Premium;I;IF;61.8;58;6.95;7;4.31;7621
1;Very Good;G;VVS2;61.6;61;6.35;6.38;3.92;7623
1.22;Ideal;H;VS2;62;58;6.81;6.86;4.24;7623
1.11;Premium;F;VS1;60.7;59;6.64;6.61;4.02;7623
1.31;Premium;F;SI1;62.6;58;6.98;7.02;4.38;7625
1.08;Ideal;F;VS2;62.5;57;6.52;6.57;4.09;7625
1.06;Premium;G;VVS2;62.4;55;6.54;6.5;4.07;7627
1.5;Ideal;H;SI1;61.6;57;7.34;7.24;4.49;7627
1.08;Ideal;F;VS2;61.9;55;6.58;6.61;4.09;7629
1.34;Premium;H;VS2;62.3;60;7.05;7.02;4.38;7630
1.54;Premium;I;SI2;61.2;58;7.51;7.43;4.57;7631
1.27;Ideal;E;SI1;62.4;58;6.87;6.91;4.3;7631
1.02;Ideal;F;VS2;62.6;57;6.4;6.47;4.03;7632
1.04;Premium;F;VS1;59.4;60;6.58;6.56;3.9;7632
1.12;Ideal;G;VS1;61;56;6.76;6.72;4.11;7632
1.19;Ideal;H;VS2;62;54;6.79;6.83;4.22;7633
1.12;Ideal;G;VS2;61;57;6.69;6.72;4.09;7634
1.08;Ideal;G;VS1;61.8;58;6.56;6.58;4.06;7635
1.41;Very Good;J;VS1;59.4;59;7.34;7.38;4.37;7636
1.61;Very Good;I;SI2;60.9;63;7.5;7.54;4.58;7636
1.34;Very Good;H;SI1;62.4;58;6.98;7.02;4.37;7636
1.5;Premium;H;SI1;61.4;56;7.47;7.34;4.55;7636
1.06;Ideal;F;VS2;61.1;56.5;6.57;6.6;4.03;7637
1.51;Very Good;J;SI1;62.3;59;7.22;7.28;4.52;7637
1.08;Premium;F;VS2;62.1;59;6.59;6.54;4.08;7637
1.55;Premium;J;SI1;62.5;58;7.4;7.36;4.61;7638
1.11;Ideal;G;VS1;61.5;58;6.7;6.66;4.11;7639
1.36;Good;G;SI1;63.8;55;6.97;6.94;4.44;7639
1.57;Ideal;J;SI1;62;56;7.5;7.46;4.64;7640
1.06;Ideal;F;VS2;61.4;56;6.56;6.61;4.04;7641
1.53;Good;E;SI2;57.1;56;7.69;7.65;4.38;7643
1.02;Premium;D;VS2;62.5;58;6.4;6.37;3.99;7643
1;Premium;G;VVS1;61.3;62;6.37;6.35;3.9;7644
1.5;Premium;F;SI2;58.5;60;7.52;7.48;4.39;7644
1.5;Premium;F;SI2;58.5;60;7.52;7.48;4.39;7644
0.32;Ideal;H;VVS2;61.9;53;4.42;4.44;2.74;619
0.33;Ideal;F;VS2;60.9;56;4.47;4.49;2.73;619
0.29;Ideal;E;VS2;60.1;56;4.3;4.34;2.6;619
0.29;Ideal;E;VS1;61.2;56;4.27;4.29;2.61;619
0.29;Ideal;E;VS1;60.6;55;4.33;4.35;2.63;619
0.4;Ideal;F;SI2;61.6;55;4.73;4.75;2.92;619
0.32;Good;F;VVS2;62.5;61;4.32;4.38;2.72;619
0.3;Ideal;E;VS2;63.8;56;4.28;4.2;2.71;619
0.3;Good;E;VS2;64.2;57;4.24;4.13;2.69;619
0.41;Very Good;D;SI2;59.9;60;4.78;4.8;2.87;619
0.36;Very Good;D;SI1;62.8;57;4.51;4.54;2.84;619
0.36;Ideal;D;SI1;60.6;56;4.58;4.63;2.79;619
0.36;Good;D;SI1;63.2;56;4.52;4.56;2.87;619
0.35;Very Good;I;VVS2;61.3;56;4.52;4.54;2.78;620
0.27;Very Good;F;VVS2;61.9;58;4.17;4.2;2.59;620
0.27;Very Good;F;VVS2;60.1;58;4.17;4.22;2.52;620
0.27;Very Good;E;VVS2;62;59;4.14;4.18;2.58;620
0.27;Very Good;E;VVS2;62.5;59;4.09;4.14;2.57;620
0.27;Very Good;E;VVS2;60.9;58;4.14;4.17;2.53;620
0.27;Very Good;E;VVS2;61.7;58;4.12;4.15;2.55;620
0.27;Very Good;D;VVS2;59.9;59;4.23;4.28;2.55;620
0.27;Very Good;D;VVS2;61.6;59;4.15;4.16;2.56;620
0.27;Very Good;F;VVS1;62;58;4.18;4.21;2.6;620
0.27;Very Good;E;VVS1;60.9;59;4.17;4.21;2.55;620
0.27;Very Good;E;VVS1;59.9;57;4.23;4.25;2.54;620
0.27;Very Good;E;VVS1;62.6;58;4.11;4.16;2.59;620
0.27;Very Good;E;VVS1;61.5;58;4.16;4.23;2.58;620
0.3;Very Good;G;VS1;62.9;55;4.25;4.27;2.68;620
0.3;Very Good;G;VS1;61.7;57;4.28;4.32;2.65;620
0.3;Very Good;G;VS1;60.3;57;4.33;4.35;2.62;620
1.4;Very Good;I;SI1;61.3;59;7.19;7.23;4.42;7644
1.17;Very Good;H;IF;59.3;59;6.92;6.98;4.12;7644
1;Ideal;G;VVS1;62.3;56;6.4;6.29;3.95;7644
1.75;Premium;I;SI1;60.8;58;7.83;7.79;4.75;7644
1.05;Premium;G;VS1;61.1;59;6.6;6.55;4.02;7644
1.5;Fair;F;SI2;65.4;58;7.17;7.1;4.67;7644
1.2;Very Good;D;SI1;62.4;58;6.75;6.78;4.23;7646
1;Ideal;G;VS1;62.5;54;6.4;6.44;4.01;7648
1.03;Ideal;G;VS1;61.3;56;6.52;6.5;3.99;7648
1.7;Premium;J;SI2;63;60;7.59;7.53;4.76;7650
1.19;Ideal;H;VVS2;61.6;56;6.78;6.86;4.2;7651
1.51;Ideal;J;VS2;62.4;57;7.35;7.3;4.57;7651
1.01;Very Good;D;VS2;62.7;57;6.36;6.39;4;7652
1.68;Premium;J;SI2;59.2;57;7.83;7.72;4.6;7652
1.04;Very Good;D;VS2;61.2;56;6.53;6.58;4.02;7653
1.02;Ideal;F;VS1;61;56;6.54;6.5;3.98;7654
1.58;Premium;J;SI1;59.8;58;7.61;7.57;4.54;7654
1.34;Very Good;H;SI1;61.6;59;7.04;7.09;4.35;7655
1.04;Ideal;G;VS1;60.7;55;6.57;6.61;4;7655
1.04;Ideal;G;VS1;61.9;57;6.51;6.55;4.04;7655
1.55;Premium;I;VS2;61.3;58;7.48;7.44;4.57;7656
1.02;Very Good;G;VVS1;63;58;6.4;6.43;4.04;7657
1.1;Ideal;F;VS2;62.2;57;6.62;6.59;4.11;7658
1.34;Ideal;H;SI1;62.4;54;7.05;7.08;4.41;7659
1.24;Premium;G;VS1;62;59;6.88;6.92;4.28;7660
1.24;Very Good;G;VS2;61.5;58;6.89;6.94;4.25;7660
1.52;Ideal;I;SI2;60.2;57;7.47;7.38;4.47;7661
1.2;Premium;G;VS2;61.6;59;6.85;6.81;4.21;7661
1.15;Very Good;D;VS2;61.4;57;6.7;6.78;4.14;7662
1.7;Ideal;H;SI2;62.9;57;7.59;7.55;4.76;7664
1.01;Good;E;VS1;63.6;57;6.41;6.35;4.06;7665
1.01;Premium;G;VVS2;60.5;60;6.58;6.51;3.96;7665
1.01;Premium;G;VVS2;63;61;6.36;6.34;4;7665
1.01;Good;E;VS1;63.8;55;6.41;6.32;4.06;7665
1.01;Very Good;G;VVS2;63.2;59;6.38;6.34;4.02;7665
1.01;Ideal;E;VS1;62.7;55;6.45;6.4;4.03;7665
1.21;Ideal;G;VS2;62;56;6.77;6.87;4.23;7666
1.05;Very Good;E;VS1;59.8;59;6.57;6.75;3.98;7666
1.2;Good;F;VS2;63.8;60;6.6;6.65;4.23;7666
1.17;Premium;G;VS1;60.6;60;6.81;6.79;4.12;7666
1.05;Very Good;G;VVS2;59.8;60;6.54;6.61;3.93;7667
1.14;Ideal;G;VS2;61.4;56;6.74;6.77;4.15;7667
1.07;Premium;E;VS2;59.3;56;6.71;6.69;3.97;7670
1;Good;D;VS1;62.7;62;6.21;6.23;3.9;7672
1.08;Ideal;E;SI1;61.5;55;6.59;6.62;4.06;7672
1.7;Premium;H;SI2;62.1;56;7.66;7.55;4.72;7673
1.22;Very Good;H;VS1;62.4;59;6.91;6.85;4.29;7673
1.35;Premium;H;SI1;62.4;58;7.03;6.95;4.36;7673
1;Very Good;E;VS1;63;58;6.29;6.38;3.99;7676
1.32;Premium;G;SI1;60.6;58;7.12;7.06;4.3;7676
1.53;Very Good;J;VS1;59.5;60;7.55;7.65;4.52;7677
1.03;Very Good;E;VS1;62.8;55;6.4;6.52;4.06;7677
1.03;Premium;E;VS1;61.4;58;6.52;6.58;4.02;7677
1.03;Premium;E;VS1;59.6;59;6.57;6.59;3.92;7677
1.02;Premium;F;VS1;62.8;58;6.44;6.4;4.03;7677
1.02;Premium;F;VS1;62.7;55;6.43;6.37;4.01;7677
1.36;Premium;E;SI2;61.1;58;7.21;7.13;4.38;7677
1.02;Very Good;D;VS2;63.2;58;6.4;6.36;4.03;7677
1.02;Premium;F;VS1;60.8;59;6.49;6.46;3.94;7677
1.53;Ideal;I;SI2;62.4;58;7.31;7.37;4.58;7678
1.51;Ideal;H;SI1;61.9;57;7.4;7.33;4.56;7678
1.04;Very Good;D;VS2;63.1;54;6.44;6.53;4.09;7679
1.06;Premium;D;VS2;62.3;59;6.52;6.48;4.05;7679
1.06;Premium;F;VS1;58.8;60;6.76;6.68;3.95;7679
1.75;Ideal;H;I1;61.6;56;7.73;7.75;4.77;7680
1;Very Good;G;IF;62.2;61;6.38;6.41;3.98;7682
1.02;Very Good;F;VS1;63.6;60;6.25;6.33;4;7682
1.32;Premium;F;SI1;59.7;60;7.11;7.16;4.26;7683
1.08;Premium;D;VS2;61.2;60;6.61;6.63;4.05;7683
1.53;Premium;F;SI2;60.9;60;7.5;7.37;4.53;7685
1.12;Very Good;G;VS1;62.2;59;6.58;6.61;4.1;7687
1.13;Ideal;G;VS1;61;58;6.71;6.74;4.1;7687
1.23;Ideal;H;VS2;61.7;56;6.92;6.88;4.26;7687
1.1;Ideal;G;VS1;61.3;57;6.66;6.59;4.06;7688
1.2;Ideal;G;VVS2;61.7;57;6.84;6.79;4.2;7688
1.26;Ideal;H;VS1;61.4;56;7.01;6.97;4.29;7691
1;Good;E;VVS2;64.1;57;6.32;6.29;4.04;7692
1.51;Ideal;I;SI2;62.8;54;7.28;7.34;4.59;7693
1.54;Very Good;J;VS2;62.7;60;7.34;7.37;4.61;7695
1.61;Very Good;J;SI1;61.7;60;7.45;7.5;4.61;7695
1.06;Very Good;G;VVS2;62.9;56;6.56;6.6;4.14;7695
1.59;Premium;J;SI1;62.5;60;7.42;7.46;4.65;7695
1.71;Ideal;J;SI2;60.8;57;7.69;7.64;4.66;7695
1.51;Ideal;H;SI1;61.3;57;7.41;7.34;4.52;7695
1.51;Good;F;SI2;64.2;61;7.24;7.19;4.63;7695
1.51;Good;G;SI2;63.7;57;7.28;7.21;4.62;7695
1.51;Premium;G;SI2;62.4;57;7.35;7.29;4.57;7695
1.12;Fair;D;VS2;58.9;59;6.84;6.77;4.01;7696
1.03;Ideal;D;VS2;62;54.8;6.47;6.51;4.02;7697
1.05;Ideal;F;VS2;59.1;57;6.67;6.66;3.94;7697
1.06;Good;F;VS1;58.5;57;6.68;6.73;3.92;7699
1.24;Ideal;H;VS2;60.1;59;6.99;7.03;4.21;7701
1.26;Ideal;H;SI1;62;56;6.92;6.94;4.3;7701
1.24;Ideal;E;SI1;63.5;55;6.86;6.82;4.35;7701
1.4;Very Good;I;VS2;59.2;60;7.35;7.3;4.34;7702
1.52;Fair;D;SI2;56.3;61;7.7;7.62;4.31;7702
1.61;Very Good;J;VS2;61.7;59;7.46;7.51;4.62;7703
1.21;Very Good;E;SI1;62.2;60;6.78;6.76;4.21;7703
1.06;Very Good;F;VS2;61.5;58;6.53;6.57;4.03;7706
1.54;Premium;G;SI2;59.4;60;7.49;7.52;4.46;7707
1.03;Ideal;G;VVS1;61.7;56;6.45;6.56;4;7708
1.5;Very Good;H;SI1;63.4;57;7.27;7.23;4.59;7708
1;Very Good;F;VS1;59.8;58;6.49;6.53;3.89;7710
1.26;Ideal;G;SI1;61.9;56;6.92;6.98;4.3;7711
0.9;Premium;D;VVS1;61.3;59;6.18;6.12;3.77;7711
1.7;Very Good;J;SI1;59.1;61;7.79;7.85;4.62;7713
1.3;Premium;H;VS1;61.5;58;6.96;6.98;4.29;7714
1.5;Good;H;SI2;58.4;62;7.44;7.49;4.36;7714
1.27;Very Good;H;VS2;62.6;57;6.91;6.95;4.34;7715
1.5;Premium;I;SI2;62.8;57;7.34;7.25;4.58;7715
1.23;Premium;D;SI1;62.5;58;6.85;6.79;4.27;7715
1.01;Very Good;F;VVS2;62.5;63;6.41;6.38;4;7715
1.12;Ideal;G;VS1;61.6;55;6.69;6.72;4.13;7716
1;Very Good;D;VS2;63.6;56;6.3;6.35;4.02;7717
1.03;Premium;D;VS2;62.9;59;6.43;6.38;4.03;7718
1.13;Premium;G;VS1;61.6;58;6.76;6.68;4.14;7720
1.53;Ideal;J;SI1;62.2;58;7.35;7.37;4.58;7721
1.5;Good;D;SI2;61.1;64;7.26;7.35;4.46;7722
1.5;Very Good;I;SI1;61.4;62;7.26;7.33;4.48;7722
1.4;Premium;I;VS1;61.6;59;7.22;7.17;4.43;7722
1.51;Very Good;H;SI2;60.8;58;7.4;7.51;4.53;7723
1.51;Very Good;H;SI2;60.4;59;7.27;7.3;4.4;7723
1.51;Good;H;SI2;63.1;60;7.23;7.28;4.58;7723
1.02;Very Good;G;VVS2;62.5;59;6.34;6.42;3.99;7724
1;Very Good;G;VVS1;57.8;59;6.59;6.63;3.82;7725
1.03;Ideal;G;VS2;61.1;57;6.51;6.54;3.99;7726
1.01;Ideal;E;VS1;61.5;57;6.47;6.44;3.97;7727
1.5;Good;F;SI2;62.9;59;7.19;7.32;4.56;7727
1.54;Premium;I;SI2;60.1;61;7.46;7.41;4.47;7727
1.54;Fair;I;SI2;64.6;56;7.3;7.26;4.7;7727
1.54;Premium;I;SI2;59.4;61;7.56;7.49;4.47;7727
1.12;Ideal;F;VS2;61.9;55;6.73;6.68;4.15;7727
1.2;Premium;G;VS2;62.1;61;6.74;6.68;4.17;7728
1.5;Very Good;E;SI2;63.3;57;7.28;7.23;4.59;7728
1.22;Premium;G;VS2;61.2;58;6.81;6.91;4.2;7729
1.03;Premium;G;VVS2;60.4;59;6.58;6.56;3.97;7729
1.52;Ideal;H;SI1;61.5;57;7.39;7.31;4.52;7729
1.36;Premium;G;SI1;60.6;59;7.21;7.17;4.36;7729
1.53;Very Good;J;SI1;61.7;58;7.43;7.47;4.6;7730
1.7;Very Good;J;VS2;63.2;58;7.56;7.5;4.76;7730
1.29;Premium;F;SI1;62.5;60;6.97;6.91;4.34;7730
1.17;Premium;G;SI1;62.6;55;6.75;6.7;4.21;7731
1.31;Premium;H;VS2;59.8;58;7.19;7.09;4.27;7732
1.55;Premium;J;VS1;61.6;58;7.39;7.42;4.56;7733
1.57;Ideal;J;SI1;62.3;57;7.45;7.39;4.62;7737
1.51;Very Good;E;SI2;63.3;58;7.19;7.16;4.54;7737
1.5;Good;F;SI2;62.4;55;7.27;7.34;4.56;7738
1.02;Very Good;E;VS1;60.5;60;6.49;6.54;3.94;7738
1.22;Ideal;H;VS1;60.4;57;6.86;6.89;4.15;7738
1.41;Good;G;SI1;63.7;57;7.13;7.03;4.51;7738
1.04;Ideal;G;VVS1;62.8;56;6.49;6.45;4.06;7738
1.64;Very Good;J;SI1;62.6;59;7.45;7.51;4.68;7739
1.02;Very Good;F;VS1;61.3;58;6.46;6.52;3.98;7740
1.11;Ideal;F;VS2;61.6;57;6.65;6.67;4.1;7740
1.52;Ideal;J;VS1;61.3;55;7.42;7.39;4.54;7740
1.01;Premium;F;VVS1;62.5;58;6.35;6.41;3.99;7741
1.72;Good;J;SI2;63.2;57;7.56;7.6;4.79;7741
1.02;Premium;G;VVS2;62.2;60;6.43;6.39;3.99;7741
1.02;Premium;G;VVS2;62.6;59;6.46;6.41;4.03;7741
1.2;Ideal;G;VS2;62.1;56;6.84;6.78;4.23;7741
1.2;Very Good;G;VS2;63.3;58;6.74;6.66;4.24;7741
1.33;Ideal;H;SI1;60.1;57;7.14;7.2;4.31;7742
1;Very Good;G;VS2;61.1;55;6.44;6.5;3.95;7743
1.24;Ideal;H;VS1;61.6;56;6.95;6.87;4.26;7743
1.51;Very Good;J;VS2;61;58;7.35;7.41;4.5;7744
1;Premium;E;VS1;60.4;59;6.51;6.54;3.94;7744
1;Ideal;G;VVS2;60.8;57;6.45;6.47;3.93;7744
1.01;Ideal;F;VS1;62;57;6.42;6.46;3.99;7745
1.61;Premium;H;SI2;61.4;62;7.54;7.48;4.62;7745
1.52;Fair;I;SI1;64.6;58;7.24;7.21;4.68;7746
1.3;Very Good;H;VS1;61.9;56;6.97;7.05;4.34;7747
0.9;Very Good;E;IF;63.9;55;6.05;6.09;3.88;7747
1.07;Ideal;G;VS1;62.2;56;6.53;6.56;4.07;7748
1.64;Very Good;J;SI2;62;59;7.47;7.52;4.65;7750
1.14;Ideal;G;VS1;60.9;57;6.7;6.82;4.12;7750
1.04;Very Good;E;VS1;63;55;6.45;6.5;4.08;7751
1.31;Ideal;I;VS1;62.2;57;7;7.03;4.36;7751
1.07;Premium;D;VS2;61.3;59;6.61;6.53;4.03;7751
1.13;Premium;D;VS2;61.7;58;6.7;6.65;4.12;7751
1.03;Ideal;F;VS1;59;55;6.67;6.62;3.92;7752
1.61;Premium;H;SI1;62.8;58;7.47;7.4;4.67;7754
1.57;Premium;I;VS2;62.2;58;7.43;7.35;4.59;7755
1.42;Premium;F;SI2;59.7;57;7.33;7.3;4.37;7755
1.13;Ideal;F;VS2;61.8;54;6.72;6.73;4.15;7756
1.71;Premium;J;SI1;61.9;58;7.62;7.56;4.7;7757
1.52;Premium;J;VS2;62;59;7.28;7.31;4.52;7758
1.11;Ideal;G;VS1;62.6;57;6.64;6.59;4.14;7758
1.51;Premium;H;SI1;62.8;60;7.22;7.14;4.51;7759
1.52;Very Good;J;SI1;59.9;57;7.45;7.47;4.47;7759
1.3;Premium;I;IF;61.8;58;7;6.95;4.31;7760
1.12;Premium;F;VS1;61.8;59;6.65;6.75;4.14;7761
1.2;Ideal;D;SI1;62.7;55;6.71;6.79;4.23;7761
1.1;Premium;F;VS1;60.9;61;6.7;6.64;4.06;7762
1.05;Ideal;E;VS1;62.6;57;6.5;6.44;4.05;7762
1;Premium;G;VVS2;61.6;61;6.38;6.35;3.92;7762
1.56;Premium;J;VS2;61.7;58;7.41;7.46;4.59;7763
1.52;Premium;H;SI2;62;58;7.37;7.34;4.56;7764
1.51;Premium;I;SI2;62.7;55;7.37;7.28;4.59;7766
1.38;Ideal;F;SI2;62;58;7.12;7.17;4.43;7767
1.07;Very Good;E;VS1;62;60;6.49;6.58;4.05;7768
1.2;Ideal;H;VS1;62.3;54;6.78;6.86;4.25;7768
1.01;Good;E;VVS2;64.3;58;6.34;6.28;4.06;7769
1.77;Ideal;J;SI2;62;56;7.78;7.74;4.81;7771
1.49;Very Good;G;SI2;62.5;58;7.2;7.26;4.52;7773
1.42;Ideal;J;VVS2;61.9;55;7.19;7.24;4.47;7773
1.5;Very Good;H;SI2;61.3;59;7.38;7.41;4.53;7774
1.5;Very Good;H;SI2;62.3;60;7.28;7.22;4.52;7775
1.61;Very Good;I;SI2;60.9;63;7.54;7.5;4.58;7775
1.06;Ideal;F;VS2;61.1;57;6.6;6.57;4.03;7776
1;Very Good;E;VVS2;61.9;61;6.38;6.42;3.96;7777
1.03;Premium;E;VS1;62.4;58;6.41;6.5;4.03;7778
1.02;Very Good;E;VS1;60.1;59;6.48;6.53;3.91;7779
1.59;Premium;D;SI2;59.4;61;7.62;7.56;4.51;7779
1.34;Premium;G;VS2;61;60;7.13;7.07;4.33;7780
1.51;Ideal;H;SI1;61.7;56;7.25;7.18;4.45;7780
1.08;Ideal;F;VS2;61;57;6.61;6.68;4.06;7781
1.12;Premium;F;VS1;62.1;60;6.62;6.58;4.1;7781
1.22;Ideal;G;VS2;62;55;6.83;6.87;4.25;7783
1.01;Very Good;D;VS1;63.1;56;6.38;6.33;4.01;7785
1.26;Very Good;D;SI1;59.9;59;7.02;7.14;4.24;7785
1.01;Premium;D;VS1;61.1;61;6.46;6.4;3.93;7785
1.21;Good;F;VS2;63.5;55;6.71;6.77;4.28;7786
1.21;Very Good;H;VS1;62.8;54.4;6.78;6.81;4.26;7786
1.21;Very Good;G;VS2;62;58;6.73;6.82;4.2;7787
1.06;Ideal;E;VS2;61.8;55;6.59;6.51;4.05;7788
1.21;Ideal;H;IF;61;57;6.79;6.89;4.17;7789
1.06;Ideal;G;VS1;61.2;56;6.56;6.62;4.03;7790
1.29;Ideal;F;SI1;61.4;61;7;6.97;4.29;7790
1.01;Ideal;D;VS2;62.7;57;6.39;6.36;4;7792
1.01;Ideal;F;VS1;60.7;57;6.52;6.49;3.95;7792
1.21;Ideal;G;VS2;61.2;57;6.9;6.85;4.21;7792
1.21;Premium;G;VS2;61.5;58;6.84;6.81;4.2;7792
1.01;Premium;F;VS1;61.4;60;6.45;6.39;3.94;7792
1.05;Very Good;D;VS2;59.7;58;6.56;6.63;3.94;7794
1.2;Premium;G;VS2;58.2;59;7.04;6.95;4.07;7795
1.09;Ideal;E;VS2;60.6;58;6.66;6.7;4.05;7796
1.53;Very Good;I;SI1;63.1;56;7.32;7.26;4.6;7797
1.02;Premium;G;VVS1;63;58;6.43;6.4;4.04;7797
1.19;Premium;G;VS1;61.2;55;6.86;6.81;4.18;7797
1.7;Premium;I;SI1;59.8;59;7.72;7.7;4.61;7797
1.23;Very Good;D;SI1;59.7;58;6.96;7.02;4.17;7799
1.02;Good;G;VVS2;63.1;59;6.38;6.45;4.05;7800
1.24;Premium;G;VS1;62;59;6.92;6.88;4.28;7800
1.29;Premium;H;VS2;60.7;61;7.1;7.01;4.28;7802
1.72;Ideal;E;I1;62.2;55;7.7;7.67;4.78;7802
1.23;Ideal;H;VS1;60.6;57;6.94;6.98;4.22;7803
1.16;Very Good;F;VS2;60.2;63;6.79;6.7;4.07;7803
1.01;Ideal;G;VVS1;61.7;57;6.42;6.39;3.95;7805
1.01;Ideal;G;VVS2;62.4;59;6.34;6.41;3.98;7806
1.21;Ideal;G;VS2;62;56;6.87;6.77;4.23;7806
1.13;Ideal;G;VS1;61;56.4;6.7;6.75;4.1;7808
1.56;Ideal;J;VS2;62.4;57;7.39;7.46;4.63;7809
1.21;Ideal;H;SI1;60.7;57;6.85;6.89;4.17;7810
1.21;Ideal;H;SI1;60.9;56;6.89;6.94;4.21;7810
1.59;Premium;J;VS2;62.6;59;7.43;7.45;4.66;7811
1.21;Ideal;H;VS1;62.4;53;6.83;6.86;4.27;7811
1;Premium;D;VS1;62.1;55;6.41;6.34;3.96;7812
1;Premium;D;VS1;62.7;54;6.38;6.35;3.99;7812
1.51;Very Good;J;SI1;60.9;59;7.33;7.41;4.49;7812
1.12;Ideal;F;SI1;61.7;56;6.64;6.68;4.11;7812
1.5;Premium;H;SI2;62.2;60;7.29;7.24;4.52;7812
1;Premium;D;VS1;62.7;62;6.23;6.21;3.9;7812
1.57;Very Good;J;VS2;62.6;60;7.34;7.41;4.62;7813
1.09;Ideal;E;VS2;62.1;57;6.62;6.56;4.09;7813
1.09;Premium;E;VS2;61.6;59;6.62;6.54;4.05;7813
1.01;Ideal;G;VS2;62.1;59;6.39;6.43;3.98;7814
1.51;Good;I;SI2;63.6;60;7.23;7.27;4.61;7815
1.13;Very Good;G;VS1;60.7;57;6.68;6.72;4.07;7815
1.34;Premium;H;VS2;62.3;60;7.05;7.02;4.38;7816
1.22;Premium;H;VS1;62.5;59;6.85;6.79;4.26;7816
1.03;Premium;E;VS1;59.6;59;6.59;6.57;3.92;7817
1.41;Premium;F;SI2;62.7;56;7.21;7.15;4.5;7817
1.14;Ideal;F;VS2;61.9;57;6.67;6.7;4.13;7819
1.5;Fair;J;VS1;60.1;61;7.25;7.3;4.37;7819
1.09;Ideal;G;VS1;62.3;55;6.59;6.63;4.12;7820
1.01;Premium;E;VS1;62;59;6.38;6.42;3.97;7821
1.01;Premium;E;VS1;60.8;59;6.42;6.46;3.92;7821
1.01;Premium;G;VVS2;61.9;59;6.41;6.45;3.98;7821
1.07;Ideal;H;VVS2;61.3;57;6.6;6.62;4.05;7821
1.51;Premium;J;SI1;59.9;60;7.46;7.41;4.45;7822
1;Premium;G;IF;62.2;61;6.41;6.38;3.98;7822
1;Premium;G;IF;61.4;59;6.47;6.39;3.95;7822
1.51;Very Good;H;SI2;62.3;58;7.29;7.25;4.53;7823
1.11;Ideal;F;VS2;61.9;55;6.62;6.66;4.11;7823
1.08;Premium;D;VS2;61.2;60;6.63;6.61;4.05;7824
1.26;Ideal;F;SI1;61.4;56;6.99;6.93;4.27;7824
1.05;Good;E;VS1;63.1;59;6.45;6.49;4.08;7826
1.21;Ideal;F;VS2;62.6;55;6.8;6.75;4.24;7826
1.21;Very Good;F;VS2;63.3;58;6.73;6.67;4.24;7826
1.21;Very Good;F;VS2;63.5;58;6.76;6.73;4.28;7826
1.12;Premium;G;VS1;62.2;59;6.61;6.58;4.1;7827
1.12;Ideal;G;VS1;62.2;56;6.71;6.67;4.16;7827
1.29;Good;F;SI1;63.8;60;6.9;6.86;4.39;7828
1.57;Very Good;J;VS2;60.2;59;7.53;7.61;4.56;7832
1.57;Very Good;J;VS2;62.6;59;7.39;7.43;4.64;7832
1.5;Fair;H;SI1;66.1;57;7.06;6.98;4.64;7832
1.11;Premium;F;VS1;59.4;58;6.81;6.75;4.03;7832
1.5;Premium;J;VS1;62;61;7.37;7.24;4.53;7832
2.11;Very Good;G;I1;63.2;57;8.13;8.07;5.12;7834
1.01;Very Good;F;VVS2;60.7;59;6.4;6.46;3.9;7835
0.3;Very Good;E;VS1;63.6;54;4.28;4.33;2.74;620
0.27;Ideal;F;VVS2;61.4;57;4.17;4.2;2.57;620
0.27;Ideal;E;VVS2;60.5;57;4.18;4.25;2.55;620
0.27;Ideal;E;VVS2;61.5;57;4.14;4.18;2.56;620
0.27;Ideal;F;VVS1;61;57;4.2;4.22;2.57;620
0.34;Ideal;H;VS1;62.2;55;4.47;4.49;2.79;620
0.32;Ideal;H;VS1;62.5;55;4.36;4.38;2.73;620
0.35;Good;H;VVS2;60.4;56;4.57;4.59;2.77;620
0.3;Premium;H;VVS1;60.7;58;4.35;4.38;2.65;620
0.27;Very Good;E;VVS2;63.8;54;4.06;4.09;2.6;621
0.41;Very Good;G;SI2;59.6;60;4.82;4.85;2.88;621
0.3;Ideal;E;VS2;61.3;57;4.3;4.34;2.65;621
0.3;Ideal;E;VS2;61.4;56;4.33;4.36;2.67;621
0.3;Ideal;E;VS2;61.7;58;4.27;4.29;2.64;621
0.3;Ideal;E;VS2;62.1;55;4.32;4.35;2.69;621
0.3;Ideal;E;VS2;61.3;58;4.3;4.32;2.64;621
0.31;Ideal;D;VS2;61.3;57;4.36;4.41;2.69;621
0.3;Ideal;F;VS1;61.6;54;4.32;4.35;2.67;621
0.3;Ideal;F;VS1;61.8;53;4.32;4.36;2.68;621
0.3;Ideal;F;VS1;62.5;57;4.26;4.28;2.67;621
0.3;Ideal;F;VS1;61.2;57;4.32;4.34;2.65;621
0.3;Ideal;F;VS1;62.2;56;4.31;4.34;2.69;621
0.3;Good;D;VS2;58.9;62;4.33;4.36;2.56;621
0.41;Good;J;VS1;63.2;59;4.67;4.7;2.96;621
0.33;Very Good;G;VS1;61.6;57;4.42;4.51;2.75;621
0.33;Premium;G;VS1;60.3;58;4.5;4.52;2.72;621
0.3;Very Good;E;VVS2;61.1;62;4.28;4.33;2.63;622
0.3;Very Good;E;VVS2;62.4;58;4.28;4.31;2.68;622
0.3;Very Good;E;VVS2;63.2;56;4.23;4.28;2.69;622
0.3;Very Good;E;VVS2;59.7;57;4.37;4.43;2.62;622
1.59;Very Good;I;SI2;61.6;57;7.51;7.56;4.64;7835
1.06;Ideal;G;VVS2;62.9;56;6.6;6.56;4.14;7836
1.02;Ideal;F;VS1;62.2;57;6.39;6.43;3.99;7836
1.59;Premium;J;SI1;62.5;60;7.46;7.42;4.65;7836
1.38;Very Good;H;SI1;63.2;56;7.08;7.03;4.46;7836
1.01;Premium;E;VS1;62.9;60;6.36;6.32;3.99;7839
1.25;Ideal;F;VS1;62.4;57;6.9;6.83;4.29;7840
1.5;Very Good;J;VVS2;62.8;62;7.22;7.25;4.54;7840
1.72;Ideal;H;SI1;62.2;57;7.65;7.55;4.72;7840
1;Premium;G;VVS2;62.8;59;6.43;6.38;4.02;7840
1.51;Very Good;I;SI2;60;59;7.45;7.52;4.49;7841
1.61;Premium;J;VS2;61.7;59;7.51;7.46;4.62;7844
1.26;Ideal;H;VS1;61.5;59;6.94;6.91;4.26;7845
1.01;Very Good;G;VVS2;60.8;59;6.42;6.5;3.93;7847
1.73;Good;J;SI1;63.8;60;7.57;7.5;4.8;7847
1.51;Ideal;J;VS2;61.7;57;7.44;7.4;4.58;7847
1;Premium;G;VVS1;62.9;53;6.39;6.32;4;7848
1.51;Very Good;E;SI2;61.9;57;7.35;7.41;4.57;7848
1.51;Good;J;VS1;60.6;55;7.3;7.36;4.44;7848
1.51;Premium;J;VS1;62.3;59;7.31;7.34;4.56;7848
1.51;Good;J;VS1;63.5;60;7.23;7.29;4.61;7848
1.39;Premium;G;SI1;61.3;59;7.15;7.24;4.41;7848
1.54;Premium;G;SI2;59.4;60;7.52;7.49;4.46;7848
1.54;Fair;F;SI2;64.4;60;7.26;7.16;4.64;7848
1.54;Ideal;I;VS2;60.7;56;7.51;7.46;4.54;7848
1.27;Premium;H;VS2;61.1;58;6.96;6.88;4.23;7849
1;Ideal;F;VVS2;61.5;55;6.46;6.41;3.96;7849
1.22;Premium;G;VS1;61.6;60;6.85;6.88;4.23;7850
1.33;Ideal;H;VS2;62.6;57;7.02;6.98;4.38;7850
1.07;Ideal;F;VS1;62.1;55;6.58;6.56;4.08;7850
1.04;Premium;D;VS2;61.1;60;6.51;6.48;3.97;7852
2.5;Fair;G;I1;64.7;57;8.48;8.44;5.47;7854
1.3;Premium;H;VS1;61.5;58;6.98;6.96;4.29;7855
1.74;Premium;I;SI2;62.2;58;7.65;7.61;4.75;7858
1.07;Ideal;G;VS1;62.1;57;6.48;6.57;4.05;7858
1.53;Ideal;I;SI2;62.4;54;7.34;7.41;4.6;7859
1.02;Very Good;G;VVS1;62.1;59;6.36;6.39;3.96;7861
1.02;Good;G;VVS1;63.6;58;6.37;6.4;4.06;7861
1.53;Very Good;H;SI1;63.1;56;7.32;7.27;4.6;7862
1.5;Good;D;SI2;61.1;64;7.35;7.26;4.46;7862
1.56;Good;H;SI1;63.7;57;7.34;7.25;4.65;7862
1.8;Ideal;D;SI2;62.9;54;7.77;7.74;4.88;7862
1.08;Very Good;G;VVS2;63.1;56;6.58;6.51;4.13;7862
1.01;Premium;F;VS1;58.8;60;6.59;6.51;3.85;7862
1.01;Premium;G;VVS2;60.7;58;6.52;6.49;3.95;7862
1.11;Good;D;VS2;63.2;57;6.61;6.64;4.18;7863
1.51;Premium;H;SI2;62.5;57;7.36;7.26;4.57;7864
1.51;Premium;H;SI2;60.4;59;7.3;7.27;4.4;7864
1.19;Premium;H;VS1;61.9;59;6.83;6.75;4.2;7864
1.2;Premium;F;VS2;60.1;57;6.82;6.76;4.08;7865
1.52;Very Good;I;SI2;59.8;62;7.41;7.47;4.45;7866
1.2;Ideal;H;VS1;62.1;57;6.77;6.82;4.22;7869
1.01;Ideal;F;VS1;61.1;59;6.46;6.5;3.96;7870
1.22;Ideal;H;SI1;61.9;55;6.82;6.87;4.24;7870
1.22;Premium;G;VS2;61.2;58;6.91;6.81;4.2;7870
1.13;Premium;G;VVS2;61.4;58;6.68;6.73;4.12;7875
1.51;Good;F;SI2;62.9;55;7.22;7.28;4.56;7875
1.03;Ideal;G;VVS2;61.6;57;6.48;6.51;4;7876
1.54;Very Good;E;SI2;59;62;7.56;7.59;4.47;7877
1;Very Good;D;VS1;62.7;60;6.31;6.36;3.97;7877
1.21;Very Good;F;SI1;60.2;60;6.92;6.96;4.18;7877
1.2;Ideal;I;VVS2;61.5;56;6.79;6.84;4.19;7877
1.05;Premium;F;VS1;61;58;6.6;6.55;4.01;7879
1.03;Ideal;G;VS1;61.8;56;6.46;6.51;4.01;7880
1.18;Premium;G;VVS2;61;58;6.79;6.84;4.16;7881
1.23;Ideal;I;VS1;61.1;57;6.88;6.9;4.21;7881
1.01;Premium;F;VVS1;62.5;58;6.41;6.35;3.99;7882
1.01;Very Good;G;VVS2;63.3;57;6.31;6.36;4.01;7885
1;Ideal;G;VVS2;59.8;54;6.58;6.54;3.92;7885
1;Ideal;G;VVS2;60.8;57;6.47;6.45;3.93;7885
1;Premium;E;VS1;61.4;59;6.44;6.42;3.95;7885
1.33;Ideal;I;VVS2;62.2;56;7.01;7.04;4.37;7887
1.01;Ideal;F;VS1;62;57;6.46;6.42;3.99;7887
1.5;Very Good;H;SI2;63;58;7.2;7.25;4.55;7888
0.83;Very Good;D;IF;59.7;53;6.14;6.23;3.69;7889
1.51;Very Good;I;SI1;63.1;56;7.28;7.33;4.61;7891
1.39;Very Good;I;VS1;62.2;57;7.17;7.1;4.44;7893
1.34;Ideal;F;SI1;61.7;55;7.07;7.13;4.38;7893
1.5;Good;H;SI2;63.4;59;7.2;7.25;4.58;7897
1.02;Ideal;G;VVS2;61.1;57;6.48;6.51;3.97;7898
1.52;Premium;J;VS2;62;59;7.31;7.28;4.52;7899
1.06;Very Good;E;VS1;63;58;6.46;6.49;4.08;7900
1.06;Ideal;G;VVS2;61;57;6.55;6.57;4;7900
1.23;Ideal;H;VS2;62.8;56;6.76;6.84;4.27;7900
1.01;Ideal;E;VS2;60.4;58;6.49;6.52;3.93;7900
1.65;Very Good;J;SI1;61.7;56;7.61;7.66;4.71;7903
1.6;Premium;J;VS1;62.6;59;7.51;7.4;4.66;7903
1.26;Premium;D;SI1;59.5;59;7.13;7.06;4.22;7903
1.2;Ideal;D;SI1;62.7;55;6.79;6.71;4.23;7903
1.12;Premium;F;VS1;61.8;59;6.75;6.65;4.14;7903
1.12;Premium;F;VS1;61.2;58;6.72;6.68;4.1;7903
1.56;Premium;J;VS2;61.7;58;7.46;7.41;4.59;7904
1.21;Very Good;G;VS2;59.5;58;6.96;7.03;4.16;7906
1.6;Very Good;I;SI2;62.2;59;7.42;7.46;4.63;7906
1.03;Ideal;F;VS1;61.5;56;6.47;6.53;4;7906
1.52;Premium;H;SI2;62;58;7.37;7.34;4.56;7906
1.2;Very Good;D;SI1;62.6;59;6.71;6.75;4.21;7909
1.07;Premium;E;VS1;62;60;6.58;6.49;4.05;7909
1.26;Very Good;G;SI1;63.3;58;6.88;6.84;4.34;7910
1.55;Premium;J;VS2;60.7;59;7.47;7.5;4.54;7911
1.67;Very Good;J;SI1;62.3;59;7.59;7.63;4.74;7911
1.21;Good;F;VS2;63.7;58;6.67;6.71;4.26;7911
1.5;Fair;I;SI1;56.7;63;7.52;7.57;4.28;7912
1.01;Good;F;VVS2;62.7;61;6.3;6.34;3.96;7915
1.51;Very Good;D;SI2;63.2;59;7.25;7.18;4.56;7915
1.19;Ideal;D;VS2;60.4;56;6.87;6.93;4.17;7916
1.02;Ideal;F;VS1;61.5;56;6.47;6.5;3.99;7916
1.11;Ideal;G;VS1;62.1;57;6.61;6.63;4.11;7917
1.11;Ideal;G;VS1;61.6;56;6.64;6.67;4.1;7917
1.08;Ideal;F;VS2;62.3;54;6.6;6.56;4.1;7917
1;Fair;E;VVS2;65.4;56;6.28;6.2;4.08;7918
1.35;Premium;H;VS2;61.5;58;7.09;7.15;4.38;7918
1.03;Premium;E;VS1;62.4;58;6.5;6.41;4.03;7919
1.2;Ideal;G;SI1;61.2;56;6.87;6.88;4.21;7920
1.84;Premium;H;SI2;61;58;7.97;7.87;4.81;7922
1.22;Ideal;G;VS2;62;55;6.83;6.91;4.26;7923
1.63;Ideal;H;SI2;62.4;57;7.59;7.52;4.71;7923
1.08;Ideal;F;VS2;61;57;6.68;6.61;4.06;7923
1.25;Premium;D;SI1;62.4;58;6.89;6.83;4.28;7924
1.08;Ideal;G;VS1;62.4;55;6.57;6.63;4.12;7925
1.17;Ideal;F;VS2;61.8;55;6.74;6.81;4.19;7927
1.28;Very Good;E;SI1;59.8;59.1;6.99;7.05;4.21;7927
1.21;Very Good;F;VS2;63.5;55;6.77;6.71;4.28;7928
1.14;Very Good;D;VS2;58.7;60;6.82;6.88;4.02;7928
1.43;Fair;E;SI1;65.1;56;7.1;7.03;4.61;7928
1.21;Ideal;H;VS1;62.8;54;6.81;6.78;4.26;7928
1.51;Good;H;SI2;62.8;60;7.22;7.26;4.55;7929
1.2;Ideal;G;VS2;61.9;57;6.86;6.83;4.24;7930
1.46;Premium;G;SI2;59.5;59;7.34;7.29;4.35;7931
1.74;Premium;H;SI1;62.1;59;7.69;7.63;4.76;7932
1.52;Good;G;SI2;63.1;58;7.21;7.3;4.58;7933
1.06;Ideal;G;VVS2;61.6;56.3;6.53;6.56;4.03;7934
1.01;Ideal;G;VVS2;60.9;54;6.5;6.53;3.97;7934
2.2;Fair;I;I1;66.3;56;8.05;8;5.32;7934
1.5;Ideal;G;SI2;61.5;57;7.33;7.39;4.53;7936
1.27;Ideal;H;VS2;62.9;54;6.88;6.92;4.34;7937
1.21;Ideal;I;VVS2;61.3;56;6.83;6.87;4.2;7938
1.37;Very Good;I;VS1;61.8;57;7.09;7.14;4.4;7939
1.01;Ideal;G;VVS2;62.5;56;6.38;6.41;4;7941
1.42;Ideal;J;VS2;61.7;56;7.22;7.27;4.47;7942
1.02;Very Good;G;VVS2;63.1;59;6.45;6.38;4.05;7942
1.65;Very Good;J;SI1;61.5;58;7.49;7.62;4.65;7943
1.59;Ideal;J;SI1;61.3;57;7.43;7.52;4.58;7943
1.33;Premium;H;VS2;62.6;58;7.07;7.01;4.41;7943
1;Very Good;G;VVS1;60.7;58;6.46;6.53;3.94;7945
1.23;Ideal;H;VS1;62.1;54;6.87;6.89;4.27;7946
1.25;Premium;G;VS2;61.2;57;6.95;6.91;4.24;7948
1.14;Ideal;G;VS1;62.3;56;6.73;6.7;4.18;7948
1.51;Good;H;VS2;63.8;56;7.24;7.17;4.6;7949
1;Very Good;G;VVS2;62.7;57;6.32;6.37;3.98;7950
1.56;Premium;F;SI2;58.8;59;7.76;7.61;4.52;7950
1.56;Fair;G;SI2;64.8;59;7.38;7.19;4.72;7950
1.56;Fair;I;SI1;64.6;62;7.26;7.23;4.68;7950
1.04;Ideal;G;VS1;61.7;56;6.47;6.52;4.01;7951
1.37;Premium;G;VS2;61.6;59;7.11;7.04;4.36;7951
1.51;Very Good;J;VS1;63.7;55;7.16;7.28;4.6;7953
1.04;Premium;G;VVS2;61.8;58;6.47;6.51;4.01;7953
1.59;Premium;J;VS2;62.6;59;7.45;7.43;4.66;7953
1.07;Premium;D;VS2;60.9;59;6.63;6.58;4.02;7954
1.21;Ideal;H;VVS2;60.4;57;6.9;6.93;4.18;7954
1.01;Good;D;VS1;63.1;59;6.34;6.37;4.01;7955
1.05;Ideal;F;VS1;62.1;56;6.54;6.59;4.08;7955
1.21;Ideal;E;SI1;62.1;56;6.83;6.88;4.26;7955
1.5;Premium;I;SI1;62.3;57;7.28;7.22;4.52;7955
1.41;Very Good;H;SI1;62.9;57;7.04;7.08;4.44;7956
1.25;Very Good;F;SI1;61.4;56;6.91;6.94;4.25;7956
1.51;Good;I;SI2;63.6;60;7.27;7.23;4.61;7957
2.01;Good;H;I1;61.7;63;7.91;7.94;4.89;7959
1.02;Fair;F;VVS1;64.6;59;6.31;6.26;4.06;7960
1.09;Ideal;G;VS2;62.2;55;6.61;6.65;4.13;7961
1.16;Premium;G;VS1;61.9;58;6.72;6.76;4.17;7962
1.58;Premium;E;SI2;61;60;7.54;7.51;4.59;7963
1.3;Very Good;E;SI1;59.1;60;7.12;7.17;4.22;7963
1.01;Premium;G;VVS2;61.9;59;6.45;6.41;3.98;7964
1.01;Premium;E;VS1;60.8;59;6.46;6.42;3.92;7964
1.01;Premium;E;VS1;62.9;61;6.39;6.33;4;7964
1.01;Premium;E;VS1;62;59;6.42;6.38;3.97;7964
1.34;Very Good;H;VS2;61.4;58;7.13;7.07;4.36;7965
1.05;Ideal;D;VS2;61.7;59;6.5;6.53;4.02;7965
1;Ideal;D;VS1;62.4;55;6.4;6.43;4;7966
1.53;Ideal;I;VS1;62.9;57;7.36;7.3;4.61;7968
1.05;Very Good;E;VS1;63.1;59;6.49;6.45;4.08;7969
1.12;Ideal;G;VS1;61.5;55;6.67;6.69;4.11;7970
1.53;Very Good;I;SI1;63.3;58;7.26;7.31;4.61;7971
1.5;Fair;G;SI2;64.7;55;7.16;7.13;4.62;7972
1.55;Premium;I;SI2;58.5;60;7.64;7.58;4.45;7972
1.17;Good;G;VS1;60;64;6.82;6.77;4.08;7972
1.01;Very Good;G;IF;60;61;6.41;6.45;3.86;7974
1.01;Very Good;G;IF;63;60;6.31;6.35;3.99;7974
1.07;Very Good;G;VVS2;62.8;57;6.46;6.56;4.09;7975
1.57;Premium;I;SI2;62.4;58;7.41;7.37;4.61;7976
1.15;Very Good;D;VS1;62.9;54;6.72;6.69;4.22;7978
1.09;Ideal;E;VS2;62.4;55;6.55;6.6;4.1;7978
1.59;Ideal;I;SI2;61.6;57;7.56;7.51;4.64;7978
1;Ideal;G;VVS2;62.8;57;6.37;6.43;4.02;7979
1.37;Ideal;H;VS1;63.8;56;7.01;6.98;4.46;7979
1.5;Good;D;SI1;56.6;64;7.51;7.43;4.23;7980
1.27;Premium;E;SI1;60.9;59;7.03;6.97;4.26;7980
1.01;Premium;F;VS1;61.2;59;6.48;6.42;3.95;7982
1.33;Premium;H;VS2;60.7;59;7.08;7.13;4.31;7982
1.32;Ideal;F;VS2;62.3;57;7.06;6.97;4.37;7983
1.2;Very Good;G;VS2;62.2;57;6.75;6.78;4.21;7983
1.6;Ideal;H;VS2;61.5;56;7.57;7.52;4.64;7983
1.5;Premium;J;VVS2;62.8;62;7.25;7.22;4.54;7983
1.3;Very Good;G;SI1;61;57;7.01;7.06;4.29;7985
1.24;Ideal;G;VVS2;61.9;56;6.87;6.83;4.24;7986
1.39;Premium;H;SI1;62.7;58;7.15;7.08;4.46;7986
1.55;Ideal;J;SI1;61.7;54;7.42;7.55;4.62;7987
1.55;Ideal;J;SI1;61.7;54;7.47;7.5;4.62;7987
1.23;Ideal;G;VS2;61.5;54;6.89;6.92;4.25;7988
1.51;Premium;I;SI1;61.8;60;7.23;7.3;4.49;7989
1.19;Very Good;G;VS1;59.1;58;6.96;7.05;4.14;7989
1.52;Ideal;I;SI2;62.5;58;7.29;7.33;4.57;7990
1.51;Ideal;H;SI2;62.3;58;7.27;7.33;4.55;7990
1.53;Very Good;H;SI2;61.4;60;7.36;7.43;4.54;7991
1.51;Very Good;J;VS1;63.5;60;7.29;7.23;4.61;7991
1.39;Premium;G;SI1;61.3;59;7.24;7.15;4.41;7991
1.09;Very Good;G;VS1;59.9;56;6.74;6.81;4.06;7992
1.09;Ideal;G;VS1;61.7;54;6.65;6.7;4.12;7992
1.21;Ideal;G;VS2;61.9;55;6.9;6.84;4.25;7996
1.21;Ideal;G;VS2;61.1;57;6.95;6.85;4.22;7996
1.21;Premium;G;VS2;62.2;58;6.85;6.81;4.25;7996
1.15;Ideal;G;VS1;61.9;56;6.71;6.73;4.16;7999
1.34;Ideal;H;VS2;60.8;55;7.18;7.12;4.35;7999
1.37;Ideal;I;VS2;61.6;55;7.13;7.16;4.4;8000
1.57;Premium;F;SI2;60.2;60;7.49;7.43;4.49;8001
1.52;Fair;H;SI1;65.3;58;7.14;7.1;4.65;8001
1.52;Premium;H;VS2;61;61;7.45;7.38;4.52;8001
1.21;Ideal;G;VS2;61.8;57;6.83;6.79;4.21;8001
1;Very Good;G;IF;58.3;62;6.51;6.57;3.81;8002
1.06;Premium;G;VVS2;59.6;58;6.61;6.65;3.95;8003
1.23;Premium;H;VVS2;62.8;56;6.9;6.82;4.31;8004
1.02;Good;G;VVS1;63.6;58;6.4;6.37;4.06;8005
1.02;Premium;G;VVS1;62.1;59;6.39;6.36;3.96;8005
1.11;Very Good;D;VS2;63.2;57;6.64;6.61;4.18;8006
1;Very Good;F;VVS1;63;56;6.32;6.37;4;8008
1;Premium;G;VVS1;62.1;59;6.29;6.4;3.94;8008
1;Ideal;D;VS2;62.2;54;6.45;6.42;4;8008
1.51;Fair;H;SI1;66.5;56;7.03;6.99;4.66;8010
1.52;Premium;I;SI2;59.8;62;7.47;7.41;4.45;8010
1.02;Good;F;VS1;62.6;54.3;6.41;6.45;4.02;8011
1.02;Ideal;F;VS1;61;56;6.49;6.52;3.97;8011
1.02;Ideal;E;VS1;62.2;54;6.44;6.46;4.01;8011
1.04;Ideal;G;VVS2;62.1;55.1;6.5;6.51;4.04;8012
1.67;Good;J;SI1;58.8;61;7.71;7.73;4.54;8013
1.5;Very Good;J;VS1;62.2;58;7.19;7.27;4.5;8014
1.22;Ideal;H;VVS2;61.8;57;6.85;6.89;4.25;8014
1.22;Ideal;H;VVS2;62.2;56;6.83;6.87;4.26;8014
1.22;Ideal;H;VVS2;62.7;54;6.77;6.83;4.27;8014
1.07;Premium;E;VS1;59.7;61;6.69;6.64;3.98;8015
1.01;Premium;G;VVS2;61.2;58;6.45;6.49;3.96;8016
1.14;Ideal;F;VS2;61.4;56;6.73;6.78;4.14;8017
1.15;Premium;F;VS1;62.7;58;6.72;6.67;4.2;8018
1.42;Good;E;SI2;60.1;61;7.32;7.42;4.43;8019
1.13;Premium;G;VVS2;61.4;58;6.73;6.68;4.12;8019
1.65;Very Good;H;SI2;63.4;59;7.53;7.49;4.76;8020
1.1;Very Good;G;VVS1;61.5;57;6.61;6.66;4.08;8020
1.21;Ideal;G;VS1;62.5;55;6.79;6.8;4.25;8020
1.03;Ideal;G;VVS2;61.6;57;6.51;6.48;4;8020
1;Premium;D;VS1;62.7;60;6.36;6.31;3.97;8020
1.54;Premium;E;SI2;59;62;7.59;7.56;4.47;8020
1.53;Ideal;I;SI2;61.4;58;7.4;7.42;4.55;8021
1.05;Ideal;G;VS1;61.2;57;6.51;6.55;4;8022
1.02;Ideal;F;VS1;61.2;57;6.45;6.52;3.98;8024
1.61;Premium;F;SI1;62.9;59;7.5;7.43;4.69;8024
1.18;Premium;G;VVS2;61;58;6.84;6.79;4.16;8025
1.01;Ideal;G;VVS2;61.1;57;6.49;6.54;3.98;8029
1.01;Ideal;G;VVS2;60.9;56;6.51;6.55;3.98;8029
1.41;Ideal;H;SI2;62;56;7.17;7.24;4.47;8030
1.2;Premium;G;VS2;62.3;56;6.8;6.68;4.2;8030
1.2;Very Good;G;VS2;63.5;57;6.76;6.66;4.26;8032
1.2;Good;G;VS2;57.8;59;7.06;7;4.06;8032
1.2;Very Good;G;VS2;63.1;57;6.74;6.69;4.24;8032
1.51;Premium;H;SI2;61.4;60;7.37;7.31;4.51;8033
1.51;Premium;F;SI1;62;57;7.36;7.28;4.54;8033
1.51;Ideal;J;VS2;61.1;57;7.36;7.3;4.48;8033
1.01;Ideal;G;VVS2;62.2;56;6.41;6.46;4;8034
1.19;Ideal;G;VS1;61.9;55;6.81;6.87;4.22;8034
1.53;Ideal;H;SI2;62.4;58;7.32;7.38;4.59;8034
1.57;Ideal;J;SI1;62;55.6;7.43;7.47;4.62;8035
1.25;Ideal;H;VVS2;60.6;57;7;6.97;4.23;8036
2;Fair;I;SI2;66.8;55;7.75;7.71;5.16;8037
1.38;Ideal;H;VS1;63.6;56;7.05;7;4.47;8037
1.16;Ideal;D;VS2;62.1;57;6.7;6.73;4.17;8038
1.2;Very Good;H;VS1;60.2;57;6.88;6.95;4.16;8039
1.5;Very Good;J;VS1;61.7;58;7.29;7.33;4.51;8039
1.2;Ideal;H;VS1;61.1;58;6.84;6.88;4.19;8039
1.26;Very Good;G;VS2;63.3;57;6.88;6.93;4.37;8040
1.2;Ideal;G;VS2;62.4;54.7;6.79;6.85;4.25;8040
3.01;Premium;I;I1;62.7;58;9.1;8.97;5.67;8040
1.02;Ideal;G;VVS2;61.1;57;6.51;6.48;3.97;8042
1.5;Good;G;SI2;64.3;57;7.2;7.29;4.66;8043
1.06;Premium;E;VS1;63;58;6.49;6.46;4.08;8044
1.06;Ideal;G;VVS2;61;57;6.57;6.55;4;8044
1.5;Fair;H;VS1;64.8;55;7.25;7.2;4.68;8044
1.7;Premium;I;SI1;61.6;56;7.65;7.55;4.68;8044
3;Fair;H;I1;67.1;57;8.93;8.84;5.97;8044
1.56;Good;I;SI2;58.5;61;7.58;7.63;4.45;8048
1.88;Good;J;SI2;57.9;59;8.16;8.11;4.71;8048
1.51;Very Good;J;SI1;63.1;55;7.25;7.32;4.6;8049
0.3;Ideal;E;VVS2;60.7;57;4.36;4.41;2.66;622
0.31;Ideal;E;VS2;61.8;56;4.35;4.37;2.69;622
0.3;Ideal;E;VS2;62.2;57;4.26;4.32;2.67;622
0.4;Ideal;G;SI2;61.9;54;4.75;4.8;2.94;622
0.3;Good;E;VVS2;63;58;4.27;4.34;2.71;622
0.3;Good;E;VVS2;61.1;61;4.32;4.36;2.65;622
0.3;Good;E;VVS2;59.5;59;4.35;4.39;2.6;622
0.27;Very Good;E;VVS2;63;56;4.12;4.14;2.6;622
0.27;Ideal;D;VVS1;62.2;56;4.12;4.15;2.57;622
0.27;Very Good;D;VVS2;62.3;57;4.13;4.15;2.58;622
0.27;Ideal;E;VVS2;61.8;57;4.12;4.16;2.56;622
0.27;Ideal;E;VVS2;62.2;55;4.12;4.17;2.58;622
0.27;Ideal;D;VVS1;61.9;57;4.15;4.18;2.58;622
0.27;Ideal;E;VVS2;62.1;57;4.13;4.15;2.57;622
0.27;Very Good;E;VVS2;59;59;4.24;4.27;2.51;622
0.4;Very Good;D;SI2;63;59;4.64;4.69;2.94;622
0.4;Good;D;SI2;63.1;57;4.72;4.75;2.99;622
0.4;Good;E;SI2;63.9;57;4.65;4.71;2.99;622
0.4;Good;D;SI2;63.4;59;4.67;4.7;2.97;622
0.4;Good;D;SI2;63.8;54;4.7;4.73;3.01;622
0.27;Ideal;D;VVS2;62.6;56;4.13;4.15;2.59;622
0.27;Ideal;E;VVS2;62.5;57;4.1;4.13;2.57;622
0.27;Ideal;E;VVS1;62.3;56;4.15;4.17;2.59;622
0.27;Very Good;D;VVS2;62.2;59;4.08;4.12;2.55;622
0.27;Premium;E;VVS1;60.6;58;4.18;4.2;2.54;622
0.27;Ideal;E;VVS2;62;55;4.12;4.14;2.56;622
0.4;Good;D;SI2;63.1;56;4.65;4.67;2.94;622
0.4;Good;E;SI2;63.1;57;4.7;4.72;2.97;622
0.4;Good;E;SI2;63.5;56;4.68;4.71;2.98;622
0.4;Good;D;SI2;63.9;53;4.68;4.71;3;622
1.51;Ideal;J;SI1;61.4;57;7.38;7.43;4.55;8049
1.51;Very Good;F;SI2;63.4;58;7.29;7.22;4.6;8050
1.13;Ideal;G;VS1;61.5;56;6.71;6.73;4.13;8051
1.47;Very Good;J;VVS2;62.6;60;7.17;7.24;4.51;8055
1.55;Premium;J;VS2;60.7;59;7.5;7.47;4.54;8055
1.55;Ideal;I;SI2;60.7;60;7.49;7.46;4.54;8056
1.2;Premium;G;VS1;62.4;59;6.73;6.69;4.19;8056
1.2;Premium;G;VS1;62.5;59;6.72;6.64;4.19;8056
1.09;Premium;F;VS1;60.9;58;6.63;6.67;4.05;8057
1.51;Very Good;J;VS1;61.4;57;7.3;7.38;4.51;8057
1.58;Very Good;J;SI1;61.6;57;7.47;7.54;4.62;8057
1.09;Ideal;G;VVS2;61.5;55;6.66;6.61;4.08;8057
1.5;Very Good;H;SI1;62.9;56;7.24;7.33;4.58;8058
1.53;Premium;J;VS1;60.1;59;7.47;7.51;4.5;8058
1.53;Very Good;J;VS1;62.8;59;7.31;7.34;4.6;8058
1.1;Ideal;G;VS1;62;58;6.59;6.64;4.1;8060
1.16;Ideal;G;VS2;62.5;55;6.75;6.69;4.2;8061
1.02;Ideal;F;VS1;61.5;56;6.5;6.47;3.99;8061
1.35;Premium;H;VS2;62.2;56;7.13;7.08;4.42;8062
1.22;Premium;G;VS2;61.1;56;6.94;6.85;4.21;8062
1.22;Ideal;G;VS2;62;57;6.88;6.83;4.25;8062
1.53;Ideal;I;SI2;63.7;58;7.31;7.27;4.64;8062
1.35;Premium;H;VS2;61.5;58;7.15;7.09;4.38;8062
1.53;Ideal;I;SI2;61.3;59;7.42;7.39;4.54;8062
1.12;Ideal;F;VS2;61.2;56;6.67;6.73;4.11;8063
1.24;Very Good;G;VS2;59.1;59;7.02;7.08;4.17;8064
2;Fair;H;I1;66.8;57;7.81;7.72;5.19;8064
1.25;Premium;G;VS2;61.9;58;6.91;6.85;4.26;8064
1.5;Premium;E;SI2;61.5;59;7.3;7.23;4.47;8064
1.01;Premium;D;VVS2;62.2;59;6.36;6.3;3.94;8065
1.22;Ideal;G;VS2;62;55;6.91;6.83;4.26;8067
1.51;Ideal;J;VS1;61.6;58;7.35;7.43;4.55;8067
1.22;Premium;G;VS2;60.9;57;6.94;6.89;4.21;8067
1.43;Very Good;H;SI1;62.8;58;7.08;7.13;4.46;8069
1.55;Premium;I;SI2;58.2;59;7.73;7.63;4.47;8069
1.24;Ideal;H;VVS2;62;56;6.92;6.86;4.27;8069
1.12;Very Good;G;VVS1;58.9;60;6.78;6.91;4.03;8072
1.17;Ideal;F;VS2;61.8;55;6.81;6.74;4.19;8072
1.24;Very Good;E;SI1;61.7;59;6.85;6.89;4.24;8073
1.51;Very Good;I;SI1;61.4;60;7.37;7.33;4.51;8073
1.12;Ideal;F;VS2;62.6;56;6.59;6.63;4.14;8074
1.51;Premium;H;SI2;62.8;60;7.26;7.22;4.55;8074
1.4;Ideal;H;SI1;62.4;56;7.11;7.18;4.46;8075
1.62;Ideal;J;SI1;62.4;53.2;7.47;7.51;4.68;8075
1.55;Good;J;VS1;62.3;56;7.44;7.52;4.66;8076
1;Very Good;D;VS1;60.5;59;6.43;6.46;3.9;8077
1.01;Ideal;F;VS1;60.9;57;6.52;6.49;3.96;8077
1.23;Very Good;D;SI1;62.3;57;6.8;6.87;4.26;8079
1.34;Ideal;I;VVS2;61.4;56;7.07;7.09;4.35;8079
1.23;Ideal;H;VVS2;62;55;6.85;6.9;4.26;8079
1;Good;F;VVS2;60.7;62;6.36;6.4;3.87;8079
1.12;Ideal;G;VS1;61.1;56;6.7;6.73;4.1;8080
1.5;Very Good;I;SI1;63.5;59;7.16;7.08;4.52;8081
1.01;Very Good;F;VS1;62.6;56;6.39;6.36;3.99;8081
1.23;Ideal;G;VS2;62.4;57;6.83;6.88;4.28;8085
1.55;Ideal;J;VS2;61.7;55;7.38;7.43;4.58;8088
1.03;Very Good;F;VS1;62.8;54.1;6.39;6.48;4.05;8089
1.04;Very Good;F;VS1;61.6;60;6.49;6.54;4.01;8090
1.51;Ideal;J;VS1;62.7;56;7.3;7.35;4.59;8092
1.54;Ideal;I;SI2;60.3;59;7.43;7.46;4.49;8092
1.06;Ideal;G;VS1;61.5;57;6.54;6.56;4.03;8093
1.06;Ideal;G;VS1;61.7;55;6.53;6.56;4.04;8093
1.06;Ideal;G;VS1;61.3;57;6.53;6.56;4.01;8093
1.06;Ideal;G;VS1;61.7;57;6.52;6.57;4.04;8093
1.34;Ideal;H;VS2;62.1;57;7;7.05;4.36;8094
1.53;Very Good;G;SI2;61.1;58;7.38;7.41;4.52;8095
1.53;Good;I;SI1;63.1;57;7.28;7.34;4.61;8095
1.02;Ideal;E;VS1;60.1;57;6.52;6.59;3.94;8096
1.51;Good;I;SI1;63.7;61;7.11;7.15;4.54;8097
1.21;Ideal;G;VS2;59.8;57;6.98;6.9;4.15;8097
1.04;Premium;G;VVS2;61.8;58;6.51;6.47;4.01;8098
1.25;Premium;H;VS1;61.3;55;6.96;6.93;4.26;8099
1.25;Premium;H;VS1;62;59;6.88;6.84;4.25;8099
1.21;Good;G;VS2;63.8;56;6.74;6.67;4.28;8099
1.05;Ideal;F;VS1;62.3;55;6.53;6.5;4.06;8100
1.01;Very Good;D;VS1;63.1;59;6.37;6.34;4.01;8101
1.42;Premium;H;SI1;62.3;58;7.15;7.19;4.47;8102
1.01;Ideal;G;VVS2;62.2;54;6.41;6.48;4.01;8104
2.01;Very Good;H;I1;61.7;63;7.94;7.91;4.89;8104
2.01;Good;J;SI1;64.3;54;8.05;7.95;5.14;8104
1.31;Premium;H;VS2;61;58;7.1;7.06;4.32;8106
1.02;Ideal;G;VVS2;59.2;58;6.56;6.62;3.9;8107
1.56;Good;J;VS2;62.3;64;7.41;7.36;4.6;8107
1.16;Premium;G;VS1;61.9;58;6.76;6.72;4.17;8107
1.5;Premium;D;SI2;62.6;59;7.2;7.23;4.52;8108
1.5;Good;D;SI2;63.4;59;7.2;7.25;4.58;8108
1.77;Good;J;SI2;63.4;60;7.61;7.65;4.84;8109
1.19;Premium;G;VS1;62.6;58;6.78;6.71;4.22;8109
1.34;Good;H;VS2;59.1;60;7.15;7.19;4.24;8109
1.52;Premium;J;VS1;62;59;7.34;7.36;4.56;8110
1.52;Premium;J;VS1;62.4;59;7.31;7.36;4.58;8110
1.26;Ideal;H;SI1;61.6;56;6.88;6.93;4.26;8110
1.26;Ideal;H;SI1;61.9;57;6.88;6.93;4.27;8110
1.11;Ideal;G;VS1;61.4;57;6.68;6.65;4.09;8112
1.5;Good;H;SI1;64.9;57;7.08;7.15;4.62;8112
1.26;Premium;G;VS2;60.1;61;7.04;6.97;4.21;8113
1.15;Ideal;D;VS2;58.5;57;6.96;6.93;4.06;8114
1.05;Premium;F;VS1;62.3;55;6.57;6.49;4.07;8114
1;Very Good;G;VVS1;63.4;57;6.33;6.36;4.02;8115
1.7;Good;H;SI2;63.6;56;7.51;7.56;4.79;8115
1.47;Premium;F;SI2;59.4;59;7.47;7.42;4.42;8115
1.67;Premium;H;SI2;62.6;60;7.57;7.52;4.72;8118
1.01;Ideal;D;VS2;62.1;58;6.4;6.42;3.98;8119
1.04;Ideal;G;VVS1;62.5;55;6.45;6.54;4.06;8120
1.07;Ideal;G;VVS2;62.8;57;6.56;6.46;4.09;8120
1.01;Premium;G;IF;60;61;6.45;6.41;3.86;8120
1.01;Premium;G;IF;63;60;6.35;6.31;3.99;8120
1.14;Ideal;G;VS1;61.8;55;6.71;6.76;4.16;8121
1.2;Very Good;G;VS2;62.2;58;6.75;6.79;4.21;8124
1.3;Ideal;H;VS2;62.8;56;7.03;6.93;4.38;8124
1;Premium;D;VS1;59.7;60;6.45;6.42;3.84;8124
1.52;Premium;H;SI2;58.7;62;7.6;7.53;4.44;8127
1.5;Very Good;I;SI1;60.3;60;7.46;7.43;4.49;8127
1.23;Premium;G;VS2;61.1;57;6.96;6.91;4.24;8128
1.11;Ideal;G;VS1;62.8;55;6.6;6.65;4.16;8129
1.14;Very Good;F;VS2;59;60;6.84;6.81;4.03;8131
1.52;Ideal;J;SI1;61.9;56;7.37;7.41;4.57;8131
1.21;Ideal;H;VVS2;61.3;57;6.92;6.87;4.23;8131
1.23;Ideal;G;VS2;61.5;54;6.92;6.89;4.25;8133
1.03;Ideal;F;VS1;62.3;57;6.45;6.52;4.04;8133
1.01;Ideal;F;VS1;62.1;54;6.42;6.44;3.99;8133
1.4;Premium;H;SI1;62.1;60;7.21;7.12;4.45;8133
1.57;Fair;H;VS1;67.3;66;7.85;5.75;3.87;8133
1.7;Good;J;VS2;63.6;59;7.53;7.48;4.77;8134
1.51;Premium;E;SI2;59.3;61;7.57;7.51;4.47;8135
1;Very Good;G;VVS2;63;54;6.37;6.43;4.03;8138
1;Very Good;D;VS2;62.4;57;6.36;6.4;3.98;8138
1.6;Ideal;J;SI1;62.2;55;7.46;7.53;4.66;8138
1.28;Premium;G;VS2;62.1;60;6.95;6.89;4.3;8139
1.21;Premium;F;VS2;61.3;58;6.89;6.84;4.21;8139
1.5;Good;G;SI2;57.9;61;7.47;7.51;4.34;8144
1.23;Premium;G;VS1;59.6;60;6.94;6.99;4.15;8145
1.07;Ideal;G;VVS2;62.3;54;6.54;6.56;4.08;8145
1.7;Good;J;VS2;64;58;7.41;7.47;4.76;8146
1.5;Premium;H;SI2;60.8;58;7.39;7.34;4.48;8148
1.5;Very Good;G;SI2;61.3;63;7.28;7.23;4.45;8148
1.09;Ideal;G;VVS2;62;54.8;6.6;6.63;4.1;8149
1.06;Premium;G;VVS2;59.6;58;6.65;6.61;3.95;8149
1.2;Very Good;G;VS1;62.5;57;6.84;6.75;4.25;8150
1.52;Very Good;G;SI2;60.9;57;7.44;7.5;4.55;8151
1;Premium;F;VVS1;63;56;6.37;6.32;4;8154
1;Premium;G;VVS1;62.1;59;6.4;6.29;3.94;8154
1.13;Ideal;F;VS2;60.1;56;6.76;6.84;4.09;8157
1.02;Ideal;F;VS1;61;56;6.52;6.49;3.97;8157
1.02;Ideal;F;VS1;62.6;54;6.45;6.41;4.02;8157
1.09;Ideal;E;VS2;60.6;57;6.66;6.67;4.04;8158
1.5;Good;I;SI1;62.9;60;7.12;7.16;4.49;8161
1.02;Ideal;G;IF;62.5;57;6.37;6.44;4;8162
1.33;Very Good;F;SI1;63.3;56;6.91;6.95;4.39;8163
1.01;Premium;G;VVS2;61.2;58;6.49;6.45;3.96;8163
1.3;Premium;F;SI1;61.4;59;7.01;6.97;4.29;8164
1.5;Good;H;VS2;64.3;60;7.16;7.08;4.58;8165
1.5;Good;H;VS2;63.9;59;7.25;7.18;4.61;8165
1.5;Very Good;E;SI2;62.7;59;7.22;7.3;4.55;8167
1.22;Ideal;H;VS1;62.6;56;6.83;6.87;4.29;8167
1.02;Ideal;G;VVS1;61.5;57;6.44;6.47;3.97;8168
1.03;Ideal;F;VS1;62.1;55;6.47;6.5;4.03;8169
1.06;Premium;G;VVS1;61.1;58;6.53;6.57;4;8170
1.51;Ideal;J;VS1;61.9;58;7.28;7.33;4.52;8170
1;Very Good;F;VVS2;63.2;56;6.35;6.3;4;8172
1.42;Ideal;I;VS2;60.4;55;7.28;7.38;4.43;8173
1.55;Very Good;H;SI2;62.5;61;7.31;7.34;4.58;8174
1.59;Ideal;J;SI1;62.4;55;7.45;7.48;4.66;8176
1;Premium;E;VS1;59.1;59;6.56;6.51;3.86;8176
1.54;Premium;G;SI1;63;59;7.31;7.26;4.59;8176
1.2;Premium;G;VS1;58.4;61;6.95;6.91;4.05;8177
1.5;Good;F;SI2;59.7;61;7.39;7.44;4.43;8181
1.02;Premium;D;VS1;60.3;58;6.57;6.49;3.94;8181
1.02;Premium;D;VS1;61.3;58;6.52;6.47;3.98;8181
1.02;Ideal;D;VS1;60.5;56;6.55;6.48;3.94;8181
1.62;Premium;J;SI1;62;60;7.52;7.44;4.64;8183
1.6;Premium;H;SI2;59.4;59;7.55;7.6;4.5;8184
1.5;Very Good;H;SI2;62.5;60;7.25;7.32;4.55;8184
1.11;Very Good;G;SI1;60.7;59;6.6;6.65;4.02;8184
1.16;Ideal;D;VS2;62.1;57;6.73;6.7;4.17;8185
1.12;Ideal;G;VS2;60.9;56;6.7;6.74;4.09;8189
1.5;Premium;E;SI2;61.7;58;7.2;7.17;4.43;8190
1.5;Premium;E;SI2;58;60;7.52;7.47;4.35;8190
1.5;Premium;I;SI1;58.6;62;7.46;7.43;4.36;8190
1.5;Premium;G;SI2;62;62;7.31;7.25;4.51;8190
1.5;Fair;E;SI2;59.9;68;7.39;7.3;4.4;8190
1.5;Good;G;SI2;64.3;57;7.29;7.2;4.66;8190
1.04;Very Good;D;VS1;62.3;59;6.39;6.48;4.01;8192
1.52;Very Good;F;SI2;62.3;59;7.33;7.37;4.58;8192
1.13;Ideal;G;VVS2;60.7;57;6.74;6.81;4.11;8192
1.51;Ideal;I;SI1;62.7;57;7.35;7.3;4.59;8193
1.52;Very Good;H;SI2;62.7;57;7.32;7.36;4.6;8194
1.48;Very Good;I;VS2;63;58;7.16;7.19;4.52;8196
1.21;Premium;F;VS1;61.6;58;6.88;6.82;4.22;8196
1.01;Premium;D;VS1;61.8;54;6.44;6.38;3.96;8201
1.52;Premium;J;VVS2;58.3;62;7.61;7.49;4.4;8202
1.07;Ideal;D;VS2;62.5;57;6.48;6.51;4.06;8202
1.12;Ideal;G;VS1;61.5;56;6.7;6.73;4.13;8202
1.51;Ideal;J;VS2;61.5;56;7.37;7.4;4.54;8203
1.09;Premium;F;VS1;60.9;58;6.67;6.63;4.05;8204
1.51;Premium;J;VS1;61.4;57;7.38;7.3;4.51;8204
1.53;Premium;J;VS1;62.8;59;7.34;7.31;4.6;8205
1.53;Premium;J;VS1;60.1;59;7.51;7.47;4.5;8205
1.54;Ideal;J;VS1;62;53;7.41;7.49;4.62;8207
1.51;Good;I;VS1;65.8;57;7.09;7.17;4.69;8210
1.01;Very Good;F;VVS2;59.8;58;6.47;6.55;3.89;8212
1.07;Ideal;G;VVS2;62.8;54;6.51;6.55;4.1;8212
1.41;Good;F;SI1;63.7;58;7.06;7.01;4.48;8212
1.22;Ideal;G;VS2;61.4;56;6.88;6.9;4.23;8213
1.22;Premium;G;VS2;61.8;58;6.84;6.91;4.25;8213
1.51;Very Good;I;SI1;63.5;57;7.19;7.24;4.58;8214
1.51;Very Good;I;SI1;62.8;59;7.17;7.26;4.53;8214
1;Very Good;F;VVS2;61.4;58;6.36;6.41;3.92;8216
1.52;Premium;J;VS1;61.2;59;7.36;7.39;4.51;8216
1.4;Fair;F;VS2;66.5;56;6.83;6.76;4.52;8216
1.52;Very Good;J;VS1;62.2;55;7.35;7.42;4.59;8217
1;Ideal;G;VVS1;61.9;57;6.39;6.43;3.97;8217
1.51;Ideal;J;VS2;62;56;7.3;7.34;4.54;8217
1.06;Very Good;E;VS1;59.6;60;6.68;6.75;4;8219
1.12;Premium;G;VVS1;58.9;60;6.91;6.78;4.03;8219
1.51;Very Good;H;VS2;63.1;57;7.24;7.21;4.56;8219
1.73;Good;E;I1;63.6;59;7.56;7.6;4.82;8220
1.62;Ideal;I;SI2;62.2;57;7.51;7.57;4.69;8220
2.33;Premium;H;I1;60.7;58;8.64;8.56;5.22;8220
1.57;Ideal;J;SI1;62.4;57;7.51;7.4;4.65;8221
1.51;Very Good;I;VS2;63.1;56;7.26;7.32;4.6;8223
1.4;Premium;H;SI1;62.4;57;7.19;7.11;4.46;8223
1.4;Premium;H;SI1;62.2;58;7.16;7.12;4.44;8223
1.5;Ideal;H;VVS2;61.3;56;7.37;7.28;4.49;8224
1.04;Very Good;G;IF;61.7;58;6.47;6.6;4.03;8225
1.02;Ideal;E;VS2;61;56;6.53;6.51;3.98;8225
1.25;Ideal;G;SI1;60.7;56;6.98;7.05;4.26;8226
1;Very Good;F;VVS2;61.1;55;6.49;6.51;3.97;8227
1.31;Ideal;F;SI1;62.4;57;6.96;6.88;4.32;8227
1.59;Ideal;J;VVS2;60.3;57;7.65;7.58;4.59;8227
1.57;Ideal;I;SI2;62.6;58;7.38;7.41;4.63;8228
1.32;Ideal;G;SI1;62.1;57;7.02;7.05;4.37;8231
1.2;Very Good;F;VS2;61.1;58;6.82;6.86;4.18;8232
1.5;Premium;F;SI2;63;59;7.24;7.2;4.55;8232
1.11;Very Good;F;VS1;62.1;58;6.63;6.7;4.14;8233
1.11;Ideal;F;VS2;60.9;57;6.69;6.75;4.09;8233
1.23;Ideal;G;VS2;62.4;57;6.88;6.83;4.28;8233
1.27;Very Good;H;VS1;60.7;54;7.01;7.05;4.27;8235
1.07;Ideal;G;VVS2;62.4;55.6;6.48;6.55;4.07;8235
1.03;Ideal;F;VS1;62.8;54;6.48;6.39;4.05;8237
1.26;Ideal;H;VS1;60.9;57;6.97;6.99;4.25;8238
1;Ideal;G;VVS2;61.2;56;6.47;6.5;3.97;8239
0.9;Good;D;VVS1;62.9;58;6.01;6.1;3.81;8239
1.53;Very Good;I;SI1;63.1;57;7.34;7.28;4.61;8242
1.51;Good;I;SI1;62.5;57;7.25;7.32;4.55;8242
1.51;Good;H;SI2;61;56;7.29;7.37;4.47;8243
1.02;Ideal;E;VS1;60.1;57;6.59;6.52;3.94;8244
1.51;Good;I;SI1;63.7;61;7.15;7.11;4.54;8245
1.51;Good;F;SI2;63.8;59;7.22;7.18;4.59;8245
1;Very Good;G;VVS1;62.3;55;6.34;6.44;3.98;8246
1.03;Ideal;G;VVS1;62;56;6.5;6.54;4.04;8248
1.12;Ideal;F;VS2;62.1;56;6.63;6.67;4.13;8251
1.01;Ideal;G;VVS2;62.2;54;6.48;6.41;4.01;8252
1.13;Ideal;E;VS2;62;54;6.66;6.7;4.14;8253
1.54;Ideal;I;SI2;62;59;7.33;7.38;4.56;8254
1.5;Good;I;SI1;61.1;63;7.27;7.34;4.46;8254
1.17;Premium;F;VS2;60.2;58;6.88;6.85;4.13;8256
1.26;Ideal;D;VS2;62.5;57;6.9;6.85;4.3;8256
1.27;Ideal;D;SI1;62.1;55;6.92;6.96;4.31;8256
1.3;Premium;F;SI1;61.1;53;7.17;7.04;4.34;8256
1.35;Very Good;G;VS1;63.4;56;7.09;7.01;4.47;8256
2.04;Very Good;I;I1;59.3;61;8.25;8.3;4.91;8257
1.24;Ideal;H;VS2;60.8;56;6.92;6.96;4.22;8257
1.77;Very Good;J;SI2;63.4;60;7.65;7.61;4.84;8257
1.5;Good;I;SI1;63.1;54;7.31;7.34;4.62;8258
1.54;Premium;I;SI1;60.9;59;7.42;7.46;4.53;8258
1.52;Premium;J;VS1;62.4;59;7.36;7.31;4.58;8258
1.52;Premium;J;VS1;62;59;7.36;7.34;4.56;8258
1.51;Fair;H;SI1;65.8;62;7.1;7.06;4.66;8260
1.31;Very Good;H;VS2;60.4;58;7.04;7.09;4.27;8261
1.31;Ideal;H;VS2;61.8;57;7.02;7.06;4.35;8261
1.7;Premium;H;SI2;59.8;61;7.67;7.62;4.57;8263
1.72;Fair;D;SI2;64.6;58;7.53;7.46;4.84;8264
1.01;Very Good;F;VVS2;63;56;6.34;6.4;4.01;8265
1.19;Ideal;F;VS2;62;57;6.76;6.78;4.2;8265
1.01;Premium;D;VS1;62.4;58;6.38;6.41;3.99;8265
1.2;Premium;F;VS2;62.8;62;6.69;6.62;4.18;8266
1.17;Ideal;H;IF;61;53;6.89;6.85;4.19;8266
1.4;Very Good;D;SI2;61.8;54;7.16;7.21;4.44;8268
1.04;Ideal;G;VVS1;62.5;55;6.54;6.45;4.06;8268
1.53;Very Good;E;SI2;59.3;60;7.44;7.46;4.42;8270
1.39;Ideal;I;VVS2;61.6;53;7.21;7.22;4.44;8271
1.51;Good;J;VS1;61.5;59;7.26;7.31;4.48;8271
1.54;Ideal;J;VS2;61.9;57;7.39;7.5;4.6;8275
1.41;Ideal;J;VS1;61.6;56;7.19;7.22;4.44;8275
1.2;Ideal;H;VS1;61.6;57;6.82;6.85;4.21;8275
1.5;Good;J;VVS2;63.3;57;7.25;7.28;4.6;8276
1.12;Ideal;D;VS2;62;55;6.63;6.66;4.12;8279
1.01;Ideal;D;VS2;62.6;55;6.42;6.46;4.03;8279
1.2;Premium;E;VS2;62;59;6.78;6.71;4.18;8279
1.1;Ideal;F;VS1;61.7;57;6.67;6.65;4.11;8279
1.52;Good;G;SI2;63;61;7.25;7.28;4.58;8280
1.25;Premium;G;VVS1;58.2;61;7.1;7.05;4.12;8281
1.09;Ideal;G;VVS2;62.5;56;6.54;6.58;4.1;8282
1.7;Good;J;VS2;63.6;59;7.53;7.48;4.77;8282
1.51;Ideal;G;SI1;61.6;56;7.34;7.25;4.5;8283
1.51;Ideal;G;SI1;61.6;56;7.34;7.25;4.5;8283
1.41;Very Good;H;SI1;62.6;59;7.08;7.14;4.45;8283
1.03;Ideal;E;VS1;61.7;56;6.47;6.53;4.01;8284
1.06;Ideal;G;VS1;61.1;57;6.54;6.61;4.02;8285
0.4;Ideal;D;SI2;61.3;56;4.72;4.77;2.91;622
0.4;Very Good;E;SI2;58.7;59;4.78;4.82;2.82;622
0.33;Very Good;G;VS2;61.5;59.4;4.45;4.49;2.75;623
0.27;Ideal;H;VVS2;62.1;57;4.15;4.1;2.56;623
0.27;Premium;H;VVS2;60.7;59;4.21;4.19;2.55;623
0.32;Very Good;H;VS1;58.9;63;4.46;4.4;2.61;624
0.32;Very Good;F;VS2;61.5;59.7;4.32;4.39;2.68;624
0.3;Ideal;G;VS1;61.8;56;4.31;4.33;2.67;624
0.3;Ideal;G;VS1;63.1;55;4.25;4.31;2.7;624
0.3;Ideal;G;VS1;62;56;4.29;4.32;2.67;624
0.3;Ideal;G;VS1;62.2;55;4.28;4.31;2.67;624
0.3;Ideal;G;VS1;60.9;57;4.34;4.36;2.65;624
0.3;Ideal;G;VS1;61.8;57;4.29;4.32;2.66;624
0.3;Ideal;G;VS1;62.4;57;4.3;4.32;2.69;624
0.3;Ideal;G;VS1;60.6;57;4.38;4.4;2.66;624
0.4;Ideal;I;SI1;62.3;55;4.72;4.75;2.95;624
0.25;Ideal;G;IF;61.7;56;4.04;4.1;2.51;624
0.36;Very Good;I;SI1;63.1;57;4.55;4.51;2.86;624
0.36;Premium;I;SI1;60.4;60;4.62;4.58;2.78;624
0.37;Ideal;J;VS1;62.6;57;4.57;4.54;2.85;624
0.37;Ideal;J;VS1;62.4;55;4.64;4.59;2.88;624
0.37;Very Good;G;SI2;63.4;57;4.57;4.55;2.89;624
0.37;Very Good;G;SI2;63.3;55;4.61;4.58;2.91;624
0.37;Premium;F;SI2;60.2;60;4.7;4.6;2.8;624
0.37;Premium;F;SI2;60.7;57;4.67;4.62;2.82;624
0.33;Premium;H;VS2;58.8;62;4.53;4.49;2.65;624
0.32;Premium;E;SI1;62;60;4.43;4.38;2.73;624
0.28;Good;E;VS2;63.7;60;4.23;4.18;2.68;625
0.42;Very Good;D;SI2;58.6;58;4.91;4.98;2.9;625
0.41;Ideal;I;VS2;61.4;54;4.81;4.83;2.96;625
1.21;Ideal;H;VVS1;62.8;55;6.78;6.82;4.27;8286
1.01;Premium;D;VS1;60;58;6.6;6.54;3.94;8286
1.51;Fair;F;SI2;61.8;66;7.18;7.16;4.43;8287
1.51;Fair;I;VS2;64.6;58;7.19;7.15;4.63;8287
1.51;Ideal;H;SI1;61.9;57;7.37;7.32;4.55;8287
1.61;Very Good;E;SI2;61.9;57;7.44;7.48;4.62;8288
1.53;Ideal;H;SI1;61.9;58;7.38;7.42;4.58;8289
1.5;Very Good;E;SI2;62.2;58;7.31;7.35;4.56;8291
1.5;Very Good;I;SI1;63.1;59;7.16;7.23;4.54;8291
1.5;Ideal;I;SI1;62.7;57;7.21;7.3;4.55;8291
1.23;Premium;G;VS1;59.6;60;6.99;6.94;4.15;8293
1.21;Premium;G;VS2;60.3;60;6.89;6.83;4.14;8294
1.21;Premium;H;IF;62.2;58;6.8;6.83;4.24;8294
1.21;Ideal;G;VS2;61.5;56;6.83;6.88;4.22;8294
1.09;Ideal;G;VVS2;61.2;57;6.62;6.66;4.06;8295
1.09;Ideal;G;VS1;60.4;58;6.67;6.7;4.04;8296
1.24;Very Good;G;VS1;62;55;6.89;6.95;4.29;8298
1.51;Ideal;J;VS1;61.3;61;7.34;7.4;4.52;8298
1.24;Ideal;F;VS2;62.2;56;6.94;6.88;4.3;8298
1.52;Premium;I;SI1;61.2;60;7.41;7.36;4.52;8299
1.52;Ideal;E;SI2;61;56;7.45;7.41;4.53;8299
1.24;Ideal;H;VS1;61.6;56;6.88;6.91;4.25;8299
1.24;Ideal;H;VS1;62.1;56;6.85;6.88;4.26;8299
1.52;Premium;G;SI2;60.9;57;7.5;7.44;4.55;8299
1.54;Very Good;H;SI2;62.3;56;7.33;7.38;4.58;8301
1.55;Ideal;J;SI1;62.4;57;7.5;7.45;4.67;8301
1.02;Ideal;E;VS1;62.2;54;6.43;6.46;4.01;8303
1.21;Premium;G;VS1;59.5;58;6.97;7.01;4.16;8305
1.09;Ideal;G;VS1;60.3;57;6.68;6.73;4.04;8305
1.02;Ideal;G;IF;62.5;57;6.44;6.37;4;8311
1.51;Premium;D;SI2;61.4;56;7.37;7.32;4.51;8311
1.27;Very Good;D;SI1;62.5;58;6.87;6.92;4.31;8312
1.51;Good;I;SI1;63.7;58;7.22;7.26;4.61;8313
1.22;Ideal;G;VS1;61.3;56;6.93;6.88;4.23;8313
1.47;Premium;F;SI2;61.6;60;7.38;7.33;4.53;8314
1.14;Very Good;E;VS1;63.1;59;6.63;6.61;4.18;8315
1.5;Good;I;VS2;61.9;60;7.25;7.28;4.5;8316
1.5;Premium;G;SI2;60.7;58;7.39;7.33;4.47;8316
1.5;Premium;E;SI2;62.7;59;7.3;7.22;4.55;8316
1.02;Very Good;E;VS1;62.9;54;6.38;6.46;4.04;8317
1.56;Very Good;H;SI2;59.9;59;7.47;7.52;4.49;8317
1.02;Ideal;G;VVS1;61.5;57;6.47;6.44;3.97;8317
1.01;Premium;F;VVS2;61.8;59;6.46;6.42;3.98;8319
1.06;Premium;G;VVS1;61.1;58;6.57;6.53;4;8319
1.2;Ideal;G;VS2;59.9;61;6.85;6.88;4.11;8321
1.08;Ideal;F;VS1;62.1;53;6.6;6.64;4.11;8321
1.72;Premium;J;SI1;61.7;58;7.71;7.81;4.79;8324
1.56;Premium;J;VS1;61.1;59;7.49;7.52;4.58;8324
1.59;Ideal;J;SI1;62.4;55;7.48;7.45;4.66;8325
1.11;Premium;E;VS1;61.2;58;6.69;6.65;4.08;8329
1.01;Very Good;F;VS2;62;60;6.36;6.39;3.95;8330
1.6;Premium;H;SI2;59.4;59;7.6;7.55;4.5;8333
1.5;Premium;H;SI2;62.5;60;7.32;7.25;4.55;8333
1;Premium;D;VS1;61.9;55;6.4;6.36;3.95;8333
1;Premium;D;VS1;62.2;55;6.46;6.4;4;8333
1.2;Very Good;F;VS2;62.6;56;6.73;6.78;4.23;8334
1.2;Ideal;F;VS2;62.3;55;6.79;6.83;4.24;8334
1.65;Ideal;J;SI1;62.5;56;7.59;7.54;4.73;8334
1.01;Good;D;VS1;64.1;55;6.29;6.38;4.06;8339
1.22;Very Good;G;VS2;62.3;58;6.79;6.82;4.24;8340
1.04;Premium;D;VS1;62.3;59;6.48;6.39;4.01;8341
1.04;Ideal;D;VS1;59.1;56;6.65;6.59;3.91;8341
1.51;Ideal;I;SI1;61.1;59;7.4;7.37;4.51;8342
1.52;Premium;F;SI2;62.3;59;7.37;7.33;4.58;8342
1.06;Ideal;F;VS1;61.7;57;6.55;6.57;4.05;8344
1.14;Ideal;G;VS1;61.4;57;6.75;6.81;4.16;8346
1.16;Premium;E;VS1;58.7;58;6.89;6.87;4.04;8346
1.02;Ideal;D;VS1;62.6;57;6.4;6.44;4.02;8347
1.08;Ideal;G;VVS1;61.6;56;6.6;6.65;4.08;8347
1.5;Good;J;VS1;60.7;61;7.27;7.3;4.42;8347
1.01;Very Good;E;VS1;59.4;59;6.52;6.54;3.88;8348
1.21;Ideal;E;VS1;62.2;57;6.83;6.8;4.24;8348
1.21;Ideal;F;VS2;61.5;56;6.87;6.83;4.21;8348
1.15;Very Good;G;VVS2;58.4;59;6.84;6.92;4.02;8349
1.13;Premium;E;VS1;61.1;59;6.72;6.69;4.1;8353
1.51;Fair;I;SI1;68.3;57;6.95;6.87;4.72;8355
1.64;Very Good;F;SI2;63.2;57;7.56;7.47;4.75;8357
1.13;Very Good;E;VS2;61.9;61;6.61;6.64;4.1;8358
1.06;Ideal;G;VVS2;61.7;56;6.59;6.56;4.06;8358
1;Good;E;VVS1;63.4;59;6.27;6.24;4;8359
1.07;Premium;D;VS1;62;60;6.55;6.49;4.04;8359
1.16;Very Good;G;VVS2;62.3;59;6.69;6.72;4.18;8361
1.81;Fair;J;SI1;56.2;62;8.14;8.09;4.56;8362
1.22;Premium;G;VS2;61.8;58;6.91;6.84;4.25;8362
1.22;Ideal;G;VS2;61.4;56;6.9;6.88;4.23;8362
1.57;Ideal;J;VS2;62.3;54;7.5;7.49;4.67;8363
1.74;Premium;J;VS2;61.9;62;7.62;7.54;4.7;8364
1.09;Ideal;G;VVS2;60.6;57;6.62;6.7;4.05;8364
1.25;Ideal;H;VS1;62.1;57;6.89;6.92;4.29;8365
1.53;Premium;H;SI1;62.4;60;7.34;7.31;4.57;8365
1.71;Premium;I;SI2;59;60;7.86;7.83;4.63;8366
1.52;Premium;J;VS1;61.2;59;7.39;7.36;4.51;8366
1;Ideal;G;VVS1;61.9;57;6.43;6.39;3.97;8366
1.52;Premium;D;SI2;58.6;62;7.56;7.45;4.41;8366
1.73;Good;E;I1;63.6;59;7.6;7.56;4.82;8370
1.51;Premium;J;VS1;62.1;58;7.36;7.4;4.58;8371
1.5;Ideal;I;SI1;62.3;56;7.35;7.41;4.6;8371
1.51;Very Good;H;SI2;60.8;56;7.41;7.46;4.52;8372
1.01;Very Good;G;VVS1;61.8;59;6.47;6.41;3.98;8373
1;Good;D;VVS2;60.2;62;6.42;6.46;3.88;8374
1.03;Very Good;F;VVS2;61.3;57;6.49;6.53;3.99;8375
1.22;Very Good;G;VS2;62.7;58;6.8;6.72;4.24;8377
1.6;Ideal;I;SI2;61.9;57;7.48;7.51;4.64;8377
1.6;Very Good;F;SI2;60.5;60;7.52;7.55;4.56;8377
1.2;Good;E;VS2;63.6;57;6.74;6.68;4.27;8380
1.23;Premium;G;VS1;62.8;56;6.86;6.81;4.29;8381
1.23;Premium;G;VS1;61.8;58;6.88;6.84;4.24;8381
1.75;Good;H;SI2;64.1;56;7.59;7.55;4.85;8385
1.03;Ideal;G;VVS2;60.7;57;6.5;6.58;3.97;8385
1.33;Ideal;H;VS2;59.5;57;7.18;7.23;4.29;8385
1.2;Good;G;VS1;63.6;58;6.59;6.56;4.18;8387
1.51;Fair;F;SI1;65.8;56;7.16;7.12;4.7;8387
1.51;Premium;H;SI2;62.4;58;7.36;7.31;4.58;8388
1.5;Very Good;J;VVS2;63.3;56;7.18;7.29;4.58;8391
1.31;Ideal;H;VS1;62.4;56;7;6.98;4.36;8392
1.07;Ideal;G;VVS2;62.4;54;6.51;6.56;4.08;8393
1.12;Ideal;G;VS1;62.5;54;6.65;6.69;4.17;8394
1.51;Ideal;I;SI1;61.2;60;7.39;7.37;4.52;8396
1.51;Ideal;I;SI1;59.4;61;7.52;7.46;4.45;8396
1.7;Premium;F;SI2;60.2;61;7.79;7.68;4.66;8397
1.03;Ideal;G;VVS1;62;56;6.54;6.5;4.04;8398
1.5;Premium;F;SI1;60;60;7.48;7.42;4.47;8400
1.51;Ideal;I;SI1;62.7;57;7.35;7.3;4.59;8400
1.11;Ideal;G;VS2;61.6;56;6.62;6.65;4.09;8400
1;Premium;F;VVS2;61.2;60;6.43;6.38;3.92;8400
1.25;Ideal;E;VS2;62.6;56;6.89;6.84;4.3;8400
1.01;Very Good;E;VVS2;61.6;58;6.4;6.46;3.96;8401
1.02;Ideal;G;VVS2;62.1;57;6.43;6.45;4;8401
1.02;Ideal;G;VVS2;61.6;57;6.45;6.47;3.98;8401
1.02;Ideal;G;VVS2;62.7;57;6.41;6.45;4.03;8401
1.21;Premium;G;VS2;62.8;59;6.84;6.76;4.27;8402
1.21;Very Good;F;VS2;62.9;54;6.78;6.82;4.28;8403
1.01;Very Good;E;VS1;60.4;60;6.43;6.48;3.9;8403
1.13;Ideal;E;VS2;62;54;6.7;6.66;4.14;8404
1.23;Very Good;H;VVS1;62.5;58;6.77;6.82;4.25;8405
1.08;Ideal;F;VS1;61.4;55;6.61;6.69;4.08;8405
1.12;Very Good;G;VVS1;60.9;57;6.67;6.72;4.08;8408
1.52;Very Good;H;SI2;62.8;58;7.25;7.3;4.57;8408
2.04;Premium;I;I1;59.3;61;8.3;8.25;4.91;8408
1.5;Very Good;I;SI1;63.1;54;7.34;7.31;4.62;8408
1.54;Premium;E;SI2;59.9;60;7.49;7.38;4.46;8408
1.18;Very Good;G;VS2;62.7;54.7;6.74;6.77;4.23;8411
1.22;Ideal;H;VS1;61.9;54;6.88;6.9;4.26;8411
1.06;Ideal;E;VS1;62.1;57;6.49;6.52;4.04;8413
1.2;Ideal;G;VS2;62.8;54;6.75;6.79;4.25;8414
1.18;Ideal;G;VS1;61.3;56;6.81;6.83;4.17;8414
1.01;Good;E;VVS2;63.9;58;6.31;6.37;4.05;8415
1.5;Very Good;J;VVS1;62.3;62;7.16;7.23;4.48;8415
1.06;Very Good;G;IF;61.2;57;6.52;6.56;4;8415
1.04;Ideal;F;VS2;61.6;56;6.53;6.55;4.03;8415
1.19;Ideal;F;VS2;62;57;6.78;6.76;4.2;8415
1.3;Ideal;G;SI1;61.6;55;7.01;7.05;4.33;8416
1.01;Premium;D;VS1;62.4;58;6.41;6.38;3.99;8416
1.22;Premium;F;VS2;59.8;59;6.96;6.92;4.15;8417
1.6;Ideal;J;SI1;62.8;55;7.48;7.42;4.68;8418
1.57;Very Good;G;SI2;61.1;61;7.43;7.46;4.55;8419
2.68;Premium;G;I1;58.6;60;9.11;9.07;5.33;8419
1.4;Premium;D;SI2;61.8;54;7.21;7.16;4.44;8419
1.46;Ideal;E;SI2;62.3;55;7.29;7.25;4.53;8421
1.09;Ideal;F;VS1;60.6;57;6.62;6.64;4.02;8422
1.37;Premium;H;VS1;60.9;59;7.17;7.24;4.39;8424
1.44;Premium;I;VS1;62.6;59;7.08;7.14;4.45;8426
1.52;Premium;J;VS1;62.2;59;7.32;7.38;4.57;8426
1.52;Premium;J;VVS2;58.3;62;7.61;7.49;4.4;8427
1.5;Very Good;J;VVS2;63.3;57;7.28;7.25;4.6;8427
1.31;Ideal;H;VS1;61.5;56;7;7.06;4.32;8429
1.31;Ideal;H;VS1;61.5;55;7.02;7.05;4.33;8429
1.13;Ideal;E;VS2;61.4;58;6.71;6.74;4.13;8430
1.12;Good;F;VVS2;57.9;57;6.86;6.83;3.96;8430
1.12;Ideal;D;VS2;62;55;6.66;6.63;4.12;8430
1.23;Ideal;H;IF;61.3;57;6.87;6.92;4.23;8431
1.5;Very Good;F;SI2;62.3;60;7.29;7.34;4.56;8431
1.5;Premium;I;VS2;62.3;59;7.24;7.3;4.53;8431
1.23;Premium;G;VS2;62;59;6.87;6.8;4.24;8431
1.2;Very Good;F;VS2;61.1;59;6.81;6.87;4.18;8436
1.2;Ideal;F;VS2;62.3;56;6.79;6.82;4.24;8436
1.03;Very Good;D;VS1;60.5;60;6.52;6.57;3.96;8437
1.24;Very Good;H;VVS2;61.3;55;6.94;6.96;4.26;8438
1.59;Good;G;SI1;63.8;56;7.41;7.34;4.71;8441
1.2;Good;G;VS1;63.4;56;6.7;6.74;4.26;8442
1.2;Premium;G;VS1;60.2;60;6.82;6.87;4.12;8442
1.2;Ideal;G;VS1;62.3;56;6.77;6.82;4.23;8442
1.2;Very Good;G;VS1;60.2;60;6.91;7;4.19;8442
1.2;Good;G;VS1;62.8;59;6.64;6.7;4.19;8442
2.25;Very Good;J;SI2;60.6;63;8.45;8.38;5.1;8442
1.51;Very Good;H;SI2;60.2;59;7.33;7.43;4.44;8444
1.02;Premium;F;VVS2;61.5;60;6.5;6.45;3.98;8445
1.21;Premium;H;IF;62.2;58;6.83;6.8;4.24;8446
1;Premium;F;VVS2;59.9;60;6.46;6.5;3.88;8448
1.24;Premium;G;VS1;62;55;6.95;6.89;4.29;8449
1.24;Ideal;G;VS1;61.1;57;6.98;6.91;4.24;8449
1.05;Ideal;D;VS2;61;56;6.54;6.61;4.01;8451
1.06;Ideal;G;VS1;62.3;55;6.5;6.53;4.06;8451
1.21;Ideal;F;VS2;61.2;57;6.87;6.82;4.19;8452
1.2;Very Good;F;VS2;62.9;55;6.75;6.8;4.26;8454
1.03;Ideal;G;VVS1;62.4;57;6.39;6.47;4.01;8454
1.09;Premium;G;VVS2;59.5;61;6.74;6.7;4;8454
1.53;Very Good;G;SI2;62.1;61;7.28;7.3;4.53;8455
1.65;Ideal;E;SI2;58.7;56;7.76;7.73;4.55;8455
1.21;Premium;G;VS1;59.5;58;7.01;6.97;4.16;8456
1.21;Premium;G;VS1;62.7;58;6.79;6.74;4.24;8456
1.24;Ideal;D;SI1;60.4;57;6.95;7.02;4.22;8457
1.8;Premium;I;SI2;61.8;59;7.9;7.8;4.85;8457
1.28;Premium;G;VS2;61.4;58;7;6.92;4.27;8458
1.51;Very Good;F;SI2;63.2;60;7.2;7.27;4.57;8462
1.27;Premium;D;SI1;62.5;58;6.92;6.87;4.31;8463
1.51;Good;I;SI1;63.7;58;7.26;7.22;4.61;8464
1.23;Ideal;G;VS1;61.8;57;6.89;6.86;4.25;8465
1.4;Premium;I;VVS2;62;58;7.22;7.16;4.46;8467
1.5;Good;J;VS1;64.1;55;7.23;7.13;4.6;8467
1;Very Good;F;VVS2;63.2;56;6.42;6.37;4.04;8467
2.5;Premium;H;I1;59.9;60;8.75;8.67;5.22;8467
1.03;Premium;D;VVS2;61.7;59;6.43;6.48;3.98;8469
1.56;Very Good;I;SI1;60.2;61;7.5;7.59;4.54;8470
1.01;Premium;F;VVS2;61.8;59;6.46;6.42;3.98;8470
1.5;Ideal;H;SI2;62.4;58;7.29;7.26;4.54;8471
1.5;Very Good;I;SI1;60.7;58;7.34;7.4;4.47;8475
1.56;Premium;J;VS1;61.1;59;7.52;7.49;4.58;8476
1.39;Premium;F;SI1;62.1;58;7.1;7.16;4.43;8476
1.52;Premium;I;SI1;61.9;58;7.37;7.42;4.58;8477
1.54;Ideal;J;VS2;62.7;56;7.32;7.36;4.6;8479
1.34;Premium;E;VS2;58.2;60;7.26;7.21;4.21;8480
1.08;Ideal;D;VS2;61.9;58;6.54;6.57;4.06;8481
1.03;Ideal;G;VVS2;61.2;57;6.48;6.52;3.98;8483
1.22;Ideal;G;VS2;59.9;56;7.01;6.97;4.19;8485
1.02;Ideal;G;VVS1;62.6;56;6.39;6.42;4.01;8485
1.23;Premium;F;VS2;62.9;58;6.82;6.76;4.27;8486
1.2;Ideal;F;VS2;62.3;55;6.83;6.79;4.24;8486
1.2;Ideal;F;VS2;62.6;56;6.78;6.73;4.23;8486
1.66;Premium;J;SI1;60.7;58;7.72;7.63;4.66;8487
1.06;Ideal;G;VVS1;61.6;57;6.53;6.55;4.03;8488
1.02;Premium;G;IF;61.8;59;6.41;6.46;3.98;8489
1.24;Ideal;H;VVS1;62.3;54;6.88;6.9;4.29;8489
1.5;Premium;H;SI2;62.3;60;7.22;7.3;4.52;8490
1.2;Very Good;G;VS2;63.2;56;6.82;6.75;4.29;8491
1.07;Ideal;G;VVS2;61.8;55;6.57;6.61;4.07;8491
2.34;Premium;I;I1;61.5;60;8.47;8.43;5.2;8491
1.5;Good;E;SI2;64.5;58;7.06;7.11;4.57;8492
1.66;Good;J;VS2;64.4;54;7.45;7.54;4.83;8496
1.55;Ideal;J;VS2;61.4;55;7.41;7.49;4.58;8498
1.25;Ideal;H;VS2;61.1;55;6.94;6.97;4.25;8498
1.53;Premium;H;SI2;62.5;59;7.4;7.36;4.61;8499
1.53;Ideal;H;SI2;61.9;57;7.42;7.34;4.57;8499
1.15;Premium;G;VVS2;58.4;59;6.92;6.84;4.02;8501
1.32;Ideal;I;VVS1;61;56;7.09;7.07;4.32;8501
1.21;Premium;G;VS2;61;58;6.88;6.82;4.18;8504
1.24;Ideal;G;VS2;62.1;56;6.87;6.91;4.28;8504
1.21;Very Good;F;VS2;61.6;58;6.79;6.88;4.21;8505
1.7;Ideal;J;SI2;60.5;57;7.74;7.84;4.71;8505
1.11;Ideal;H;VVS1;60.8;56;6.68;6.76;4.08;8508
1.23;Ideal;H;VVS2;61.6;57;6.87;6.92;4.25;8509
1.4;Premium;G;SI1;62.5;58;7.12;7.06;4.43;8511
1.52;Premium;G;SI1;62.2;58;7.39;7.33;4.58;8512
1.08;Very Good;D;VS1;60.5;58;6.53;6.63;3.98;8513
1.59;Very Good;J;VS1;60.1;60;7.56;7.59;4.55;8515
1.59;Very Good;J;VS1;60.7;59;7.49;7.54;4.56;8515
1.56;Ideal;H;SI2;62.1;58;7.35;7.41;4.58;8517
1.5;Good;D;SI2;62.4;61;7.23;7.36;4.55;8517
1.56;Ideal;E;SI2;61.2;56;7.53;7.49;4.59;8518
1.5;Very Good;D;SI2;63.3;57;7.27;7.2;4.58;8518
1.5;Good;D;SI2;63.8;58;7.2;7.16;4.58;8518
1.5;Premium;D;SI2;58.9;60;7.48;7.45;4.4;8518
1.16;Very Good;E;VS2;62.1;58;6.63;6.7;4.14;8520
1.52;Premium;I;SI1;61.2;60;7.41;7.36;4.52;8521
1.2;Good;D;VS2;62.4;60;6.69;6.77;4.2;8521
1.23;Ideal;F;VS1;61.3;57;6.86;6.93;4.23;8523
1.51;Premium;J;VS1;62.1;58;7.4;7.36;4.58;8524
1.51;Very Good;J;VS1;61.2;63;7.31;7.24;4.45;8524
1.51;Premium;J;VS1;61.8;61;7.26;7.21;4.47;8524
1.51;Ideal;J;VS1;61.9;56;7.41;7.35;4.57;8524
1.01;Very Good;F;VVS2;61.9;56;6.42;6.48;3.99;8525
1.59;Very Good;J;VS2;62.9;58.1;7.39;7.45;4.66;8526
1.03;Premium;F;VVS2;61.3;57;6.53;6.49;3.99;8527
1.11;Very Good;F;VS1;60.7;55;6.69;6.71;4.07;8528
1.01;Fair;E;VVS1;66.1;55;6.19;6.1;4.06;8529
1.42;Ideal;H;SI1;62;56;7.17;7.22;4.46;8529
1.53;Ideal;G;SI1;61.3;57;7.42;7.32;4.52;8529
1.6;Premium;F;SI2;60.5;60;7.55;7.52;4.56;8530
1.29;Premium;G;VS2;61.9;58;7.02;6.97;4.33;8530
1.6;Ideal;I;SI2;61.9;57;7.51;7.48;4.64;8530
1.01;Ideal;F;VVS2;61;57;6.46;6.52;3.96;8532
1.01;Very Good;F;VVS2;61.8;55;6.36;6.45;3.96;8532
1.01;Premium;F;VVS2;62;58;6.36;6.45;3.97;8532
1.01;Ideal;F;VVS2;61.8;56;6.46;6.49;4;8532
1.04;Premium;D;VS1;60.5;59;6.62;6.58;3.99;8532
1.22;Good;G;VS2;59.9;61;6.88;6.91;4.13;8533
1.54;Very Good;I;VS2;62;58;7.38;7.43;4.59;8537
1.05;Very Good;F;VVS2;61.3;59;6.48;6.56;4;8537
1.57;Very Good;J;VS2;62;58;7.45;7.48;4.63;8538
1.5;Very Good;E;SI2;62.8;57;7.17;7.23;4.52;8538
1.71;Premium;J;SI2;62.6;57;7.62;7.58;4.76;8540
1.23;Ideal;H;VS2;61.5;57;6.92;6.87;4.24;8541
1.51;Very Good;H;SI1;63.5;55;7.31;7.22;4.61;8541
1.27;Ideal;G;VS1;60.9;57;7.02;6.97;4.26;8543
1.35;Premium;H;VS1;62.3;58;7.1;7.05;4.41;8543
1.2;Ideal;G;VS1;62.4;57;6.78;6.8;4.24;8545
1.2;Ideal;G;VS1;62;57;6.78;6.81;4.21;8545
1.02;Ideal;E;VS1;62.6;56;6.45;6.42;4.03;8545
1.05;Ideal;G;VVS1;60.1;57;6.63;6.68;4;8546
1.55;Ideal;J;VS1;60.4;57;7.52;7.54;4.55;8548
0.3;Very Good;H;SI1;61.3;61;4.25;4.27;2.61;421
0.32;Good;G;SI2;63.4;55;4.32;4.35;2.75;421
0.32;Premium;G;SI2;61.6;59;4.35;4.38;2.69;421
0.32;Very Good;I;SI1;59.9;61;4.44;4.47;2.67;421
0.32;Premium;I;SI1;61.1;59;4.38;4.42;2.69;421
0.3;Very Good;H;SI1;62.9;58;4.22;4.24;2.66;421
0.3;Very Good;H;SI1;60.8;61;4.25;4.3;2.6;421
0.3;Good;H;SI1;63.4;57;4.27;4.31;2.72;421
0.32;Premium;G;SI2;61;59;4.36;4.42;2.68;421
0.3;Good;H;SI1;63.9;55;4.24;4.27;2.72;421
0.3;Good;E;SI2;63.5;55;4.27;4.3;2.72;421
0.32;Very Good;I;SI1;61.6;61;4.36;4.4;2.7;421
0.32;Ideal;G;SI2;62.5;57;4.35;4.38;2.73;421
0.32;Very Good;G;SI2;62.3;58;4.37;4.42;2.74;421
0.32;Very Good;G;SI2;62.4;59;4.35;4.4;2.73;421
0.32;Good;F;SI2;63.8;55;4.34;4.35;2.77;421
0.32;Premium;F;SI2;59.7;59;4.43;4.48;2.66;421
0.3;Very Good;E;SI2;61.9;58;4.28;4.31;2.66;421
0.3;Very Good;H;SI1;61.2;62;4.28;4.31;2.63;421
0.32;Very Good;J;VS1;60.6;59;4.42;4.46;2.69;421
0.3;Very Good;H;SI1;62.9;56;4.28;4.31;2.7;421
0.32;Very Good;G;SI2;63;56;4.32;4.35;2.73;421
0.3;Very Good;H;SI1;59.5;62;4.32;4.35;2.58;421
0.32;Premium;G;SI2;62.7;58;4.35;4.39;2.74;421
0.3;Very Good;E;SI2;61.6;61;4.25;4.29;2.63;421
0.3;Very Good;H;SI1;62.9;57;4.26;4.29;2.69;421
0.3;Ideal;I;VS2;62.6;56;4.29;4.31;2.69;421
0.3;Very Good;E;SI2;61.7;61;4.28;4.31;2.65;421
0.3;Good;H;SI1;63.4;58;4.21;4.24;2.68;421
0.3;Premium;H;SI1;59.3;59;4.36;4.38;2.59;421
0.42;Ideal;H;SI2;62;54;4.83;4.85;3;625
0.42;Ideal;H;SI2;61.4;56;4.81;4.86;2.97;625
0.42;Ideal;H;SI2;62;54;4.81;4.83;2.99;625
0.4;Ideal;H;SI2;62.6;55;4.73;4.76;2.97;625
0.41;Ideal;E;SI2;61.8;54;4.78;4.8;2.96;625
0.4;Ideal;D;SI2;62;55;4.71;4.77;2.94;625
0.28;Ideal;E;VS1;62;56;4.21;4.18;2.6;625
0.28;Ideal;E;VS1;61.4;56;4.24;4.2;2.59;625
0.28;Ideal;D;VS2;62.4;57;4.2;4.16;2.61;625
0.35;Ideal;D;SI2;62.4;57;4.5;4.47;2.8;625
0.31;Premium;G;VS1;61.2;60;4.37;4.39;2.68;625
0.31;Very Good;G;VS1;62.9;58;4.3;4.35;2.72;625
0.31;Premium;F;VS2;61.2;58;4.35;4.37;2.67;625
0.31;Ideal;F;VS2;62.3;55;4.3;4.33;2.69;625
0.31;Ideal;H;VVS2;62.6;56;4.32;4.37;2.72;625
0.31;Very Good;F;VS2;61.4;62;4.32;4.34;2.66;625
0.31;Very Good;F;VS2;62.9;59;4.27;4.32;2.7;625
0.31;Ideal;G;VS1;62.1;55;4.33;4.37;2.7;625
0.31;Good;G;VS1;63.2;57;4.28;4.33;2.72;625
0.31;Ideal;H;VVS2;62.2;57;4.32;4.36;2.7;625
0.31;Very Good;F;VS2;62.9;58;4.27;4.31;2.7;625
0.31;Very Good;G;VS1;63;57;4.28;4.32;2.71;625
0.31;Premium;F;VS2;60.8;60;4.34;4.37;2.65;625
0.31;Ideal;F;VS2;62.1;53;4.34;4.39;2.71;625
0.31;Ideal;F;VS2;62.6;55;4.29;4.33;2.7;625
0.31;Ideal;F;VS2;60.8;56;4.38;4.41;2.67;625
0.31;Good;G;VS1;63.8;57;4.29;4.33;2.75;625
0.31;Ideal;H;VVS2;61.1;56;4.33;4.37;2.66;625
0.31;Ideal;F;VS2;62.3;57;4.3;4.34;2.69;625
0.31;Ideal;G;VS1;62.1;55;4.33;4.36;2.7;625
1.27;Very Good;G;VS2;60.3;59;6.97;7.09;4.24;8549
1.27;Premium;G;VS2;61;60;6.93;6.97;4.24;8549
1.51;Very Good;J;VVS2;62.6;63;7.24;7.29;4.55;8550
1.51;Good;D;SI2;64.1;61;7.14;7.18;4.59;8550
1.45;Premium;H;VS1;60.6;60;7.27;7.16;4.37;8550
1.01;Ideal;F;VS1;61.7;56;6.48;6.45;3.99;8552
1;Very Good;F;VVS2;60;62;6.43;6.46;3.87;8553
1;Very Good;F;VVS2;62.9;55;6.29;6.36;3.98;8555
1.5;Ideal;I;SI1;59.4;60;7.54;7.5;4.47;8555
1.5;Good;I;VS2;63.3;62;7.08;7.19;4.52;8555
1.18;Ideal;G;VS1;61.9;56;6.81;6.76;4.2;8556
1.21;Ideal;F;VS2;62.9;54;6.82;6.78;4.28;8557
1.33;Ideal;H;VS1;59.3;57;7.18;7.22;4.27;8558
1.13;Very Good;D;VS2;62.9;58;6.59;6.63;4.16;8561
1.12;Premium;G;VVS1;60.9;57;6.72;6.67;4.08;8561
1.37;Premium;H;VS2;62.5;59;7.12;7.05;4.43;8562
1.2;Good;E;VS2;61.8;61;6.69;6.71;4.14;8563
1.12;Very Good;G;VVS2;62.6;59;6.58;6.61;4.13;8564
1.18;Ideal;G;VS2;62.7;55;6.77;6.74;4.23;8564
1.52;Premium;H;SI1;61.2;58;7.53;7.43;4.57;8566
1.06;Ideal;E;VS1;62.1;57;6.52;6.49;4.04;8567
1.5;Premium;J;VVS1;62.3;62;7.23;7.16;4.48;8568
1.01;Good;E;VVS2;63.9;58;6.37;6.31;4.05;8569
1.57;Premium;G;SI2;61.1;61;7.46;7.43;4.55;8572
1.41;Premium;G;SI1;62.1;59;7.23;7.13;4.46;8572
1.51;Premium;I;SI1;58.6;62;7.51;7.45;4.38;8574
1.26;Ideal;E;SI1;61.5;59;6.92;6.96;4.27;8574
1.51;Very Good;G;SI2;63.2;55;7.32;7.27;4.61;8574
1.51;Ideal;I;SI1;62.8;54;7.31;7.27;4.58;8574
1.25;Very Good;G;VS2;63.5;60;6.74;6.64;4.25;8575
1.22;Very Good;F;VS2;62.3;57;6.8;6.84;4.25;8575
1.22;Premium;F;VS2;62;58;6.86;6.89;4.26;8576
1.9;Fair;H;SI2;67.1;64;7.57;7.52;5.06;8576
1.2;Very Good;G;VS1;61;59;6.81;6.86;4.17;8577
1.37;Premium;H;VS1;60.9;59;7.24;7.17;4.39;8577
1.01;Premium;F;VVS2;59.3;60;6.52;6.5;3.86;8579
1.5;Very Good;G;SI2;60.7;61;7.33;7.36;4.46;8580
1.5;Good;I;SI1;64;60;7.13;7.25;4.6;8580
1.5;Ideal;G;SI2;61.4;56;7.34;7.38;4.52;8580
1.5;Ideal;G;SI2;62;57;7.26;7.31;4.52;8580
1.5;Premium;I;SI1;61.8;58;7.26;7.3;4.5;8580
1.5;Very Good;G;SI2;58.5;62;7.4;7.44;4.34;8580
1.25;Very Good;G;VS1;62.7;56;6.81;6.93;4.31;8580
1.52;Premium;J;VS1;62.2;59;7.38;7.32;4.57;8580
1.2;Premium;F;VS1;62.3;58;6.78;6.71;4.2;8580
1.51;Very Good;F;SI2;62.7;60;7.25;7.32;4.57;8581
1.29;Ideal;G;VS2;62.5;57;6.89;6.92;4.35;8582
1.31;Ideal;H;VS1;61.5;55;7.05;7.02;4.33;8583
1.31;Ideal;H;VS1;61.5;56;7.06;7;4.32;8583
1.22;Premium;G;VS1;62.2;59;6.82;6.87;4.26;8583
1.58;Premium;I;VS2;59.4;61;7.66;7.63;4.54;8583
1.24;Ideal;G;VS1;61.9;54;6.89;6.92;4.27;8584
1.23;Ideal;H;IF;61.3;57;6.92;6.87;4.23;8585
1.64;Premium;I;SI2;61.3;58;7.58;7.62;4.66;8587
1.2;Ideal;F;VS2;61.2;53;6.88;6.85;4.2;8588
1.5;Very Good;I;SI1;60.4;61;7.35;7.39;4.45;8590
1.65;Premium;I;SI2;62;59;7.61;7.54;4.7;8590
1.2;Ideal;F;VS2;62.3;56;6.82;6.79;4.24;8590
1.04;Ideal;G;VVS2;62.5;55;6.53;6.47;4.06;8590
1.1;Very Good;G;IF;60.5;55;6.77;6.71;4.08;8592
1.15;Ideal;G;VVS2;62.5;53;6.69;6.72;4.18;8592
1.12;Ideal;G;VVS2;62.5;56;6.59;6.66;4.14;8592
1.55;Premium;J;VS1;62.6;59;7.35;7.4;4.62;8593
1.55;Premium;H;VS1;60.8;60;7.54;7.5;4.57;8593
1.57;Premium;J;VS1;61.3;59;7.44;7.47;4.57;8595
1.2;Premium;G;VS1;61.4;60;6.86;6.81;4.2;8596
1.22;Ideal;H;VS2;61.3;56;6.85;6.88;4.21;8596
1.2;Ideal;G;VS1;62.4;57;6.74;6.82;4.23;8596
1.2;Ideal;G;VS1;62.3;56;6.82;6.77;4.23;8596
1.2;Premium;G;VS1;60.2;60;7;6.91;4.19;8596
1.2;Very Good;G;VS1;63.4;56;6.74;6.7;4.26;8596
1.29;Premium;D;SI1;62.7;55;6.96;6.91;4.35;8597
1.51;Premium;H;SI2;60.2;59;7.43;7.33;4.44;8598
1.43;Ideal;G;SI1;62.8;57;7.17;7.12;4.49;8599
1.2;Premium;E;VS2;62.2;59;6.82;6.78;4.23;8602
1.2;Premium;G;VS1;62.4;58;6.82;6.8;4.25;8602
1;Premium;F;VVS2;59.9;60;6.5;6.46;3.88;8602
1;Premium;F;VVS2;61.3;55;6.44;6.41;3.94;8602
1.2;Premium;G;VS1;62.8;58;6.84;6.75;4.27;8602
1.5;Premium;J;VVS2;61.8;60;7.33;7.36;4.54;8603
1.52;Ideal;J;VS1;62.3;58;7.32;7.35;4.57;8608
1.03;Ideal;G;VVS1;62.4;57;6.47;6.39;4.01;8608
1.22;Ideal;G;VS1;62.5;57;6.82;6.77;4.25;8608
1.65;Ideal;J;SI1;62.2;54;7.52;7.59;4.7;8610
1.04;Premium;F;VVS2;62.1;56;6.54;6.48;4.04;8610
1.31;Ideal;I;VS1;61.8;55;7.03;7.05;4.35;8611
1.03;Ideal;D;VS1;61.8;56;6.46;6.54;4.02;8612
1.5;Ideal;H;SI2;62.8;55;7.27;7.31;4.58;8614
1.21;Premium;G;VS1;62.7;58;6.76;6.85;4.27;8616
1.21;Ideal;G;VS1;62.6;56;6.77;6.81;4.25;8616
1.02;Premium;F;VVS2;60.9;59;6.44;6.56;3.96;8616
1.31;Ideal;H;VS1;62.5;56;6.95;7.03;4.37;8617
1.06;Ideal;F;VVS2;61.1;57;6.57;6.62;4.03;8619
1.58;Very Good;H;SI2;62.4;57;7.36;7.45;4.62;8620
1.52;Ideal;H;SI2;62;60;7.31;7.37;4.55;8620
1.01;Very Good;G;IF;62.8;57;6.39;6.42;4.02;8621
1.5;Very Good;J;VVS2;62.9;58;7.25;7.31;4.58;8622
1.05;Ideal;G;VVS1;60.1;57;6.58;6.63;3.97;8623
1.03;Premium;D;VVS2;61.7;59;6.48;6.43;3.98;8623
1.4;Premium;H;SI1;60.5;60;7.22;7.16;4.35;8624
1.02;Very Good;G;IF;62.3;59;6.36;6.45;3.99;8624
1.4;Good;D;SI1;63.8;60;7.01;6.95;4.45;8624
1.06;Ideal;G;VVS2;60.1;57;6.61;6.66;3.99;8626
1.02;Very Good;F;VVS2;59.4;59;6.58;6.69;3.94;8627
1.5;Fair;G;SI1;65.5;58;7.16;7.12;4.68;8627
1.29;Very Good;H;VS1;60.8;58;7.01;7.04;4.27;8629
1.21;Ideal;F;VS1;62.2;54.9;6.79;6.84;4.24;8629
1.03;Ideal;E;VS1;61.9;57;6.46;6.44;4;8629
1.03;Premium;E;VS1;62.8;58;6.46;6.41;4.04;8629
1.72;Very Good;I;SI2;63.4;57;7.6;7.58;4.81;8630
1.6;Premium;I;SI2;60.8;58;7.59;7.51;4.59;8630
1.51;Premium;H;VS2;58.7;61;7.51;7.45;4.39;8630
1.52;Premium;D;SI2;62.8;58;7.37;7.28;4.6;8631
1.52;Premium;I;SI1;61.9;58;7.42;7.37;4.58;8631
1.39;Premium;F;SI1;62.1;58;7.16;7.1;4.43;8631
1.52;Ideal;D;SI2;62.7;56;7.35;7.28;4.59;8631
1.22;Very Good;G;VS1;62.2;58;6.75;6.81;4.22;8633
1.12;Premium;D;VS1;62.1;57;6.68;6.65;4.14;8633
1.51;Very Good;G;SI2;60.5;54.6;7.36;7.4;4.46;8637
1.51;Very Good;I;SI1;62.2;60;7.23;7.3;4.52;8637
1.51;Very Good;G;SI2;62.8;56;7.22;7.3;4.56;8637
1.04;Ideal;G;VVS1;62.2;55;6.48;6.51;4.04;8637
1.51;Very Good;I;SI1;62.7;61;7.27;7.33;4.58;8637
1.51;Ideal;G;SI2;60.8;57;7.39;7.44;4.51;8637
1.51;Very Good;I;SI1;62.6;60;7.27;7.34;4.57;8637
1.02;Ideal;F;VS1;62;57;6.49;6.44;4.01;8637
1.53;Ideal;I;SI2;61.9;58;7.39;7.34;4.56;8637
1;Very Good;E;VVS2;61;62;6.4;6.46;3.92;8638
1.17;Ideal;G;VS1;61.8;57;6.76;6.8;4.19;8639
2.02;Premium;J;SI2;63;58;8.07;8.02;5.07;8640
1.07;Ideal;F;VS2;61.7;57;6.52;6.54;4.03;8640
1.57;Ideal;G;SI2;62;56;7.44;7.47;4.62;8643
1.02;Premium;G;IF;61.8;59;6.46;6.41;3.98;8643
1.06;Ideal;G;VVS1;61.6;57;6.55;6.53;4.03;8643
1.35;Very Good;H;VVS2;63.1;56;6.95;7.03;4.41;8644
1.55;Very Good;I;SI1;62;62;7.33;7.47;4.59;8644
1.28;Very Good;H;VS1;61.2;55;6.98;7.04;4.29;8645
1.05;Ideal;G;VVS2;62.2;56;6.49;6.53;4.05;8645
1.05;Ideal;G;VVS2;62.5;55;6.49;6.53;4.07;8645
1.05;Ideal;G;VVS2;61.9;57;6.51;6.54;4.04;8645
1.03;Ideal;D;VS1;62.6;57;6.44;6.5;4.05;8645
1.5;Premium;H;SI2;62.3;60;7.3;7.22;4.52;8645
1.16;Ideal;G;VVS2;62;56;6.71;6.75;4.17;8646
1.01;Good;F;VVS2;60.3;62;6.47;6.54;3.92;8647
1.01;Ideal;G;VVS1;61.1;56;6.51;6.49;3.97;8647
1.17;Ideal;F;VS1;62.2;56;6.74;6.77;4.2;8648
1.5;Premium;D;SI2;61.9;58;7.34;7.27;4.52;8649
1.09;Very Good;G;IF;62.9;57;6.52;6.58;4.12;8650
1.27;Ideal;H;VS1;61.4;56;6.95;6.97;4.27;8652
1.54;Premium;J;VVS2;61.1;59;7.45;7.4;4.54;8652
1.74;Premium;H;SI1;61.6;59;7.7;7.62;4.72;8653
1.41;Premium;H;VS2;61.2;60;7.17;7.21;4.4;8654
1.43;Very Good;H;SI1;61.7;59;7.23;7.29;4.48;8654
1.53;Very Good;E;SI2;63.1;59;7.38;7.21;4.61;8654
1.04;Very Good;G;IF;60.7;58;6.52;6.65;4;8655
1.54;Very Good;I;VS2;62.2;58;7.32;7.37;4.57;8656
1.02;Ideal;D;VS1;61.2;56;6.48;6.53;3.98;8658
1.02;Ideal;D;VS1;62;56;6.46;6.5;4.02;8658
1.21;Premium;F;VS2;61.6;58;6.88;6.79;4.21;8660
1.5;Very Good;J;VS1;61.3;59;7.36;7.41;4.53;8662
1.5;Very Good;I;VS2;58.4;61;7.42;7.48;4.35;8662
1.5;Very Good;I;VS2;63;57;7.2;7.25;4.55;8662
1.01;Ideal;G;VVS2;61.6;54;6.51;6.55;4.02;8662
1.47;Very Good;H;SI1;62.9;58;7.18;7.23;4.53;8663
1.7;Premium;I;SI1;58.6;59;7.79;7.75;4.55;8663
1.6;Fair;D;SI2;64.7;58;7.35;7.28;4.73;8666
1.01;Very Good;E;VS1;57.7;62;6.57;6.63;3.81;8668
1.5;Premium;H;SI1;61.6;58;7.33;7.38;4.53;8669
1.2;Ideal;F;VS2;61.9;53;6.84;6.79;4.22;8669
1.2;Premium;F;VS1;61.8;59;6.79;6.76;4.19;8669
1.37;Premium;H;VS1;62.9;58;7.12;7.07;4.46;8669
1.24;Good;G;VS2;61.3;57;6.78;6.88;4.19;8672
1.13;Ideal;F;VS1;61.1;56;6.7;6.79;4.12;8674
1.08;Ideal;E;VS1;61.6;57;6.58;6.61;4.06;8674
1.52;Fair;H;VS2;62.1;66;7.33;7.13;4.5;8674
1.26;Premium;F;VS2;62.8;58;6.89;6.84;4.31;8676
1.51;Ideal;J;VS1;61.8;59;7.36;7.39;4.56;8678
1.55;Ideal;H;SI2;62.1;57;7.39;7.43;4.6;8678
1.23;Ideal;F;VS1;61.3;57;6.93;6.86;4.23;8679
1.73;Premium;I;VS2;59.8;58;7.8;7.79;4.66;8680
1.51;Fair;G;SI1;65;59;6.99;7.07;4.57;8681
1.59;Ideal;J;VS2;62.9;58;7.45;7.39;4.66;8681
1.46;Premium;D;SI2;62;55;7.32;7.23;4.51;8683
1.29;Very Good;G;VS2;58.7;58;7.11;7.27;4.22;8684
1.5;Ideal;I;SI1;62.1;55;7.32;7.36;4.56;8685
1.41;Premium;H;VS2;62;58;7.19;7.12;4.44;8686
1.52;Ideal;J;VS1;62.8;54.3;7.32;7.35;4.61;8687
1.2;Ideal;G;VS1;62.6;54.3;6.76;6.8;4.25;8687
1.72;Ideal;J;SI1;62;57;7.66;7.62;4.74;8688
1.01;Premium;F;VVS2;62;58;6.45;6.36;3.97;8688
1.01;Ideal;F;VVS2;61;57;6.52;6.46;3.96;8688
1.53;Premium;G;SI2;58.7;59;7.51;7.45;4.39;8688
1.01;Premium;F;VVS2;61.8;55;6.45;6.36;3.96;8688
1.01;Ideal;F;VVS2;61.8;56;6.49;6.46;4;8688
1.19;Very Good;G;VVS2;61.8;59;6.75;6.77;4.18;8689
1.71;Very Good;J;SI1;62.9;58;7.58;7.64;4.79;8690
1.71;Premium;J;SI1;61.7;59;7.63;7.7;4.73;8690
1.74;Premium;J;SI2;59.7;57;7.88;7.8;4.68;8690
1.21;Ideal;F;VS2;62.4;59;6.82;6.77;4.24;8691
1.24;Ideal;H;VVS1;61.9;55;6.85;6.91;4.27;8693
1.05;Premium;F;VVS2;61.3;59;6.56;6.48;4;8693
1.2;Premium;D;VS2;61.6;60;6.78;6.72;4.16;8693
1.52;Premium;I;SI1;60.5;60;7.4;7.48;4.5;8694
1.11;Ideal;E;VS2;62.1;53;6.67;6.69;4.14;8698
1.2;Ideal;G;VS1;62.4;57.1;6.72;6.79;4.23;8698
1.21;Ideal;G;VS1;61.1;58;6.9;6.87;4.21;8699
1.03;Ideal;F;VVS2;61.6;56;6.46;6.53;4;8701
1.12;Ideal;G;VVS2;62.1;54.8;6.64;6.66;4.13;8701
1.2;Ideal;G;VS1;62.4;57;6.8;6.78;4.24;8701
1.2;Ideal;G;VS1;62;57;6.81;6.78;4.21;8701
1.5;Very Good;F;SI2;63.1;63;7.27;7.21;4.57;8702
1.5;Good;I;VS2;57.8;60;7.54;7.5;4.35;8702
1.05;Premium;G;VVS2;59.5;61;6.69;6.63;3.96;8702
1.52;Very Good;I;SI1;62.6;60;7.3;7.33;4.58;8703
1.73;Good;J;SI1;65.6;55;7.42;7.47;4.88;8703
1.27;Premium;G;VS2;61;60;6.97;6.93;4.24;8705
1.27;Ideal;G;VS2;62.8;54;6.92;6.87;4.33;8705
1.51;Very Good;J;VVS2;62.6;63;7.29;7.24;4.55;8706
1.51;Good;D;SI2;64.1;61;7.18;7.14;4.59;8706
1.01;Very Good;F;VVS1;63.4;55;6.44;6.34;4.05;8706
1.07;Ideal;G;VVS2;61.5;56;6.58;6.6;4.05;8707
0.91;Ideal;D;VVS2;62;54;6.2;6.25;3.86;8707
1.13;Premium;G;VVS1;59.3;59;6.79;6.87;4.05;8709
2.16;Ideal;H;I1;62.2;56;8.31;8.26;5.15;8709
1.6;Ideal;H;VS2;61.2;57;7.57;7.5;4.61;8709
1.51;Ideal;H;SI2;62.1;57;7.38;7.34;4.57;8710
1.21;Very Good;F;VS2;60.1;55;6.91;7.01;4.18;8711
2.5;Fair;G;I1;65.1;59;8.55;8.39;5.53;8711
1.2;Very Good;G;VVS2;62.4;56;6.68;6.74;4.19;8712
1.5;Very Good;J;VVS2;61.5;60;7.27;7.31;4.48;8712
1.33;Ideal;H;VS1;59.3;57;7.22;7.18;4.27;8714
1.71;Fair;F;SI2;64.9;57;7.51;7.41;4.84;8714
1.01;Fair;D;VVS2;65.4;57;6.2;6.16;4.04;8716
1.64;Premium;I;SI1;62.4;58;7.58;7.52;4.71;8716
1.36;Premium;H;VS2;61.9;58;7.09;7.15;4.41;8718
1.24;Ideal;H;VS1;61;57;6.91;6.95;4.23;8719
1.51;Good;I;VS2;62.9;57;7.23;7.27;4.56;8720
1.12;Premium;G;VVS2;62.6;59;6.61;6.58;4.13;8721
1.04;Premium;F;VVS2;59.2;58;6.68;6.66;3.95;8722
1.1;Very Good;G;VVS1;60.4;57;6.7;6.77;4.07;8724
1.06;Ideal;G;VVS2;61.4;57;6.52;6.55;4.01;8726
1.06;Ideal;G;VVS2;60.3;57;6.61;6.68;4.01;8726
1.24;Ideal;H;VS2;61.8;55;6.91;6.95;4.28;8726
1.32;Ideal;G;VS2;62.4;57;7.05;6.98;4.38;8728
1.09;Ideal;F;VS1;61.7;57;6.58;6.62;4.07;8730
1.74;Good;I;SI2;60.1;64;7.82;7.71;4.67;8731
1.22;Premium;F;VS2;62.3;57;6.84;6.8;4.25;8731
1.5;Good;I;VVS2;65.4;59;7.09;7.14;4.65;8732
1.22;Ideal;F;VS2;62.6;56;6.8;6.78;4.25;8733
1.22;Premium;F;VS2;62;58;6.89;6.86;4.26;8733
1.51;Very Good;J;VS2;59.7;59;7.51;7.47;4.47;8735
1.5;Good;I;SI1;64.3;55;7.24;7.19;4.64;8736
1.5;Good;J;VS1;63.3;57;7.2;7.24;4.57;8736
1.5;Good;I;SI1;63.8;59;7.21;7.11;4.57;8736
1.5;Premium;I;SI1;61.2;61;7.34;7.3;4.48;8736
1.5;Premium;I;SI1;62;62;7.35;7.3;4.54;8736
1.5;Very Good;F;VS2;63.4;61;7.12;7.08;4.5;8736
1.5;Ideal;I;SI1;62.3;55;7.35;7.31;4.57;8736
1;Premium;F;VVS1;62.6;58;6.45;6.33;4;8736
1.5;Premium;G;SI2;58.5;62;7.44;7.4;4.34;8736
1.5;Good;I;SI1;64;60;7.25;7.13;4.6;8736
1.5;Ideal;I;SI1;64.2;59;7.13;7.1;4.57;8736
1.5;Good;H;VS1;64.3;57;7.12;7;4.54;8736
1.5;Ideal;G;SI2;62;57;7.31;7.26;4.52;8736
1.5;Premium;G;SI2;60.7;61;7.36;7.33;4.46;8736
1.5;Ideal;G;SI2;61.4;56;7.38;7.34;4.52;8736
1.25;Premium;G;VS1;60;61;7.03;6.92;4.23;8736
2;Fair;I;SI2;69.1;56;7.84;7.7;5.37;8736
1.52;Premium;D;SI2;60.2;60;7.4;7.46;4.47;8737
1.22;Premium;G;VS1;62.2;59;6.87;6.82;4.26;8739
1.53;Premium;D;SI2;59.9;58;7.54;7.41;4.48;8739
1.45;Premium;G;VS1;60.5;60;7.27;7.16;4.37;8740
1.21;Good;G;VS1;63.6;56;6.8;6.72;4.3;8741
1.03;Ideal;D;VS1;61.5;57;6.48;6.52;4;8742
1.51;Good;D;SI2;61.5;61;7.37;7.42;4.55;8742
1.15;Ideal;F;VVS2;62.1;55;6.69;6.74;4.17;8743
1.14;Ideal;G;VVS2;62.3;55;6.64;6.72;4.18;8743
1.7;Ideal;I;SI2;60.7;59;7.69;7.64;4.65;8743
1.64;Premium;I;SI2;61.3;58;7.62;7.58;4.66;8743
1.02;Very Good;E;VVS2;60.3;58;6.53;6.57;3.95;8745
1.35;Premium;H;VS1;60.5;60;7.19;7.16;4.34;8747
1.04;Very Good;E;VVS2;62.4;58;6.46;6.4;4.01;8748
1.55;Premium;J;VS1;62.6;59;7.4;7.35;4.62;8749
1.5;Good;H;VS1;64.2;56;7.3;7.09;4.62;8749
1;Good;E;VVS2;63.5;55;6.31;6.36;4.02;8750
1.01;Good;E;VVS2;63.3;58;6.31;6.39;4.02;8752
1.51;Ideal;I;SI1;61.2;58;7.35;7.4;4.51;8752
1.51;Ideal;I;SI1;62.4;59;7.27;7.34;4.56;8752
1.51;Premium;H;SI1;61.5;58;7.38;7.31;4.52;8752
1.57;Premium;J;VS1;61.3;59;7.47;7.44;4.57;8752
1.57;Ideal;G;SI1;61.7;55;7.51;7.44;4.61;8752
1.09;Ideal;G;VVS2;61.8;56;6.58;6.62;4.08;8753
1.51;Very Good;I;SI1;63;59;7.26;7.31;4.59;8758
1.7;Ideal;J;SI1;60.9;57;7.73;7.66;4.69;8758
1.41;Premium;G;SI1;59.5;59;7.35;7.3;4.36;8758
1.23;Premium;G;VS1;61.3;58;6.87;6.89;4.22;8759
1.28;Ideal;H;VVS1;61.7;55;6.97;7.01;4.31;8759
1.21;Ideal;G;VS1;62.7;54;6.79;6.83;4.27;8759
1.5;Premium;J;VVS2;61.8;60;7.36;7.33;4.54;8760
1.56;Ideal;J;VS1;62.5;56;7.38;7.46;4.64;8763
0.31;Very Good;G;VS1;59.6;61;4.35;4.38;2.6;625
0.31;Premium;G;VS1;61.2;60;4.3;4.33;2.64;625
0.31;Good;F;VS2;63.4;56;4.31;4.34;2.74;625
0.31;Premium;G;VS1;62.1;58;4.31;4.36;2.69;625
0.31;Very Good;F;VS2;62.9;56;4.3;4.32;2.71;625
0.31;Very Good;G;VS1;62;59;4.28;4.3;2.66;625
0.31;Ideal;H;VVS2;62.4;57;4.32;4.36;2.71;625
0.31;Ideal;F;VS2;61.5;56;4.34;4.37;2.68;625
0.31;Very Good;H;VVS2;61.4;58;4.32;4.37;2.67;625
0.31;Ideal;F;VS2;62.6;57;4.29;4.33;2.7;625
0.31;Premium;F;VS2;62.3;59;4.3;4.33;2.69;625
0.31;Ideal;F;VS2;62;56;4.35;4.39;2.71;625
0.31;Good;H;VVS2;63.6;56;4.28;4.33;2.74;625
0.31;Very Good;H;VVS2;62.8;57;4.3;4.33;2.71;625
0.31;Premium;F;VS2;62.3;60;4.32;4.35;2.7;625
0.31;Premium;G;VS1;59.5;59;4.4;4.47;2.64;625
0.31;Premium;F;VS2;62;60;4.3;4.34;2.68;625
0.31;Premium;H;VVS2;61.2;59;4.34;4.38;2.67;625
0.31;Good;F;VS2;63.4;56;4.29;4.32;2.73;625
0.31;Premium;F;VS2;62.4;58;4.31;4.34;2.7;625
0.31;Ideal;F;VS2;61.6;55;4.36;4.37;2.69;625
0.31;Premium;G;VS1;62.1;58;4.31;4.35;2.69;625
0.31;Good;H;VVS2;63.7;55;4.28;4.32;2.74;625
0.31;Very Good;G;VS1;62.2;56;4.32;4.36;2.7;625
0.31;Very Good;F;VS2;62.8;57;4.34;4.36;2.73;625
0.31;Very Good;G;VS1;62.8;58;4.27;4.3;2.69;625
0.31;Premium;H;VVS2;62.4;59;4.31;4.35;2.7;625
0.31;Ideal;H;VVS2;62.5;55;4.34;4.37;2.72;625
0.31;Premium;H;VVS2;60.6;60;4.34;4.38;2.64;625
0.31;Ideal;H;VVS2;61.5;56;4.35;4.37;2.68;625
1.25;Ideal;F;VS2;62.8;57;6.87;6.85;4.31;8764
1.31;Premium;E;SI1;62.4;58;7.03;6.95;4.36;8767
1.02;Premium;G;VVS1;58;61;6.67;6.58;3.84;8768
1.2;Very Good;E;VS2;60.7;59;6.79;6.86;4.14;8769
1.51;Premium;J;VVS2;62.6;59;7.31;7.33;4.58;8770
1.51;Premium;J;VVS2;62.5;59;7.29;7.34;4.57;8770
1.51;Very Good;J;VVS2;62.9;58;7.21;7.33;4.57;8770
1.5;Ideal;F;SI1;60.9;56;7.43;7.36;4.5;8770
1.5;Premium;F;SI1;62.1;60;7.32;7.27;4.53;8770
1.34;Ideal;H;VS2;61.9;55;7.05;7.08;4.37;8771
1;Very Good;F;VVS2;62.3;57;6.34;6.41;3.97;8772
1.12;Ideal;G;VVS2;62;55;6.67;6.69;4.14;8773
1.02;Premium;F;VVS2;60.9;59;6.56;6.44;3.96;8774
1.31;Ideal;H;VS1;62.5;56;7.03;6.95;4.37;8774
1.21;Ideal;G;VS1;62.6;56;6.81;6.77;4.25;8774
1.21;Premium;G;VS1;62.7;58;6.85;6.76;4.27;8774
1.28;Ideal;G;VS2;62.2;57;6.99;6.94;4.33;8774
1.1;Ideal;G;VS1;61.3;56;6.65;6.69;4.09;8775
1.06;Ideal;F;VVS2;61.1;57;6.62;6.57;4.03;8776
1.58;Premium;H;SI2;62.4;57;7.45;7.36;4.62;8777
1.52;Good;I;VS2;63.3;61;7.23;7.27;4.59;8778
1.09;Ideal;G;VVS1;62.1;55;6.58;6.63;4.1;8778
1.01;Ideal;G;IF;62.8;57;6.42;6.39;4.02;8778
1.6;Ideal;H;SI2;61.5;55;7.53;7.55;4.64;8779
1.49;Fair;F;SI1;59.6;63;7.2;7.34;4.33;8779
1.22;Premium;G;VS1;61.3;58;6.91;6.89;4.23;8779
1.5;Good;I;VS2;60.5;60;7.26;7.32;4.41;8780
2.01;Good;I;SI2;63.8;57;8;7.95;5.1;8780
1.34;Ideal;H;VS1;61.6;57;7.14;7.07;4.38;8780
1.58;Very Good;I;SI1;63.1;55;7.42;7.45;4.69;8782
1.22;Ideal;F;VS2;61.5;57;6.87;6.91;4.24;8783
1.04;Very Good;F;VVS2;62.5;58;6.37;6.46;4.01;8785
1.12;Very Good;E;VS1;60.8;58;6.69;6.73;4.08;8788
1.51;Very Good;J;VVS2;60.6;58;7.36;7.4;4.47;8789
1.25;Ideal;H;VVS2;60.8;57;6.95;6.99;4.24;8789
1.5;Very Good;H;SI1;61.5;62;7.24;7.3;4.47;8791
1.22;Very Good;G;IF;62;59;6.8;6.85;4.23;8793
1.51;Ideal;G;SI2;60.8;57;7.44;7.39;4.51;8794
1.64;Very Good;G;SI2;60.9;57;7.57;7.61;4.62;8794
1.52;Very Good;I;SI1;63.7;58;7.23;7.3;4.63;8794
1.51;Premium;G;SI2;62.8;56;7.3;7.22;4.56;8794
1.51;Fair;G;VS2;56;65;7.68;7.57;4.27;8794
1.51;Premium;I;SI1;62.2;60;7.3;7.23;4.52;8794
1.51;Premium;I;SI1;62.6;60;7.34;7.27;4.57;8794
1.51;Fair;G;SI2;65.5;55;7.14;7.08;4.66;8794
1.51;Good;F;VS2;64;59;7.16;7.08;4.56;8794
1.51;Ideal;G;SI2;60.5;55;7.4;7.36;4.46;8794
1.51;Premium;I;SI1;62.7;61;7.33;7.27;4.58;8794
1.04;Ideal;G;VVS1;62.2;55;6.51;6.48;4.04;8794
1.22;Very Good;G;VS1;61.2;58;6.84;6.86;4.19;8795
1.2;Premium;F;VS2;62.1;54;6.77;6.73;4.19;8796
1.1;Ideal;F;VS1;61.5;55;6.69;6.64;4.1;8796
1.1;Ideal;F;VS1;61.5;59;6.63;6.58;4.06;8796
1.2;Premium;F;VS2;60.4;59;6.91;6.89;4.17;8796
1.1;Premium;D;VS2;58.2;57;6.81;6.77;3.95;8796
1.01;Very Good;E;VVS2;63.4;57;6.45;6.33;4.05;8797
1.24;Ideal;G;VS2;62;56;6.87;6.9;4.27;8797
1.24;Ideal;G;VS2;62.3;57;6.95;6.89;4.31;8799
1.53;Premium;G;SI2;61.3;59;7.49;7.43;4.57;8799
1.71;Fair;I;SI2;65.1;60;7.5;7.46;4.87;8800
1.16;Ideal;G;VVS2;62;56;6.75;6.71;4.17;8803
1.17;Ideal;F;VS1;62.2;56;6.77;6.74;4.2;8806
2.74;Fair;J;I1;64.9;61;8.76;8.66;5.65;8807
1.6;Premium;I;SI1;60.3;59;7.56;7.61;4.57;8808
1.54;Very Good;G;SI2;61.5;61;7.35;7.42;4.54;8808
1.43;Premium;F;SI1;61.5;58;7.27;7.22;4.45;8809
1.09;Ideal;E;VS1;61.3;56;6.71;6.66;4.1;8809
1.23;Premium;G;VVS2;59.6;59;6.95;6.98;4.15;8810
1.52;Premium;E;SI2;62;62;7.2;7.13;4.44;8810
1.03;Ideal;E;VVS2;61.9;57;6.46;6.5;4.01;8811
1.41;Premium;H;VS2;61.2;60;7.21;7.17;4.4;8812
1.04;Premium;G;IF;60.7;58;6.65;6.52;4;8813
1.59;Ideal;I;SI2;60.5;55.1;7.55;7.62;4.59;8814
1.48;Very Good;H;SI1;62.5;59;7.16;7.23;4.5;8815
1.73;Premium;F;SI2;63;60;7.63;7.52;4.77;8816
1.31;Premium;G;VS2;60.3;59;7.08;7.12;4.28;8818
1.52;Fair;H;SI1;61.2;60;7.39;7.29;4.49;8818
1.48;Ideal;E;SI2;62.1;57;7.35;7.28;4.54;8818
1.02;Ideal;D;VS1;60.8;55;6.55;6.5;3.97;8818
1.25;Premium;G;VS2;62.6;58;6.87;6.8;4.28;8820
1.5;Very Good;E;SI2;63.1;57;7.32;7.27;4.6;8820
1.5;Good;F;SI2;62.6;64;7.25;7.19;4.52;8820
1.75;Premium;F;SI2;58;59;7.97;7.92;4.61;8820
1.5;Premium;I;VS2;58.4;61;7.48;7.42;4.35;8820
1.5;Premium;I;VS2;62.3;58;7.31;7.26;4.54;8820
1.05;Ideal;D;VS1;60.5;57;6.61;6.58;3.99;8820
1.5;Premium;G;SI2;60.1;59;7.38;7.36;4.43;8820
1.5;Premium;I;VS2;62.9;58;7.17;7.08;4.48;8820
1.5;Good;E;SI1;64.1;56;7.21;7.14;4.6;8820
1.01;Premium;D;VS1;61.6;58;6.44;6.42;3.96;8823
1.21;Ideal;G;VS1;61.4;56;6.84;6.9;4.22;8824
1.52;Premium;H;VS2;61.1;61;7.4;7.36;4.51;8825
1.5;Very Good;E;SI2;62.7;56;7.33;7.38;4.61;8827
1.51;Premium;F;SI1;60.9;59;7.42;7.33;4.49;8828
1.84;Ideal;J;VS1;62.4;56;7.84;7.8;4.89;8828
1.2;Very Good;F;VS2;62.4;58;6.75;6.81;4.23;8829
1.59;Premium;H;SI1;61;58;7.58;7.51;4.6;8829
1.24;Ideal;G;VS1;61.5;56;6.92;6.97;4.27;8830
1.22;Ideal;G;VS1;62.6;54.4;6.77;6.83;4.26;8830
1.55;Ideal;I;VS2;62.6;56;7.35;7.41;4.62;8831
1.71;Good;J;VS2;62.8;58;7.48;7.55;4.72;8831
1.66;Very Good;H;SI1;63.3;59;7.48;7.45;4.72;8831
1.59;Ideal;I;SI1;62.1;57;7.48;7.46;4.64;8835
1.64;Premium;E;SI2;61.9;61;7.54;7.51;4.66;8835
1.51;Very Good;I;VS2;62.3;60;7.29;7.35;4.56;8836
1.51;Premium;E;SI1;63;58;7.4;7.27;4.62;8836
1.75;Ideal;J;SI1;63.3;59;7.63;7.57;4.81;8840
1.77;Premium;J;SI2;62;55;7.84;7.72;4.82;8840
1.7;Premium;I;VS1;61.5;58;7.74;7.64;4.73;8840
1.25;Premium;F;VS2;61.5;60;6.93;6.89;4.25;8840
1.29;Premium;G;VS2;58.7;58;7.27;7.11;4.22;8842
1.11;Ideal;G;VVS2;63.1;57;6.55;6.6;4.15;8843
1.41;Very Good;H;VS2;62.5;58;7.08;7.12;4.44;8846
1.4;Premium;H;VS2;62.9;55;7.15;7.06;4.47;8847
1.02;Ideal;G;VVS2;62.1;54;6.54;6.51;4.05;8847
1.71;Premium;J;SI1;62.9;58;7.64;7.58;4.79;8848
1.54;Ideal;J;VS1;62.2;59;7.34;7.38;4.58;8848
1.01;Very Good;E;VVS2;63.1;57;6.31;6.39;4.01;8849
1.05;Ideal;G;IF;62.5;56;6.48;6.52;4.06;8850
1.05;Premium;G;IF;60.6;60;6.57;6.59;3.99;8850
1.25;Very Good;E;VS2;61.6;57;6.9;6.94;4.26;8851
1.11;Very Good;E;VS1;61.6;57;6.59;6.63;4.07;8852
1.2;Ideal;H;VS1;60.9;57;6.87;6.9;4.19;8852
1.52;Good;I;SI1;64.1;57;7.26;7.21;4.64;8852
1.52;Premium;I;SI1;58.1;62;7.61;7.56;4.41;8852
1.6;Premium;I;SI1;62.1;58;7.51;7.47;4.65;8852
1.52;Premium;I;SI1;60.5;60;7.48;7.4;4.5;8852
1.52;Ideal;G;SI2;61.3;57;7.39;7.36;4.52;8852
1.3;Premium;G;VS2;62.2;58;6.92;6.98;4.32;8854
1.51;Good;H;SI1;62.2;61;7.25;7.32;4.53;8854
1.23;Premium;F;VS2;59.6;58;6.94;7.02;4.16;8855
1.46;Ideal;H;SI1;62.4;55;7.26;7.22;4.52;8855
1.51;Very Good;I;SI1;59.3;59;7.49;7.59;4.47;8856
1.56;Premium;D;SI2;61.1;56;7.54;7.45;4.58;8858
1.56;Premium;I;VVS2;60.5;58;7.53;7.45;4.53;8858
1.11;Ideal;G;VVS2;61.8;57;6.67;6.64;4.11;8858
1.56;Premium;G;SI2;61.7;59;7.51;7.43;4.61;8858
1.56;Ideal;I;SI1;61.4;56;7.47;7.42;4.57;8858
1.03;Ideal;F;VVS2;61.6;56;6.53;6.46;4;8860
1.01;Ideal;F;VS1;61.8;57;6.41;6.46;3.98;8860
1.52;Good;J;VVS2;57.9;62;7.61;7.63;4.41;8861
1.15;Premium;G;VVS1;60.8;58;6.74;6.77;4.11;8863
1.21;Ideal;E;SI1;61.8;56;6.82;6.86;4.23;8863
1.21;Ideal;G;VS1;61.8;55;6.81;6.87;4.23;8864
1.62;Ideal;H;SI2;61.8;54;7.55;7.6;4.68;8865
1.55;Premium;I;SI1;62.5;60;7.33;7.35;4.59;8866
1.52;Good;D;SI2;63.2;58;7.25;7.31;4.6;8868
1.52;Very Good;D;SI2;61.2;63;7.31;7.39;4.5;8868
1.13;Premium;G;VVS1;59.3;59;6.87;6.79;4.05;8868
1.01;Ideal;G;IF;61.5;58;6.44;6.47;3.97;8869
1.01;Ideal;G;IF;60.8;59;6.47;6.5;3.94;8869
1.51;Fair;E;SI1;65.3;62;7.16;7.09;4.65;8869
2;Very Good;J;SI2;62.1;63;7.96;7.85;4.91;8870
1.05;Ideal;F;VVS2;61.9;57;6.5;6.52;4.03;8870
1.6;Premium;J;VS1;61.3;59;7.49;7.52;4.6;8870
1.7;Very Good;J;SI1;61.9;59;7.59;7.64;4.71;8870
1.5;Premium;J;VVS2;61.5;60;7.31;7.27;4.48;8870
1.2;Very Good;F;VS2;63.5;57;6.73;6.65;4.25;8870
1.21;Premium;F;VS2;60.1;55;7.01;6.91;4.18;8870
1.2;Premium;G;VVS2;62.4;56;6.74;6.68;4.19;8870
1.08;Ideal;G;IF;61.3;57;6.59;6.62;4.05;8873
1.55;Very Good;G;SI2;61.9;60;7.31;7.36;4.54;8873
1.39;Premium;G;VS2;62;56;7.18;7.14;4.44;8874
1.28;Premium;G;VS2;61.6;58;7.02;6.98;4.31;8874
1.36;Premium;H;VS2;61.9;58;7.15;7.09;4.41;8877
1.21;Premium;F;VS2;61.5;57;6.81;6.74;4.17;8877
1.51;Ideal;I;VS2;62.9;57;7.27;7.23;4.56;8879
1.51;Premium;E;SI2;58.8;62;7.5;7.41;4.39;8879
1.51;Fair;I;VS2;64.8;60;7.18;7.1;4.63;8879
1.21;Premium;F;VS1;61.3;57;6.9;6.86;4.22;8879
1.21;Premium;F;VS1;62.5;60;6.77;6.7;4.21;8879
1.21;Very Good;E;VS2;61.5;59;6.82;6.88;4.21;8886
1.6;Ideal;J;VS2;61.9;55;7.51;7.54;4.66;8886
1.24;Ideal;E;VS2;62.7;58;6.79;6.86;4.28;8887
1.29;Ideal;H;VS1;61.2;57;7.01;7.05;4.3;8887
1.58;Premium;H;SI2;60.4;58;7.6;7.52;4.57;8887
1.71;Premium;J;VS2;60.3;61;7.74;7.69;4.65;8887
1;Premium;E;VVS2;62.7;60;6.32;6.34;3.97;8888
1;Premium;E;VVS2;61.6;59;6.42;6.46;3.97;8888
1.51;Ideal;J;SI1;62.6;54;7.26;7.35;4.57;8888
1.13;Ideal;G;VVS2;61.5;57;6.67;6.71;4.12;8889
1.78;Premium;J;SI2;62.6;58;7.78;7.72;4.85;8889
1.5;Ideal;H;VS1;62.1;57;7.37;7.23;4.53;8891
1.54;Very Good;F;SI2;61.1;58;7.36;7.47;4.53;8893
1.5;Very Good;I;VS2;62.5;59;7.26;7.3;4.55;8893
1.06;Ideal;D;VS1;61.7;55;6.53;6.57;4.04;8893
1.28;Very Good;G;VS1;59.2;57;7.05;7.13;4.2;8895
1.07;Ideal;G;VVS1;60.9;56;6.6;6.67;4.04;8895
1.74;Ideal;I;SI2;61.6;57;7.67;7.74;4.75;8896
1.71;Very Good;I;SI2;62.7;58;7.59;7.54;4.74;8896
1.5;Very Good;J;VS1;63.3;57;7.24;7.2;4.57;8896
1.52;Premium;D;SI2;60.2;60;7.46;7.4;4.47;8897
1.63;Premium;I;VS1;60.9;58;7.63;7.58;4.63;8900
1.72;Ideal;J;SI1;62;57;7.66;7.62;4.74;8900
1.25;Good;G;VS1;63.4;55;6.87;6.92;4.37;8901
1.66;Very Good;I;SI1;63;57;7.45;7.5;4.71;8901
1.21;Good;E;VS1;61.7;58;6.73;6.78;4.17;8902
1.15;Ideal;F;VVS2;62.1;55;6.74;6.69;4.17;8903
1.51;Good;H;VS2;63.6;61;7.08;7.03;4.49;8904
1.6;Ideal;J;VS1;62.1;57;7.46;7.54;4.66;8904
1.01;Premium;F;VVS2;59.9;58;6.54;6.49;3.9;8905
1.24;Very Good;F;VS2;60.9;60;6.96;6.93;4.23;8907
1.5;Ideal;I;SI1;61.8;57;7.3;7.34;4.53;8907
1.5;Good;E;SI2;63;59;7.18;7.24;4.54;8910
1.5;Good;E;SI2;63.9;58;7.21;7.26;4.62;8910
1.5;Good;I;VS1;63.3;58;7.19;7.24;4.57;8910
1;Very Good;E;VVS2;63.5;55;6.36;6.31;4.02;8910
1.7;Ideal;D;SI2;60.7;56;7.78;7.71;4.7;8911
1.2;Premium;G;VS1;62;58;6.76;6.73;4.18;8911
1.53;Premium;I;SI1;62.9;59;7.36;7.32;4.62;8911
1.53;Premium;I;SI1;60.8;59;7.54;7.49;4.57;8911
1.53;Premium;I;SI1;61.5;59;7.39;7.32;4.52;8911
1.14;Very Good;F;VVS2;63.3;56;6.56;6.71;4.2;8912
1.01;Very Good;E;VVS2;63.3;58;6.39;6.31;4.02;8912
1.27;Ideal;G;VS2;62;58;6.89;6.95;4.29;8915
1.3;Ideal;H;VS1;61.3;59;6.97;7.03;4.29;8915
1.52;Good;H;SI1;64.1;59;7.11;7.18;4.58;8915
1.51;Very Good;E;SI2;60.6;58;7.41;7.43;4.5;8916
1.54;Premium;I;VS2;61.7;59;7.4;7.34;4.55;8917
1.51;Very Good;I;VS1;61.1;63;7.38;7.32;4.49;8918
1.23;Premium;G;VS1;61.3;58;6.89;6.87;4.22;8919
1.23;Ideal;H;VVS1;61.4;56;6.89;6.91;4.24;8920
1.5;Good;I;VS2;61.3;61;7.31;7.38;4.5;8920
1.04;Ideal;G;IF;62.1;54;6.53;6.55;4.06;8921
1.01;Very Good;F;VVS2;62.3;56;6.38;6.42;3.99;8922
1.01;Very Good;F;VVS2;61.8;58;6.44;6.48;3.99;8922
1.31;Ideal;G;VS2;61.9;56;7.05;7.08;4.37;8922
1.54;Ideal;G;SI2;62.3;60;7.29;7.34;4.56;8923
1;Premium;F;VVS2;60.6;54;6.56;6.52;3.96;8924
1;Premium;F;VVS2;60.6;54;6.56;6.52;3.96;8924
1.59;Ideal;J;VS1;62.1;55;7.47;7.51;4.65;8925
1.39;Premium;F;SI1;62.4;59;7.14;7.09;4.44;8925
1.36;Ideal;G;SI1;61;56;7.17;7.2;4.38;8927
1.27;Very Good;F;VS2;60.7;61;6.97;7.01;4.24;8928
1.28;Ideal;H;VVS1;61.3;55;7.01;7.06;4.31;8928
1.2;Very Good;G;VVS1;63.3;59;6.72;6.64;4.23;8928
1.24;Very Good;F;VS2;59.6;59;7;7.07;4.19;8929
1.51;Premium;J;VVS2;62.5;59;7.34;7.29;4.57;8930
1.51;Premium;J;VVS2;62.9;58;7.33;7.21;4.57;8930
1.51;Premium;J;VVS2;62.6;59;7.33;7.31;4.58;8930
1.34;Ideal;D;SI1;62.2;57;7.07;6.95;4.36;8930
1.5;Very Good;H;SI1;62.9;57;7.24;7.28;4.57;8931
1.05;Ideal;G;VVS1;61.2;57;6.54;6.57;4.01;8931
1.1;Ideal;G;VVS2;62;56;6.68;6.64;4.13;8932
1.5;Very Good;H;VS2;61.5;57;7.32;7.37;4.52;8936
1.58;Premium;H;VS2;60.5;58;7.57;7.54;4.57;8936
1.2;Premium;G;VS1;63;61;6.62;6.59;4.16;8938
1.52;Fair;F;SI2;56.3;64;7.68;7.62;4.31;8938
1.52;Very Good;I;VS2;63.3;61;7.27;7.23;4.59;8938
1.02;Very Good;F;VVS2;62.9;59;6.37;6.42;4.02;8940
1.27;Very Good;G;VVS2;62.5;57;6.86;6.91;4.3;8941
1.25;Very Good;G;VS2;62.2;57;6.84;6.88;4.27;8941
1.26;Ideal;H;VVS2;61.8;56;6.9;6.93;4.28;8941
1.01;Good;D;VVS2;63.5;57;6.32;6.35;4.02;8943
1.01;Good;D;VVS2;63.7;57;6.29;6.36;4.03;8943
1.53;Ideal;J;VS1;62.4;54;7.34;7.38;4.59;8943
1.04;Premium;F;VVS2;62.5;58;6.46;6.37;4.01;8946
1.05;Ideal;G;VVS1;60.7;55;6.6;6.65;4.02;8946
1.17;Ideal;G;VVS2;61.7;55;6.74;6.77;4.17;8947
2.01;Very Good;J;SI2;59.3;63;8.28;8.22;4.89;8949
1;Very Good;F;VVS2;63;59;6.33;6.36;4;8950
1.21;Ideal;H;VVS2;61.3;56;6.85;6.89;4.21;8950
1.22;Premium;D;VS2;59.6;60;6.97;6.95;4.15;8950
1.39;Very Good;H;VS2;59.5;61;7.27;7.33;4.34;8951
1.51;Ideal;H;SI2;61.9;56;7.31;7.36;4.54;8951
1.51;Good;I;VS2;62.2;59;7.19;7.3;4.51;8951
1.51;Very Good;I;VS2;63;60;7.25;7.3;4.58;8952
1.33;Very Good;G;VS2;61.7;59;7.04;7.09;4.36;8953
1.14;Ideal;F;VS1;61.1;55;6.74;6.78;4.13;8953
1.06;Ideal;F;VVS2;62.1;57;6.5;6.54;4.05;8954
1.56;Premium;H;SI2;58.8;59;7.64;7.6;4.48;8954
1.64;Fair;E;SI2;63.1;60;7.58;7.5;4.75;8954
1.3;Ideal;H;VVS2;61.5;55;7.07;7.03;4.34;8954
1.03;Ideal;G;VVS1;59.9;61;6.56;6.63;3.95;8955
1.02;Ideal;G;IF;62.3;57;6.43;6.5;4.03;8955
1.01;Good;F;VVS2;61.1;65;6.38;6.42;3.91;8956
1.01;Ideal;G;IF;62.2;61;6.34;6.4;3.96;8957
1;Ideal;F;VVS2;61.7;53;6.46;6.48;3.99;8958
1.23;Premium;F;VS2;60.8;59;6.9;6.94;4.21;8959
1.1;Ideal;D;VS2;62;56;6.58;6.61;4.09;8959
1.55;Ideal;J;VS1;59.5;60;7.53;7.56;4.49;8959
1.26;Ideal;H;VS1;61;57;6.97;7.03;4.27;8959
1;Good;E;VVS2;57.8;61;6.55;6.46;3.76;8960
1.12;Very Good;G;IF;60.9;57;6.68;6.79;4.1;8962
1.2;Premium;F;VS2;62.8;59;6.78;6.69;4.23;8964
1.54;Premium;G;SI2;61.5;61;7.42;7.35;4.54;8969
1.21;Very Good;D;VS2;62.6;59;6.72;6.79;4.23;8969
1.54;Premium;I;SI1;60.8;61;7.48;7.41;4.53;8969
1.54;Premium;G;SI2;62.4;57;7.39;7.36;4.6;8969
1.43;Ideal;G;SI1;62.6;57;7.18;7.14;4.48;8969
1.23;Ideal;G;VS1;61.4;56;6.91;6.96;4.26;8970
1.09;Ideal;G;VVS2;61.5;57;6.62;6.65;4.08;8970
1.23;Premium;G;VVS2;59.6;59;6.98;6.95;4.15;8971
1.01;Ideal;F;VVS2;61.6;56;6.43;6.49;3.98;8971
1.53;Ideal;I;SI1;61.9;54;7.43;7.5;1.53;8971
1.03;Ideal;E;VVS2;61.9;57;6.5;6.46;4.01;8972
1.51;Very Good;G;SI2;61.7;54;7.37;7.41;4.56;8973
1.12;Good;G;IF;59.6;56;6.8;6.85;4.07;8973
1.5;Very Good;I;VS2;60.1;60;7.38;7.35;4.43;8974
1.22;Very Good;G;VVS2;61.9;58;6.84;6.85;4.24;8975
0.31;Very Good;G;VS1;62.9;57;4.3;4.32;2.71;625
0.31;Very Good;H;VVS2;61.9;58;4.3;4.33;2.67;625
0.31;Ideal;G;VS1;61;55;4.39;4.43;2.69;625
0.31;Premium;F;VS2;61.6;58;4.35;4.38;2.69;625
0.31;Ideal;H;VVS2;62.3;55;4.36;4.37;2.72;625
0.31;Ideal;F;VS2;60.8;57;4.36;4.39;2.66;625
0.31;Premium;H;VVS2;61.4;59;4.35;4.38;2.68;625
0.31;Ideal;F;VS2;62.1;57;4.34;4.36;2.7;625
0.31;Premium;H;VVS2;62.6;60;4.29;4.33;2.7;625
0.31;Premium;F;VS2;61.3;59;4.31;4.34;2.65;625
0.31;Premium;G;VS1;61.8;59;4.32;4.35;2.68;625
0.31;Very Good;G;VS1;60.8;61;4.33;4.35;2.64;625
0.31;Ideal;G;VS1;62.5;57;4.34;4.37;2.72;625
0.31;Ideal;G;VS1;61.4;56;4.36;4.37;2.68;625
0.31;Ideal;F;VS2;61.9;54;4.35;4.38;2.7;625
0.31;Very Good;H;VVS2;61.9;58;4.33;4.36;2.69;625
0.31;Ideal;H;VVS2;62.4;56;4.34;4.38;2.72;625
0.31;Good;G;VS1;63.7;56;4.27;4.3;2.73;625
0.31;Premium;G;VS1;62.4;58;4.31;4.34;2.7;625
0.31;Very Good;H;VVS2;62.6;58;4.28;4.31;2.69;625
0.31;Premium;F;VS2;62;58;4.31;4.37;2.69;625
0.31;Premium;F;VS2;62.7;59;4.3;4.34;2.71;625
0.31;Ideal;F;VS2;62.4;56;4.31;4.34;2.7;625
0.31;Very Good;F;VS2;62.8;56;4.28;4.32;2.7;625
0.31;Very Good;F;VS2;61.4;55;4.32;4.34;2.66;625
0.31;Ideal;F;VS2;61.9;55;4.37;4.39;2.71;625
0.31;Premium;F;VS2;62.3;59;4.29;4.34;2.69;625
0.31;Ideal;F;VS2;61.3;57;4.3;4.34;2.65;625
0.31;Premium;F;VS2;61.7;58;4.34;4.38;2.69;625
0.31;Good;G;VS1;63.2;56;4.29;4.32;2.72;625
1.51;Good;I;VS1;65.9;56;7.02;7.09;4.65;8975
1.51;Good;I;VS1;64;60;7.1;7.19;4.57;8975
1.59;Ideal;I;SI2;60.5;55;7.62;7.55;4.59;8975
1.59;Ideal;D;SI2;61.6;55;7.48;7.45;4.6;8975
1.01;Good;E;VVS2;63.3;55;6.36;6.41;4.04;8976
1.1;Ideal;F;VS2;60.7;57;6.66;6.7;4.05;8977
1.36;Ideal;G;SI1;60.9;56;7.15;7.16;4.36;8977
1.4;Ideal;H;VS2;63;56;7.13;7.07;4.47;8977
1.61;Premium;I;SI1;62;58;7.46;7.51;4.64;8978
0.9;Ideal;D;VVS1;62;56;6.16;6.19;3.83;8979
1.31;Premium;G;VS2;60.3;59;7.12;7.08;4.28;8979
1.55;Ideal;G;SI2;60.5;60;7.46;7.49;4.52;8981
1.51;Ideal;J;SI1;62;55;7.42;7.31;4.57;8981
1.53;Ideal;I;SI1;62.4;57;7.33;7.37;4.59;8981
1.05;Ideal;E;VVS2;62.4;56;6.49;6.52;4.06;8982
1.2;Very Good;F;VS1;62.6;59;6.64;6.71;4.18;8983
1.24;Ideal;F;VS2;61.7;53;6.93;6.9;4.27;8983
1.21;Ideal;G;VS1;61.4;56;6.9;6.84;4.22;8985
1.5;Premium;E;SI2;62.7;56;7.38;7.33;4.61;8988
1.36;Ideal;H;SI1;61.5;56;7.12;7.16;4.39;8989
1.02;Very Good;F;VVS1;62.4;58;6.38;6.41;3.99;8990
1.2;Good;F;VS2;62.3;57;6.74;6.78;4.21;8990
1.12;Ideal;E;VS1;61.3;56;6.7;6.72;4.11;8991
1.59;Very Good;E;SI2;61.1;57;7.48;7.54;4.59;8994
1.19;Good;G;VVS2;61.1;61;6.86;6.83;4.18;8995
1.53;Premium;E;SI2;58.9;59;7.63;7.55;4.47;8996
1.53;Fair;I;VS2;57.7;69;7.6;7.51;4.36;8996
1.51;Premium;I;VS2;62.3;60;7.35;7.29;4.56;8997
1.03;Very Good;F;VVS2;61.5;55;6.48;6.57;4.01;8998
1.07;Ideal;E;VS1;60;58;6.66;6.7;4.01;8998
1.08;Premium;D;VS1;61;59;6.66;6.61;4.05;8999
1.05;Ideal;G;VVS2;60.4;54;6.6;6.65;4;9000
1.53;Very Good;D;SI2;62.9;56;7.25;7.31;4.58;9001
1.01;Very Good;E;VVS2;61.5;58;6.4;6.44;3.95;9002
1.22;Ideal;G;VS1;60.7;57;6.93;6.94;4.21;9002
1.21;Premium;G;VVS1;60.1;61;6.92;6.85;4.14;9003
1.61;Good;H;SI2;63.8;62;7.35;7.38;4.7;9005
1.04;Ideal;F;VVS2;61.2;57;6.5;6.53;3.99;9005
1.2;Very Good;F;VS2;61.8;58;6.75;6.78;4.18;9007
1.12;Ideal;F;VS1;61.8;56;6.67;6.69;4.13;9007
1.25;Premium;G;VS1;61.8;58;6.91;6.94;4.28;9009
1.5;Very Good;D;SI2;58.7;57;7.42;7.48;4.37;9009
1.2;Ideal;G;VVS1;62.2;57;6.77;6.81;4.22;9009
1.01;Good;F;VVS1;63.2;56;6.33;6.39;4.02;9012
1.05;Ideal;G;IF;62.5;56;6.52;6.48;4.06;9012
1.05;Premium;G;IF;60.6;60;6.59;6.57;3.99;9012
1.05;Very Good;G;IF;58.9;61;6.64;6.67;3.92;9013
1.14;Ideal;G;VVS2;61;56;6.74;6.76;4.12;9013
1.01;Premium;F;VVS2;62.1;52;6.5;6.45;4.02;9013
1;Ideal;F;VVS2;59.7;60;6.48;6.52;3.88;9014
1.52;Premium;J;VS1;62.5;58;7.37;7.34;4.6;9014
1.23;Premium;F;VS2;59.6;58;7.02;6.94;4.16;9016
1.6;Premium;H;SI1;62.1;60;7.54;7.49;4.66;9017
1.53;Premium;I;SI1;62.6;57;7.38;7.29;4.59;9022
1.16;Very Good;G;VVS1;60.7;56;6.77;6.83;4.13;9023
1.15;Premium;G;VVS1;60.8;58;6.77;6.74;4.11;9025
1.21;Ideal;G;VS1;62.2;56;6.87;6.85;4.26;9026
1.55;Premium;I;SI1;62.5;60;7.35;7.33;4.59;9027
1.52;Premium;E;SI2;60.8;60;7.36;7.42;4.49;9028
1.5;Good;F;SI2;61.2;63;7.33;7.41;4.51;9028
1.52;Good;F;SI2;58.2;60;7.52;7.63;4.41;9028
1.12;Ideal;F;VS1;62.1;54;6.66;6.73;4.16;9030
1.52;Very Good;D;SI2;63.2;58;7.31;7.25;4.6;9030
1.52;Very Good;D;SI2;61.2;63;7.39;7.31;4.5;9030
1.23;Ideal;G;VS1;62;56;6.92;6.86;4.27;9030
1.25;Ideal;G;VS2;62.4;55;6.93;6.86;4.3;9030
1.26;Ideal;G;VS1;61.2;57;7.03;6.95;4.28;9032
1.28;Premium;G;VS2;62.2;59;6.94;6.89;4.3;9032
1.6;Premium;J;VS1;61.3;59;7.52;7.49;4.6;9032
1.05;Ideal;F;VVS2;61.9;57;6.52;6.5;4.03;9032
1.2;Ideal;F;VS1;62.9;53;6.86;6.81;4.3;9032
1.5;Very Good;I;VS1;62.8;58;7.17;7.23;4.52;9033
1.62;Very Good;D;SI2;61.2;61;7.53;7.6;4.63;9034
1.5;Very Good;H;SI1;61.4;57;7.27;7.33;4.48;9035
1.08;Ideal;G;IF;61.3;57;6.62;6.59;4.05;9035
2.16;Ideal;F;I1;61;57;8.4;8.32;5.1;9036
1.58;Very Good;G;SI2;60;53;7.59;7.64;4.57;9037
1.14;Ideal;G;VVS1;61;56;6.75;6.8;4.13;9037
1.23;Premium;E;VS2;61.7;57;6.87;6.84;4.23;9037
1.91;Premium;G;SI2;61.9;58;7.9;7.84;4.87;9038
1.2;Ideal;G;VS1;61.7;55;6.92;6.88;4.26;9038
1.04;Premium;G;IF;61.3;58;6.52;6.43;3.97;9039
1.01;Ideal;F;VVS2;59.6;60;6.56;6.52;3.9;9040
1.08;Ideal;H;VVS1;61.8;57;6.55;6.59;4.06;9041
1.55;Premium;H;VS1;58.4;61;7.64;7.59;4.45;9041
1.02;Very Good;F;VVS2;61;54;6.53;6.58;4;9043
1.55;Ideal;H;SI2;62;58;7.44;7.39;4.6;9044
1.55;Fair;H;SI2;64.6;58;7.28;7.21;4.68;9045
1.37;Very Good;H;VS1;62;59;7.08;7.12;4.4;9046
1.13;Ideal;G;VVS1;61.2;57;6.65;6.72;4.09;9049
1.1;Very Good;G;VVS2;60.5;55.7;6.7;6.76;4.07;9050
1;Premium;E;VVS2;61.6;59;6.46;6.42;3.97;9050
1;Premium;E;VVS2;62.7;60;6.34;6.32;3.97;9050
1.3;Premium;G;VS2;60.9;60;6.99;7.04;4.27;9051
1.1;Ideal;G;VVS2;61.6;56;6.62;6.69;4.1;9051
1.76;Very Good;J;SI2;60.9;60;7.79;7.83;4.76;9053
1.1;Very Good;G;IF;59.8;56;6.75;6.82;4.06;9053
1.5;Premium;I;VS2;62.5;59;7.3;7.26;4.55;9055
1.54;Premium;F;SI2;61.1;58;7.47;7.36;4.53;9055
1.11;Ideal;F;VS2;61.8;56;6.66;6.7;4.13;9057
1.52;Ideal;F;SI2;61.2;57;7.45;7.39;4.54;9057
1.52;Premium;I;VS2;59;59;7.53;7.46;4.42;9057
1.51;Very Good;E;SI2;62.8;59;7.24;7.31;4.57;9058
1.3;Ideal;G;VS2;61.9;55;7.01;7.04;4.35;9060
1.01;Very Good;G;IF;61.1;56;6.45;6.48;3.95;9063
1.01;Very Good;F;VVS2;61.1;58;6.43;6.47;3.94;9065
1.01;Premium;F;VVS2;60.4;59;6.45;6.49;3.91;9065
1.52;Ideal;I;SI1;61.2;55.4;7.38;7.45;4.54;9067
2.28;Good;J;SI2;63.6;57;8.37;8.32;5.31;9068
1.15;Very Good;G;VVS2;63.2;58;6.68;6.61;4.2;9068
1.51;Good;I;SI1;63.9;59;7.18;7.26;4.61;9069
1.51;Ideal;I;VS2;62.6;56;7.27;7.32;4.57;9069
1.51;Very Good;G;SI2;62.4;56;7.25;7.29;4.54;9069
1.51;Good;D;SI2;62.1;60;7.25;7.3;4.52;9069
1.14;Ideal;F;VVS2;61.4;57;6.76;6.72;4.14;9070
1.78;Good;G;SI2;63.8;57;7.73;7.62;4.9;9071
1.26;Very Good;F;VS2;61.4;59;6.86;6.96;4.24;9071
1.5;Premium;G;SI2;61.8;59;7.29;7.21;4.48;9072
1.5;Good;E;SI2;63.9;58;7.26;7.21;4.62;9072
1.5;Premium;E;SI2;63;59;7.24;7.18;4.54;9072
1.5;Premium;E;SI2;62.4;62;7.29;7.21;4.53;9072
2.25;Ideal;E;I1;61.4;54;8.52;8.46;5.21;9072
1.24;Ideal;F;VS2;61.4;57;6.98;6.86;4.25;9073
1.14;Ideal;F;VS1;61.7;55;6.68;6.71;4.13;9074
1.16;Ideal;G;VVS1;60.5;57;6.78;6.83;4.12;9075
1.01;Very Good;E;VVS2;60.2;60;6.46;6.5;3.9;9076
1.57;Very Good;H;SI2;58.6;62;7.71;7.64;4.5;9077
1.01;Ideal;F;VS1;62.2;56;6.4;6.46;4;9077
1.07;Ideal;D;VS1;61.8;57;6.55;6.58;4.06;9077
1.26;Ideal;G;VS1;61.6;56;6.96;7.03;4.31;9078
2.17;Premium;F;I1;60.7;59;8.43;8.35;5.09;9078
1.54;Premium;H;VS2;60.3;60;7.47;7.45;4.5;9081
1.56;Ideal;H;SI2;62.4;55;7.39;7.48;4.64;9081
1.59;Premium;E;SI2;60.5;59;7.59;7.55;4.58;9082
1.06;Premium;F;VVS2;61.8;58;6.54;6.5;4.03;9082
1.31;Premium;G;VS2;61.3;58;7.05;7.01;4.31;9085
1.31;Ideal;G;VS2;61.9;56;7.08;7.05;4.37;9085
1.27;Premium;E;VS2;61.2;59;7.02;6.97;4.28;9086
1.41;Good;H;VS2;63.8;60;7.04;7.12;4.52;9088
1.01;Very Good;E;VVS2;62.8;56;6.34;6.39;4;9089
1.63;Very Good;I;SI1;62;54;7.6;7.67;4.73;9090
1.14;Ideal;G;VS1;61.7;56;6.67;6.71;4.13;9090
1.14;Ideal;G;VS1;61.8;57;6.67;6.7;4.12;9090
1.05;Ideal;F;VVS2;62.1;54;6.52;6.55;4.06;9092
1.06;Ideal;E;VS2;61.3;57;6.54;6.57;4.02;9092
1.59;Very Good;G;SI2;61.7;59;7.41;7.46;4.59;9094
1.18;Ideal;G;VVS1;61.1;57;6.78;6.84;4.16;9095
2.02;Fair;J;SI2;67.5;59;7.76;7.65;5.2;9095
1.57;Ideal;I;SI1;62;59;7.41;7.45;4.61;9095
1.59;Good;F;SI2;63.6;57;7.43;7.39;4.71;9100
1.02;Premium;F;VVS2;62.9;59;6.42;6.37;4.02;9103
1.5;Ideal;H;SI2;62.4;57;7.29;7.33;4.56;9104
1.51;Ideal;G;SI2;61.2;56.1;7.39;7.41;4.53;9104
1.73;Premium;J;SI1;60.7;58;7.73;7.78;4.71;9105
1.29;Very Good;G;VS1;62.3;58;6.98;7.01;4.36;9105
1.62;Premium;F;SI2;61.6;60;7.52;7.55;4.64;9106
1.21;Premium;F;VS1;61.6;59;6.84;6.77;4.19;9107
1.51;Very Good;H;SI2;62.3;58;7.31;7.35;4.57;9107
1.52;Premium;I;VS2;62.6;59;7.34;7.19;4.55;9108
1.17;Ideal;G;VVS2;61.7;55;6.77;6.74;4.17;9110
1.24;Ideal;E;VS2;62.9;56;6.84;6.79;4.29;9111
1.04;Ideal;F;VVS2;62.2;56;6.46;6.53;4.04;9115
1.71;Premium;I;VS2;61.5;58;7.74;7.54;4.7;9116
1.5;Good;G;SI2;63.1;57;7.25;7.29;4.59;9116
1.25;Very Good;G;VS1;60.7;56;6.93;7.01;4.23;9116
1.51;Fair;I;VS2;58.8;62;7.57;7.51;4.43;9116
1.23;Ideal;G;VS1;61.8;58;6.85;6.9;4.25;9116
1.51;Premium;I;VS2;63;60;7.3;7.25;4.58;9116
1.51;Good;I;VS2;63.7;58;7.23;7.21;4.6;9116
1.53;Ideal;I;VS2;62.1;55;7.43;7.35;4.59;9116
1.14;Ideal;F;VS1;61.1;55;6.78;6.74;4.13;9116
1.55;Ideal;I;SI1;62.3;54.8;7.37;7.39;4.61;9117
1.5;Very Good;I;VS2;58.2;60;7.5;7.58;4.39;9118
1.06;Ideal;F;VVS2;62.1;57;6.54;6.5;4.05;9118
1.23;Ideal;G;VS1;61.2;56;6.92;6.98;4.25;9119
1.3;Premium;G;VS2;62.5;58;6.97;6.93;4.36;9120
1.56;Premium;F;SI1;60.5;59;7.54;7.49;4.55;9120
1.79;Good;G;SI2;57.8;59;8.07;7.94;4.63;9122
1.23;Premium;F;VS2;60.8;59;6.94;6.9;4.21;9122
1.66;Very Good;G;SI2;58.5;62;7.73;7.79;4.54;9123
1.24;Ideal;G;VS1;60.1;58;7.03;6.97;4.21;9123
1.52;Ideal;I;SI1;61.9;56;7.37;7.42;4.58;9124
1.12;Premium;G;IF;60.9;57;6.79;6.68;4.1;9126
1.34;Very Good;G;VS2;60.7;59;7.04;7.07;4.28;9127
1.52;Very Good;I;SI1;62.8;62;7.23;7.29;4.56;9129
1.52;Good;I;SI1;64;58;7.2;7.27;4.63;9129
1.03;Ideal;F;VVS2;61.9;53;6.52;6.54;4.04;9131
1.03;Ideal;F;VVS2;62.1;55;6.47;6.5;4.03;9131
1.49;Ideal;H;SI1;62.4;56;7.28;7.24;4.53;9132
1.23;Ideal;G;VS1;61.4;56;6.96;6.91;4.26;9133
1.18;Premium;G;VVS2;61.6;58;6.77;6.8;4.18;9137
1.2;Very Good;D;VS2;63.5;58;6.68;6.71;4.25;9138
1.05;Ideal;F;VVS2;61.5;57;6.51;6.57;4.02;9138
1.12;Ideal;F;VS2;61.8;55;6.63;6.67;4.11;9138
1.2;Premium;E;VS2;62.7;59;6.7;6.67;4.19;9139
1.2;Premium;E;VS2;63;58;6.75;6.71;4.24;9139
1;Very Good;E;VVS2;59.5;59;6.54;6.58;3.9;9139
1;Very Good;E;VVS2;61.6;60;6.41;6.45;3.96;9139
1.2;Very Good;G;VVS1;60.9;59;6.87;6.79;4.16;9139
1.7;Ideal;E;SI2;61.6;57;7.63;7.57;4.68;9139
1;Premium;F;VVS2;61.5;59;6.4;6.38;3.93;9139
1.7;Ideal;H;SI1;61.2;57;7.71;7.68;4.71;9139
1.51;Very Good;E;SI2;61.2;58;7.3;7.35;4.48;9140
1.01;Very Good;E;VVS2;63.3;55;6.41;6.36;4.04;9140
1.61;Ideal;J;VS2;61.6;56;7.52;7.54;4.64;9141
1.64;Very Good;I;SI1;62.3;58;7.53;7.63;4.72;9144
1.11;Ideal;F;VS2;62.2;54;6.62;6.69;4.14;9144
1.05;Ideal;E;VVS2;62.4;56;6.52;6.49;4.06;9146
1.16;Premium;G;VVS2;60;59;6.89;6.82;4.11;9146
1.1;Ideal;G;VVS2;61.7;56;6.67;6.63;4.1;9148
1.51;Very Good;F;SI1;62;57;7.3;7.38;4.55;9150
1.53;Premium;J;VVS1;61.6;58;7.37;7.4;4.55;9155
1.5;Premium;E;SI2;60.8;59;7.34;7.36;4.47;9157
1.5;Very Good;H;SI1;62.6;57;7.26;7.3;4.56;9157
1.26;Very Good;G;VVS2;62.1;58;6.92;6.83;4.27;9158
1.7;Good;H;SI1;64.1;58;7.54;7.51;4.83;9158
1.05;Ideal;E;VS1;62.1;56;6.57;6.48;4.05;9160
1.73;Premium;J;SI1;61;59;7.75;7.68;4.71;9165
1.22;Ideal;G;VS1;60.7;57;6.94;6.93;4.21;9166
1.61;Premium;H;SI2;60.3;60;7.66;7.57;4.59;9167
1.08;Very Good;D;VS1;60.2;58;6.61;6.67;4;9168
1.2;Very Good;G;VVS2;60.7;60;6.8;6.84;4.14;9169
1.07;Ideal;G;VVS2;61.9;56;6.6;6.62;4.09;9169
1.04;Ideal;F;VVS2;61.2;57;6.53;6.5;3.99;9169
1.61;Good;H;SI2;63.8;62;7.38;7.35;4.7;9169
1.71;Very Good;J;VS2;62.6;55;7.58;7.65;4.77;9170
1.54;Ideal;J;VVS2;62.8;58;7.32;7.37;4.61;9171
1.25;Premium;G;VS1;61.8;58;6.94;6.91;4.28;9173
1.5;Premium;D;SI2;58.7;57;7.48;7.42;4.37;9173
1.5;Good;D;SI2;60.2;65;7.37;7.34;4.43;9173
1.5;Very Good;H;VS1;63.3;59;7.15;7.1;4.51;9173
1.2;Ideal;F;VS2;62.7;57;6.71;6.76;4.22;9176
1.58;Ideal;I;SI1;62.6;56;7.45;7.51;4.68;9176
1.21;Good;E;VS2;62.7;61;6.67;6.72;4.2;9176
1.01;Very Good;F;VVS1;63.2;56;6.39;6.33;4.02;9176
1.52;Ideal;I;VS2;62.1;55;7.41;7.33;4.58;9176
1.51;Premium;I;SI1;61.7;60;7.27;7.31;4.5;9177
1.07;Ideal;E;VS2;61.9;56;6.55;6.58;4.06;9177
1.51;Very Good;I;VS2;60.4;58;7.36;7.42;4.46;9178
1.36;Very Good;H;VS1;59.9;58;7.16;7.2;4.3;9178
0.9;Very Good;D;IF;62.4;54;6.17;6.21;3.86;9182
1.53;Very Good;I;SI1;63;58;7.24;7.32;4.59;9183
1.51;Very Good;I;VS2;61.6;57;7.28;7.34;4.5;9185
1.18;Premium;G;VVS2;58.2;62;6.92;6.89;4.02;9188
1.24;Ideal;G;VS2;62;57;6.87;6.84;4.25;9188
1.53;Ideal;I;VS2;62.3;57;7.3;7.35;4.56;9189
1.53;Ideal;I;VS2;61.7;57;7.36;7.41;4.56;9189
2;Good;J;SI1;64.1;58;7.85;7.79;5.01;9193
1.23;Very Good;E;VS2;58.9;59;6.98;7.05;4.13;9193
1.52;Premium;E;SI2;60.8;60;7.42;7.36;4.49;9193
1.54;Ideal;G;SI2;61.9;55;7.47;7.39;4.6;9193
1.14;Ideal;D;VS1;59.8;57;6.83;6.74;4.06;9193
1.71;Premium;H;SI1;58.1;59;7.88;7.81;4.56;9193
1.63;Very Good;I;SI1;61.9;60;7.51;7.55;4.66;9199
1.62;Premium;D;SI2;61.2;61;7.6;7.53;4.63;9199
1;Very Good;F;VVS1;62.5;57;6.31;6.36;3.96;9201
1.2;Very Good;F;VS1;61.6;61;6.81;6.86;4.21;9203
1.22;Ideal;F;VS2;61.3;56;6.87;6.92;4.23;9203
1.16;Very Good;G;VVS2;61.6;58;6.67;6.73;4.13;9205
1.02;Very Good;F;VVS2;60.9;56;6.44;6.5;3.94;9205
1.79;Premium;J;SI1;60.9;60;7.79;7.83;4.76;9205
1.03;Premium;E;VVS2;59.7;56;6.64;6.56;3.94;9205
1.73;Premium;I;SI2;62;60;7.67;7.63;4.74;9207
1.74;Ideal;J;SI1;62.1;54;7.73;7.69;4.79;9208
1.59;Ideal;I;SI1;62.4;58;7.43;7.48;4.65;9209
1.02;Ideal;F;VVS2;61.9;57;6.53;6.42;4.01;9212
1.12;Ideal;G;VVS2;61.9;57;6.62;6.66;4.11;9214
1.13;Ideal;G;VVS1;61.2;57;6.72;6.65;4.09;9214
1.54;Premium;J;VVS1;62.4;59;7.36;7.38;4.6;9215
1.21;Ideal;E;VS2;62.4;54;6.86;6.8;4.26;9215
1.1;Ideal;G;VVS2;60.5;56;6.76;6.7;4.07;9215
1.3;Premium;G;VS2;60.9;60;7.04;6.99;4.27;9216
1.45;Premium;H;VS2;58.4;59;7.44;7.42;4.34;9216
1.51;Good;H;SI1;61.8;61;7.25;7.32;4.5;9218
1.51;Very Good;H;SI1;59.9;55;7.44;7.52;4.48;9218
1.51;Very Good;H;SI1;61.7;61;7.3;7.35;4.52;9218
1.51;Ideal;H;SI1;62.3;56;7.29;7.34;4.56;9218
1.04;Ideal;F;VVS2;61.7;55;6.51;6.53;4.02;9218
1;Very Good;E;VVS2;63;58;6.33;6.36;4;9224
1.64;Premium;H;SI2;61.9;58;7.58;7.54;4.68;9224
1.7;Premium;J;VS2;62.9;62;7.47;7.38;4.67;9225
1.17;Ideal;G;VVS2;60.6;56;6.87;6.84;4.15;9225
1.3;Ideal;G;VS2;61.9;55;7.04;7.01;4.35;9225
1.6;Premium;H;SI2;62.4;60;7.48;7.43;4.65;9229
1.6;Premium;E;SI1;61.2;58;7.59;7.5;4.62;9229
1.6;Premium;F;SI2;61.1;58;7.57;7.53;4.61;9229
1.23;Ideal;G;VS1;62.1;57;6.87;6.79;4.24;9230
1.56;Very Good;I;VS2;59.7;60;7.53;7.58;4.51;9231
1.01;Premium;F;VVS2;60.4;59;6.49;6.45;3.91;9231
1.3;Ideal;H;VVS1;62.8;55.2;6.94;6.97;4.36;9232
1.34;Ideal;G;VS2;61.9;56;7.05;7.1;4.38;9233
1.55;Ideal;I;VS2;62.6;56;7.41;7.35;4.62;9233
1.51;Ideal;I;VS2;62.6;56;7.32;7.27;4.57;9234
1.51;Premium;D;SI2;62.1;60;7.3;7.25;4.52;9234
1.51;Premium;H;VS1;59.8;61;7.41;7.35;4.41;9234
1.51;Ideal;G;SI2;62.4;56;7.29;7.25;4.54;9234
1.51;Good;I;SI1;63.9;59;7.26;7.18;4.61;9234
1.52;Ideal;H;SI1;60.1;60;7.5;7.42;4.48;9235
1.5;Very Good;F;SI2;58.5;55;7.51;7.56;4.41;9236
1.03;Ideal;G;VVS2;61.6;56;6.48;6.5;4;9236
0.31;Very Good;H;VVS2;61.2;60;4.37;4.39;2.68;625
0.31;Good;F;VS2;63.9;56;4.29;4.32;2.75;625
0.31;Ideal;F;VS2;62.3;55;4.33;4.37;2.71;625
0.31;Premium;F;VS2;59;59;4.44;4.47;2.63;625
0.31;Ideal;G;VS1;61.3;56;4.36;4.38;2.68;625
0.31;Very Good;F;VS2;62.7;57;4.3;4.34;2.71;625
0.31;Good;G;VS1;63.3;56;4.29;4.33;2.73;625
0.31;Premium;H;VVS2;62.3;60;4.31;4.36;2.7;625
0.31;Very Good;F;VS2;61.5;56;4.34;4.41;2.69;625
0.31;Very Good;H;VVS2;62.4;58;4.28;4.31;2.68;625
0.31;Ideal;F;VS2;62.6;57;4.27;4.33;2.69;625
0.31;Premium;G;VS1;61.2;59;4.35;4.37;2.67;625
0.31;Good;H;VVS2;63.4;56;4.29;4.32;2.73;625
0.31;Premium;H;VVS2;61.4;58;4.32;4.35;2.66;625
0.31;Good;G;VS1;63.2;56;4.28;4.29;2.71;625
0.31;Ideal;H;VVS2;61.8;56;4.34;4.36;2.69;625
0.31;Premium;F;VS2;61.4;58;4.36;4.4;2.69;625
0.31;Ideal;H;VVS2;62.4;57;4.32;4.36;2.71;625
0.31;Ideal;G;VS1;62.4;55;4.33;4.35;2.71;625
0.31;Ideal;H;VVS2;62.2;55;4.35;4.36;2.71;625
0.31;Premium;F;VS2;59.3;60;4.39;4.41;2.61;625
0.31;Premium;G;VS1;62.2;58;4.34;4.38;2.71;625
0.31;Very Good;G;VS1;62.4;59;4.32;4.34;2.7;625
0.31;Premium;F;VS2;59.7;60;4.39;4.42;2.63;625
0.31;Ideal;F;VS2;61.8;56;4.33;4.37;2.69;625
0.31;Ideal;F;VS2;61.9;55;4.31;4.35;2.68;625
0.31;Premium;F;VS2;61.8;59;4.31;4.33;2.67;625
0.31;Ideal;F;VS2;62.3;55;4.35;4.38;2.72;625
0.31;Ideal;G;VS1;61.5;56;4.39;4.43;2.71;625
0.31;Good;G;VS1;63.1;59;4.27;4.29;2.7;625
1.26;Ideal;F;VS2;61.4;57;7.02;6.96;4.29;9236
1.5;Very Good;H;SI1;62.4;58;7.29;7.26;4.54;9237
1.5;Premium;J;VS1;62.8;59;7.29;7.19;4.55;9240
1.5;Premium;F;SI2;60.8;59;7.3;7.36;4.46;9240
1.24;Ideal;E;VS2;62;57;6.87;6.9;4.27;9240
1.3;Ideal;D;SI1;61.8;56;6.93;6.96;4.29;9242
1.01;Very Good;F;VVS1;62.8;58;6.35;6.39;4;9243
1.29;Ideal;G;VS2;61.3;57;6.99;7.07;4.31;9243
1.26;Ideal;G;VS1;61.6;56;7.03;6.96;4.31;9243
1.03;Ideal;F;VVS2;62;56;6.45;6.48;4.01;9245
1.02;Very Good;F;VVS2;59.9;57;6.54;6.59;3.93;9246
1;Very Good;F;IF;63.9;56;6.31;6.34;4.04;9248
1.16;Ideal;G;VS1;60.9;55;6.79;6.84;4.15;9248
1.16;Ideal;G;VS1;61.5;55;6.75;6.81;4.17;9248
1.16;Ideal;G;VVS2;62.2;56;6.7;6.74;4.18;9251
1.64;Ideal;J;VS2;62.4;54.5;7.53;7.57;4.71;9251
1.18;Ideal;G;VVS2;62.2;54;6.78;6.82;4.23;9252
1.7;Very Good;J;SI1;63.2;57;7.63;7.55;4.8;9253
1.5;Premium;H;VS2;62.1;59;7.26;7.2;4.49;9253
1.35;Premium;G;VS2;62.7;56;7.08;7.05;4.43;9253
1.01;Ideal;E;VVS2;62.8;56;6.39;6.34;4;9254
1.04;Very Good;D;VVS2;58.3;61;6.63;6.69;3.88;9254
1.03;Ideal;F;VVS2;62.5;56;6.46;6.53;4.06;9254
1.41;Good;H;VS2;63.8;60;7.12;7.04;4.52;9254
1.63;Premium;I;SI1;62;54;7.67;7.6;4.73;9256
1.1;Very Good;G;VVS1;61.4;60;6.59;6.67;4.07;9257
1.23;Premium;D;VS2;62.6;52;6.93;6.88;4.32;9257
1.05;Ideal;F;VVS2;62.1;54;6.55;6.52;4.06;9257
1.51;Good;G;SI1;63.1;56;7.2;7.28;4.57;9258
1.14;Ideal;F;VVS1;61.6;57;6.71;6.76;4.15;9259
1.18;Ideal;G;VVS1;61.1;57;6.84;6.78;4.16;9260
1.22;Very Good;G;VS1;61.2;58;6.85;6.9;4.21;9261
1.51;Premium;H;SI1;59.9;60;7.45;7.4;4.45;9261
1.11;Ideal;G;VS1;61.3;55;6.67;6.71;4.1;9261
1.27;Ideal;G;VS1;59.6;57;7.06;7.09;4.22;9262
1.19;Premium;E;VS1;59.8;58;7.01;6.94;4.17;9263
1.5;Premium;G;SI1;62.6;55;7.31;7.27;4.56;9265
1.72;Premium;H;SI1;62;57;7.67;7.63;4.74;9266
1.73;Premium;J;SI1;60.7;58;7.78;7.73;4.71;9271
1.29;Ideal;H;VS1;61.8;56;6.97;7.02;4.32;9273
1;Premium;D;VVS2;58.3;61;6.55;6.48;3.8;9274
1.6;Ideal;H;SI2;62.1;56;7.43;7.51;4.64;9275
1.69;Premium;F;SI2;62.4;58;7.65;7.57;4.75;9275
1.3;Ideal;D;SI1;62.2;56;6.98;6.94;4.33;9275
1.7;Ideal;J;VS2;62.2;56;7.64;7.61;4.74;9276
1.07;Ideal;G;VVS1;62.6;54;6.58;6.5;4.1;9276
1.42;Very Good;E;SI1;61.1;62;7.17;7.2;4.39;9278
1.5;Good;I;VS1;61.2;62;7.26;7.32;4.46;9278
1.52;Ideal;I;VS2;61.3;56;7.44;7.41;4.55;9278
1.21;Premium;F;VS1;60.1;58;6.89;6.98;4.17;9279
1.36;Ideal;H;VS2;59.9;57;7.2;7.22;4.32;9279
1.5;Very Good;I;VS1;60.8;63;7.37;7.41;4.49;9281
1.5;Very Good;E;SI2;60.1;60;7.35;7.42;4.44;9281
1.5;Good;E;SI2;63.3;57;7.31;7.33;4.63;9281
1.5;Good;E;SI2;63.5;59;7.25;7.28;4.61;9281
1.04;Ideal;F;VVS2;62.2;56;6.53;6.46;4.04;9281
1.09;Ideal;G;VVS1;61;54;6.63;6.72;4.07;9282
1.25;Ideal;G;VS2;61.5;58;6.88;6.93;4.25;9282
1.5;Very Good;G;SI2;63.1;57;7.29;7.25;4.59;9282
1.25;Premium;G;VS1;60.7;56;7.01;6.93;4.23;9282
1.51;Very Good;I;SI1;61.6;58;7.35;7.3;4.51;9283
1.54;Very Good;J;VS1;63.5;57;7.27;7.37;4.65;9285
1.02;Ideal;G;VVS2;61.8;56;6.42;6.46;3.98;9286
1.21;Ideal;G;VS1;62;55;6.84;6.88;4.25;9287
1.17;Ideal;G;VVS2;61.2;56;6.77;6.85;4.17;9289
1.52;Very Good;I;SI1;59.9;60;7.46;7.49;4.48;9290
1.21;Ideal;H;VVS2;61.1;56;6.85;6.89;4.2;9290
1.58;Premium;F;SI2;62.3;60;7.42;7.38;4.61;9290
1.03;Ideal;F;VVS2;62.4;55.6;6.44;6.49;4.02;9290
1.22;Ideal;G;VS1;62.2;56;6.88;6.85;4.27;9292
1.73;Very Good;I;SI2;62;58;7.6;7.69;4.74;9292
1.22;Premium;E;VS2;62.2;55;6.91;6.85;4.28;9292
1.51;Fair;D;SI1;64.1;60;7.18;7.11;4.58;9293
1.34;Premium;G;VS2;60.7;59;7.07;7.04;4.28;9293
1;Ideal;G;VVS2;61.1;58;6.43;6.47;3.94;9294
1.56;Ideal;I;VS2;62.5;57;7.4;7.36;4.63;9295
1.52;Premium;I;SI1;62.8;62;7.29;7.23;4.56;9295
1.52;Good;I;SI1;64;58;7.27;7.2;4.63;9295
2;Premium;J;VS1;63;58;8.04;7.99;5.05;9296
1.31;Premium;G;VS2;60.3;58;7.13;7.1;4.29;9296
1.51;Ideal;I;VS2;62.3;57;7.28;7.37;4.56;9297
1.39;Ideal;H;VVS2;61.2;54;7.23;7.25;4.43;9298
1.57;Ideal;H;SI2;60.7;57;7.49;7.54;4.56;9298
1.11;Premium;E;VS1;59.8;60;6.75;6.72;4.03;9299
1.51;Good;F;SI2;63.4;57;7.25;7.29;4.61;9301
1.51;Premium;I;VS2;61.8;59;7.36;7.4;4.56;9301
1.51;Good;I;VVS1;64;60;7.21;7.26;4.63;9301
1.51;Ideal;F;SI2;62.6;55;7.35;7.39;4.61;9301
1.35;Very Good;G;VS2;62.8;59;7.01;7.04;4.41;9302
1.51;Premium;E;SI2;63;55;7.34;7.3;4.61;9302
1.59;Premium;I;VS2;59.9;60;7.57;7.61;4.55;9304
1.18;Premium;G;VVS2;61.6;58;6.8;6.77;4.18;9304
1.18;Premium;G;VVS2;62.8;57;6.77;6.71;4.23;9304
1.5;Very Good;J;VVS2;62.2;57;7.25;7.31;4.53;9306
1.01;Ideal;E;VVS2;60;55;6.56;6.6;3.95;9310
1.65;Premium;H;VS1;60.9;62;7.58;7.51;4.6;9314
1.76;Fair;J;VS1;56.9;66;8.09;7.94;4.56;9314
1.54;Premium;I;SI1;60.1;58;7.53;7.48;4.51;9314
1.53;Ideal;I;SI1;62.3;56;7.37;7.4;4.6;9315
1.14;Ideal;F;VVS2;62.7;55;6.7;6.6;4.17;9316
1.2;Ideal;D;SI1;61.1;56;6.86;6.89;4.2;9317
1.23;Premium;F;VS1;61.3;60;6.9;6.94;4.24;9319
1.53;Premium;J;VVS1;61.6;58;7.4;7.37;4.55;9322
1.21;Ideal;G;VS1;62.7;54;6.8;6.82;4.27;9323
1;Very Good;E;VVS2;61.7;55;6.38;6.42;3.95;9324
1.5;Good;H;SI1;57.9;62;7.55;7.48;4.35;9324
1.17;Ideal;G;VS1;61.7;57;6.71;6.75;4.15;9326
1.51;Premium;I;VVS2;62.1;58;7.29;7.32;4.54;9328
1.7;Premium;I;SI2;62.9;59;7.57;7.51;4.74;9330
1.7;Premium;I;VS2;61.3;59;7.69;7.59;4.68;9330
1.7;Premium;F;SI2;58.5;60;7.87;7.8;4.58;9330
1.2;Very Good;F;VS2;62.9;57;6.78;6.71;4.24;9331
1.31;Ideal;F;SI1;61.6;55;7.04;7.09;4.35;9331
1.53;Very Good;H;SI1;60.4;60;7.39;7.44;4.48;9332
1.51;Very Good;H;VVS2;63.1;56;7.33;7.28;4.61;9332
1.13;Ideal;G;VVS2;62.3;57;6.62;6.66;4.14;9333
1.24;Ideal;F;VS1;62.2;55;6.89;6.87;4.28;9333
1.24;Premium;F;VS1;61.5;57;6.97;6.86;4.25;9333
1.23;Premium;F;VS2;61.2;58;6.93;6.87;4.22;9333
1.51;Ideal;J;VVS2;61.4;59;7.34;7.39;4.52;9334
1.28;Premium;G;VS1;60.9;58;7.01;7.09;4.29;9335
1.58;Ideal;I;SI1;61.7;56;7.55;7.48;4.64;9335
1.21;Ideal;F;VS1;59.7;57;6.94;6.92;4.14;9335
1.76;Very Good;H;SI1;63;63;7.65;7.63;4.81;9336
1.51;Ideal;H;SI1;61.8;55;7.38;7.42;4.57;9336
1.5;Good;H;SI1;60.8;60;7.28;7.38;4.46;9336
1.2;Very Good;G;VVS2;62.1;58;6.74;6.78;4.2;9337
1.22;Ideal;G;VS1;62;56;6.83;6.88;4.24;9339
1.61;Ideal;H;SI1;62.3;56;7.51;7.47;4.67;9341
1.61;Premium;I;VS2;58.4;59;7.73;7.68;4.5;9341
1.61;Premium;H;SI1;61.4;58;7.59;7.53;4.64;9341
1.5;Very Good;I;VS2;59.4;61;7.41;7.45;4.41;9342
1.28;Ideal;G;VS1;61.7;55;6.97;7.02;4.32;9342
1.51;Good;E;SI2;63.1;58;7.28;7.31;4.6;9343
1.51;Very Good;I;VS1;63;59;7.28;7.3;4.59;9343
1.51;Very Good;E;SI2;61.1;60;7.27;7.37;4.47;9343
1.51;Very Good;E;SI2;63.1;61;7.25;7.3;4.59;9343
1.52;Very Good;D;SI2;60.9;59;7.35;7.4;4.49;9343
1.1;Ideal;F;VVS2;61.2;56;6.71;6.64;4.08;9343
1.51;Ideal;I;SI1;62.6;55;7.37;7.26;4.58;9344
1.94;Very Good;I;SI2;63.1;59;8.01;7.89;5.02;9344
1.51;Premium;I;SI1;61.7;60;7.31;7.27;4.5;9344
1.57;Ideal;J;VVS2;61.4;57;7.45;7.5;4.59;9346
1.23;Very Good;F;VS1;60.6;58;6.88;6.95;4.19;9346
1.09;Ideal;E;VS2;60.7;57;6.66;6.68;4.05;9346
1.5;Ideal;F;SI1;62.7;56;7.25;7.35;4.58;9347
1.16;Ideal;F;VS1;61.9;54;6.75;6.79;4.19;9348
1.51;Ideal;I;VS2;61.6;57;7.34;7.28;4.5;9352
1.52;Ideal;I;VS2;62.4;55;7.35;7.4;4.6;9352
1.5;Very Good;I;VS2;60.5;60;7.31;7.4;4.45;9354
1;Ideal;F;VVS2;61.9;57;6.47;6.42;3.99;9354
1.29;Premium;G;VS1;62.4;58;6.89;6.86;4.29;9354
1.62;Very Good;E;SI2;60.8;59;7.57;7.62;4.62;9355
1.21;Very Good;G;VVS2;62.9;59;6.68;6.74;4.22;9358
1.52;Ideal;I;SI1;61.4;57;7.4;7.43;4.55;9358
1.54;Ideal;G;SI2;61.7;56;7.41;7.44;4.58;9359
1.07;Ideal;G;IF;61.5;57;6.54;6.59;4.04;9361
1.23;Premium;E;VS2;58.9;59;7.05;6.98;4.13;9361
1.24;Ideal;G;VVS2;61.2;56;6.88;6.92;4.22;9362
1.18;Premium;G;VVS2;59.7;58;6.9;6.94;4.13;9366
1.22;Ideal;H;VVS2;61.7;56;6.83;6.87;4.23;9366
1.52;Good;G;SI1;64.4;59;7.18;7.25;4.65;9368
1.21;Premium;G;VVS2;59.6;60;6.89;6.91;4.11;9370
1.2;Premium;F;VS1;61.6;61;6.86;6.81;4.21;9370
1.27;Premium;G;VS1;61.1;60;6.99;7.03;4.28;9371
1.28;Ideal;G;VS1;62.7;53;6.94;6.97;4.36;9372
1.2;Ideal;G;VVS2;62.2;56;6.76;6.81;4.22;9373
1.5;Premium;F;SI2;61.4;60;7.34;7.28;4.49;9374
1.23;Ideal;F;VS2;61.7;57;6.9;6.94;4.27;9376
1.6;Ideal;I;SI1;62;55;7.53;7.59;4.69;9376
1.25;Very Good;F;VS2;62.5;59;6.81;6.89;4.28;9377
1.11;Premium;F;VVS2;59.2;59;6.79;6.82;4.03;9377
1.15;Ideal;G;VVS1;60.6;56;6.83;6.8;4.13;9377
1.7;Good;J;VS2;62.4;61;7.47;7.53;4.68;9380
1.54;Premium;J;VVS1;62.4;59;7.38;7.36;4.6;9383
1.19;Ideal;G;VVS2;60.8;55;6.91;6.9;4.19;9383
1.5;Very Good;G;SI2;63.1;57;7.29;7.25;4.59;9384
1.71;Premium;I;VS2;62.4;61;7.67;7.59;4.76;9384
1.53;Premium;J;VVS1;61.6;59;7.35;7.39;4.54;9384
1.59;Premium;H;SI2;62.6;59;7.42;7.4;4.64;9385
1.51;Fair;H;SI1;65.4;59;7.17;7.11;4.67;9386
1.52;Very Good;D;SI2;60.6;62;7.37;7.42;4.48;9389
1.53;Very Good;H;SI2;61.2;55.9;7.43;7.46;4.56;9391
1.54;Ideal;H;SI1;61.1;56;7.47;7.42;4.56;9391
1.51;Ideal;G;SI2;62.3;56;7.31;7.37;4.57;9391
1.5;Good;H;SI1;61;59;7.31;7.39;4.48;9394
1.21;Ideal;F;VS2;61.3;56;6.86;6.91;4.22;9397
1.26;Ideal;G;VS2;60.8;55;7.02;7.04;4.28;9399
1.8;Ideal;H;SI1;62.2;57;7.79;7.71;4.82;9399
1.34;Ideal;G;VS2;61.9;56;7.1;7.05;4.38;9401
1.19;Ideal;G;VVS2;60.9;53;6.88;6.92;4.2;9403
1.56;Ideal;J;VS1;61.9;55;7.44;7.46;4.61;9404
1.52;Ideal;E;SI2;60.1;57;7.49;7.53;4.51;9405
1.24;Good;G;VS1;60.2;63;6.96;6.99;4.2;9405
1.2;Ideal;G;VVS2;62.2;55;6.77;6.81;4.23;9407
1.6;Ideal;I;SI1;62.4;53.5;7.45;7.5;4.66;9407
1.57;Very Good;H;VS2;63.4;56;7.46;7.4;4.71;9407
1.32;Ideal;G;VS2;61.1;57;7.07;7.13;4.34;9408
1.5;Ideal;I;VS2;62.6;55;7.39;7.31;4.6;9408
1.5;Premium;F;SI2;60.8;59;7.36;7.3;4.46;9408
1.24;Premium;F;VS2;62.2;58;6.89;6.84;4.27;9411
1.01;Premium;F;VVS1;62.8;58;6.39;6.35;4;9412
1.03;Ideal;F;VVS2;62;56;6.48;6.45;4.01;9413
1.7;Ideal;J;VS2;62.5;57;7.6;7.63;4.76;9414
1.51;Very Good;I;VVS2;61.9;56;7.35;7.38;4.56;9416
1.57;Ideal;H;SI1;61.8;55;7.47;7.51;4.63;9416
1.51;Very Good;F;SI1;63.2;57;7.34;7.23;4.6;9417
1.21;Premium;F;VS2;62.2;60;6.75;6.72;4.19;9419
1.16;Ideal;G;VVS2;62.2;56;6.74;6.7;4.18;9419
1.53;Premium;J;IF;61.1;58;7.41;7.45;4.54;9424
1.53;Premium;F;SI2;62.7;60;7.28;7.34;4.58;9424
1.2;Ideal;D;VS2;61.4;55;6.78;6.87;4.19;9424
1.65;Ideal;G;VS2;62.2;55;7.6;7.57;4.72;9425
1.7;Ideal;H;SI1;62.2;53;7.67;7.6;4.75;9425
1.55;Very Good;G;SI1;59.8;59;7.45;7.47;4.46;9428
1.77;Premium;J;VS2;59.6;58;7.94;7.86;4.71;9428
1.27;Ideal;G;VS1;59.6;57;7.09;7.06;4.22;9431
1.16;Ideal;F;VS2;61.3;57;6.76;6.79;4.15;9432
1.16;Ideal;F;VS2;61.4;56;6.83;6.78;4.18;9432
1.06;Very Good;F;IF;60.6;56;6.62;6.69;4.03;9433
2.03;Premium;J;SI2;60.4;59;8.15;8.12;4.91;9435
2;Very Good;I;SI2;63.1;56;7.98;7.84;5;9435
1.61;Ideal;I;SI1;62.7;55;7.48;7.54;4.71;9439
1.12;Premium;G;IF;61.2;58;6.67;6.7;4.09;9440
1.2;Premium;F;VS2;60.2;60;6.91;6.82;4.13;9442
1.51;Ideal;I;VS2;60.6;56;7.44;7.47;4.52;9442
1.57;Very Good;I;VS2;60.2;58;7.51;7.57;4.54;9443
1.7;Ideal;H;SI2;61.2;56;7.71;7.64;4.7;9444
1.6;Ideal;H;SI2;62.1;56;7.51;7.43;4.64;9444
1.42;Premium;E;SI1;61.1;62;7.2;7.17;4.39;9447
1.13;Ideal;D;VS1;61.4;55;6.72;6.74;4.13;9448
1.52;Ideal;H;SI1;61.3;57;7.38;7.32;4.51;9448
1.21;Premium;F;VS1;60.1;58;6.98;6.89;4.17;9448
1.21;Ideal;E;VS2;60.3;60;6.92;6.88;4.16;9449
1.5;Premium;E;SI2;61;58;7.35;7.3;4.47;9450
1.5;Premium;E;SI2;60.1;60;7.42;7.35;4.44;9450
1.5;Very Good;E;SI2;63.5;59;7.28;7.25;4.61;9450
1.43;Very Good;D;SI1;63.5;56;7.24;7.09;4.55;9450
1.01;Very Good;D;VVS2;63.6;59;6.25;6.32;4;9451
1.01;Good;F;IF;62.7;59;6.3;6.42;3.99;9451
1.51;Fair;H;VS2;65;64;7.1;7.03;4.59;9452
1.54;Ideal;H;SI2;60.9;56.4;7.43;7.45;4.53;9452
1.15;Ideal;G;VVS2;61.8;56;6.72;6.75;4.16;9457
1.58;Ideal;I;SI1;62.3;55;7.42;7.49;4.64;9457
1.57;Ideal;I;SI1;62.4;53.6;7.42;7.47;4.64;9460
1.12;Ideal;F;VVS2;61.4;57;6.66;6.69;4.1;9461
1.35;Ideal;H;VS2;60.8;56;7.13;7.17;4.35;9462
1.01;Ideal;F;VVS2;63;57;6.36;6.4;4.02;9463
1.51;Very Good;H;SI1;58.5;59;7.48;7.6;4.41;9464
1.04;Ideal;G;VVS2;61.7;56;6.5;6.54;4.02;9465
1.04;Ideal;G;VVS2;61.5;57;6.51;6.54;4.01;9465
1.52;Ideal;I;VS2;62.1;59;7.3;7.35;4.55;9465
1.51;Very Good;I;VS1;61.8;63;7.28;7.34;4.52;9467
1.51;Premium;I;VS1;62.3;60;7.28;7.32;4.55;9467
1.61;Good;G;VS2;63.8;58;7.43;7.36;4.72;9467
1.53;Ideal;G;SI2;62.3;56;7.39;7.34;4.59;9468
1.5;Premium;I;VS2;61.1;60;7.33;7.36;4.49;9471
1.51;Ideal;I;VS2;59.9;56;7.49;7.42;4.47;9471
1.51;Good;I;VVS1;64;60;7.26;7.21;4.63;9471
1.23;Premium;F;VS1;60.8;58;6.94;6.9;4.21;9471
1.51;Very Good;F;SI2;63.4;57;7.29;7.25;4.61;9471
1.51;Ideal;F;SI2;62.6;55;7.39;7.35;4.61;9471
1.35;Premium;G;VS2;62.8;59;7.04;7.01;4.41;9471
1.51;Ideal;I;VS2;62.9;53;7.37;7.33;4.62;9471
1.51;Premium;I;VS2;60.9;60;7.46;7.33;4.5;9471
1.51;Premium;F;SI2;59.9;58;7.53;7.46;4.49;9471
1.01;Very Good;F;VVS1;62.8;59;6.37;6.43;4.02;9474
1.51;Very Good;E;SI1;61.8;57;7.36;7.43;4.57;9474
1.51;Very Good;E;SI1;62.9;62;7.21;7.31;4.57;9474
1.59;Premium;I;VS2;59.9;60;7.61;7.57;4.55;9474
2;Very Good;G;SI2;63.5;57;7.91;7.86;4.99;9475
1.22;Very Good;E;VS2;60.8;59;6.87;6.91;4.19;9475
1.2;Premium;G;VVS2;59.7;60;7;6.91;4.15;9475
1.53;Premium;G;SI1;58.4;59;7.62;7.55;4.43;9476
1.24;Ideal;F;VS2;62;57;6.83;6.89;4.25;9478
1.57;Premium;I;VS2;62.2;59;7.44;7.42;4.62;9478
1.5;Premium;I;VS2;62.3;60;7.25;7.19;4.5;9479
1.01;Ideal;E;VVS2;60;55;6.6;6.56;3.95;9479
2.04;Very Good;J;SI2;63.4;55;8.07;8.04;5.11;9482
1.52;Ideal;I;VS1;61.4;57;7.42;7.38;4.54;9483
1.01;Ideal;E;VVS2;62;56;6.43;6.35;4.01;9483
1.05;Ideal;F;VVS2;61.6;56;6.55;6.53;4.03;9483
1.21;Very Good;G;VVS2;60.4;56;6.88;6.92;4.17;9484
1.1;Premium;F;VS2;60.5;57;6.7;6.69;4.05;9486
1;Very Good;D;VVS2;61.3;58;6.37;6.42;3.92;9487
1.27;Ideal;G;VS2;61.9;57;6.9;6.93;4.28;9489
1.23;Premium;F;VS1;61.3;60;6.94;6.9;4.24;9489
1;Very Good;F;VVS1;61.7;57;6.39;6.41;3.95;9492
1.73;Premium;F;SI2;62.4;60;7.6;7.55;4.73;9494
1.56;Very Good;I;SI1;61.3;57;7.48;7.54;4.6;9494
1.59;Ideal;J;VS1;61.3;57;7.5;7.55;4.61;9494
1.73;Premium;F;SI2;61.5;60;7.75;7.66;4.74;9494
1.22;Very Good;E;VS2;59.5;60;6.91;7;4.14;9495
1.02;Very Good;E;VVS1;62.6;56;6.35;6.5;4.02;9498
1.51;Premium;I;VVS2;62.1;58;7.32;7.29;4.54;9498
1.28;Ideal;G;VS1;62;57;6.97;6.96;4.32;9498
1.02;Ideal;D;VS2;61.5;56;6.46;6.49;3.99;9502
1.01;Ideal;E;VS1;61.5;56;6.45;6.49;3.98;9503
1.63;Very Good;H;SI2;58.2;62;7.77;7.72;4.51;9504
1.28;Premium;G;VS1;60.9;58;7.09;7.01;4.29;9505
0.33;Ideal;E;VS1;60;57;4.47;4.5;2.69;625
0.33;Good;D;VS2;63.5;56;4.36;4.4;2.78;625
0.33;Good;D;VS2;63.6;56;4.38;4.42;2.8;625
0.3;Very Good;H;VVS1;62.3;56;4.26;4.31;2.67;626
0.3;Ideal;H;VS2;61.4;56;4.33;4.36;2.67;626
0.42;Ideal;F;SI2;61.7;54;4.85;4.87;3;626
0.38;Ideal;I;SI1;61.6;57;4.62;4.66;2.86;626
0.36;Ideal;D;SI1;62.2;53;4.57;4.59;2.85;626
0.36;Ideal;D;SI1;62;54;4.58;4.61;2.85;626
0.42;Premium;I;SI1;62.6;58;4.76;4.8;2.99;626
0.34;Ideal;D;SI1;62;56;4.47;4.5;2.78;626
0.34;Ideal;D;SI1;61.2;57;4.48;4.51;2.75;626
0.34;Very Good;D;SI1;62;59;4.42;4.48;2.76;626
0.34;Premium;D;SI1;62.7;59;4.42;4.45;2.78;626
0.34;Very Good;D;SI1;59.8;61;4.5;4.53;2.7;626
0.34;Very Good;D;SI1;60.2;60;4.5;4.54;2.72;626
0.31;Ideal;D;VS2;62.1;54;4.36;4.4;2.72;626
0.31;Ideal;E;VS1;60.2;56;4.39;4.44;2.66;626
0.34;Very Good;D;SI1;59.6;61;4.5;4.53;2.69;626
0.34;Ideal;D;SI1;60.4;57;4.51;4.53;2.73;626
0.34;Very Good;D;SI1;62.8;58;4.44;4.48;2.8;626
0.34;Ideal;D;SI1;60.1;57;4.52;4.56;2.73;626
0.34;Very Good;D;SI1;62.8;55;4.45;4.5;2.81;626
0.34;Ideal;D;SI1;61.5;53;4.51;4.53;2.78;626
0.34;Premium;D;SI1;61.2;58;4.47;4.49;2.74;626
0.42;Very Good;I;SI1;61.2;60;4.78;4.82;2.94;626
0.34;Very Good;I;VVS1;61.9;58;4.43;4.52;2.77;626
0.34;Ideal;D;SI1;62.3;57;4.44;4.48;2.78;626
0.34;Very Good;D;SI1;59.6;59;4.55;4.57;2.72;626
0.34;Ideal;D;SI1;62.7;56;4.45;4.48;2.8;626
1.04;Premium;F;VVS2;61.6;59;6.53;6.49;4.01;9505
1.11;Ideal;G;VVS2;61.6;57;6.7;6.74;4.14;9507
1.73;Very Good;J;VS2;60.9;59;7.72;7.76;4.71;9510
1.51;Premium;H;SI1;62;58;7.38;7.34;4.56;9511
1.51;Very Good;I;VS1;63.1;53;7.34;7.25;4.6;9513
1.24;Premium;F;VS2;62.4;60;6.83;6.8;4.25;9513
1.51;Very Good;E;SI2;63.4;59;7.26;7.19;4.58;9513
1.51;Very Good;E;SI2;63.1;58;7.31;7.28;4.6;9513
1.51;Premium;E;SI2;61.1;60;7.37;7.27;4.47;9513
1.51;Ideal;E;SI2;62.9;57;7.29;7.23;4.57;9513
1.51;Premium;I;VS1;63;59;7.3;7.28;4.59;9513
1.5;Very Good;G;SI1;62.2;58;7.21;7.28;4.51;9515
1.14;Ideal;E;VS2;62.4;55;6.71;6.64;4.17;9516
1.57;Ideal;J;VVS2;61.4;57;7.5;7.45;4.59;9516
1.18;Premium;G;VS2;61.5;58;6.87;6.79;4.2;9516
1.5;Very Good;I;VS1;62.7;59;7.19;7.26;4.53;9519
1.39;Ideal;D;SI1;61.9;52;7.24;7.25;4.48;9519
1.02;Ideal;F;VVS2;61.1;56.3;6.48;6.52;3.97;9521
1.61;Ideal;G;VS2;62.2;56;7.57;7.5;4.69;9521
1.5;Very Good;H;SI1;61.6;57;7.26;7.35;4.5;9523
1.19;Ideal;G;VVS2;60.8;59;6.84;6.81;4.15;9524
1.13;Premium;G;IF;61.2;59;6.71;6.78;4.13;9525
1.23;Ideal;G;VVS2;61;55;6.93;6.95;4.23;9525
1.62;Premium;E;SI2;61.8;59;7.55;7.52;4.66;9526
1.16;Ideal;G;VVS1;62;57;6.72;6.74;4.17;9526
1.62;Premium;E;SI2;60.8;59;7.62;7.57;4.62;9526
1.62;Good;I;VS1;59.6;65;7.69;7.59;4.55;9526
1.75;Premium;H;VS2;61.5;58;7.75;7.69;4.75;9526
1.52;Premium;H;SI1;62.1;59;7.29;7.36;4.55;9527
1.52;Premium;H;SI1;61;58;7.39;7.44;4.52;9527
1.2;Very Good;E;VS2;60.6;56;6.85;6.87;4.16;9529
1.55;Ideal;G;SI2;60.7;55;7.54;7.51;4.57;9530
1.52;Ideal;G;SI1;60.7;57;7.38;7.41;4.49;9530
1.54;Ideal;G;SI2;61.7;56;7.44;7.41;4.58;9530
1.07;Ideal;G;IF;61.5;57;6.59;6.54;4.04;9532
1.5;Very Good;I;VS2;63.3;55;7.3;7.26;4.61;9533
1.5;Ideal;I;VS1;62.8;57;7.24;7.28;4.56;9533
1.5;Ideal;I;VS1;60.5;56;7.38;7.46;4.49;9533
1.52;Ideal;F;SI2;62.5;57;7.36;7.32;4.59;9533
1.18;Premium;G;VVS2;59.7;58;6.94;6.9;4.13;9537
1.13;Very Good;F;VVS2;59.6;59;6.82;6.87;4.08;9539
1.51;Good;E;SI1;65.5;56;7.12;7.16;4.68;9539
1.76;Ideal;I;SI2;61.2;55;7.76;7.79;4.76;9540
1.9;Very Good;J;SI1;59.2;58;8.1;8.21;4.83;9540
1.3;Ideal;G;VS2;62.3;55;7;6.93;4.34;9540
1.52;Ideal;J;VVS2;62.6;58;7.32;7.34;4.59;9541
1.21;Premium;E;VS1;60.8;59;6.86;6.82;4.16;9541
1.21;Premium;G;VVS2;59.6;60;6.91;6.89;4.11;9541
1.21;Premium;G;VVS2;58.5;58;7.06;6.95;4.1;9541
1.42;Good;F;VS2;63.7;57;7.08;6.99;4.48;9542
1.08;Ideal;D;VS1;61.1;56;6.59;6.63;4.04;9545
1.23;Ideal;F;VS2;61.7;57;6.94;6.9;4.27;9547
1.06;Ideal;F;VVS2;61.3;57;6.56;6.59;4.03;9547
1.27;Ideal;F;VS2;61;59;6.96;6.98;4.25;9547
1.6;Ideal;H;SI1;62.7;56;7.51;7.39;4.67;9548
1.5;Very Good;E;SI2;62.1;59;7.26;7.33;4.53;9548
1.28;Ideal;D;SI1;61.5;55;7.01;7.05;4.32;9548
1.11;Premium;F;VVS2;59.2;59;6.82;6.79;4.03;9548
2;Fair;H;SI2;68.7;55;7.9;7.67;5.35;9549
1.02;Premium;F;VVS1;62.6;59;6.41;6.36;4;9550
1.72;Premium;H;SI1;62.2;59;7.62;7.55;4.72;9551
1.72;Premium;H;SI1;62;57;7.67;7.63;4.74;9551
1.49;Very Good;H;VS2;62.7;60;7.24;7.31;4.56;9552
1.52;Very Good;F;SI2;62.1;58;7.26;7.34;4.53;9552
1.04;Ideal;E;VVS2;62;58;6.54;6.46;4.03;9552
1.05;Ideal;G;VVS2;61.4;56;6.54;6.59;4.03;9555
1.57;Ideal;I;SI1;61.7;56;7.45;7.48;4.61;9555
1.51;Fair;D;SI2;64.7;57;7.17;7.24;4.66;9555
1.53;Premium;J;VVS1;61.6;59;7.39;7.35;4.54;9555
1.63;Good;I;SI1;63.7;58;7.4;7.48;4.74;9556
1.63;Very Good;G;SI2;62.5;57;7.54;7.57;4.72;9556
1.55;Very Good;E;SI2;59.5;56;7.56;7.59;4.51;9557
1.52;Premium;I;VS1;61.1;58;7.44;7.38;4.53;9557
1.52;Premium;D;SI2;60.6;62;7.42;7.37;4.48;9561
1.54;Ideal;H;SI1;61.1;56;7.45;7.42;4.54;9562
1.53;Ideal;H;SI2;61.2;56;7.46;7.43;4.56;9562
1.55;Ideal;D;SI1;61.7;57;7.47;7.43;4.59;9565
1.22;Ideal;F;VS2;60.7;57;6.89;6.94;4.2;9568
1.24;Ideal;F;VS2;61.6;54;6.95;6.91;4.27;9569
1.51;Ideal;H;SI1;62.4;57;7.3;7.34;4.57;9569
1.51;Good;I;VS1;62;56;7.23;7.29;4.5;9569
1.2;Ideal;G;VVS1;61.2;56;6.89;6.86;4.21;9570
1.32;Ideal;H;VVS2;62;54;7.05;7.06;4.37;9571
1.53;Premium;G;SI1;61.7;59;7.31;7.4;4.54;9572
1.32;Ideal;H;VVS1;62.1;55;6.98;7.03;4.35;9572
1.5;Very Good;H;SI1;58.8;63;7.42;7.38;4.35;9573
1.23;Premium;G;VS1;59.8;57;6.99;6.96;4.17;9574
1.2;Very Good;F;VS1;58.7;59;6.89;7.07;4.1;9574
1.52;Ideal;E;SI2;60.1;57;7.53;7.49;4.51;9576
1.52;Premium;E;SI2;62.9;59;7.31;7.26;4.58;9576
1.52;Very Good;I;VS1;62.2;63;7.26;7.23;4.51;9576
1.5;Premium;H;SI1;59.2;62;7.55;7.49;4.45;9576
1.32;Ideal;G;VS2;61.1;57;7.13;7.07;4.34;9580
1.35;Premium;G;VS2;61.1;58;7.16;7.12;4.36;9580
1.76;Premium;E;SI2;62.1;58;7.7;7.62;4.74;9580
1.22;Ideal;F;VS1;62.6;55;6.82;6.86;4.28;9581
1.22;Ideal;F;VS1;61.5;56;6.84;6.89;4.22;9581
1.22;Premium;D;VS2;62;60;6.74;6.79;4.22;9581
1.51;Good;I;VS1;63.6;57;7.14;7.21;4.56;9581
1.7;Very Good;J;VS2;62.9;58;7.55;7.59;4.76;9586
1.5;Ideal;I;VS2;62.6;57;7.26;7.31;4.56;9586
1.25;Ideal;F;VS1;62;55;6.91;6.95;4.3;9586
1.2;Very Good;F;VS1;62.9;57;6.73;6.78;4.25;9586
1.19;Ideal;G;VVS2;60.7;57;6.8;6.85;4.14;9587
1.25;Ideal;G;VS2;60.9;57;6.96;6.99;4.25;9590
1.52;Very Good;J;VVS1;63.6;56;7.26;7.33;4.64;9593
1.2;Ideal;D;VS2;61.4;55;6.87;6.78;4.19;9596
1.02;Very Good;G;VVS2;62.7;58;6.36;6.4;4;9596
1.53;Ideal;I;VS2;62.2;57;7.39;7.33;4.58;9596
1.53;Ideal;G;SI2;62.5;57;7.39;7.32;4.6;9596
1.53;Premium;J;IF;61.1;58;7.45;7.41;4.54;9596
1.53;Premium;F;SI2;62.7;60;7.34;7.28;4.58;9596
1.7;Premium;E;SI2;59.8;59;7.76;7.66;4.61;9596
1.2;Ideal;F;VS1;60.7;57;6.89;6.85;4.17;9596
1.02;Ideal;F;VVS2;62.3;58;6.42;6.45;4.01;9598
1.03;Ideal;F;VVS1;62.6;57;6.49;6.38;4.03;9598
1.54;Ideal;I;VS2;60.2;59;7.52;7.57;4.54;9600
1.55;Premium;G;SI1;59.8;59;7.47;7.45;4.46;9600
1.62;Ideal;I;VS2;62.4;57;7.45;7.51;4.67;9604
1.2;Ideal;H;VVS1;60.2;57;6.87;6.94;4.15;9604
1.73;Premium;H;SI1;61.8;59;7.71;7.66;4.75;9607
1.2;Very Good;G;VVS1;62.8;56;6.73;6.75;4.23;9609
1.56;Good;I;VS2;57.2;62;7.66;7.72;4.4;9609
2;Fair;I;SI2;65;57;8.01;7.96;5.19;9610
1.5;Very Good;I;VS2;62.2;59;7.34;7.3;4.55;9611
1.61;Ideal;I;SI1;62.7;55;7.54;7.48;4.71;9611
1.12;Premium;G;IF;61.2;58;6.7;6.67;4.09;9612
1.5;Very Good;I;VVS2;64;54;7.19;7.27;4.63;9618
1.5;Ideal;I;VS1;62;53;7.4;7.35;4.57;9618
1.71;Ideal;H;VS2;61.9;57;7.67;7.61;4.73;9618
1.5;Good;H;VS2;64;58;7.14;7.17;4.58;9620
1.37;Ideal;H;VVS2;61.3;56;7.13;7.2;4.39;9621
1.05;Ideal;E;VS2;61.7;55;6.54;6.55;4.04;9624
1.54;Ideal;H;SI2;60.9;56;7.45;7.43;4.53;9624
1.11;Ideal;E;VS2;61;57;6.65;6.7;4.08;9625
1.2;Ideal;G;VS1;62;55;6.81;6.87;4.24;9625
1.2;Ideal;G;VS1;61.9;58;6.76;6.8;4.2;9625
1.06;Ideal;D;VS1;62;57;6.49;6.54;4.04;9625
1.67;Premium;H;SI2;61.6;57;7.66;7.61;4.7;9625
1.51;Very Good;D;SI2;59.7;58;7.43;7.48;4.45;9627
1.01;Premium;F;IF;62.3;57;6.5;6.35;4;9627
1.17;Ideal;G;VVS2;61.6;56;6.77;6.83;4.18;9630
1.64;Very Good;H;SI2;60.7;59;7.61;7.65;4.63;9632
1.22;Ideal;F;VS1;62.2;57;6.85;6.81;4.25;9633
1.12;Ideal;F;VVS2;61.4;57;6.69;6.66;4.1;9634
0.91;Ideal;E;VVS1;61.7;56;6.18;6.23;3.83;9636
1.51;Very Good;I;VS1;61.8;63;7.34;7.28;4.52;9640
1.51;Premium;I;VS1;60;58;7.51;7.45;4.49;9640
1.1;Ideal;F;VVS2;61.2;56;6.65;6.68;4.08;9641
1.2;Ideal;F;VS1;62;55;6.81;6.83;4.23;9641
1.01;Very Good;E;VVS2;63.4;56;6.32;6.37;4.02;9642
1.52;Very Good;H;SI1;60.9;59;7.43;7.49;4.54;9642
1.5;Premium;G;SI1;61.2;58;7.34;7.44;4.52;9645
1.5;Very Good;G;SI1;61.5;59;7.31;7.39;4.52;9645
1.06;Ideal;G;VVS2;61.4;56;6.56;6.62;4.04;9645
1.02;Ideal;F;VVS1;62.4;56;6.44;6.42;4.01;9645
1.51;Premium;E;SI1;62.9;62;7.31;7.21;4.57;9647
1.18;Premium;F;VS1;60.7;55;6.87;6.8;4.15;9648
1.09;Ideal;D;VS1;62.3;56;6.63;6.59;4.12;9650
2.03;Good;I;SI2;63.8;63;7.89;7.84;5.02;9651
1.44;Premium;F;SI1;62.9;58;7.2;7.14;4.51;9653
1.21;Very Good;F;VS1;61.1;61;6.79;6.87;4.17;9656
2.01;Premium;I;SI2;62.5;60;8.04;7.95;5;9658
2.01;Premium;I;SI2;62.1;60;8.1;8.03;5.01;9658
2.01;Premium;I;SI2;63;59;8.04;7.97;5.04;9658
1.76;Premium;I;VS2;62.4;58;7.7;7.65;4.79;9659
1.76;Ideal;F;SI2;62.6;55;7.69;7.64;4.8;9659
1.54;Premium;I;VS2;59.8;59;7.61;7.53;4.53;9659
1;Good;F;IF;60.7;64;6.42;6.4;3.89;9660
1.23;Ideal;F;VS1;62.5;54;6.82;6.85;4.27;9660
1;Premium;D;VVS2;61.3;58;6.42;6.37;3.92;9660
1.5;Very Good;H;SI1;60.7;63;7.3;7.27;4.42;9660
1.75;Ideal;J;VS2;62.1;57;7.71;7.66;4.77;9663
1.51;Very Good;G;SI1;63.4;58;7.19;7.3;4.59;9664
1.52;Very Good;I;SI1;62;58;7.34;7.4;4.57;9664
1.77;Premium;G;SI2;62.7;59;7.67;7.66;4.8;9664
2.68;Very Good;I;I1;63.5;56;8.81;8.77;5.58;9665
1.01;Very Good;F;VVS1;62.8;60;6.4;6.34;4;9667
1.09;Ideal;F;VVS2;62.5;55;6.52;6.6;4.1;9668
1.1;Ideal;F;VS1;61.5;56;6.63;6.66;4.09;9669
1.51;Good;D;SI1;64.1;62;7.21;7.15;4.6;9674
1.2;Premium;G;VS2;62.5;58;6.74;6.67;4.19;9677
1.44;Good;G;VS1;63.6;58;7.01;6.96;4.44;9677
1.51;Fair;H;VS2;57.4;61;7.49;7.63;4.34;9678
1.06;Very Good;E;VVS2;63.4;55;6.46;6.51;4.11;9680
1.07;Very Good;D;VS1;59.9;55;6.69;6.71;4.01;9681
1.6;Ideal;J;VS2;62.1;56;7.47;7.51;4.65;9681
1.51;Good;H;SI1;61.8;62;7.25;7.29;4.49;9681
1.51;Premium;I;VS2;60.5;59;7.44;7.41;4.49;9682
1.7;Fair;H;SI2;64.5;55;7.58;7.52;4.87;9682
1.33;Premium;G;VS2;58.6;61;7.21;7.17;4.21;9682
1.33;Premium;G;VS2;62.3;59;7.02;6.97;4.36;9682
1.62;Very Good;I;VS2;62;60;7.5;7.57;4.67;9683
1.7;Very Good;J;VS1;63.6;58;7.52;7.54;4.79;9683
1.45;Very Good;I;IF;60.6;61;7.32;7.41;4.46;9683
1.57;Ideal;J;VS1;62.1;54;7.46;7.49;4.64;9683
1.03;Ideal;G;VVS1;61.5;57;6.47;6.52;3.99;9691
1.65;Premium;F;SI2;60.5;61;7.7;7.65;4.64;9693
1.23;Very Good;F;VS1;59.1;58;7.06;7.09;4.18;9694
1.51;Very Good;H;SI1;62.1;59;7.28;7.33;4.54;9694
1.12;Ideal;D;VS1;61.1;57;6.68;6.75;4.1;9694
1.51;Ideal;H;SI1;62.7;56;7.32;7.38;4.61;9694
1.63;Ideal;I;SI1;61.3;56;7.64;7.56;4.66;9694
1.5;Premium;H;SI1;58.8;59;7.53;7.47;4.41;9697
1.5;Premium;H;SI1;62.4;58;7.33;7.28;4.56;9697
1.57;Very Good;D;SI2;62.9;61;7.37;7.41;4.65;9698
1.13;Premium;G;IF;61.2;59;6.78;6.71;4.13;9698
1.23;Ideal;G;VVS2;61;55;6.95;6.93;4.23;9698
1.33;Premium;G;VS1;62.7;58;6.96;7.01;4.38;9699
1.52;Premium;H;SI1;61;58;7.44;7.39;4.52;9700
1.52;Ideal;H;SI1;61.8;57;7.43;7.32;4.56;9700
1.5;Good;I;VS1;57.2;62;7.64;7.61;4.36;9702
1.5;Good;I;VS1;57.2;62;7.64;7.61;4.36;9702
1.25;Premium;F;VS2;60.8;58;6.98;6.93;4.23;9702
1.07;Ideal;G;VVS1;61.4;55;6.59;6.66;4.06;9703
1.52;Ideal;G;SI1;60.7;57;7.41;7.38;4.49;9704
1.77;Premium;J;SI1;61.3;59;7.83;7.71;4.76;9704
1.51;Very Good;I;VS1;60.5;60;7.42;7.46;4.5;9704
1.55;Ideal;G;SI2;60.7;55;7.54;7.51;4.57;9704
1.52;Premium;H;VS2;60.6;61;7.46;7.42;4.51;9704
1.52;Fair;D;SI1;64.6;64;7.18;7.16;4.63;9704
1.04;Very Good;E;VVS2;62.8;58;6.42;6.45;4.04;9705
1.59;Premium;E;SI1;58.8;59;7.69;7.61;4.5;9705
1.22;Very Good;G;VVS2;59.3;58;6.97;6.99;4.14;9706
1.5;Very Good;H;VS2;62;55;7.26;7.37;4.57;9706
1.71;Very Good;J;VS1;61.2;59;7.65;7.72;4.7;9707
1.59;Premium;G;SI1;62.2;58;7.51;7.45;4.65;9707
1.18;Ideal;E;VS1;62.4;54;6.74;6.79;4.22;9709
1.51;Premium;G;SI1;60.3;59;7.39;7.44;4.47;9710
1.12;Ideal;E;VS2;61.9;56;6.65;6.68;4.13;9710
1.01;Premium;E;VVS2;61.8;59;6.42;6.39;3.96;9711
1.01;Premium;E;VVS2;62.4;58;6.42;6.36;3.99;9711
1.06;Ideal;E;VVS2;61;57;6.63;6.54;4.02;9712
1.76;Ideal;I;SI2;61.2;55;7.79;7.76;4.76;9714
1.32;Ideal;G;VS1;61.4;54;7.09;7.13;4.37;9715
2.43;Premium;G;I1;61.7;60;8.54;8.49;5.25;9716
1.53;Premium;F;SI2;62.6;57;7.37;7.33;4.6;9716
1.5;Good;D;SI1;63.4;63;7.19;7.23;4.57;9718
1.26;Premium;D;VS2;62.5;59;6.91;6.85;4.3;9720
1;Premium;F;VVS1;61;60;6.39;6.43;3.91;9724
2.01;Ideal;J;SI1;62.8;58;8.02;7.97;5.02;9725
2.04;Premium;G;I1;62.4;58;8.08;8.17;5.07;9727
1.51;Very Good;E;SI2;58.8;58;7.53;7.61;4.45;9727
2.02;Premium;J;SI2;59.7;56;8.18;8.13;4.87;9728
1.02;Very Good;F;VVS2;63.7;59;6.34;6.38;4.05;9728
1.35;Very Good;G;VS1;60.1;56;7.16;7.21;4.32;9729
1.63;Premium;I;SI1;61.7;58;7.54;7.51;4.64;9730
1.63;Premium;G;SI2;62.5;57;7.57;7.54;4.72;9730
1.5;Ideal;I;VS2;62.4;54.1;7.3;7.35;4.57;9730
1.63;Good;I;SI1;63.7;58;7.48;7.4;4.74;9730
1.51;Very Good;E;SI2;61.8;57;7.34;7.32;4.53;9731
1.11;Ideal;G;VVS2;61.8;56;6.66;6.69;4.12;9734
1.34;Very Good;H;VVS2;59.7;60;7.19;7.22;4.3;9735
1.01;Ideal;E;VVS2;62.7;56;6.42;6.46;4.04;9735
1.24;Premium;D;VS2;59.3;58;7.03;7.09;4.19;9738
1.24;Premium;F;VS1;60.1;59;6.99;7.02;4.21;9738
1.24;Very Good;G;VS1;60.2;58;6.96;7;4.2;9738
1;Very Good;D;VVS2;59.9;61;6.42;6.5;3.87;9740
1;Very Good;D;VVS2;63;59;6.35;6.38;4.01;9740
1.51;Good;G;VS2;63.7;57;7.21;7.18;4.58;9741
1.2;Ideal;G;VVS1;61.2;56;6.89;6.86;4.21;9744
1.5;Ideal;E;SI1;62.4;56;7.36;7.31;4.58;9744
1.7;Very Good;H;SI2;63.8;55;7.47;7.55;4.79;9745
1.53;Premium;G;SI1;61.7;59;7.4;7.31;4.54;9747
1.41;Ideal;H;VS1;60.7;56;7.31;7.22;1.41;9752
1.22;Premium;D;VS2;59.4;59;6.99;6.92;4.13;9756
1.22;Ideal;F;VS1;61.5;56;6.89;6.84;4.22;9756
1.22;Premium;D;VS2;62;60;6.79;6.74;4.22;9756
1.22;Ideal;F;VS1;62.6;55;6.86;6.82;4.28;9756
1.21;Premium;G;VVS2;62.5;55;6.84;6.8;4.26;9757
1.5;Very Good;I;VS1;60.4;59;7.35;7.42;4.46;9759
1.23;Ideal;F;VS2;61.9;57;6.86;6.9;4.26;9759
1.71;Premium;I;SI2;60.6;57;7.78;7.71;4.69;9760
1.5;Premium;I;VS1;60.8;61;7.39;7.35;4.48;9761
1.25;Ideal;F;VS1;62;55;6.95;6.91;4.3;9761
1.5;Ideal;I;VS2;62.6;57;7.31;7.26;4.56;9761
1.51;Premium;H;SI1;60.3;62;7.54;7.41;4.51;9762
1.55;Premium;H;SI1;60.7;58;7.5;7.46;4.54;9763
1.5;Good;H;SI1;64.3;60;7.14;7.23;4.62;9768
1.5;Premium;H;SI1;62.7;58;7.27;7.34;4.58;9768
1.96;Premium;H;SI2;60.4;62;7.96;7.9;4.79;9769
1.46;Very Good;F;SI1;62.8;59;7.13;7.18;4.49;9770
1.58;Good;H;SI1;63.1;58;7.33;7.38;4.64;9774
1.58;Good;I;VS1;58.6;62;7.59;7.66;4.47;9775
1.7;Premium;G;SI1;62.4;59;7.63;7.57;4.74;9777
1.21;Premium;G;VVS2;61.3;56;6.88;6.85;4.21;9779
1.52;Very Good;H;SI1;63.4;55;7.25;7.3;4.61;9780
2.01;Very Good;I;SI2;61.4;63;8.19;7.96;4.96;9781
1.52;Very Good;D;SI2;59.1;58;7.45;7.48;4.41;9781
1.16;Ideal;G;VVS1;61.9;55;6.75;6.78;4.19;9781
1.5;Very Good;D;SI2;63.1;56;7.17;7.28;4.56;9783
1.2;Ideal;G;VVS1;62.8;56;6.75;6.73;4.23;9784
1.56;Good;F;SI2;57.5;58;7.82;7.67;4.45;9784
1.6;Premium;I;VS2;60.2;58;7.63;7.56;4.57;9784
1.56;Good;I;VS2;57.2;62;7.72;7.66;4.4;9784
1.05;Ideal;F;VVS1;62.7;57;6.5;6.41;4.05;9784
1.2;Ideal;G;VVS2;62.5;54.4;6.75;6.82;4.24;9785
1.09;Ideal;F;VS1;61.6;55;6.62;6.67;4.09;9786
1.56;Ideal;I;SI1;62.5;54;7.45;7.37;4.63;9788
1.24;Ideal;G;VVS2;61.2;56;6.92;6.88;4.22;9788
0.34;Premium;I;VVS1;62.4;59;4.4;4.44;2.76;626
0.34;Good;D;SI1;63.1;57;4.44;4.46;2.81;626
0.34;Ideal;I;VVS1;61.8;56;4.47;4.5;2.77;626
0.34;Premium;I;VVS1;60.5;59;4.48;4.54;2.73;626
0.34;Premium;D;SI1;59.7;59;4.54;4.57;2.72;626
0.34;Very Good;D;SI1;62;56;4.43;4.47;2.76;626
0.34;Ideal;D;SI1;61.3;57;4.44;4.5;2.74;626
0.34;Premium;I;VVS1;62.6;58;4.45;4.47;2.79;626
0.34;Premium;D;SI1;62.4;58;4.42;4.46;2.77;626
0.34;Ideal;D;SI1;60.6;56;4.51;4.54;2.74;626
0.31;Very Good;G;VVS2;62.7;55;4.32;4.35;2.72;627
0.41;Very Good;J;VS2;61.6;57;4.79;4.82;2.96;627
0.35;Ideal;I;VVS1;61.8;55;4.53;4.56;2.81;627
0.27;Ideal;G;VVS1;62.5;56;4.15;4.18;2.6;627
0.31;Ideal;E;VS2;61.7;57;4.35;4.37;2.69;627
0.31;Ideal;G;VS1;60.6;56;4.38;4.4;2.66;627
0.31;Ideal;G;SI1;61.6;56;4.36;4.4;2.7;627
0.31;Ideal;G;SI1;61.6;55;4.37;4.39;2.7;627
0.31;Ideal;G;SI1;61.7;55;4.38;4.4;2.71;627
0.27;Ideal;G;IF;61.2;57;4.17;4.2;2.56;627
0.27;Ideal;G;IF;62;56;4.14;4.17;2.58;627
0.5;Fair;F;I1;67.1;57;4.92;4.87;3.28;627
0.5;Fair;F;I1;68.3;58;4.91;4.78;3.32;627
0.33;Very Good;E;VS2;62.8;56;4.4;4.42;2.77;627
0.33;Very Good;E;VS2;61.9;58;4.42;4.47;2.75;627
0.28;Very Good;F;VVS2;60.2;58;4.26;4.28;2.57;628
0.32;Ideal;H;VVS2;59.8;57;4.48;4.52;2.69;628
0.32;Ideal;H;VVS2;61.5;55;4.41;4.44;2.72;628
0.32;Ideal;H;VVS2;62.2;54;4.42;4.46;2.76;628
0.32;Ideal;H;VVS2;61.6;55;4.43;4.46;2.74;628
2.06;Very Good;F;I1;58.7;61;8.31;8.33;4.88;9789
1.52;Premium;D;SI2;61.5;60;7.44;7.39;4.56;9789
1.65;Very Good;G;SI2;62.2;58;7.55;7.62;4.72;9791
1.86;Good;G;SI2;63.8;55;7.79;7.73;4.95;9791
1.88;Very Good;D;SI2;63.2;60;7.84;7.79;4.94;9791
1.11;Very Good;F;VVS2;60.8;57;6.7;6.73;4.08;9792
2.01;Premium;J;SI1;61.7;60;8.12;8.09;5;9793
1.59;Ideal;G;VS2;61.8;56;7.51;7.44;4.62;9794
1.13;Ideal;E;VS2;61.7;57;6.67;6.71;4.13;9796
1.31;Very Good;F;VS1;59.1;60;7.13;7.18;4.23;9797
1.03;Ideal;D;VVS2;62;56;6.46;6.55;4.03;9798
1.17;Ideal;G;VVS1;62.2;53;6.76;6.79;4.21;9799
1.17;Ideal;G;VVS1;61.9;56;6.73;6.78;4.18;9799
1.64;Ideal;E;SI1;60.7;55;7.67;7.64;4.65;9801
1.53;Very Good;I;VS2;62.8;59;7.27;7.31;4.58;9802
1.26;Very Good;E;VS2;59.5;57;7.03;7.15;4.22;9802
2.04;Fair;I;SI2;66.6;56;7.8;7.77;5.19;9802
1.23;Very Good;G;VVS2;62;58;6.77;6.82;4.21;9803
1.5;Very Good;I;VS2;60.8;58;7.36;7.42;4.49;9804
1.07;Very Good;F;VVS1;60.2;58;6.57;6.65;3.98;9808
1.55;Ideal;F;SI2;62.3;55.5;7.36;7.42;4.61;9808
1.01;Very Good;F;VVS1;61.4;58;6.39;6.44;3.94;9810
1.33;Premium;G;VS1;60.2;60;7.12;7.2;4.31;9813
1.59;Ideal;I;SI1;60.2;57;7.56;7.72;4.6;9813
1.5;Ideal;J;VVS1;62.2;59;7.3;7.32;4.55;9814
1;Very Good;E;VVS2;59.1;58;6.5;6.57;3.86;9815
1.5;Very Good;F;SI2;62.9;55;7.26;7.28;4.57;9817
1.52;Very Good;D;SI2;58.6;59;7.43;7.48;4.37;9817
1.1;Ideal;F;VVS2;61.2;56;6.68;6.65;4.08;9817
1.55;Very Good;H;SI1;61.6;54;7.41;7.47;4.58;9818
1.63;Ideal;J;VS1;61.8;56;7.53;7.58;4.67;9819
1.12;Very Good;G;IF;61;58;6.7;6.72;4.09;9820
1.12;Ideal;G;VVS2;61.6;55;6.68;6.74;4.13;9820
1.5;Premium;H;SI1;61;60;7.33;7.27;4.45;9820
1.51;Good;H;VS2;64;59;7.19;7.25;4.62;9821
1.51;Very Good;H;VS2;62.3;61;7.27;7.3;4.54;9821
1.54;Premium;D;SI2;59.9;62;7.51;7.44;4.48;9821
1.53;Very Good;I;VS1;59.3;58;7.5;7.54;4.46;9823
3.11;Fair;J;I1;65.9;57;9.15;9.02;5.98;9823
1.5;Ideal;I;VS2;60;61;7.39;7.42;4.44;9827
1.5;Very Good;I;VVS2;63.3;58;7.24;7.21;4.57;9828
1.5;Good;I;VS1;57.9;60;7.48;7.44;4.32;9828
1.5;Ideal;E;SI1;61.9;57;7.37;7.31;4.54;9828
1.5;Premium;I;VS1;61.6;59;7.32;7.26;4.49;9828
1.52;Premium;E;SI2;58.1;60;7.59;7.53;4.39;9831
1.08;Ideal;G;IF;62.3;56;6.55;6.59;4.09;9831
1.51;Ideal;H;SI1;61.3;56;7.4;7.44;4.55;9833
1.51;Good;E;SI2;63.2;56;7.26;7.32;4.61;9833
1.51;Premium;H;SI1;61.3;60;7.29;7.33;4.48;9833
1.64;Premium;J;VS1;60.6;59;7.67;7.61;4.63;9836
1.23;Premium;D;VS2;59.3;59;7.03;6.96;4.15;9836
1.23;Ideal;D;VS2;62.3;57;6.86;6.82;4.26;9836
1.23;Ideal;F;VS1;62.5;54;6.85;6.82;4.27;9836
1.3;Very Good;G;VS1;62.5;57;6.92;6.96;4.34;9837
1.51;Very Good;G;SI1;62.9;58;7.25;7.28;4.57;9841
1.05;Ideal;E;VVS2;61.3;56;6.55;6.59;4.03;9843
1.7;Very Good;I;SI1;61.8;58;7.55;7.66;4.7;9845
1.09;Ideal;F;VVS2;62.5;55;6.6;6.52;4.1;9845
1.21;Premium;F;VS1;61.1;57;6.93;6.89;4.22;9846
1.57;Premium;I;VS2;62.5;58;7.5;7.42;4.66;9847
1.57;Premium;I;VS2;62.6;58;7.4;7.36;4.62;9847
2.05;Premium;I;SI2;62.1;59;8.13;8.07;5.03;9850
2.05;Premium;I;SI2;62;58;8.13;8.08;5.02;9850
2.05;Premium;I;SI2;62;58;8.13;8.08;5.02;9850
2.02;Very Good;G;SI2;63.3;57;8.03;7.96;5.06;9853
1.53;Ideal;I;VS2;61.8;57;7.44;7.39;4.58;9853
2.02;Fair;J;SI2;64.6;55;7.93;7.84;5.09;9853
1.1;Ideal;G;VVS2;61;56;6.69;6.73;4.09;9856
1.6;Ideal;G;VS1;62;57;7.47;7.43;4.62;9856
1.56;Very Good;I;VS1;62.7;58;7.42;7.37;4.64;9857
1.05;Premium;E;VVS2;59.6;60;6.61;6.58;3.93;9858
1.07;Ideal;E;VVS2;61.4;56;6.55;6.65;4.05;9863
1.23;Ideal;G;VS1;62;57;6.83;6.87;4.25;9863
1.7;Ideal;H;SI2;61.9;59;7.59;7.67;4.72;9864
1;Good;F;IF;63.2;63;6.24;6.26;3.95;9867
1;Very Good;F;VVS1;61.1;57;6.36;6.51;3.93;9870
1.11;Ideal;D;VS1;61.9;54;6.63;6.68;4.12;9870
1.02;Ideal;F;VVS2;60.9;56;6.54;6.49;3.97;9870
1.13;Ideal;G;VVS1;59.6;57;6.89;6.81;4.08;9872
1.2;Premium;G;VVS2;61.2;58;6.84;6.88;4.2;9873
1.21;Ideal;G;VS2;60.1;57;6.94;6.98;4.18;9873
1.36;Very Good;D;SI1;59.5;61;7.21;7.24;4.3;9874
1.57;Premium;D;SI2;62.9;61;7.41;7.37;4.65;9875
1.33;Premium;G;VS1;62.7;58;7.01;6.96;4.38;9876
1.53;Premium;I;VS1;62;57;7.39;7.35;4.57;9877
1.21;Very Good;G;VVS2;60.4;56;6.96;6.91;4.19;9878
1.5;Good;H;VS1;63.8;61;7.17;7.12;4.56;9878
1.74;Ideal;D;SI2;59.7;55;7.9;7.84;4.7;9880
1.03;Ideal;F;VVS1;61.3;54;6.56;6.62;4.04;9881
1.71;Good;I;SI1;63.2;57;7.49;7.53;4.75;9881
1.04;Premium;E;VVS2;62.8;58;6.45;6.42;4.04;9882
1.66;Premium;J;VVS2;62.6;59;7.54;7.58;4.73;9882
1.24;Very Good;F;VS1;59;60;7;7.07;4.15;9885
1.18;Ideal;E;VS1;62.4;54;6.79;6.74;4.22;9886
1.75;Ideal;J;VS2;62.1;56;7.74;7.69;4.79;9890
1.34;Ideal;G;VS1;62.7;57;7.04;7.1;4.43;9890
1.31;Ideal;G;VS1;62.2;56;7.01;7.05;4.37;9891
1.31;Ideal;G;VS1;61.5;57;7.02;7.06;4.33;9891
1.31;Premium;G;VS1;61.5;59;7;7.06;4.32;9891
1.51;Ideal;I;VS2;62.6;55;7.29;7.34;4.58;9891
1.51;Ideal;I;VS2;61.6;54;7.38;7.42;4.57;9891
1.5;Good;G;SI1;60.2;61;7.27;7.32;4.39;9892
1.51;Premium;D;SI2;63;62;7.28;7.23;4.57;9894
1.5;Very Good;D;SI1;63.4;63;7.23;7.19;4.57;9895
1.53;Very Good;H;VS1;59.5;63;7.44;7.51;4.45;9896
1.26;Premium;F;VS1;62.7;58;6.86;6.93;4.32;9896
1.04;Ideal;E;VVS2;62.4;56;6.51;6.47;4.05;9897
1.52;Good;H;SI1;63.8;60;7.24;7.3;4.64;9898
1.52;Good;H;SI1;63.6;57;7.25;7.3;4.63;9898
1.76;Very Good;I;SI2;62;57;7.7;7.74;4.78;9898
1.6;Very Good;E;SI2;62;57;7.47;7.54;4.65;9900
1.5;Very Good;E;SI2;60.7;55;7.39;7.44;4.5;9900
1.5;Premium;E;SI2;61.2;59;7.36;7.41;4.52;9900
1.5;Premium;I;VS1;62.7;59;7.25;7.3;4.56;9900
1.5;Ideal;I;VS1;61.3;57;7.32;7.35;4.5;9900
1.16;Ideal;G;IF;62.3;55;6.73;6.79;4.21;9901
1.16;Ideal;G;IF;62;57;6.7;6.73;4.16;9901
1.1;Very Good;D;VS1;59.7;58;6.69;6.72;4;9901
1.7;Ideal;I;SI1;62.9;57;7.57;7.5;4.74;9901
1.6;Ideal;I;SI1;62.4;56;7.52;7.48;4.68;9901
1.7;Premium;J;VS2;61;59;7.66;7.62;4.66;9901
1.04;Ideal;E;VVS2;61;57;6.61;6.57;4.02;9901
1;Premium;F;VVS1;61;60;6.43;6.39;3.91;9901
1.5;Very Good;F;SI1;62.8;56;7.26;7.33;4.58;9904
1.2;Very Good;E;VS1;59.4;56;6.94;7;4.14;9904
2.04;Premium;G;I1;62.4;58;8.17;8.08;5.07;9905
1.26;Ideal;G;VS1;61.9;55;6.96;6.91;4.29;9907
1.01;Very Good;F;VVS1;62.1;58;6.37;6.41;3.97;9908
1.5;Good;I;VVS2;63.3;58;7.24;7.27;4.59;9909
1.56;Premium;E;SI2;62.4;60;7.36;7.41;4.61;9909
1.3;Premium;F;VS2;60.4;59;7.06;7.12;4.28;9909
1.57;Ideal;I;VS2;61.5;56;7.49;7.56;4.63;9912
1.2;Ideal;D;VS2;62.3;56;6.81;6.78;4.23;9912
1.24;Premium;F;VS1;60.1;59;7.02;6.99;4.21;9916
1.24;Premium;D;VS2;59.3;58;7.09;7.03;4.19;9916
1.19;Ideal;G;VS1;62.4;54;6.78;6.81;4.24;9918
1;Premium;D;VVS2;63;59;6.38;6.35;4.01;9918
1;Premium;D;VVS2;59.9;61;6.5;6.42;3.87;9918
1.22;Ideal;F;VS1;62.3;57;6.79;6.83;4.24;9920
1.23;Ideal;G;VVS2;62.2;56.1;6.8;6.87;4.25;9921
1.23;Ideal;G;VVS2;62.4;55;6.8;6.88;4.27;9921
1.59;Very Good;I;SI1;62.4;56;7.46;7.48;4.66;9925
3.01;Premium;F;I1;62.2;56;9.24;9.13;5.73;9925
1.5;Ideal;I;SI1;61.5;57;7.4;7.35;4.54;9926
1.54;Premium;F;SI1;62.8;58;7.35;7.32;4.61;9926
1.01;Very Good;E;VVS2;61.7;60;6.32;6.35;3.91;9930
1.24;Premium;F;VS1;58;58;7.16;7.02;4.11;9930
1.11;Ideal;G;IF;61.9;55;6.64;6.68;4.12;9931
1.03;Ideal;E;VVS2;61.7;54;6.49;6.52;4.02;9932
1.25;Ideal;D;VS2;62.6;56;6.84;6.87;4.29;9933
1.17;Premium;D;VS1;61.7;59;6.72;6.77;4.16;9934
1.2;Ideal;D;VS2;61.4;56;6.88;6.79;4.2;9935
1.51;Very Good;E;SI2;62.3;62;7.15;7.26;4.49;9936
1.7;Premium;J;VS2;62.8;59;7.6;7.55;4.76;9939
1.21;Very Good;G;VVS2;59.3;58;7.01;7.05;4.17;9942
1.54;Ideal;I;SI1;63.5;61;7.29;7.33;4.64;9942
1.6;Very Good;H;SI1;63.2;55;7.46;7.41;4.7;9946
1.5;Good;H;SI1;64.3;60;7.23;7.14;4.62;9946
1.52;Ideal;F;SI2;61.9;57;7.33;7.37;4.55;9948
1.52;Premium;G;SI1;61.6;57;7.4;7.33;4.54;9952
1.5;Premium;G;SI1;62.9;55;7.28;7.24;4.57;9954
1.21;Ideal;G;VVS2;59.4;59;6.92;7.01;4.14;9954
1.5;Premium;G;SI1;60;61;7.48;7.43;4.47;9954
1.5;Premium;G;SI1;62.9;56;7.34;7.22;4.58;9954
1.22;Ideal;G;VS2;60.1;57;6.96;7.01;4.2;9954
1.5;Good;G;SI1;59.7;65;7.46;7.34;4.42;9954
1.01;Very Good;E;VS1;63.1;56;6.44;6.39;4.05;9955
1.87;Ideal;J;SI1;62.3;57;7.82;7.88;4.89;9955
1.52;Premium;D;SI2;59.1;58;7.48;7.45;4.41;9959
1.5;Very Good;D;SI2;59.8;63;7.44;7.38;4.43;9959
1.56;Premium;I;VS1;61.7;59;7.46;7.41;4.59;9959
1.52;Premium;H;SI1;60.1;60;7.45;7.39;4.46;9959
1.5;Very Good;I;VS2;63.8;59;7.29;7.23;4.63;9960
1.61;Premium;I;VS1;62.2;58;7.46;7.55;4.67;9961
1.61;Ideal;E;SI2;61.6;56;7.54;7.62;4.67;9961
1.01;Very Good;D;VVS2;60.2;58;6.51;6.57;3.94;9965
1.01;Very Good;F;IF;59.6;62;6.47;6.56;3.88;9965
1.15;Ideal;E;VS2;61.4;57;6.73;6.76;4.14;9967
2.06;Premium;F;I1;58.7;61;8.33;8.31;4.88;9967
1.2;Very Good;G;VVS1;61.8;55;6.79;6.83;4.21;9968
1.65;Premium;G;SI2;62.2;58;7.62;7.55;4.72;9970
1.53;Very Good;G;SI1;62.5;56;7.32;7.36;4.59;9971
1.01;Very Good;F;IF;63.5;59;6.29;6.41;4.03;9972
1.59;Ideal;I;VS2;61.1;55;7.54;7.48;4.59;9972
1.59;Premium;F;SI2;60.3;59;7.6;7.55;4.57;9972
1.52;Very Good;H;SI1;62.5;59;7.26;7.37;4.57;9973
1.58;Ideal;I;SI2;60.9;59;7.48;7.55;4.58;9973
1.71;Very Good;H;VS1;63.5;59;7.59;7.52;4.8;9974
1.76;Ideal;H;SI1;62.2;56;7.73;7.7;4.8;9974
1.51;Very Good;I;VS1;60.7;60;7.43;7.49;4.53;9979
1.8;Good;I;SI2;63.2;58;7.66;7.75;4.87;9979
1.32;Premium;G;VS1;60.6;57;7.14;7.09;4.31;9979
1.32;Ideal;G;VS1;62.6;56;7.05;7;4.4;9979
1.02;Premium;F;VVS1;60.8;58;6.56;6.46;3.96;9980
1.2;Very Good;G;IF;59.4;61;6.92;6.95;4.12;9987
1.5;Very Good;H;SI1;61;55;7.35;7.44;4.51;9987
1.33;Premium;G;VS1;60.2;60;7.2;7.12;4.31;9992
1.25;Ideal;F;VS1;61.7;56;6.93;6.92;4.27;9996
1.5;Ideal;F;SI2;62.9;55;7.28;7.26;4.57;9996
1.5;Very Good;G;SI1;62.8;57;7.19;7.3;4.55;9996
1.7;Premium;I;VS2;62.5;58;7.52;7.45;4.68;9996
1.7;Fair;F;SI2;64.5;57;7.55;7.51;4.86;9996
1.06;Very Good;E;VVS2;61.8;58;6.52;6.56;4.04;9997
1.54;Ideal;I;VS2;61.9;55.8;7.38;7.43;4.58;9998
1.23;Very Good;G;VVS2;62.2;57;6.8;6.87;4.25;9999
1.26;Ideal;F;VS2;61.2;57;6.96;6.99;4.27;9999
2;Good;G;SI2;64.2;60;7.89;7.81;5.04;9999
1.51;Good;H;VS2;64;59;7.25;7.19;4.62;10000
1.7;Ideal;J;VS2;60.5;58;7.73;7.74;4.68;10002
1.03;Ideal;E;VVS2;60.6;59;6.5;6.53;3.95;10003
1.23;Very Good;G;VVS2;60.6;55;6.93;7.02;4.23;10004
1.25;Ideal;F;VS2;61.6;55;6.93;6.96;4.28;10006
2.01;Very Good;I;SI2;61.4;63;8.19;7.96;4.96;10009
1.21;Very Good;F;VS1;62.3;58;6.76;6.85;4.24;10009
1.51;Premium;I;VS2;59.9;60;7.42;7.36;4.43;10010
1.01;Fair;D;SI2;64.6;58;6.25;6.2;4.02;10011
1.05;Ideal;F;VVS2;60.5;55;6.67;6.58;4.01;10011
1.6;Ideal;J;VS1;62;53;7.57;7.56;4.69;10011
1.51;Premium;H;SI1;61.2;60;7.46;7.37;4.54;10012
1.35;Premium;G;VS1;62.1;59;7.06;7.02;4.37;10012
1.51;Very Good;E;SI2;63.2;56;7.32;7.26;4.61;10012
1.51;Premium;H;SI1;61.3;60;7.33;7.29;4.48;10012
1.51;Ideal;H;SI1;61.3;56;7.44;7.4;4.55;10012
1.53;Premium;I;VS2;62;58;7.36;7.41;4.58;10013
1.13;Ideal;F;VS1;60.9;57;6.73;6.76;4.11;10016
1.21;Premium;F;VS1;62.6;59;6.81;6.76;4.25;10018
1.01;Very Good;F;VVS1;62.9;57;6.35;6.41;4.01;10019
1.5;Very Good;G;SI1;60.1;61;7.28;7.4;4.41;10019
1.5;Very Good;G;SI1;62.1;58;7.26;7.3;4.52;10019
1.04;Ideal;E;VVS2;62.9;55;6.47;6.51;4.08;10019
1.26;Very Good;G;VVS2;60.9;56;6.95;7.01;4.25;10020
1.51;Premium;G;SI1;58.7;60;7.55;7.48;4.41;10020
1.51;Premium;H;SI1;60.7;59;7.43;7.39;4.5;10020
1.51;Premium;G;SI1;60.6;58;7.47;7.39;4.5;10020
1.51;Premium;G;SI1;59.7;58;7.5;7.45;4.46;10020
1.51;Premium;G;SI1;62;58;7.31;7.26;4.52;10020
1.5;Very Good;H;VS2;60.9;59;7.37;7.43;4.51;10023
1.12;Premium;F;VVS2;62.4;59;6.58;6.66;4.13;10028
1.27;Premium;F;VS1;60.3;58;7.06;7.04;4.25;10028
1.02;Very Good;E;IF;61.7;60;6.38;6.52;3.98;10029
1.66;Premium;G;SI2;59.1;58;7.77;7.69;4.57;10030
1.03;Very Good;F;IF;62.8;57;6.4;6.47;4.04;10032
1.52;Very Good;I;VS1;62.9;59.9;7.27;7.31;4.59;10032
1.24;Premium;F;VS1;62.5;58;6.87;6.83;4.28;10033
1.23;Very Good;F;VS1;62;59;6.84;6.87;4.25;10035
1.54;Very Good;G;SI1;61.3;59;7.38;7.41;4.53;10036
1.5;Good;G;VS1;63.6;57;7.23;7.14;4.57;10036
1.22;Ideal;G;VVS2;62.3;56;6.81;6.84;4.25;10038
1.3;Ideal;G;VS1;62;55;6.98;7.02;4.34;10038
1.5;Premium;H;SI1;59;62;7.39;7.31;4.56;10038
1.59;Premium;I;VS2;60.2;60;7.58;7.61;4.57;10039
2.09;Premium;I;SI2;60.1;59;8.34;8.3;5;10042
1.83;Premium;I;VS2;60.5;60;7.93;7.86;4.78;10043
1.07;Ideal;E;VVS2;61.4;56;6.65;6.55;4.05;10043
1.76;Premium;I;SI2;62;58;7.76;7.72;4.8;10043
1.51;Very Good;H;VS1;61.5;54;7.34;7.42;4.54;10045
1.5;Very Good;E;SI1;60.5;63;7.42;7.35;4.48;10046
1.08;Ideal;F;VVS2;61.6;57;6.57;6.6;4.06;10046
1;Very Good;F;IF;63.2;63;6.26;6.24;3.95;10046
1;Premium;D;VVS2;61.6;60;6.41;6.36;3.93;10046
1.03;Ideal;F;VVS2;61.1;57;6.51;6.54;3.99;10049
1.52;Very Good;I;VS2;62.3;58;7.32;7.28;4.55;10051
1.77;Ideal;D;SI2;60.9;53;7.92;7.85;4.8;10051
1.08;Ideal;F;VVS2;62.1;55;6.57;6.6;4.09;10052
1.2;Premium;G;VVS2;62.8;59;6.72;6.65;4.2;10053
1.51;Very Good;H;SI1;63.3;57;7.23;7.34;4.61;10053
1.11;Ideal;G;IF;61.2;54;6.71;6.73;4.11;10053
1.2;Premium;E;VS1;60.7;57;6.89;6.81;4.16;10053
1.2;Premium;G;VVS2;61.2;58;6.88;6.84;4.2;10053
1.71;Premium;I;VS1;60.3;62;7.76;7.7;4.66;10055
1.89;Premium;G;SI2;62.9;58;7.87;7.81;4.93;10055
1;Ideal;F;VVS1;62.3;53;6.37;6.43;3.99;10058
1.07;Ideal;F;VVS2;62.3;57;6.56;6.58;4.09;10061
1.66;Premium;J;VVS2;62.6;59;7.58;7.54;4.73;10062
1.53;Ideal;H;SI1;59.8;59;7.48;7.54;4.49;10063
1.51;Premium;H;SI1;58;59;7.57;7.54;4.38;10063
1.6;Premium;D;SI2;61.9;58;7.54;7.49;4.65;10064
1.2;Premium;F;VVS2;60.5;60;6.98;6.87;4.19;10064
1.09;Premium;G;IF;61.3;58;6.64;6.6;4.06;10065
1.11;Very Good;F;VVS1;62.5;59;6.59;6.63;4.13;10069
1.34;Ideal;G;VS1;62.7;57;7.1;7.04;4.43;10070
1.31;Premium;G;VS1;61.5;59;7.06;7;4.32;10071
1.31;Ideal;G;VS1;62.2;56;7.05;7.01;4.37;10071
1.31;Ideal;G;VS1;61.5;57;7.06;7.02;4.33;10071
2.52;Fair;G;I1;66.9;57;8.39;8.33;5.6;10076
1.53;Very Good;H;VS1;59.5;63;7.51;7.44;4.45;10076
1.26;Premium;F;VS1;62.7;58;6.93;6.86;4.32;10076
1.73;Ideal;J;VS2;63;57;7.64;7.6;4.8;10076
1.52;Premium;H;SI1;62.5;58;7.33;7.29;4.57;10078
1.6;Very Good;H;SI1;63.1;58;7.45;7.39;4.68;10078
1.52;Good;H;SI1;63.6;57;7.3;7.25;4.63;10078
1.52;Good;H;SI1;63.8;60;7.3;7.24;4.64;10078
1.19;Ideal;D;VS1;61.1;57;6.84;6.87;4.19;10079
1.5;Very Good;E;SI2;63.5;60;7.25;7.21;4.59;10080
1.5;Ideal;I;VS1;61.3;57;7.35;7.32;4.5;10080
1.5;Premium;I;VS1;62.7;59;7.3;7.25;4.56;10080
1.5;Premium;E;SI2;59.5;55;7.51;7.47;4.46;10080
1.5;Premium;H;SI1;61.4;58;7.41;7.28;4.51;10080
1.5;Ideal;H;VS1;61.3;55;7.37;7.34;4.51;10080
1.5;Premium;E;SI2;61.2;59;7.41;7.36;4.52;10080
0.32;Ideal;H;VVS2;61.4;54;4.4;4.43;2.71;628
0.35;Ideal;I;VVS1;61.6;55;4.55;4.58;2.81;628
0.42;Ideal;J;VS2;62;55;4.81;4.87;3;628
0.34;Ideal;G;VS2;61;55;4.56;4.58;2.79;628
0.32;Ideal;G;VS1;61.4;56;4.42;4.47;2.73;628
0.38;Ideal;E;SI2;62.1;54.1;4.64;4.69;2.9;628
0.38;Ideal;E;SI2;61.8;56;4.62;4.66;2.87;628
0.31;Ideal;F;SI1;62;54;4.36;4.38;2.71;628
0.39;Ideal;E;SI1;61.1;55;4.74;4.75;2.9;628
0.32;Good;G;VS1;57;62;4.51;4.54;2.58;628
0.34;Ideal;H;SI1;62.6;56;4.48;4.46;2.8;628
0.34;Very Good;H;SI1;63.3;56;4.46;4.45;2.82;628
0.34;Ideal;H;SI1;60.7;56;4.58;4.52;2.76;628
0.34;Good;H;SI1;63.7;57;4.45;4.44;2.83;628
0.31;Premium;H;VS2;61.9;58;4.39;4.37;2.71;628
0.31;Ideal;H;VS2;62;57;4.38;4.33;2.7;628
0.31;Premium;H;VS2;59.7;61;4.42;4.39;2.63;628
0.31;Ideal;I;VS1;61.6;55;4.36;4.34;2.68;628
0.31;Ideal;I;VS1;61.9;54;4.38;4.34;2.7;628
0.31;Premium;I;VS1;60.8;59;4.41;4.37;2.67;628
0.31;Premium;I;VS1;59.2;60;4.45;4.4;2.62;628
0.31;Ideal;I;VS1;62.8;55;4.35;4.31;2.72;628
0.31;Very Good;I;VS1;63.2;56;4.33;4.28;2.72;628
0.31;Premium;I;VS1;63;58;4.32;4.29;2.71;628
0.31;Premium;I;VS1;62.6;59;4.33;4.29;2.7;628
0.31;Premium;I;VS1;62.3;59;4.35;4.29;2.69;628
0.31;Good;I;VS1;63.7;55;4.33;4.3;2.75;628
0.31;Ideal;I;VS1;62.8;57;4.32;4.28;2.7;628
0.31;Good;I;VS1;63.9;56;4.3;4.28;2.74;628
0.31;Good;I;VS1;63.8;56;4.32;4.27;2.74;628
1.5;Premium;E;SI2;60.7;55;7.44;7.39;4.5;10080
1.5;Fair;E;SI2;66.3;60;7.09;7.02;4.68;10080
1.16;Ideal;G;IF;62.3;55;6.79;6.73;4.21;10082
1.16;Ideal;G;IF;62;57;6.73;6.7;4.16;10082
1.21;Premium;D;VS1;60.2;59;6.89;6.86;4.14;10083
1.71;Premium;H;VS2;59.2;61;7.83;7.77;4.62;10084
1.72;Good;G;SI2;62.8;59.3;7.55;7.62;4.76;10084
1.74;Ideal;E;SI2;62.3;57;7.8;7.7;4.83;10085
1.51;Good;G;SI1;63.3;58;7.2;7.26;4.58;10085
1.74;Very Good;H;SI2;62.1;59;7.65;7.78;4.79;10086
1.5;Premium;G;SI1;62.7;58;7.28;7.23;4.55;10087
1.51;Good;E;SI1;60.4;61;7.33;7.37;4.44;10088
1.82;Very Good;J;VS1;62.2;56;7.83;7.96;4.91;10090
1.51;Very Good;H;VS2;61.9;57;7.32;7.36;4.54;10090
1.3;Ideal;F;VS2;62.2;56;6.98;6.94;4.33;10090
1.3;Premium;F;VS2;60.4;59;7.12;7.06;4.28;10090
1.5;Very Good;I;VVS2;63.3;58;7.27;7.24;4.59;10090
1.56;Premium;E;SI2;62.4;60;7.41;7.36;4.61;10090
1.5;Premium;D;SI2;59.9;60;7.48;7.41;4.46;10090
1.7;Premium;G;SI2;58.9;62;7.79;7.72;4.57;10091
1.57;Ideal;I;VS2;61.5;56;7.56;7.49;4.63;10093
1.07;Ideal;F;VVS2;60.3;55;6.65;6.68;4.02;10093
1.31;Very Good;E;VS2;63.1;56;6.95;6.9;4.37;10094
1.49;Premium;H;SI1;61.9;57;7.35;7.31;4.54;10096
1.71;Ideal;I;SI2;62.1;58;7.64;7.56;4.72;10096
1.51;Ideal;H;SI1;61.9;58;7.33;7.37;4.55;10096
1.33;Good;G;VS1;62.8;60;6.87;6.92;4.33;10096
1.53;Premium;I;VS1;61.2;59;7.39;7.41;4.53;10098
1.75;Very Good;I;SI2;61.2;57;7.71;7.76;4.73;10098
1.61;Ideal;I;VS2;62.5;57;7.49;7.43;4.66;10098
1.31;Ideal;G;VS1;61.9;56;7.03;7.13;4.38;10099
1.22;Ideal;F;VS1;62.3;57;6.83;6.79;4.24;10100
1.64;Good;I;SI1;57.9;61;7.78;7.74;4.49;10102
1.07;Ideal;E;VVS2;61.7;57;6.55;6.61;4.06;10104
1.59;Ideal;I;SI1;62.4;56;7.48;7.46;4.66;10106
1.59;Very Good;I;VS2;60.5;63;7.52;7.45;4.53;10106
1.8;Very Good;J;SI1;61.4;55;7.86;7.8;4.81;10107
1.79;Ideal;J;SI1;59.8;61;7.87;7.91;4.72;10108
1.22;Premium;G;VVS2;62;58;6.9;6.85;4.26;10111
1.09;Premium;E;VVS2;59.9;59;6.73;6.7;4.02;10111
1.58;Very Good;I;VS1;61.8;57;7.5;7.56;4.64;10112
1;Very Good;D;VVS2;61.7;58;6.37;6.41;3.94;10113
1.23;Ideal;G;VVS1;63.2;56;6.78;6.83;4.3;10113
1.51;Very Good;E;SI1;63.1;56;7.24;7.22;4.56;10113
1.25;Ideal;D;VS2;62.6;56;6.87;6.84;4.29;10114
1.17;Premium;D;VS1;61.7;59;6.77;6.72;4.16;10115
1.51;Very Good;G;SI1;63.3;60;7.2;7.24;4.57;10116
1.51;Premium;D;SI1;62.2;59;7.34;7.29;4.55;10122
1.5;Ideal;D;SI2;63;56;7.3;7.25;4.58;10122
1.28;Ideal;G;VS1;62.1;57;6.91;6.94;4.3;10126
1.43;Ideal;H;VVS2;61.6;54;7.25;7.29;4.48;10129
1.51;Good;H;VS1;59.9;61;7.34;7.39;4.41;10129
1.52;Ideal;F;SI2;61.9;57;7.37;7.33;4.55;10129
1.52;Very Good;I;VS2;61.7;55;7.39;7.32;4.54;10130
1.04;Very Good;D;VVS2;60.8;58;6.49;6.53;3.96;10130
1.07;Ideal;E;VVS2;62.3;56;6.51;6.61;4.09;10133
1.66;Very Good;H;SI1;62.8;56;7.53;7.57;4.74;10134
1.5;Good;F;VS2;64;56;7.18;7.13;4.64;10134
1;Premium;E;VVS1;60.3;54;6.59;6.47;3.94;10134
1.87;Ideal;J;SI1;62.3;57;7.88;7.82;4.89;10137
1.21;Premium;E;VS1;60.3;58;6.95;6.91;4.18;10137
1.24;Ideal;F;VS1;61.5;54;6.93;6.89;4.25;10138
1.24;Ideal;F;VS1;60.9;54;6.98;6.95;4.24;10138
1.5;Very Good;G;SI1;63.1;59;7.22;7.27;4.57;10139
1.11;Very Good;F;VVS1;59.7;55;6.77;6.82;4.06;10141
1.1;Ideal;D;VS1;61.9;56;6.58;6.61;4.09;10144
1.52;Very Good;H;SI1;62.5;58;7.28;7.34;4.57;10145
1.53;Ideal;H;SI1;62.9;60;7.36;7.28;4.61;10145
1.5;Very Good;I;IF;62.9;58;7.21;7.31;4.57;10147
1.01;Premium;D;VVS2;60.2;58;6.57;6.51;3.94;10147
1.51;Ideal;E;SI2;62.6;53;7.4;7.32;4.61;10147
1.57;Premium;H;SI1;62.2;61;7.38;7.32;4.57;10149
1.52;Very Good;G;SI1;62.5;58;7.26;7.3;4.55;10150
1.68;Premium;I;SI1;61.5;59;7.63;7.58;4.68;10151
1.53;Ideal;H;SI1;62.3;57;7.41;7.36;4.6;10153
1.31;Ideal;G;VS1;60.5;57;7.1;7.14;4.31;10155
1.2;Premium;D;VS2;61.1;58;6.85;6.83;4.18;10161
1.8;Very Good;I;SI2;63.2;58;7.75;7.66;4.87;10161
1.83;Premium;H;SI1;60.4;59;7.89;7.85;4.75;10162
1.5;Very Good;I;VS1;62.2;59;7.27;7.3;4.53;10164
1.54;Premium;I;VS1;61.6;58;7.39;7.42;4.56;10164
1.54;Good;I;VS1;63.6;60;7.3;7.33;4.65;10164
1.5;Ideal;I;VS1;62;54;7.32;7.38;4.56;10164
1.67;Very Good;I;VS2;60.7;60;7.61;7.68;4.64;10165
1.7;Very Good;J;VS1;62.9;58;7.54;7.67;4.79;10165
1.61;Premium;J;IF;62.1;58;7.47;7.53;4.66;10165
1.2;Premium;G;IF;59.4;61;6.95;6.92;4.12;10169
1.53;Ideal;I;VS1;60.2;60;7.51;7.48;4.51;10171
1.2;Very Good;F;VVS2;63.8;58;6.67;6.69;4.26;10173
1.21;Ideal;F;VS2;61.5;54;6.88;6.89;4.24;10177
2.19;Premium;J;SI2;58.8;58;8.57;8.53;5.03;10179
1.52;Premium;E;SI1;60.2;58;7.44;7.37;4.46;10180
1.01;Good;G;VS2;63.6;56;6.31;6.24;3.99;10181
2.02;Ideal;I;SI2;62.6;56;8.05;8.01;5.03;10181
2.09;Premium;H;SI2;61;60;8.28;8.19;5.02;10182
2.01;Fair;H;SI2;64.9;56;7.88;7.81;5.09;10184
2.01;Fair;H;SI2;64.9;56;7.88;7.81;5.09;10184
2.01;Good;I;SI1;64.1;60;7.92;7.88;5.06;10184
2.01;Good;I;SI1;64.1;60;7.92;7.88;5.06;10184
2.01;Very Good;H;SI2;63.1;59;7.96;7.88;5;10184
1.24;Very Good;E;VS1;62;58;6.9;6.96;4.3;10185
1.51;Ideal;H;VS1;61.2;58;7.36;7.42;4.52;10186
1.35;Ideal;G;VS1;61.5;56;7.12;7.15;4.39;10193
1.53;Premium;I;VS2;62;58;7.41;7.36;4.58;10196
1.09;Ideal;F;VVS2;62;56;6.63;6.6;4.1;10196
1.01;Ideal;F;VVS1;60.5;60;6.45;6.47;3.91;10197
1.58;Ideal;I;VS2;61.4;55;7.49;7.55;4.62;10197
1.61;Ideal;F;SI1;60.9;57;7.58;7.51;4.6;10197
1.57;Very Good;H;SI1;62;60;7.4;7.44;4.6;10200
1.24;Premium;G;VVS2;59.9;60;6.98;7;4.19;10202
1.24;Very Good;E;VS1;59.9;61;6.96;6.99;4.18;10202
1.27;Premium;G;VVS2;61;58;6.96;7.01;4.26;10203
1.08;Very Good;F;VVS1;61;58;6.64;6.61;4.04;10204
1.5;Very Good;H;VS2;63.4;57;7.27;7.2;4.59;10206
1.5;Fair;H;VS2;65.2;58;7.12;7.06;4.62;10206
1.5;Premium;D;SI2;60.5;59;7.37;7.27;4.43;10206
1.57;Ideal;I;VS1;62.3;57;7.44;7.48;4.65;10209
1.56;Ideal;F;SI2;61.6;56;7.41;7.45;4.58;10210
1.51;Ideal;E;SI2;62.5;57;7.29;7.34;4.57;10210
1.12;Premium;F;VVS2;62.4;59;6.66;6.58;4.13;10211
1.52;Premium;E;SI2;61;59;7.39;7.33;4.49;10214
1.52;Ideal;I;VS1;62.9;60;7.31;7.27;4.59;10214
1.52;Very Good;E;SI2;63.3;58;7.31;7.25;4.61;10214
1.5;Ideal;E;SI1;62.3;57;7.33;7.28;4.55;10214
1.2;Ideal;E;VS2;61.3;56;6.89;6.84;4.21;10214
1.51;Very Good;I;VS1;61.1;61;7.32;7.37;4.49;10215
1.63;Very Good;H;SI1;59.8;60;7.64;7.68;4.58;10216
1.51;Good;G;SI1;58.8;62;7.4;7.49;4.38;10216
1.55;Fair;F;SI1;59.7;66;7.59;7.47;4.49;10217
1.5;Ideal;G;SI1;61.7;56;7.36;7.32;4.53;10219
1.54;Premium;G;SI1;61.3;59;7.41;7.38;4.53;10219
1.5;Premium;G;SI1;60.2;61;7.28;7.2;4.36;10219
1.01;Premium;D;VVS2;62.4;60;6.31;6.36;3.95;10221
1.52;Premium;G;SI1;62.3;58;7.35;7.31;4.57;10221
1.3;Ideal;G;VS1;62;55;7.02;6.98;4.34;10221
1.22;Ideal;G;VVS2;62.3;56;6.84;6.81;4.25;10221
1.07;Ideal;E;VVS2;61.3;56;6.53;6.6;4.02;10222
1.59;Premium;I;VS2;60.2;60;7.61;7.58;4.57;10222
1.53;Premium;H;VS2;59.3;59;7.53;7.59;4.48;10224
1.53;Premium;H;VS2;59.8;58;7.49;7.52;4.49;10224
1.51;Very Good;H;VS2;62.8;58;7.21;7.28;4.55;10225
1.37;Very Good;G;VS1;58.3;60;7.3;7.35;4.27;10226
1.13;Ideal;G;IF;61.7;57;6.65;6.7;4.12;10228
1.51;Ideal;I;SI1;61.8;56;7.37;7.34;4.55;10232
1.21;Ideal;G;VVS1;60.2;57;7.02;6.94;4.2;10232
1.51;Premium;G;SI1;62.5;60;7.28;7.32;4.56;10235
1.61;Ideal;I;SI1;62.4;55;7.49;7.52;4.68;10236
1.12;Ideal;F;VVS2;60.4;56;6.82;6.78;4.11;10236
1.6;Very Good;I;VS1;62.3;59;7.46;7.51;4.66;10238
1.52;Ideal;H;SI1;61.4;55;7.38;7.48;4.56;10239
1.16;Ideal;D;VS1;61.2;58;6.73;6.76;4.13;10241
1.31;Ideal;F;VS2;59.6;60;7.06;7.16;4.24;10243
1.35;Ideal;G;VS1;62.2;57;7.09;7.05;4.4;10244
1.21;Premium;F;VS1;61.9;58;6.82;6.76;4.2;10245
1.09;Ideal;F;VVS2;62.1;56;6.55;6.59;4.08;10246
1.7;Very Good;H;SI2;60.8;56;7.67;7.72;4.68;10255
1.34;Ideal;H;VVS1;62.1;56;7.05;7.11;4.4;10255
1.5;Good;H;VS1;63.4;59;7.2;7.29;4.59;10256
1.21;Ideal;G;VVS2;60.6;56;6.9;6.89;4.18;10256
1.14;Premium;E;VVS2;59.7;58;6.83;6.91;4.1;10258
1.04;Very Good;F;IF;63;55;6.36;6.53;4.06;10264
1.07;Ideal;D;VVS2;61.3;58;6.55;6.64;4.04;10266
1.51;Premium;G;SI1;60.6;60;7.45;7.41;4.5;10267
1.72;Ideal;G;SI2;62.8;59;7.62;7.55;4.76;10268
1.74;Premium;H;SI2;62.1;59;7.78;7.65;4.79;10270
1.5;Good;G;SI1;62.9;58;7.17;7.3;4.55;10271
1.51;Premium;H;SI1;62.3;59;7.29;7.23;4.52;10274
1.55;Ideal;D;SI2;61.1;56;7.45;7.48;4.56;10275
1.23;Very Good;F;VS1;60.8;58;6.9;6.94;4.21;10276
1.51;Good;H;SI1;61.5;61;7.29;7.34;4.5;10277
1.55;Premium;H;SI1;61.8;59;7.45;7.38;4.58;10277
1.57;Ideal;I;VS2;62.7;56;7.36;7.4;4.63;10278
1.61;Premium;D;SI2;61.3;58;7.56;7.49;4.61;10278
1.54;Very Good;H;SI1;62.2;58;7.32;7.45;4.59;10279
1.63;Ideal;D;SI2;59.4;59;7.73;7.67;4.57;10281
1.53;Premium;I;VS1;61.2;59;7.41;7.39;4.53;10282
2.04;Ideal;I;SI2;62.8;57;8.11;8.07;5.08;10282
1.21;Very Good;F;VS2;60.1;58;6.85;6.92;4.14;10283
1.01;Ideal;E;VVS2;61.4;56;6.49;6.45;3.97;10283
1.59;Ideal;H;SI1;61.4;55;7.56;7.51;4.63;10284
1.26;Very Good;F;VS1;62.5;58;6.83;6.94;4.3;10284
1.25;Very Good;E;VS1;61.5;59;6.91;6.95;4.26;10285
1.55;Ideal;I;VS1;61.2;55;7.49;7.47;4.58;10286
1.6;Premium;F;SI2;58.7;58;7.76;7.68;4.53;10286
1.07;Ideal;E;VVS2;61.7;57;6.61;6.55;4.06;10288
1.5;Good;H;VS2;63.6;58;7.22;7.27;4.61;10291
1.5;Good;H;VS2;61.2;61;7.25;7.32;4.46;10291
1.5;Premium;H;VS2;62.2;58;7.27;7.36;4.55;10291
1.5;Premium;H;VS2;60.8;59;7.34;7.36;4.47;10291
1.52;Premium;D;SI2;59.2;62;7.51;7.46;4.43;10291
1.08;Ideal;E;VS1;61.7;55;6.58;6.61;4.07;10292
1.61;Very Good;E;SI2;62.6;60;7.39;7.49;4.66;10293
1.21;Ideal;G;VVS1;61;57;6.87;6.93;4.21;10295
1.08;Ideal;E;VVS2;62.5;57;6.52;6.57;4.09;10300
1.52;Premium;I;VS1;60.6;57;7.51;7.44;4.53;10300
1.46;Ideal;G;VS2;62.3;56;7.28;7.2;4.51;10302
1.5;Good;D;SI2;61.9;61;7.31;7.38;4.55;10302
1.26;Premium;G;VVS2;62.7;58;6.95;6.86;4.33;10302
1.23;Ideal;G;VVS2;60.3;57;6.98;6.97;4.21;10304
1.23;Ideal;G;VVS2;61;57;6.93;6.9;4.22;10304
1.12;Ideal;G;VVS2;61.5;57;6.65;6.67;4.1;10305
2.14;Premium;J;SI2;58.4;58;8.52;8.5;4.97;10306
1.52;Premium;D;SI2;61.4;54;7.51;7.43;4.59;10308
1.18;Ideal;G;VVS2;61.3;55;6.86;6.81;4.19;10308
1.59;Very Good;I;VS2;61.1;58.6;7.49;7.53;4.59;10309
1.71;Ideal;J;VS1;62.4;56;7.59;7.63;4.75;10309
1.4;Ideal;G;VS2;61.7;56;7.2;7.25;4.46;10311
1.86;Ideal;J;VS2;62.6;56;7.95;7.87;4.95;10312
1.08;Ideal;E;VVS2;61.8;56;6.55;6.59;4.06;10313
1.14;Ideal;G;IF;61.1;57;6.7;6.76;4.11;10313
1.51;Very Good;H;SI1;62.8;55;7.29;7.32;4.59;10314
1.09;Ideal;E;VVS2;61.6;56;6.6;6.64;4.08;10314
1.04;Premium;D;VVS2;60.8;58;6.53;6.49;3.96;10314
1.54;Premium;E;SI1;62.7;58;7.37;7.3;4.6;10314
1.15;Ideal;F;VS1;61.1;55;6.76;6.82;4.15;10316
1.52;Ideal;F;SI2;61.8;58;7.38;7.4;4.57;10316
1.69;Very Good;E;SI2;62.6;59;7.53;7.61;4.74;10317
1.23;Ideal;G;VVS2;62.2;55;6.86;6.9;4.28;10317
1.23;Ideal;G;VVS2;62.7;56;6.81;6.84;4.28;10317
1.51;Very Good;H;VS2;63;57;7.25;7.3;4.58;10319
1.27;Very Good;G;VVS2;61.5;58;6.9;6.96;4.26;10321
1.13;Ideal;F;VVS2;61.4;56;6.77;6.72;4.14;10327
1.1;Very Good;F;VVS1;62.2;59;6.56;6.69;4.12;10329
1.52;Premium;H;SI1;60.1;60;7.47;7.45;4.48;10330
1.52;Premium;H;SI1;62.5;58;7.34;7.28;4.57;10330
1.7;Premium;I;SI1;62;59;7.59;7.64;4.72;10331
1.51;Very Good;H;SI1;60.6;59;7.41;7.45;4.5;10331
1.56;Premium;H;VS2;62.4;58;7.44;7.39;4.63;10331
1.5;Premium;I;IF;62.9;58;7.31;7.21;4.57;10332
1.09;Ideal;E;VVS2;60.9;56;6.66;6.7;4.07;10333
1.56;Ideal;I;VS2;61.8;56;7.41;7.45;4.59;10333
1.7;Premium;H;VS2;60.6;58;7.72;7.65;4.66;10333
1.7;Ideal;H;VS2;62.8;55;7.61;7.54;4.76;10333
1.7;Premium;H;VS2;59;58;7.77;7.72;4.57;10333
1.21;Ideal;D;VS1;61;57;6.88;6.85;4.19;10335
1.57;Very Good;I;VS1;59.7;61;7.51;7.62;4.52;10336
1.7;Premium;H;VVS2;61.4;58;7.66;7.62;4.69;10337
1.58;Ideal;I;VS2;61.1;55;7.48;7.53;4.59;10338
1.66;Ideal;F;SI2;62.6;59;7.53;7.57;4.73;10338
1.42;Premium;F;VS1;58.4;59;7.36;7.32;4.29;10338
1.53;Ideal;E;SI2;61.2;57;7.42;7.46;4.55;10339
2.18;Very Good;E;I1;62;60;8.25;8.33;5.14;10340
1.6;Very Good;H;SI2;61.1;57;7.55;7.5;4.6;10340
1.29;Premium;F;VS1;60.9;58;6.97;7.01;4.26;10341
1.7;Very Good;I;SI1;63.1;57;7.51;7.46;4.72;10341
1.01;Premium;F;VVS1;60.8;58;6.55;6.48;3.96;10341
1.27;Ideal;G;VVS2;62.4;53.3;6.94;6.95;4.33;10342
1.17;Ideal;G;VVS1;61.7;57;6.84;6.9;4.13;10342
1.23;Ideal;F;VS2;62.4;54;6.84;6.87;4.28;10342
1.58;Ideal;H;SI1;62.5;57;7.43;7.39;4.63;10345
1.6;Very Good;I;VS2;60;58;7.61;7.68;4.59;10346
1;Very Good;F;IF;60.1;57;6.45;6.52;3.9;10346
1.65;Ideal;H;SI2;61.6;55;7.58;7.62;4.68;10349
1.54;Premium;I;VS1;61.6;58;7.42;7.39;4.56;10349
1.54;Very Good;I;VS1;61.1;63;7.43;7.36;4.52;10349
1.54;Good;I;VS1;63.6;60;7.33;7.3;4.65;10349
1.04;Premium;E;VVS1;62.5;59;6.41;6.46;4.02;10350
1.1;Ideal;D;VS2;61.7;56;6.63;6.67;4.1;10350
1.61;Premium;J;IF;62.1;58;7.53;7.47;4.66;10350
1.4;Very Good;G;VS2;60.1;62;7.16;7.25;4.33;10351
1.17;Ideal;F;VVS2;61.9;54;6.76;6.82;4.2;10351
1.21;Ideal;E;VS1;62.4;57;6.75;6.83;4.24;10351
1.5;Fair;G;SI1;64.5;57;7.15;7.09;4.59;10352
1.21;Ideal;D;VS2;60.9;60;6.91;6.86;4.19;10353
1.59;Very Good;H;SI1;62.2;58;7.45;7.48;4.64;10356
1.5;Very Good;E;SI1;63.2;59;7.24;7.2;4.56;10356
1.58;Ideal;J;VVS1;61.5;56;7.48;7.5;4.61;10357
1.63;Ideal;E;SI2;61.7;57;7.5;7.54;4.64;10357
1.31;Ideal;G;VS1;62;58;6.97;7.02;4.34;10359
1.62;Premium;I;VS1;61.7;59;7.55;7.47;4.63;10362
1.57;Ideal;E;SI2;61.4;56;7.44;7.52;4.59;10362
1.51;Very Good;D;SI2;63.3;58;7.25;7.28;4.6;10362
1.65;Ideal;I;SI1;61.7;55;7.6;7.63;4.7;10365
1.26;Premium;E;VS1;60.7;58;7.02;7.04;4.27;10367
1.26;Ideal;G;VVS2;60.7;56;7.03;7.05;4.27;10367
1.2;Ideal;F;VS1;62.1;58;6.78;6.84;4.23;10367
1.16;Ideal;G;IF;59.9;57;6.85;6.93;4.13;10368
1.26;Ideal;G;VS1;62.2;54;6.89;6.98;4.31;10371
1.5;Very Good;F;SI1;63;55;7.27;7.31;4.59;10372
1.5;Fair;D;SI1;65.1;59;7.1;7.01;4.59;10374
1.7;Premium;F;SI2;61.8;60;7.64;7.56;4.7;10377
1.4;Very Good;G;VS2;62.2;61;7.09;7.13;4.42;10378
1.21;Ideal;G;VVS2;62;56;6.8;6.84;4.23;10378
1.35;Ideal;G;VS1;61.5;56;7.15;7.12;4.39;10378
1.5;Very Good;H;SI1;60.6;60;7.45;7.36;4.49;10380
1.55;Ideal;I;VS1;61.5;54;7.42;7.58;4.61;10384
1.02;Ideal;E;VVS2;61.5;57;6.55;6.5;4.01;10384
1.1;Premium;E;VVS2;60.1;58;6.69;6.76;4.04;10387
1.24;Premium;E;VS1;59.9;61;6.99;6.96;4.18;10388
1.24;Premium;G;VVS2;59.9;60;7;6.98;4.19;10388
2.01;Ideal;I;SI1;62.8;57;8.04;7.98;5.03;10389
1.27;Premium;G;VVS2;61;58;7.01;6.96;4.26;10389
1.52;Ideal;I;VS1;60.7;60;7.4;7.42;4.5;10392
1.24;Ideal;G;VVS2;61.4;58;6.88;6.92;4.24;10395
1.13;Ideal;G;VVS2;61.6;57;6.66;6.75;4.13;10396
1.7;Premium;I;VS2;61.9;56;7.55;7.5;4.66;10396
1.56;Ideal;F;SI2;61.6;56;7.45;7.41;4.58;10396
1.53;Premium;H;SI1;59.5;59;7.53;7.46;4.46;10398
1.56;Ideal;I;VS1;61.2;59;7.43;7.5;4.57;10399
2.01;Premium;J;VS2;58.6;61;8.18;8.14;4.78;10401
0.31;Very Good;I;VS1;63.5;57;4.28;4.26;2.71;628
0.31;Ideal;H;VS2;62.2;55;4.39;4.36;2.72;628
0.31;Ideal;H;VS2;62.2;53;4.43;4.38;2.74;628
0.31;Premium;H;VS2;60;60;4.43;4.4;2.65;628
0.31;Ideal;H;VS2;62.2;55;4.39;4.35;2.72;628
0.31;Premium;H;VS2;62.5;54;4.39;4.35;2.73;628
0.31;Ideal;H;VS2;61.9;55;4.38;4.35;2.7;628
0.31;Ideal;H;VS2;62.2;55;4.37;4.35;2.71;628
0.31;Ideal;H;VS2;61.5;57;4.38;4.33;2.68;628
0.31;Ideal;H;VS2;62.6;57;4.38;4.34;2.73;628
0.31;Premium;H;VS2;62.2;59;4.38;4.34;2.71;628
0.31;Very Good;H;VS2;63.2;57;4.35;4.32;2.74;628
0.31;Premium;H;VS2;61.3;60;4.36;4.32;2.66;628
0.31;Ideal;H;VS2;62.4;55;4.36;4.33;2.71;628
0.31;Very Good;H;VS2;60.5;63;4.37;4.33;2.63;628
0.31;Ideal;H;VS2;62.1;55;4.35;4.32;2.69;628
0.31;Very Good;H;VS2;63.5;57;4.34;4.32;2.75;628
0.31;Premium;H;VS2;62.7;59;4.32;4.29;2.7;628
0.31;Very Good;H;VS2;63.2;58;4.33;4.31;2.73;628
0.31;Premium;H;VS2;62.2;58;4.34;4.31;2.69;628
0.31;Premium;H;VS2;62.4;59;4.34;4.31;2.7;628
0.31;Very Good;H;VS2;63.1;58;4.34;4.31;2.73;628
0.31;Ideal;H;VS2;62.6;57;4.35;4.31;2.71;628
0.31;Premium;H;VS2;62.5;60;4.36;4.31;2.71;628
0.31;Ideal;H;VS2;63;57;4.34;4.32;2.73;628
0.31;Ideal;H;VS2;63;57;4.34;4.32;2.73;628
0.31;Very Good;H;VS2;63.1;57;4.32;4.27;2.71;628
0.31;Very Good;H;VS2;63.1;57;4.31;4.28;2.71;628
0.31;Very Good;H;VS2;63.1;58;4.32;4.27;2.71;628
0.31;Fair;G;VVS2;65.5;58;4.25;4.24;2.78;629
1.51;Premium;I;VS1;61.1;61;7.37;7.32;4.49;10401
1.5;Ideal;I;VS1;62.2;54;7.33;7.4;4.57;10406
1.01;Premium;D;VVS2;62.4;60;6.36;6.31;3.95;10407
1.31;Very Good;D;VS2;59.5;61;7.16;7.19;4.27;10409
1.1;Ideal;D;VVS2;61;56;6.67;6.73;4.09;10410
1.51;Premium;H;VS2;60.6;58;7.42;7.36;4.48;10411
2.01;Premium;J;SI1;59.8;57;8.17;8.13;4.87;10412
1.11;Ideal;F;VVS1;61.9;57;6.62;6.66;4.11;10412
2.02;Ideal;I;SI2;62.2;57;8.06;7.99;4.99;10412
1.37;Premium;G;VS1;58.3;60;7.35;7.3;4.27;10412
1.35;Premium;G;VS1;61;59;7.15;7.09;4.34;10415
2;Good;G;SI2;64.3;60;7.87;7.83;5.05;10416
2;Good;G;SI2;64.3;60;7.87;7.83;5.05;10416
1.55;Premium;I;VS1;58.2;60;7.69;7.59;4.45;10416
1.43;Very Good;G;VS2;62.2;58;7.15;7.18;4.46;10419
1.52;Ideal;I;IF;62.2;57;7.27;7.33;4.54;10419
1.32;Premium;F;VS2;60.9;59;7.12;7.06;4.32;10423
1.56;Premium;H;VS2;62.2;58;7.41;7.44;4.62;10424
1.5;Very Good;H;VS2;58.9;59;7.34;7.43;4.35;10424
2.77;Premium;H;I1;62.6;62;8.93;8.83;5.56;10424
1.4;Ideal;G;VS2;62.1;55;7.12;7.05;4.4;10427
1.5;Good;G;SI1;63.7;59;7.19;7.23;4.59;10428
1.5;Premium;G;SI1;62.3;58;7.27;7.33;4.55;10428
1.58;Premium;I;VS1;61.1;59;7.44;7.52;4.57;10428
1.5;Good;G;SI1;64.2;58;7.14;7.2;4.6;10428
1.52;Good;H;VS2;63.3;57;7.32;7.33;4.64;10428
1.71;Very Good;J;VS1;61.9;59;7.6;7.69;4.73;10428
1.75;Premium;J;VS1;62.2;59;7.7;7.74;4.8;10429
1.21;Very Good;E;VS1;60;58;6.89;6.97;4.16;10430
1.34;Premium;F;VS2;61.1;58;7.12;7.05;4.33;10431
1.52;Premium;D;SI2;59.8;60;7.42;7.5;4.46;10433
1.23;Very Good;G;VVS1;61.3;57;6.88;6.96;4.24;10435
1.19;Ideal;F;VVS2;61.7;56;6.82;6.85;4.22;10436
2.63;Very Good;J;I1;62.3;61;8.76;8.81;5.47;10437
1.29;Premium;F;VS1;59.3;60;7.14;7.1;4.22;10437
1.71;Ideal;I;SI2;61.1;55;7.78;7.73;4.74;10438
1.16;Ideal;F;VVS2;61.8;56.7;6.7;6.78;4.16;10439
1.25;Ideal;D;VS1;61.7;56;6.92;7.01;4.3;10441
1.11;Ideal;D;VS2;61.2;57;6.69;6.71;4.1;10443
1.23;Ideal;G;VVS2;61.3;56;6.89;6.91;4.23;10445
1.14;Premium;E;VVS2;59.7;58;6.91;6.83;4.1;10446
1.53;Very Good;H;SI1;61.3;56;7.42;7.44;4.56;10446
1.57;Very Good;I;VS2;60.3;58;7.58;7.55;4.56;10447
1.57;Very Good;H;SI1;59.6;58;7.61;7.65;4.55;10447
1.19;Ideal;F;VS1;60.5;57;6.82;6.88;4.15;10449
1.5;Fair;F;SI1;64.3;58;7.04;7.09;4.54;10450
1.01;Very Good;D;VVS2;62.5;59;6.34;6.4;3.98;10453
1.07;Ideal;E;VVS2;61.8;54;6.56;6.61;4.07;10453
3.05;Premium;E;I1;60.9;58;9.26;9.25;5.66;10453
1.2;Ideal;G;VVS2;61.1;56;6.88;6.91;4.21;10454
1.36;Ideal;G;VS1;61;56;7.13;7.11;4.34;10455
2.1;Ideal;I;SI2;63;56;8.18;8.15;5.12;10457
1.71;Premium;H;VS1;62.1;59;7.63;7.55;4.71;10457
1.57;Ideal;I;VS2;62.8;57;7.46;7.37;4.66;10462
1.09;Very Good;F;VVS1;61.4;58;6.6;6.65;4.07;10463
1;Very Good;E;VVS1;62.7;54;6.36;6.39;4;10463
1.2;Ideal;G;VVS2;62.2;53;6.8;6.84;4.24;10463
1.54;Premium;H;SI1;62.2;58;7.45;7.32;4.59;10466
1.53;Very Good;H;SI1;61.1;57;7.44;7.45;4.55;10468
1.53;Very Good;H;SI1;61;61;7.4;7.45;4.53;10468
2.46;Premium;E;SI2;59.7;59;8.82;8.76;5.25;10470
1.59;Premium;I;VS2;62.9;56;7.48;7.43;4.69;10471
1.35;Ideal;G;VS1;60.9;54;7.18;7.15;4.36;10471
1.6;Ideal;F;SI2;61.7;56;7.5;7.53;4.64;10472
1.7;Premium;G;SI2;61.9;58;7.61;7.57;4.7;10472
1.53;Very Good;H;SI1;63.4;55;7.3;7.34;4.64;10473
1.39;Very Good;G;VS2;62.6;56;7.08;7.11;4.44;10476
1.01;Very Good;F;IF;61.9;59;6.38;6.45;3.97;10476
1.72;Very Good;J;VS2;60.9;61;7.77;7.79;4.74;10477
1.61;Premium;F;SI1;60.2;58;7.61;7.65;4.59;10477
1.5;Good;H;VS2;63.6;58;7.27;7.22;4.61;10478
1.5;Premium;H;VS2;61.2;61;7.32;7.25;4.46;10478
1.5;Very Good;F;SI1;63;56;7.28;7.32;4.6;10479
1.63;Premium;I;VS2;61;60;7.62;7.59;4.64;10479
1.56;Ideal;I;VVS2;62;56;7.39;7.42;4.6;10481
1.21;Ideal;G;VVS1;61;57;6.93;6.87;4.21;10482
1.5;Premium;I;VVS2;60.2;58;7.5;7.34;4.47;10483
1.21;Ideal;G;VVS1;61.4;58;6.85;6.89;4.22;10483
2;Fair;I;SI2;65.2;59;7.74;7.69;5.03;10483
1.6;Premium;E;SI2;59.4;59;7.61;7.55;4.5;10483
2;Fair;I;SI2;67.7;57;7.88;7.64;5.26;10483
1.51;Premium;H;SI2;61.6;60;7.34;7.27;4.5;10485
1.24;Premium;G;VVS1;60.4;59;7.02;7.01;4.24;10485
1.1;Ideal;F;VVS2;61.2;56;6.66;6.74;4.1;10487
1.52;Premium;D;SI2;61.6;56;7.47;7.39;4.58;10487
2.01;Very Good;J;SI2;63.3;56;7.86;7.96;5.01;10490
2;Ideal;F;I1;60.3;56;8.16;8.27;4.94;10494
1.22;Premium;F;VVS2;63;56;6.88;6.76;4.3;10494
1.6;Very Good;I;VS2;60;60;7.55;7.59;4.54;10497
1.52;Very Good;H;VS1;59.8;57;7.47;7.55;4.49;10497
1.51;Premium;G;SI1;62.2;58;7.26;7.3;4.53;10497
1.69;Very Good;I;SI1;61.8;60;7.58;7.61;4.69;10497
1.2;Very Good;G;IF;60.9;55;6.9;6.93;4.21;10497
1.01;Very Good;E;VVS1;63.2;54;6.41;6.31;4.02;10498
1.01;Very Good;D;VVS2;59.8;57;6.49;6.58;3.91;10499
1.55;Premium;G;VS2;60.5;60;7.49;7.46;4.52;10499
1.62;Ideal;I;VS2;62.1;55;7.53;7.58;4.69;10501
1.7;Premium;I;SI1;59.7;60;7.77;7.72;4.62;10501
1.51;Ideal;H;SI1;62.8;55;7.32;7.29;4.59;10502
1.21;Ideal;F;VS1;61.8;56;6.84;6.86;4.23;10504
1.19;Ideal;G;VVS1;61.6;59;6.78;6.79;4.18;10508
1.24;Premium;G;IF;60.5;60;6.95;6.91;4.19;10508
1.52;Premium;D;SI1;61.2;62;7.38;7.36;4.51;10512
1.14;Ideal;E;VVS2;62.3;55;6.68;6.71;4.17;10512
1.51;Good;F;SI1;64.2;57;7.09;7.2;4.59;10514
1.04;Very Good;F;IF;59.8;56;6.64;6.71;3.99;10515
1.5;Premium;D;SI2;59.9;62;7.4;7.37;4.42;10517
1.54;Very Good;I;VVS2;62.7;57;7.35;7.43;4.63;10518
1.51;Premium;H;SI1;60.6;59;7.45;7.41;4.5;10519
1.7;Ideal;I;SI1;61.8;55;7.62;7.57;4.69;10520
1.62;Very Good;H;SI1;62.8;59;7.4;7.45;4.66;10521
1.57;Ideal;H;SI1;60.5;57;7.6;7.57;4.59;10521
1.56;Very Good;I;VS1;58.2;59;7.65;7.7;4.47;10523
2;Good;D;SI2;63.8;57;7.93;7.88;5.04;10528
2;Premium;I;SI2;62.3;57;8.12;8.05;5.03;10528
1.29;Premium;F;VS1;60.9;58;7.01;6.97;4.26;10530
1.71;Ideal;H;VS2;63;57;7.57;7.53;4.76;10534
1.71;Premium;H;SI2;62.3;58;7.66;7.62;4.76;10534
1.56;Ideal;H;SI1;62.4;53.7;7.43;7.48;4.65;10536
1.28;Ideal;G;VS1;62.1;56;6.97;6.94;4.32;10537
1.22;Ideal;D;VS2;61.7;56;6.89;6.86;4.24;10538
1.04;Premium;E;VVS1;62.5;59;6.46;6.41;4.02;10539
1.33;Ideal;G;VS1;62;55;7.12;7.07;4.4;10539
1.59;Premium;H;SI1;60.6;60;7.59;7.53;4.58;10542
1.5;Ideal;G;SI2;60.5;57;7.4;7.43;4.49;10543
1.58;Ideal;H;SI1;61.4;56;7.46;7.53;4.6;10546
1.51;Very Good;D;SI2;61.7;59;7.28;7.35;4.51;10546
1.15;Ideal;D;VS2;61;57;6.76;6.78;4.13;10546
1.03;Premium;F;VVS1;59.7;60;6.63;6.57;3.94;10546
1.55;Very Good;H;VS2;63.3;56;7.38;7.32;4.65;10546
1.51;Premium;H;VS2;61.5;58;7.45;7.32;4.45;10548
1.51;Premium;H;VS2;63;58;7.34;7.27;4.6;10548
1.57;Ideal;E;SI2;61.4;56;7.52;7.44;4.59;10550
1.5;Very Good;I;VVS2;59.7;60;7.46;7.62;4.5;10551
1.66;Premium;E;SI2;62.6;58;7.53;7.48;4.7;10553
1.51;Ideal;G;VS2;62.8;57;7.33;7.26;4.58;10553
1.51;Fair;G;VS2;58.1;67;7.59;7.49;4.38;10553
1.21;Ideal;E;VS2;61.8;53;6.86;6.9;4.25;10556
1.31;Ideal;G;VS1;62;53;7.06;7.07;4.37;10556
1.26;Ideal;G;VVS2;60.7;56;7.05;7.03;4.27;10556
1.5;Very Good;H;VS2;61.6;55;7.37;7.43;4.56;10558
2.01;Premium;I;SI2;62.7;58;8.02;7.97;5.01;10558
1.53;Ideal;I;VS1;61.5;55;7.4;7.42;4.56;10560
1.64;Ideal;I;VS2;62.5;56;7.58;7.52;4.72;10562
1;Fair;D;VVS2;61.1;57;6.37;6.3;3.87;10562
1.5;Premium;H;SI1;61.8;60;7.31;7.23;4.49;10567
1.01;Good;E;VVS1;63.1;59;6.31;6.34;3.99;10567
1.62;Very Good;H;SI1;63.1;56;7.38;7.51;4.7;10567
1.21;Ideal;G;VVS2;61.3;57;6.83;6.85;4.19;10568
1.51;Premium;E;SI2;60.6;59;7.47;7.41;4.51;10570
1.56;Ideal;F;SI2;61.2;55;7.47;7.57;4.6;10571
1.23;Ideal;G;VVS1;61.8;56;6.8;6.89;4.24;10572
1.86;Premium;G;SI2;62.5;60;7.9;7.8;4.91;10572
1.7;Premium;G;SI2;62.5;58;7.53;7.6;4.73;10574
1.32;Very Good;F;VS1;60.3;57;7.08;7.12;4.28;10575
1.51;Very Good;G;SI1;59.6;60;7.42;7.45;4.43;10576
1.51;Ideal;I;VS1;61.6;56;7.37;7.43;4.56;10576
1.1;Premium;E;VVS2;60.1;58;6.76;6.69;4.04;10577
1;Ideal;F;VVS2;61.3;53;6.44;6.48;3.96;10577
2.02;Ideal;I;SI2;62.3;55;8.1;8.06;5.03;10577
3.02;Fair;I;I1;65.2;56;9.11;9.02;5.91;10577
1.02;Premium;D;VVS2;61.4;58;6.43;6.46;3.96;10580
1.61;Very Good;E;SI2;60.4;58;7.59;7.64;4.6;10580
1.2;Premium;F;VVS2;62.8;60;6.79;6.74;4.25;10580
1.23;Ideal;F;VVS2;63;55;6.89;6.79;4.31;10580
1.79;Premium;J;VS2;62.5;60;7.76;7.69;4.83;10581
1.41;Ideal;G;VS2;60.8;55;7.27;7.2;4.4;10581
1.24;Premium;G;IF;60.5;58;6.94;7;4.22;10584
1.5;Premium;H;VS1;59.3;61;7.53;7.47;4.45;10584
1.5;Very Good;H;VS1;63.4;56;7.29;7.25;4.61;10584
1.51;Ideal;E;SI2;61.9;56;7.31;7.36;4.54;10588
1.7;Ideal;J;VS1;60.9;58;7.73;7.68;4.69;10589
1.52;Ideal;H;SI1;61.5;58;7.4;7.36;4.54;10589
1.69;Premium;I;VS2;62.4;58;7.66;7.53;4.74;10600
1.53;Very Good;I;VS1;62.8;55;7.35;7.4;4.63;10602
1.35;Ideal;D;VS2;61.3;57;7.09;7.13;4.36;10602
1.11;Ideal;F;VVS1;61.9;57;6.66;6.62;4.11;10602
1.03;Ideal;D;VS1;61.7;57;6.45;6.48;3.99;10607
1.58;Very Good;H;VS2;61.4;60;7.49;7.44;4.58;10608
1.43;Premium;G;VS2;62.2;58;7.18;7.15;4.46;10609
1.23;Very Good;F;VS1;59.3;59;6.98;7.01;4.15;10609
1.52;Ideal;I;IF;62.2;57;7.33;7.27;4.54;10609
1.29;Ideal;G;VVS2;62.4;57;6.94;6.97;4.34;10614
1.03;Ideal;F;IF;63.1;55;6.45;6.46;4.07;10615
1.5;Good;G;SI1;63.7;59;7.23;7.19;4.59;10618
1.52;Very Good;H;VS2;63.3;57;7.33;7.32;4.64;10618
1.5;Good;G;SI1;64.2;58;7.2;7.14;4.6;10618
1.5;Premium;G;SI1;62.3;58;7.33;7.27;4.55;10618
1.58;Premium;I;VS1;61.1;59;7.52;7.44;4.57;10618
1.03;Ideal;F;VVS1;62.1;56.3;6.43;6.5;4.02;10619
1.75;Premium;J;VS1;62.2;59;7.74;7.7;4.8;10619
1.22;Ideal;E;VS1;62.4;54;6.77;6.88;4.26;10622
1.52;Fair;G;VS2;55.2;66;7.72;7.67;4.26;10623
1.51;Premium;I;VVS2;61.1;60;7.33;7.36;4.49;10623
1.52;Premium;D;SI2;59.8;60;7.5;7.42;4.46;10623
1.4;Premium;F;VS2;61.5;60;7.25;7.18;4.44;10625
1.5;Very Good;E;SI1;58.6;62;7.43;7.46;4.36;10626
1.51;Good;H;VS2;63.5;60;7.24;7.27;4.61;10628
2.63;Premium;J;I1;62.3;61;8.81;8.76;5.47;10628
1.32;Ideal;G;VS1;62.4;53;7.03;7.08;4.4;10631
1.5;Very Good;G;SI1;63.6;58;7.14;7.29;4.59;10633
1.57;Ideal;I;SI1;62.2;56;7.42;7.47;4.63;10633
1.75;Very Good;I;SI1;62.8;59;7.62;7.66;4.8;10635
1.25;Ideal;G;VVS2;61.5;55;6.92;6.94;4.26;10636
1.25;Ideal;G;VVS2;62.5;54;6.88;6.93;4.31;10636
1.35;Ideal;H;VVS1;61.9;57;7.06;7.09;4.38;10639
2;Good;I;VS2;64;60;7.9;7.83;5.04;10640
1.25;Premium;E;VS2;61.5;58;6.98;6.91;4.27;10640
1.52;Premium;G;VS1;58.8;61;7.54;7.45;4.41;10640
1.02;Very Good;E;VVS1;60.2;60;6.39;6.54;3.89;10641
1.52;Ideal;I;VS1;62.4;57;7.32;7.36;4.58;10641
1.56;Ideal;H;SI1;60.4;59;7.5;7.53;4.54;10642
1.15;Ideal;G;VVS1;62.7;56;6.69;6.67;4.19;10644
1.5;Fair;G;VS2;66.2;53;7.12;7.08;4.7;10644
1.6;Very Good;D;SI2;60.6;58;7.55;7.61;4.59;10646
1.5;Ideal;I;VVS2;61.7;55;7.32;7.39;4.54;10646
1.23;Ideal;G;VVS2;60.8;57;6.89;6.92;4.2;10646
1.23;Very Good;F;VVS2;58.5;59;6.98;7.07;4.11;10650
1.5;Very Good;H;VS1;63.4;59;7.13;7.2;4.54;10652
1.3;Very Good;G;VS1;62.5;58;6.9;6.95;4.33;10654
1.51;Premium;G;SI1;60.4;58;7.46;7.38;4.48;10655
1.51;Premium;H;VS1;59.6;60;7.5;7.41;4.44;10655
1.51;Ideal;I;VS1;63.2;57;7.4;7.28;4.62;10655
1.35;Ideal;G;VS1;62.7;57;7.02;7.07;4.42;10656
1.27;Ideal;F;VS2;61;54;7;7.02;4.28;10656
1.79;Ideal;J;VS2;61.8;56;7.74;7.85;4.82;10658
1.53;Ideal;H;SI1;61.1;57;7.45;7.44;4.55;10659
1.53;Premium;H;SI1;61;61;7.45;7.4;4.53;10659
2.22;Very Good;J;SI2;61.2;63;8.33;8.23;5.07;10662
1.7;Ideal;I;VS2;61.1;57;7.7;7.66;4.69;10662
1.6;Ideal;F;SI2;61.7;56;7.53;7.5;4.64;10662
1.7;Premium;I;VS2;62.7;58;7.57;7.52;4.73;10662
1.09;Very Good;F;IF;61.1;58;6.63;6.69;4.07;10663
1.52;Good;F;SI1;63.6;54;7.33;7.22;4.63;10664
2.02;Good;J;SI2;64.4;60;7.87;7.93;5.09;10666
1.78;Premium;H;SI2;61;61;7.88;7.82;4.79;10666
1.5;Premium;H;VS2;60.6;61;7.34;7.31;4.44;10668
1.62;Premium;I;VS2;60.1;59;7.63;7.6;4.58;10669
1.26;Premium;F;VS1;62;58;6.95;6.88;4.29;10669
1.5;Good;G;VS2;63.7;57;7.29;7.25;4.63;10669
2.01;Fair;I;SI2;66.5;61;7.81;7.75;5.17;10671
1.02;Very Good;E;VVS1;62.2;57;6.4;6.59;4.04;10672
1.7;Very Good;I;SI1;61.9;62;7.52;7.58;4.67;10680
1.63;Ideal;G;SI2;62.6;53;7.55;7.49;4.71;10680
1.5;Very Good;H;VS1;60.7;58;7.35;7.42;4.48;10681
1.75;Very Good;J;VS1;61.5;59;7.75;7.83;4.79;10681
1.17;Very Good;D;VS1;60.5;57;6.79;6.86;4.13;10681
1.71;Very Good;I;SI1;62.4;59;7.63;7.6;4.75;10681
1.68;Ideal;J;VS1;61.1;57;7.64;7.7;4.69;10681
1.57;Very Good;I;VS1;62.7;58;7.41;7.43;4.65;10682
1.5;Very Good;F;SI1;63.4;60;7.2;7.27;4.59;10684
1.59;Very Good;D;SI2;59.9;59;7.6;7.52;4.53;10685
1.21;Ideal;G;VS1;61.3;57;6.82;6.87;4.2;10685
1.21;Ideal;G;VS1;61.6;57;6.85;6.87;4.22;10685
1.21;Ideal;G;VS1;61.8;57;6.81;6.86;4.23;10685
1.51;Premium;H;VS2;60.7;58;7.45;7.4;4.51;10685
1.51;Ideal;H;VS2;62.6;57;7.37;7.33;4.6;10685
2;Ideal;F;I1;60.3;56;8.27;8.16;4.94;10685
1.71;Premium;H;SI2;62.5;57;7.67;7.62;4.78;10687
1.01;Ideal;F;IF;62;58;6.41;6.46;3.99;10688
1.51;Premium;G;SI1;62.2;58;7.3;7.26;4.53;10688
1.51;Premium;G;SI1;62.4;62;7.25;7.12;4.48;10688
1.66;Ideal;I;VS1;61;55;7.67;7.64;4.67;10691
1.5;Good;H;VS2;63.9;60;7.17;7.22;4.6;10692
1.5;Ideal;H;VS2;62.2;57;7.27;7.33;4.54;10692
1.01;Very Good;E;VVS1;61.6;58;6.45;6.57;4.01;10693
1.51;Ideal;F;SI1;62.5;57;7.27;7.32;4.56;10693
1.51;Premium;F;SI1;62.2;58;7.27;7.29;4.53;10693
1.54;Ideal;D;SI1;63;54;7.33;7.28;4.6;10694
1.01;Good;E;VVS1;63.1;57;6.36;6.39;4.02;10696
1.51;Good;E;SI1;63.5;57;7.23;7.28;4.61;10696
1.72;Very Good;G;SI2;62.4;59;7.63;7.67;4.77;10697
1.53;Ideal;E;SI2;61;55;7.44;7.5;4.55;10698
1.1;Very Good;F;VVS1;59.8;54;6.74;6.77;4.04;10701
1.82;Very Good;I;SI2;62.3;60;7.71;7.76;4.82;10701
1.56;Premium;H;VS2;62.5;59;7.3;7.33;4.57;10702
1.54;Premium;H;VS2;61.8;59;7.35;7.4;4.56;10702
1.14;Ideal;E;VVS2;62.3;55;6.71;6.68;4.17;10703
1.01;Very Good;E;VVS1;62.3;56;6.41;6.47;4.01;10704
1.21;Premium;D;VS1;62.6;56;6.83;6.74;4.25;10706
1.55;Very Good;G;SI1;59.2;59;7.51;7.59;4.47;10707
1.26;Ideal;F;VS2;61.5;56;6.97;7.01;4.3;10709
1.04;Ideal;D;VS1;61.6;57;6.52;6.56;4.03;10709
1.83;Premium;J;SI1;60.4;58;7.96;7.94;4.8;10709
1.02;Very Good;E;IF;63.5;58;6.43;6.33;4.05;10710
1.55;Very Good;I;VS1;59;58;7.56;7.63;4.48;10711
1.31;Ideal;E;VS1;61.7;55;7.11;7.05;4.37;10711
2.01;Fair;I;SI2;66.9;58;7.93;7.69;5.21;10711
1.53;Premium;D;SI1;61.6;58;7.35;7.42;4.55;10712
1.28;Premium;G;VVS2;62.1;58;6.96;6.91;4.31;10716
2.38;Premium;J;SI2;60.6;59;8.66;8.63;5.24;10716
1.22;Very Good;F;VVS2;60.7;62;6.81;6.84;4.14;10719
1.26;Ideal;G;VVS1;62.1;57;6.91;7.01;4.32;10720
1.63;Very Good;H;SI1;62.5;58;7.47;7.55;4.69;10721
1.24;Ideal;G;VVS1;62.3;56;6.86;6.89;4.28;10724
1.5;Ideal;H;SI1;61.3;57;7.38;7.4;4.53;10725
1.44;Ideal;D;SI1;63;55;7.23;7.18;4.54;10725
1.29;Ideal;F;VS1;62.3;54.4;6.93;7;4.34;10727
1.75;Very Good;H;SI2;60.8;60;7.72;7.8;4.72;10727
1.56;Ideal;H;SI1;62.4;54;7.48;7.43;4.65;10728
0.38;Ideal;J;VVS2;61.4;56;4.68;4.7;2.88;629
0.38;Ideal;J;VVS2;62;55;4.67;4.69;2.9;629
0.4;Ideal;E;SI2;61.9;58;4.71;4.73;2.92;629
0.4;Ideal;E;SI2;61.3;56;4.75;4.78;2.92;629
0.4;Ideal;E;SI2;61;58;4.76;4.78;2.91;629
0.4;Ideal;E;SI2;62.1;53;4.75;4.78;2.96;629
0.38;Ideal;G;SI1;61;57;4.66;4.71;2.86;629
0.43;Good;J;SI2;63.7;57;4.79;4.76;3.04;629
0.36;Premium;F;VS2;62;59;4.51;4.56;2.81;629
0.3;Very Good;G;VS1;62.5;59;4.32;4.25;2.68;629
0.36;Ideal;F;VS2;61.5;55;4.57;4.6;2.82;629
0.29;Very Good;E;VVS1;60.9;61;4.23;4.27;2.59;629
0.38;Very Good;I;VVS1;62.6;59;4.6;4.64;2.89;630
0.32;Very Good;E;VS1;64;56;4.33;4.36;2.78;630
0.4;Very Good;G;SI2;62.9;57;4.68;4.7;2.95;630
0.31;Ideal;H;VVS2;62.3;54;4.36;4.38;2.72;630
0.3;Premium;G;VS2;59.3;59;4.42;4.38;2.61;630
0.35;Ideal;I;VS2;62.5;57;4.53;4.5;2.82;630
0.35;Premium;H;SI1;61;62;4.56;4.52;2.77;630
0.35;Good;E;SI2;63.9;55;4.5;4.48;2.87;630
0.3;Ideal;J;VS2;61.9;56;4.33;4.3;2.67;630
0.3;Fair;E;SI1;64.5;49;4.28;4.25;2.75;630
0.35;Ideal;H;SI1;62.3;57;4.55;4.5;2.82;630
0.3;Ideal;G;VS2;60.8;57;4.38;4.33;2.65;630
0.34;Ideal;F;SI1;59.4;57;4.58;4.54;2.71;630
0.35;Ideal;I;VS2;59.8;57;4.6;4.59;2.75;630
0.35;Premium;I;VS2;62.9;57;4.53;4.5;2.84;630
0.35;Premium;H;SI1;60;61;4.6;4.57;2.75;630
0.35;Very Good;H;SI1;63.1;58;4.51;4.46;2.83;630
0.35;Ideal;E;SI2;61.7;56;4.55;4.53;2.8;630
2.06;Ideal;I;SI2;61.4;57;8.22;8.18;5.03;10728
1.53;Premium;I;VS1;62.4;59;7.3;7.34;4.57;10729
1.78;Very Good;D;SI2;63.4;60;7.67;7.61;4.85;10730
1.23;Very Good;E;VS1;61.5;58;6.88;6.93;4.25;10730
1.5;Very Good;D;SI2;64;56;7.17;7.23;4.61;10730
1.01;Premium;D;VVS2;62.4;58;6.39;6.44;4;10732
1.33;Ideal;G;VS1;59.9;57.3;7.16;7.21;4.3;10732
1.64;Ideal;F;SI2;61.4;57;7.55;7.59;4.65;10733
1.42;Ideal;G;VS2;62.6;57;7.19;7.15;4.49;10735
1.67;Premium;I;VS2;61.9;56;7.64;7.6;4.72;10736
1.58;Premium;H;SI1;61.5;59;7.47;7.45;4.59;10738
1.58;Ideal;H;SI1;61.4;56;7.53;7.46;4.6;10738
1.56;Ideal;H;SI1;62.1;56;7.44;7.46;4.63;10739
1.51;Premium;G;SI1;61.6;59;7.32;7.3;4.5;10739
1.54;Ideal;D;SI2;61.6;57;7.4;7.44;4.57;10740
1.13;Ideal;F;VVS2;62.1;54;6.67;6.71;4.16;10742
1.51;Premium;H;VS1;62.4;60;7.27;7.34;4.56;10743
1.5;Premium;I;VVS2;59.7;60;7.62;7.46;4.5;10744
1.19;Ideal;F;VVS2;60.8;57;6.85;6.83;4.16;10748
1.72;Premium;H;SI2;59.8;59;7.77;7.74;4.64;10749
1.5;Premium;H;VS2;61.6;55;7.43;7.37;4.56;10750
1;Fair;D;VVS1;56.7;68;6.66;6.64;3.77;10752
1;Premium;D;VVS1;62.9;58;6.34;6.28;3.97;10752
1.59;Ideal;I;VS2;61.7;57;7.47;7.52;4.62;10752
2;Fair;H;SI2;65.3;55;7.88;7.79;5.12;10752
1.66;Ideal;E;SI2;62.7;56;7.45;7.63;4.73;10754
1.15;Ideal;F;VVS2;62.7;57;6.69;6.65;4.18;10757
1.54;Premium;H;VS2;61.9;61;7.41;7.33;4.56;10758
1.01;Very Good;E;VVS1;63.1;59;6.34;6.31;3.99;10760
1.73;Very Good;I;SI1;61.2;60;7.65;7.67;4.69;10761
1.01;Ideal;D;VVS2;61.7;57;6.43;6.47;3.98;10761
3.01;Fair;H;I1;56.1;62;9.54;9.38;5.31;10761
1.51;Ideal;H;VS2;62.5;55;7.29;7.34;4.57;10763
1.51;Good;H;VS2;64.2;58.5;7.16;7.22;4.62;10763
1.3;Premium;G;VVS2;60.2;58;7.17;7.08;4.29;10763
1.12;Ideal;F;VVS2;61.3;57;6.67;6.7;4.1;10764
1.78;Premium;E;SI2;60.5;59;7.89;7.8;4.75;10765
1.5;Very Good;F;SI1;62.6;60;7.18;7.27;4.52;10766
1.5;Good;F;SI1;63.4;58;7.16;7.2;4.55;10766
1.56;Premium;G;SI1;58.8;57;7.68;7.62;4.5;10766
1.52;Premium;E;SI1;62.4;59;7.34;7.37;4.59;10767
1.54;Good;H;VS1;63.1;57;7.34;7.4;4.65;10769
1.12;Ideal;E;VVS2;60.6;57;6.77;6.66;4.07;10769
1.34;Very Good;F;VS1;59.7;60;7.17;7.2;4.29;10771
2.01;Fair;H;SI2;65.3;56;7.95;7.86;5.16;10772
2.01;Fair;H;SI2;66.7;56;7.8;7.76;5.19;10772
2.01;Very Good;H;SI2;63.3;60;7.84;7.77;4.94;10772
1.02;Premium;D;VVS2;61.4;58;6.46;6.43;3.96;10773
1.51;Premium;H;VS1;62.1;58;7.32;7.26;4.53;10775
1.5;Ideal;E;SI1;62.6;56;7.27;7.3;4.56;10777
1.71;Ideal;J;VS1;62.4;56;7.63;7.59;4.75;10778
1.29;Very Good;E;VS1;61.8;57;6.99;6.93;4.3;10780
1.51;Ideal;E;SI2;61.9;56;7.36;7.31;4.54;10781
1.14;Ideal;F;VVS2;61.9;57;6.73;6.68;4.15;10786
1.2;Ideal;G;VVS1;63.1;56;6.74;6.7;4.24;10786
1.04;Ideal;F;IF;61.8;55;6.49;6.56;4.03;10787
1.26;Ideal;G;VVS1;61.1;57;7.02;6.98;4.28;10787
1.01;Ideal;E;VVS1;61.8;54;6.43;6.49;3.99;10789
1.4;Very Good;F;VS2;60;58;7.24;7.29;4.36;10790
1.61;Good;E;SI2;60.9;62;7.46;7.57;4.58;10793
1.53;Ideal;I;VS1;62.8;55;7.4;7.35;4.63;10796
1.7;Good;I;SI1;59.3;58;7.72;7.77;4.59;10796
1.35;Ideal;D;VS2;61.3;57;7.13;7.09;4.36;10796
1.01;Ideal;D;VVS2;60.6;56;6.53;6.48;3.94;10797
1.01;Premium;D;VVS2;61.6;58;6.44;6.39;3.95;10797
1.86;Very Good;J;VS2;62.5;55;7.81;7.9;4.91;10798
1.6;Ideal;E;SI2;62.7;53.9;7.43;7.49;4.68;10798
1.01;Very Good;D;VVS2;63;56;6.35;6.41;4.02;10800
1.01;Very Good;F;IF;59.2;60;6.48;6.59;3.87;10800
1.68;Ideal;I;VS2;62.1;57;7.6;7.54;4.7;10800
1.45;Premium;D;SI1;62.2;58;7.12;7.03;4.4;10800
1.29;Premium;F;VS1;61.3;61;7.05;6.95;4.29;10801
1.67;Ideal;I;VS1;61.2;57;7.69;7.66;4.7;10802
1.04;Ideal;F;VVS2;61.6;57;6.47;6.51;4;10804
1.27;Ideal;G;VVS1;61.7;56;6.9;7.03;4.3;10805
1.29;Ideal;G;VVS2;62.4;57;6.97;6.94;4.34;10807
1.7;Very Good;J;VVS1;62.9;60;7.56;7.61;4.77;10808
1.16;Premium;F;VVS1;60.4;60;6.9;6.77;4.13;10809
1.2;Ideal;G;VVS2;62.3;54;6.82;6.86;4.26;10812
1.62;Premium;H;SI1;61.3;60;7.48;7.53;4.6;10813
1.32;Premium;F;VS2;62.2;58;7.03;6.95;4.35;10814
1.51;Premium;I;VVS2;61.1;60;7.36;7.33;4.49;10817
1.51;Good;H;VS1;58.2;58;7.49;7.56;4.38;10819
1.5;Premium;E;SI1;61.3;59;7.39;7.25;4.49;10819
1.51;Ideal;I;VVS2;61.6;58;7.35;7.4;4.54;10821
1.71;Ideal;J;VS1;61.6;57;7.67;7.62;4.71;10821
1.51;Very Good;H;VS2;63.5;60;7.27;7.24;4.61;10822
1.74;Very Good;I;SI1;58.7;60;7.84;7.9;4.62;10823
1.22;Ideal;E;VS1;61.8;56;6.84;6.88;4.24;10823
1.6;Very Good;I;VS1;58.6;58;7.66;7.72;4.51;10824
1.52;Premium;I;VVS2;61.6;58;7.37;7.41;4.55;10824
1.51;Premium;I;VVS1;61;61;7.47;7.34;4.52;10824
1.04;Ideal;F;VVS1;61.6;55;6.5;6.53;4.02;10825
2.02;Ideal;H;SI2;62.1;57;8.13;8.09;5.04;10826
1.55;Premium;H;VS2;62.7;57;7.42;7.36;4.63;10827
1.53;Premium;H;VS2;59.9;60;7.5;7.46;4.48;10827
1.53;Premium;G;SI1;58.4;59;7.58;7.52;4.41;10830
1.59;Ideal;H;SI1;61.5;57;7.53;7.59;4.65;10832
2;Premium;G;SI2;60.7;60;8.13;8.07;4.92;10833
2;Premium;G;SI2;60.7;60;8.13;8.07;4.92;10833
2;Fair;I;SI2;65.9;57;7.96;7.79;5.19;10833
1.23;Very Good;F;VVS2;62.4;58;6.74;6.89;4.26;10835
1.53;Ideal;E;SI1;62;58;7.33;7.41;4.57;10836
1.51;Very Good;F;SI1;59.4;57;7.48;7.57;4.47;10838
1.68;Ideal;G;VS2;62.1;55;7.64;7.59;4.73;10838
1.28;Ideal;G;VVS2;61.2;54;7.03;7.06;4.31;10839
1.23;Premium;F;VVS2;58.5;59;7.07;6.98;4.11;10844
1.2;Ideal;G;VVS2;61.2;56;6.92;6.89;4.23;10846
1.65;Ideal;D;SI2;61.5;56;7.63;7.69;4.71;10847
1.35;Ideal;G;VS1;62.7;57;7.07;7.02;4.42;10850
1.16;Ideal;F;VVS2;60.5;58;6.77;6.85;4.12;10850
1.38;Premium;G;VS1;62.4;58;7.14;7.09;4.44;10850
1.55;Very Good;E;SI1;62.4;58;7.36;7.42;4.61;10851
1.52;Ideal;I;VS1;61.8;55;7.38;7.41;4.57;10851
1.01;Ideal;E;VVS2;61.7;55;6.44;6.49;3.99;10852
1.7;Ideal;F;SI1;59.7;57;7.73;7.65;4.59;10853
1.23;Ideal;G;VS1;61.6;57;6.84;6.9;4.23;10859
1.01;Ideal;D;VVS2;61.1;57;6.47;6.49;3.96;10860
1.7;Premium;E;SI1;58.2;62;7.86;7.81;4.56;10860
1.1;Ideal;F;VVS1;62.7;57;6.57;6.63;4.14;10861
1.51;Ideal;H;VS2;61.4;58;7.36;7.42;4.54;10861
3;Good;I;I1;57;64;9.38;9.31;5.33;10863
1.51;Premium;F;SI1;62.3;61;7.29;7.22;4.52;10866
1.02;Premium;E;VVS1;62.2;57;6.59;6.4;4.04;10867
1.5;Good;E;SI1;61.3;65;7.17;7.23;4.41;10868
1.55;Ideal;I;VS1;61.9;55;7.43;7.46;4.61;10869
1.72;Premium;H;SI2;62.3;58;7.71;7.6;4.77;10869
1.05;Ideal;F;VVS1;61.6;55;6.57;6.53;4.04;10872
1.5;Very Good;I;VVS2;62;53;7.3;7.34;4.54;10873
1.05;Ideal;F;VVS2;62.1;55;6.54;6.56;4.07;10874
1.74;Premium;H;SI2;59.9;59;7.88;7.8;4.7;10874
1.64;Premium;H;SI1;59.2;58;7.76;7.68;4.57;10874
1.14;Premium;F;VVS1;60.8;58;6.79;6.74;4.11;10878
2.03;Premium;H;SI2;58.1;59;8.36;8.31;4.86;10879
1.57;Premium;H;VS1;61.7;58;7.47;7.56;4.64;10880
1.51;Good;E;SI2;58.9;61;7.54;7.5;4.43;10884
1.9;Premium;J;SI1;61.9;57;7.98;7.95;4.93;10885
1.26;Ideal;G;VVS2;60.9;57;6.98;7.01;4.26;10886
1.5;Good;H;VS2;63.9;60;7.22;7.17;4.6;10886
1.5;Ideal;H;VS2;62.2;57;7.33;7.27;4.54;10886
1.01;Ideal;E;VVS1;62.2;57;6.38;6.44;3.99;10887
2.01;Fair;G;SI2;65.9;57;7.85;7.78;5.15;10887
2.01;Fair;G;SI2;65.9;57;7.85;7.78;5.15;10887
1.22;Ideal;G;VVS1;61.1;56;6.91;6.94;4.23;10888
1.01;Premium;E;VVS1;61.6;58;6.57;6.45;4.01;10888
1.53;Premium;H;VS2;60.1;58;7.57;7.6;4.71;10889
1.2;Very Good;F;VVS2;62.9;59;6.72;6.76;4.24;10891
1.61;Very Good;E;SI2;63;59.9;7.42;7.45;4.68;10891
1.51;Very Good;E;SI1;63.5;57;7.28;7.23;4.61;10891
1.01;Very Good;E;VVS1;63.1;57;6.39;6.36;4.02;10891
1.76;Ideal;G;SI1;62.1;56;7.69;7.77;4.8;10896
1.54;Premium;H;VS2;61.8;59;7.4;7.35;4.56;10897
1.63;Good;F;SI1;57.7;60;7.71;7.79;4.47;10901
1.55;Premium;D;SI2;62;58;7.39;7.44;4.6;10905
2;Very Good;J;SI2;60.9;54;8.12;8.17;4.96;10907
1.5;Ideal;I;VVS2;60.3;57;7.43;7.47;4.49;10907
1.16;Ideal;D;VS2;61.8;55;6.72;6.75;4.16;10907
1.53;Premium;D;SI1;61.6;58;7.42;7.35;4.55;10907
1.7;Premium;I;VS2;62.4;58;7.61;7.56;4.73;10910
1.62;Very Good;H;VS2;62.6;58;7.57;7.45;4.7;10912
2.24;Premium;H;SI2;61.8;58;8.41;8.34;5.18;10913
2;Fair;H;SI2;67.9;55;7.67;7.58;5.18;10913
2.32;Premium;I;SI2;62.1;58;8.47;8.43;5.25;10913
1.57;Premium;G;SI1;59.5;58;7.56;7.61;4.51;10914
1.57;Premium;G;SI1;59.2;59;7.6;7.68;4.52;10914
1.05;Very Good;E;VVS1;59.5;60;6.56;6.66;3.93;10915
1.26;Ideal;G;VVS1;62.1;57;7.01;6.91;4.32;10916
1.32;Ideal;E;VS2;62;56;7.02;7.07;4.37;10919
1.5;Ideal;H;VS2;62.3;56;7.34;7.29;4.56;10920
1.58;Ideal;I;VS1;62.4;54;7.43;7.46;4.64;10920
1.26;Very Good;G;VVS1;60.2;59;6.98;7.07;4.23;10922
1.29;Ideal;F;VS1;62.3;54;7;6.93;4.34;10923
1.53;Premium;I;VS1;62.4;59;7.34;7.3;4.57;10924
1.37;Ideal;G;VS1;62.2;55;7.09;7.12;4.42;10927
1.01;Premium;D;VVS2;62.4;58;6.44;6.39;4;10927
1.5;Very Good;E;SI1;59.3;56;7.43;7.51;4.43;10929
1.36;Premium;F;VS2;59.3;60;7.23;7.2;4.28;10929
1.7;Premium;I;VS2;62;59;7.6;7.55;4.7;10929
1.64;Ideal;F;SI2;61.4;57;7.59;7.55;4.65;10929
1.3;Premium;F;VS1;61;59;7.05;7.08;4.31;10930
1.57;Premium;H;VS1;60.5;61;7.6;7.51;4.57;10930
1.2;Very Good;F;VVS2;61.4;60;6.79;6.83;4.18;10931
1.5;Ideal;I;VVS2;60.7;60;7.35;7.4;4.48;10931
1.14;Ideal;G;VVS1;61.1;58;6.74;6.77;4.13;10933
1.58;Premium;D;SI2;59.6;59;7.67;7.61;4.55;10934
1.56;Ideal;D;SI1;62.2;58;7.37;7.42;4.6;10934
1.7;Very Good;I;VS2;63;58;7.52;7.65;4.78;10935
1.51;Ideal;E;SI2;60.5;57;7.38;7.42;4.48;10935
1.91;Good;I;SI2;62.8;58;7.82;7.89;4.93;10937
1.55;Ideal;F;SI2;61.9;55;7.44;7.4;4.6;10937
1.51;Premium;H;VS1;62.4;60;7.34;7.27;4.56;10939
1.5;Premium;F;SI1;61.9;60;7.26;7.21;4.48;10940
1.61;Premium;H;SI1;62.5;58;7.51;7.46;4.68;10942
1.71;Ideal;J;VVS2;61.6;59;7.65;7.68;4.72;10945
1.24;Ideal;G;VS1;61.8;55;6.85;6.89;4.25;10946
1.51;Very Good;G;SI1;61.5;54;7.35;7.42;4.54;10947
1.53;Ideal;G;SI1;60.1;57;7.46;7.57;4.52;10947
1.12;Ideal;F;VVS2;62.2;55;6.64;6.68;4.14;10949
1.51;Very Good;H;VS2;63.2;57;7.18;7.32;4.58;10950
1.51;Premium;H;VS2;60.2;60;7.5;7.38;4.48;10951
1.51;Premium;G;SI1;62.7;58;7.3;7.25;4.56;10951
1.01;Ideal;E;VVS1;62;57;6.39;6.45;3.98;10954
1;Very Good;E;IF;63.1;56;6.32;6.39;4.01;10954
1.54;Fair;F;SI1;65.8;56;7.22;7.18;4.74;10954
1.5;Premium;I;VVS1;62.4;60;7.29;7.32;4.56;10956
1.31;Ideal;F;VS1;61.9;54;7.03;7.06;4.35;10957
1.73;Premium;I;SI1;61.2;60;7.67;7.65;4.69;10957
1.5;Very Good;H;VS2;62.8;57;7.25;7.3;4.57;10959
1.51;Ideal;H;VS2;64.2;59;7.22;7.16;4.62;10959
1.51;Ideal;H;VS2;62.5;55;7.34;7.29;4.57;10959
1.55;Ideal;H;SI1;62.4;58;7.38;7.4;4.61;10960
1.25;Very Good;G;VVS1;60.6;60;6.92;6.95;4.2;10962
1.5;Premium;F;SI1;62.6;60;7.27;7.18;4.52;10962
1.35;Premium;F;VS2;61.9;58;7.06;7.02;4.36;10962
1.5;Very Good;F;SI1;63.4;58;7.2;7.16;4.55;10962
1.59;Very Good;G;SI1;59.5;61;7.57;7.65;4.53;10963
1.52;Premium;E;SI1;62.4;59;7.37;7.34;4.59;10963
1.57;Ideal;I;VS2;60.4;58;7.55;7.59;4.57;10964
1.02;Very Good;F;IF;62.5;58;6.39;6.54;4.04;10967
1.02;Ideal;D;VVS2;62;56;6.43;6.48;4;10967
1.44;Very Good;D;VS2;63.1;56;7.15;7.12;4.5;10967
1.7;Ideal;I;SI1;60.4;58;7.73;7.67;4.65;10967
1.52;Ideal;I;VVS1;61.9;56;7.34;7.37;4.55;10968
1.5;Very Good;F;SI1;61.2;57;7.34;7.37;4.5;10973
1.4;Ideal;H;IF;60.9;57;7.22;7.29;4.42;10976
2;Premium;I;SI2;60;58;8.23;8.17;4.92;10976
1.32;Premium;F;VS1;61.7;59;6.95;6.99;4.3;10977
1.54;Premium;H;VS2;61;60;7.42;7.46;4.54;10977
1.55;Premium;G;SI1;60.1;58;7.49;7.44;4.52;10980
1.2;Good;F;VVS1;63.6;57;6.71;6.74;4.28;10982
1.25;Ideal;G;VVS2;62.2;55;6.87;6.93;4.29;10983
1.04;Ideal;F;IF;61.8;55;6.56;6.49;4.03;10984
1.04;Premium;D;VVS2;61.1;60;6.54;6.51;3.99;10984
1.5;Ideal;H;SI1;62;55;7.29;7.34;4.54;10989
1.56;Premium;H;SI1;61.9;59;7.46;7.4;4.6;10990
1.01;Very Good;E;VVS1;63.6;55;6.35;6.39;4.05;10993
1.51;Ideal;G;SI1;62.3;54;7.38;7.32;4.58;10993
1.66;Premium;H;VS2;62.3;58;7.62;7.57;4.73;10993
1.06;Ideal;F;IF;61;57;6.55;6.64;4.02;10995
1.5;Good;F;VS2;63.6;59;7.13;7.22;4.56;10995
1.25;Ideal;G;VVS1;61.3;56;6.95;6.98;4.28;10996
1.59;Premium;G;SI1;62.1;58;7.45;7.43;4.62;10996
1.27;Ideal;G;VVS1;61.7;56;7.03;6.9;4.3;11002
1.71;Premium;I;SI1;60.2;58;7.75;7.79;4.68;11003
1.22;Ideal;G;VVS2;60;58;6.95;6.99;4.18;11003
1.5;Very Good;F;SI1;63.9;58;7.12;7.16;4.56;11004
1.7;Premium;J;VVS1;62.9;60;7.61;7.56;4.77;11005
1.5;Premium;I;VVS2;61.4;58;7.38;7.32;4.51;11007
1.5;Fair;H;VS1;61.7;60;7.37;7.27;4.52;11007
1.5;Premium;H;VS1;61.1;58;7.46;7.37;4.53;11007
1.41;Ideal;G;VS1;60.4;57;7.22;7.31;4.39;11009
1.37;Ideal;G;VS1;61.1;55;7.2;7.16;4.39;11009
1.41;Very Good;F;VS1;63.4;63;7.13;6.97;4.47;11010
2.01;Ideal;J;SI2;62.9;54;8.06;7.93;5.05;11011
1.55;Ideal;F;SI1;61.3;56;7.45;7.49;4.58;11011
1.52;Very Good;G;SI1;62.4;60;7.25;7.34;4.55;11014
1.01;Ideal;D;VVS2;61.5;57;6.43;6.48;3.97;11015
1.59;Very Good;I;VS1;61.2;57.8;7.5;7.52;4.6;11018
1.07;Very Good;F;IF;59.4;59;6.64;6.7;3.96;11019
1.63;Ideal;I;VS2;61.9;54.3;7.54;7.58;4.68;11019
1.21;Ideal;D;VS1;60.1;60;6.92;6.99;4.18;11019
1.74;Premium;I;SI1;58.7;60;7.9;7.84;4.62;11020
1.2;Premium;F;VVS2;62.2;58;6.83;6.78;4.23;11021
1.52;Premium;I;VVS2;61.6;58;7.41;7.37;4.55;11021
1.6;Premium;I;VS1;58.6;58;7.72;7.66;4.51;11021
1.33;Good;D;VS2;63.6;58;7.02;6.91;4.43;11023
1.05;Premium;E;IF;59.8;59;6.65;6.62;3.97;11025
1.5;Very Good;H;VS2;60.7;61;7.34;7.41;4.48;11025
1.52;Ideal;G;SI1;60.3;57;7.58;7.48;4.54;11028
1.02;Ideal;E;VVS1;61.4;57;6.39;6.47;3.95;11028
1.51;Very Good;G;SI1;59.6;60;7.43;7.47;4.44;11029
1.44;Premium;G;VS2;59.5;61;7.38;7.3;4.37;11032
1.71;Premium;G;VS2;61.3;58;7.64;7.6;4.67;11032
1.52;Ideal;I;VVS1;62.3;55;7.32;7.37;4.58;11033
1.51;Ideal;F;SI1;63;57;7.29;7.25;4.58;11035
2;Good;J;SI2;61.5;61;7.97;8.06;4.93;11036
1.87;Premium;H;SI2;62.5;58;7.86;7.81;4.9;11037
1.56;Very Good;H;VS2;63.1;60;7.43;7.34;4.66;11039
1.23;Ideal;F;VVS2;61.8;56;6.84;6.89;4.24;11040
1.57;Ideal;I;SI1;61.9;55;7.38;7.44;4.59;11040
2.06;Ideal;H;SI2;62;57;8.1;8.06;5.01;11040
2;Good;G;SI2;58.1;64;8.3;8.27;4.81;11041
1.7;Premium;G;SI2;62;57;7.72;7.63;4.76;11043
1.61;Ideal;H;VS2;61.4;57;7.52;7.57;4.63;11045
1.56;Ideal;F;SI1;61.2;57;7.48;7.52;4.59;11047
1.55;Premium;H;VS2;60.4;60;7.39;7.44;4.48;11048
1.74;Premium;J;VS1;62.5;58;7.67;7.65;4.79;11050
2.3;Premium;I;SI2;61.3;58;8.53;8.46;5.21;11051
1.13;Ideal;F;VVS1;61.7;56;6.68;6.75;4.14;11051
1.2;Ideal;D;VS1;61;59;6.79;6.85;4.16;11053
1.01;Ideal;D;VVS2;61.1;57;6.49;6.47;3.96;11057
2.02;Premium;I;VS2;61.2;60;8.22;8.13;5;11059
1.47;Very Good;G;VS2;62.7;56;7.15;7.18;4.49;11060
1.3;Premium;G;VVS1;60.5;60;7.01;7.05;4.25;11061
1.02;Premium;E;VVS1;61.5;59;6.41;6.46;3.96;11062
1.51;Ideal;H;SI1;62.3;53.7;7.33;7.37;4.58;11062
1.7;Premium;I;VS2;61.7;59;7.63;7.57;4.69;11062
1.52;Premium;H;VS2;61.1;59;7.45;7.38;4.53;11066
1.55;Ideal;I;VS1;61.9;55;7.46;7.43;4.61;11067
1.51;Very Good;H;VS2;60.9;57;7.39;7.43;4.51;11068
0.35;Premium;E;SI2;61.5;59;4.56;4.52;2.79;630
0.35;Premium;E;SI2;61;58;4.56;4.52;2.77;630
0.3;Premium;H;VS1;62.1;59;4.28;4.25;2.65;630
0.3;Premium;H;VS1;62.4;60;4.29;4.23;2.66;630
0.3;Very Good;H;VS1;63.2;58;4.26;4.22;2.68;630
0.3;Premium;G;VS2;61.1;62;4.33;4.28;2.63;630
0.3;Premium;G;VS2;62.6;62;4.25;4.21;2.65;630
0.3;Very Good;G;VS2;63.1;58;4.27;4.23;2.68;630
0.4;Ideal;F;I1;63.3;60;4.68;4.64;2.95;630
0.3;Premium;G;VS2;61.8;60;4.29;4.25;2.64;630
0.3;Fair;E;VS2;66.7;59;4.23;4.05;2.78;630
0.35;Ideal;I;VS2;61.7;57;4.56;4.52;2.8;630
0.35;Premium;I;VS2;61.2;58;4.57;4.55;2.79;630
0.35;Ideal;E;SI2;61.4;56;4.55;4.51;2.78;630
0.3;Very Good;G;VVS2;62.4;56;4.27;4.3;2.67;631
0.3;Very Good;G;VVS2;60.3;57;4.35;4.36;2.63;631
0.3;Very Good;H;VVS1;61;55;4.35;4.39;2.66;631
0.3;Ideal;H;VVS2;61.9;54.5;4.31;4.35;2.68;631
0.3;Ideal;H;VVS2;61.7;54.2;4.32;4.35;2.67;631
0.33;Ideal;G;SI1;61.3;56;4.51;4.46;2.75;631
0.33;Premium;G;SI1;59.8;58;4.54;4.52;2.71;631
0.33;Premium;D;SI2;62.7;58;4.41;4.39;2.76;631
0.33;Premium;D;SI2;61.6;59;4.42;4.41;2.72;631
0.33;Ideal;D;SI2;61.3;56;4.49;4.45;2.74;631
0.33;Premium;G;SI1;61.1;59;4.45;4.42;2.71;631
0.33;Ideal;D;SI2;60.9;56;4.48;4.45;2.72;631
0.33;Ideal;D;SI2;61.1;57;4.5;4.47;2.74;631
0.33;Premium;D;SI2;59.5;59;4.5;4.48;2.67;631
0.33;Ideal;D;SI2;62;57;4.46;4.45;2.76;631
0.33;Very Good;D;SI2;63.4;56;4.43;4.4;2.8;631
1.57;Ideal;H;SI1;62.4;56;7.42;7.45;4.64;11068
1.53;Very Good;E;SI2;59.3;58;7.54;7.57;4.48;11069
1.3;Ideal;G;VVS2;62;57;6.96;7.03;4.34;11073
1.11;Ideal;E;VVS2;62.9;55;6.56;6.62;4.14;11074
1.52;Good;E;SI1;63.5;58;7.29;7.36;4.65;11075
1.51;Very Good;H;VS2;60.9;54;7.38;7.41;4.5;11077
1.53;Premium;D;SI2;60.7;60;7.45;7.41;4.51;11078
1.63;Ideal;H;SI1;61.9;57;7.59;7.53;4.68;11078
1.5;Ideal;G;SI1;62;56;7.29;7.33;4.53;11079
1.32;Ideal;G;VS1;61.7;56;7.03;7.11;4.36;11079
1.23;Very Good;G;VVS1;61.2;55.8;6.9;6.94;4.23;11081
1.01;Ideal;D;VVS2;62.3;53;6.4;6.47;4.02;11082
1.69;Ideal;I;VS2;61.7;56;7.65;7.71;4.74;11086
1.53;Premium;H;VS2;60.1;58;7.6;7.57;4.71;11087
1.51;Good;D;SI1;64.9;60;7.14;7.2;4.65;11087
1.51;Very Good;I;VVS1;63;59;7.24;7.3;4.58;11088
1.5;Premium;H;VS1;62.1;59;7.27;7.31;4.53;11088
1.5;Premium;H;VS1;59.9;60;7.39;7.44;4.44;11088
2.2;Very Good;H;SI2;63.3;57;8.28;8.17;5.21;11088
1.25;Premium;E;VS1;61.5;59;6.95;6.91;4.26;11088
1.25;Ideal;G;VVS2;62;59;6.88;6.96;4.29;11089
1.61;Ideal;E;SI2;63;60;7.45;7.42;4.68;11090
1.7;Very Good;F;SI2;63.4;57;7.54;7.57;4.79;11091
1.5;Premium;H;VS2;62.4;59;7.29;7.32;4.56;11092
1.52;Very Good;G;VS2;62.4;56;7.26;7.36;4.56;11093
2.07;Premium;H;SI2;59.6;60;8.3;8.24;4.93;11094
2.01;Good;G;SI2;63.6;59;7.97;7.9;5.05;11096
1.51;Fair;E;SI1;58.4;70;7.55;7.39;4.36;11102
1.55;Premium;D;SI2;62;58;7.44;7.39;4.6;11103
1.18;Ideal;E;VS1;61.4;57;6.77;6.81;4.17;11104
1.22;Premium;G;IF;59.2;58;7.02;6.97;4.14;11104
2.25;Ideal;I;SI2;60.7;56;8.54;8.5;5.17;11104
1.53;Premium;H;VS2;62.7;56;7.39;7.31;4.61;11104
1.71;Premium;I;SI1;60.2;58;7.79;7.75;4.68;11104
1.52;Premium;H;VS2;59.4;59;7.45;7.49;4.44;11105
1.52;Ideal;G;SI1;60.3;57;7.47;7.51;4.52;11105
1.87;Premium;I;SI2;60.3;61;7.95;7.91;4.78;11105
2;Premium;J;SI2;60.9;54;8.17;8.12;4.96;11106
1.54;Premium;G;SI1;61.8;59;7.32;7.37;4.54;11107
1.31;Very Good;G;VVS2;62.2;59;6.91;6.98;4.32;11108
2;Premium;H;SI2;61.4;59;8.07;8;4.93;11108
1.41;Ideal;G;VS1;60.4;57;7.31;7.22;4.39;11109
1.34;Ideal;H;IF;60.9;57;7.09;7.19;4.35;11109
2.01;Very Good;J;SI2;61;57;8.09;8.14;4.95;11110
1.58;Ideal;I;SI1;61.7;56;7.47;7.5;4.62;11110
1.22;Ideal;G;IF;61.7;56;6.87;6.91;4.25;11111
1.75;Ideal;F;SI2;62.9;57;7.71;7.59;4.81;11113
1.57;Premium;G;SI1;59.5;58;7.61;7.56;4.51;11113
1.57;Premium;G;SI1;59.2;59;7.68;7.6;4.52;11113
1.47;Premium;G;VS2;62.8;57;7.27;7.22;4.55;11113
1.62;Ideal;H;VS2;62.4;57;7.48;7.53;4.68;11114
2.25;Premium;I;SI2;61.9;59;8.42;8.35;5.19;11114
1.13;Ideal;E;VVS2;61.4;57;6.69;6.74;4.12;11115
1.13;Ideal;E;VVS2;61.6;56;6.69;6.71;4.13;11115
2.01;Good;I;VS2;59;64;8.25;8.19;4.85;11115
1.02;Ideal;F;IF;62;58;6.44;6.49;4.01;11116
1.34;Premium;G;VVS2;61.3;58;7.16;7.1;4.37;11118
2.34;Very Good;H;I1;62.4;55.4;8.44;8.51;5.29;11119
2.02;Premium;I;SI1;62.1;58;8.1;8.04;5.01;11119
1.59;Ideal;I;VS1;61.2;58;7.52;7.5;4.6;11119
2.09;Ideal;G;SI2;62.5;57;8.21;8.14;5.11;11119
1.16;Ideal;F;VVS2;60.5;57;6.8;6.86;4.13;11120
1.53;Premium;H;VS1;59.4;59;7.58;7.51;4.48;11127
1.5;Fair;E;SI1;58.2;66;7.45;7.4;4.32;11128
1.02;Ideal;E;VVS1;61.3;57;6.47;6.54;3.99;11128
1.51;Premium;G;SI1;59.6;60;7.47;7.43;4.44;11129
1.24;Very Good;F;VVS2;62;55;6.88;6.95;4.29;11130
1.3;Premium;F;VS1;62;58;6.94;6.9;4.29;11130
1.1;Ideal;D;VVS2;62;57;6.57;6.62;4.09;11132
1.1;Very Good;D;VVS2;61.7;56;6.64;6.65;4.1;11132
1.36;Ideal;F;VS1;61.4;57;7.25;7.09;4.4;11132
1.51;Ideal;H;VS2;62.5;56;7.37;7.33;4.57;11133
1.7;Very Good;H;VVS2;63.2;56;7.59;7.56;4.79;11133
1.31;Ideal;F;VS1;61.7;56;7.02;7.04;4.34;11136
1.7;Premium;D;SI2;63;59;7.67;7.6;4.81;11138
1.23;Ideal;F;VVS2;61.8;56;6.89;6.84;4.24;11141
1.31;Ideal;G;VVS1;61.1;57;7.01;7.06;4.3;11146
1.67;Very Good;H;SI1;59.4;61;7.73;7.78;4.61;11146
1.57;Premium;I;VVS2;60.7;58;7.54;7.51;4.57;11146
1.28;Ideal;G;VVS1;62.1;56;6.93;6.96;4.31;11147
1.68;Ideal;D;SI2;62.7;55;7.45;7.58;4.71;11147
2.2;Premium;H;SI2;58.2;59;8.52;8.47;4.94;11147
1.56;Ideal;F;SI1;61.2;57;7.52;7.48;4.59;11148
1.59;Ideal;E;SI2;62.3;55;7.48;7.52;4.67;11149
1.55;Premium;H;VS2;60.4;60;7.44;7.39;4.48;11149
1.77;Ideal;J;VS1;62.2;56;7.77;7.73;4.82;11150
1.62;Ideal;I;VS1;60.8;56;7.56;7.61;4.62;11152
1.51;Premium;G;SI1;62.6;58;7.27;7.3;4.56;11153
1.51;Very Good;G;SI1;62.9;57;7.27;7.3;4.58;11153
1.5;Fair;F;SI1;64.6;60;7.18;7.1;4.61;11154
1.5;Premium;F;SI1;62.8;56;7.36;7.3;4.6;11154
1.52;Ideal;H;VS1;62.3;55;7.36;7.32;4.57;11154
1.01;Ideal;E;VVS1;62;57;6.45;6.39;3.98;11154
1.5;Premium;I;VVS1;62.4;60;7.32;7.29;4.56;11155
1.66;Ideal;I;VS2;62.3;54;7.58;7.61;4.73;11156
2;Fair;G;SI2;65.1;54;7.88;7.82;5.11;11156
2.01;Fair;E;SI2;65.5;56;7.84;7.79;5.12;11156
1.27;Ideal;G;IF;61.5;58;6.95;6.99;4.29;11157
1.5;Ideal;H;VS2;62.8;57;7.3;7.25;4.57;11159
1.64;Premium;H;SI1;59.3;61;7.68;7.64;4.54;11159
1.51;Very Good;G;VS2;59.3;58;7.32;7.49;4.39;11161
1.51;Very Good;H;VS1;61.8;59;7.27;7.32;4.51;11161
1.51;Premium;H;VS1;61;60;7.29;7.34;4.46;11161
1.71;Premium;H;VS1;58.1;62;8.02;7.84;4.61;11161
1.3;Premium;G;VVS1;60.5;60;7.05;7.01;4.25;11162
1.51;Ideal;H;SI1;62.3;54;7.37;7.33;4.58;11163
1.02;Premium;E;VVS1;61.5;59;6.46;6.41;3.96;11163
2.02;Premium;J;SI2;62.1;60;7.98;8.09;4.99;11165
1.51;Very Good;H;VS2;62.8;60;7.25;7.28;4.56;11166
1.08;Ideal;E;VVS2;61;56;6.64;6.67;4.06;11166
1.02;Premium;F;IF;62.5;58;6.54;6.39;4.04;11167
1.02;Ideal;D;VVS2;62;56;6.48;6.43;4;11167
1.52;Ideal;I;VVS1;61.9;56;7.37;7.34;4.55;11168
1.61;Premium;H;SI1;60.8;56;7.61;7.58;4.62;11169
1.6;Very Good;I;VVS1;59.8;56;7.6;7.68;4.57;11170
2.03;Ideal;I;SI2;61.1;56;8.22;8.17;5.01;11172
1.23;Very Good;E;VVS2;60.4;62;6.88;6.93;4.17;11175
1.21;Premium;F;VVS1;63;59;6.75;6.7;4.24;11175
1.3;Ideal;G;VVS2;62;57;7.03;6.96;4.34;11175
1.52;Very Good;E;SI1;63.5;58;7.36;7.29;4.65;11176
1.76;Premium;J;VS1;62;58;7.74;7.7;4.79;11177
1.54;Premium;H;VS2;61;60;7.46;7.42;4.54;11177
1.32;Premium;F;VS1;61.7;59;6.99;6.95;4.3;11177
1.53;Very Good;H;VS2;62.2;58;7.3;7.34;4.55;11178
1.5;Good;E;SI1;58.9;61;7.43;7.5;4.4;11179
1.62;Ideal;H;SI1;60.9;58;7.53;7.61;4.61;11180
1.5;Ideal;G;SI1;62;56;7.33;7.29;4.53;11180
1.7;Good;G;SI1;58.2;64;7.89;7.85;4.58;11180
1.2;Good;F;VVS1;63.6;57;6.74;6.71;4.28;11182
1.23;Ideal;G;VVS1;61.2;56;6.94;6.9;4.23;11182
1.18;Ideal;E;VVS2;61.6;58;6.78;6.82;4.19;11184
2.01;Premium;J;SI1;60.3;56;8.02;7.96;4.82;11188
1.51;Premium;H;VS2;61.2;58;7.4;7.36;4.52;11188
1.5;Premium;G;VS2;59.9;58;7.38;7.34;4.41;11189
1.5;Premium;H;VS1;62.1;59;7.31;7.27;4.53;11189
2;Fair;J;SI1;66.4;55;7.82;7.67;5.15;11189
1.5;Premium;G;VS2;58.4;58;7.54;7.5;4.39;11189
1.5;Ideal;H;SI1;62;55;7.34;7.29;4.54;11189
2;Very Good;J;SI1;63.3;59;7.95;7.89;5.01;11189
1.5;Premium;H;VS1;59.9;60;7.44;7.39;4.44;11189
1.6;Premium;G;SI1;62.4;61;7.43;7.4;4.63;11189
1.7;Very Good;I;VS2;58.5;59;7.81;7.89;4.59;11190
1.51;Very Good;F;SI1;62.4;55;7.28;7.34;4.56;11190
2.06;Premium;I;SI2;62.2;60;8.14;8.1;5.05;11190
1.61;Ideal;G;SI1;61.2;55;7.57;7.62;4.65;11192
1.5;Very Good;E;SI1;64;58;7.21;7.23;4.62;11194
1.5;Premium;H;VS2;62.4;59;7.32;7.29;4.56;11194
1.74;Ideal;J;VS1;61.1;56;7.85;7.79;4.78;11194
1.06;Ideal;F;IF;61;57;6.64;6.55;4.02;11195
1.05;Ideal;D;VVS2;61.9;54;6.53;6.55;4.05;11196
1.29;Ideal;F;VS1;60.7;57;7.08;7.05;4.29;11197
2;Premium;F;SI2;60.6;62;8.19;7.84;4.86;11198
1.71;Ideal;F;SI2;62.1;54;7.72;7.67;4.78;11199
2;Premium;H;SI1;61.7;58;7.82;7.77;4.81;11200
2;Premium;H;SI2;62.1;60;8.1;8.01;5.3;11202
2;Fair;H;SI2;55.3;65;8.42;8.35;4.64;11202
1.38;Ideal;F;VS2;61.9;55;7.16;7.12;4.42;11205
1.52;Premium;H;VS2;59.4;59;7.49;7.45;4.44;11206
1.52;Ideal;H;VS2;60.7;56;7.49;7.41;4.52;11206
1.14;Ideal;E;VVS2;61.6;57;6.68;6.73;4.13;11206
1.27;Ideal;G;VS1;61.2;57;6.97;6.98;4.27;11206
2.04;Premium;J;VS2;60.9;59;8.25;8.21;5.01;11209
1.54;Premium;G;SI1;61.8;59;7.37;7.32;4.54;11209
1.06;Ideal;D;VVS2;61.1;56;6.58;6.59;4.02;11209
1.51;Good;D;SI1;63.6;61;7.1;7.25;4.56;11212
2.01;Fair;J;SI1;64.4;61;7.74;7.78;5;11212
1.28;Very Good;G;VVS1;60.3;59;6.99;7.03;4.23;11214
1;Very Good;E;IF;62.5;55;6.28;6.39;3.96;11214
1.5;Very Good;G;VS1;59.1;62;7.38;7.42;4.37;11216
1.62;Ideal;I;VS2;61.8;55;7.56;7.59;4.68;11217
1.26;Ideal;G;VVS1;61.7;56;6.96;6.98;4.3;11218
1.5;Very Good;H;VS2;60;62;7.38;7.41;4.44;11220
1.52;Premium;D;SI1;60.8;61;7.39;7.26;4.45;11220
1.61;Ideal;E;SI2;61.3;59;7.47;7.57;4.61;11220
2.34;Ideal;H;I1;62.4;55;8.51;8.44;5.29;11221
1.71;Good;F;SI2;64;59;7.53;7.44;4.79;11225
1.72;Ideal;I;VS2;62.8;57;7.69;7.63;4.81;11226
1.14;Ideal;F;VVS1;60.1;60;6.79;6.83;4.09;11226
2.26;Premium;H;SI2;61.9;58;8.37;8.33;5.17;11226
1.71;Premium;G;SI2;62.6;57;7.66;7.6;4.78;11227
1.7;Ideal;I;SI1;62.4;56;7.68;7.64;4.78;11228
1.7;Premium;F;SI2;60.5;59;7.77;7.73;4.69;11228
1.53;Ideal;F;SI1;62;56;7.43;7.38;4.59;11229
1.51;Premium;G;SI1;60.5;59;7.49;7.41;4.51;11230
1.53;Ideal;G;SI1;62.4;57;7.33;7.41;4.6;11230
1.24;Premium;F;VVS2;62;55;6.95;6.88;4.29;11231
1.5;Premium;E;SI1;61.5;58;7.28;7.36;4.5;11233
1.1;Ideal;F;IF;62;57;6.65;6.57;4.1;11233
1.1;Ideal;D;VVS2;62;57;6.62;6.57;4.09;11233
1.1;Premium;D;VVS2;61.7;56;6.65;6.64;4.1;11233
1.24;Very Good;F;VVS2;59;58;6.98;7.03;4.13;11234
2.06;Ideal;J;SI2;61.9;55;8.19;8.23;5.08;11234
1.52;Good;G;VS2;63.3;57;7.27;7.32;4.62;11235
1.31;Ideal;F;VS1;61.7;56;7.04;7.02;4.34;11237
2.36;Ideal;I;SI2;60.8;54;8.68;8.57;5.24;11238
1.71;Premium;I;VS1;60.6;57;7.82;7.73;4.71;11246
1.31;Ideal;G;VVS1;61.1;57;7.06;7.01;4.3;11247
1.71;Premium;G;SI2;60.9;58;7.68;7.72;4.69;11248
1.28;Ideal;G;VVS1;62.1;56;6.96;6.93;4.31;11248
1.67;Premium;H;SI1;59.4;61;7.78;7.73;4.61;11248
1.39;Premium;E;VS2;61.7;59;7.13;7.09;4.39;11248
1.71;Good;I;VS2;58;60;7.85;7.9;4.57;11250
1.59;Ideal;E;SI2;62.3;55;7.52;7.48;4.67;11251
1.5;Premium;F;VS2;61.1;59;7.37;7.35;4.5;11255
1.31;Premium;G;VVS2;59.6;61;7.23;7.14;4.28;11255
2;Ideal;I;SI2;59.8;55;8.28;8.18;4.92;11255
1.51;Ideal;G;SI1;62.9;57;7.3;7.27;4.58;11255
1.51;Premium;G;SI1;62.6;58;7.3;7.27;4.56;11255
1.7;Ideal;I;VS2;61.7;56;7.64;7.72;4.74;11257
1.7;Premium;I;VS2;61.7;59;7.63;7.68;4.72;11257
1.7;Premium;I;VS2;61.2;59;7.55;7.62;4.64;11257
1.58;Ideal;H;VS2;62.7;56;7.39;7.44;4.65;11262
1.4;Very Good;G;VS1;62.6;58;7.03;7.07;4.41;11262
1.78;Premium;H;SI2;59.1;60;7.93;7.87;4.67;11262
1.51;Very Good;E;SI1;61.4;60;7.3;7.38;4.51;11263
1.51;Premium;H;VS1;61.8;59;7.32;7.27;4.51;11263
1.51;Very Good;H;VS1;63.2;60;7.23;7.17;4.55;11263
1.51;Premium;H;VS1;61;60;7.34;7.29;4.46;11263
1.51;Fair;H;VS1;58;67;7.63;7.57;4.41;11263
1.53;Very Good;F;SI1;62;56;7.39;7.47;4.61;11267
1.24;Very Good;F;VVS2;63.6;56;6.75;6.8;4.31;11268
1.51;Premium;H;VS2;62.9;59;7.31;7.25;4.58;11268
1.51;Premium;H;VS2;62.8;60;7.28;7.25;4.56;11268
1.04;Very Good;E;IF;63.6;58;6.41;6.43;4.08;11269
1.41;Premium;E;VS2;61.3;58;7.29;7.25;4.46;11269
1.57;Premium;H;VS1;59.8;60;7.63;7.56;4.54;11272
1.52;Ideal;H;VS2;62.4;58;7.3;7.37;4.58;11272
2.04;Very Good;J;SI2;61.7;57;8.1;8.13;5.01;11276
1.04;Premium;E;VVS1;60.9;58;6.53;6.61;4;11279
1.53;Premium;H;VS2;62.2;58;7.34;7.3;4.55;11280
1.55;Very Good;D;SI2;58.9;57;7.59;7.63;4.48;11284
1.38;Very Good;F;VS1;61.4;61;7.1;7.14;4.37;11286
1.61;Ideal;G;SI1;61.2;55;7.62;7.57;4.65;11294
1.5;Good;G;VS2;59;58;7.41;7.45;4.38;11294
1.58;Ideal;E;SI1;61.4;55;7.53;7.5;4.61;11294
1.5;Ideal;H;VS1;62.3;54.7;7.29;7.33;4.55;11296
1.56;Premium;F;SI1;60.1;60;7.56;7.52;4.53;11299
1.2;Premium;E;VVS2;62.1;58;6.76;6.7;4.18;11301
1.51;Very Good;F;SI1;62.1;55;7.29;7.37;4.55;11302
1.51;Ideal;F;SI1;60.7;59;7.42;7.44;4.51;11302
1.43;Ideal;G;VS1;59.9;57;7.35;7.3;4.39;11302
1.5;Very Good;H;VVS2;62.7;58;7.21;7.24;4.53;11303
1.53;Good;E;SI1;63.5;58;7.29;7.35;4.65;11303
1.61;Premium;G;SI1;62.6;58;7.48;7.45;4.67;11303
1.64;Ideal;I;VS1;60.5;57;7.68;7.62;4.64;11305
1.65;Premium;D;SI1;60.4;60;7.63;7.58;4.59;11310
2.01;Good;I;SI2;56.9;59;8.41;8.3;4.74;11312
2.01;Premium;I;SI2;63;56;8.05;7.96;5.05;11312
2.08;Good;I;SI2;57;63;8.49;8.45;4.83;11313
1.37;Ideal;E;VS2;60.3;54;7.26;7.2;4.36;11314
2.02;Ideal;J;SI2;62.7;56.9;8.03;8.07;5.05;11314
1.7;Premium;F;SI2;60.1;58;7.74;7.67;4.63;11322
2;Fair;I;VS1;58.5;68;8.26;8.15;4.8;11322
1.5;Premium;H;VS2;60;62;7.41;7.38;4.44;11322
1.26;Ideal;E;VS1;61.2;56;6.97;6.93;4.25;11323
1.5;Very Good;E;SI1;59.4;59;7.42;7.49;4.43;11325
1.8;Premium;J;VS1;58.2;61;8.07;7.95;4.66;11329
1.11;Very Good;E;VVS1;60.2;59;6.67;6.79;4.05;11330
1.59;Very Good;H;VS2;60.7;61.1;7.5;7.56;4.57;11333
1.59;Premium;H;VS2;62.1;58;7.42;7.48;4.63;11333
1.52;Ideal;H;VS2;61.8;55.1;7.38;7.42;4.58;11333
1.54;Ideal;G;SI1;61.5;55;7.4;7.45;4.57;11333
1.03;Premium;D;VVS2;60.1;58;6.55;6.6;3.95;11335
1.81;Good;G;SI2;58.9;55;7.99;8.04;4.72;11336
2.06;Ideal;J;SI2;61.9;55;8.23;8.19;5.08;11337
1.52;Very Good;G;VS2;63.3;57;7.32;7.27;4.62;11338
1.67;Ideal;F;SI2;62.4;54;7.6;7.63;4.75;11341
1.56;Premium;H;VS1;62;57;7.48;7.43;4.62;11345
1.41;Premium;G;VS1;62.1;59;7.1;7.06;4.4;11347
1.62;Very Good;H;SI1;62.2;58;7.46;7.5;4.65;11351
1.71;Premium;G;SI2;60.9;58;7.72;7.68;4.69;11351
1.5;Very Good;D;SI1;63.4;58;7.16;7.25;4.57;11352
1.5;Very Good;D;SI1;63.5;57;7.23;7.28;4.61;11352
2;Fair;G;SI2;65.1;57;7.84;7.78;5.09;11355
2;Premium;G;SI2;61.7;60;7.95;7.9;4.89;11355
1.5;Premium;H;VS2;61.8;59;7.3;7.35;4.53;11360
1.7;Premium;I;VS2;61.2;59;7.62;7.55;4.64;11360
1.7;Premium;I;VS2;61.7;59;7.68;7.63;4.72;11360
1.7;Ideal;I;VS2;61.7;56;7.72;7.64;4.74;11360
1.72;Premium;I;VS2;58.3;61;7.91;7.87;4.6;11360
1.55;Good;H;VS2;61;61;7.42;7.47;4.54;11364
1.03;Ideal;F;IF;61.3;56;6.53;6.55;4.01;11365
1.58;Ideal;H;VS2;62.7;56;7.44;7.39;4.65;11365
1.5;Good;E;SI1;63;54;7.19;7.26;4.55;11368
1.4;Premium;F;VS2;60.7;58;7.26;7.17;4.38;11368
1.7;Premium;I;VS2;60.5;61;7.68;7.65;4.64;11369
1.53;Premium;F;SI1;62;56;7.47;7.39;4.61;11370
1.28;Ideal;G;IF;60.8;57;7.02;7.05;4.28;11372
1.51;Premium;F;SI1;62.2;58;7.32;7.27;4.54;11374
1.51;Premium;F;SI1;62.2;58;7.32;7.27;4.54;11374
1.24;Ideal;G;IF;62.4;56;6.86;6.89;4.29;11376
1.52;Ideal;H;VS2;61.8;54;7.42;7.43;4.59;11379
1.52;Ideal;H;VS2;61.9;55;7.38;7.43;4.58;11379
1.53;Very Good;F;VS1;63.2;58;7.33;7.3;4.62;11379
2.03;Ideal;H;SI2;61.9;57;8.14;8.1;5.03;11379
1.58;Premium;G;VS1;60.8;58;7.58;7.52;4.59;11380
1.04;Premium;E;VVS1;60.9;58;6.61;6.53;4;11382
1.23;Very Good;F;VVS2;62.2;58;6.81;6.86;4.25;11382
1.5;Ideal;E;SI1;62;55;7.32;7.4;4.56;11385
1.01;Premium;E;IF;62.6;58;6.37;6.44;4.01;11387
0.3;Very Good;H;SI1;61.3;58;4.29;4.33;2.64;421
0.3;Very Good;H;SI1;63;54;4.27;4.3;2.7;421
0.3;Very Good;H;SI2;63.4;55;4.26;4.22;2.69;422
0.3;Ideal;G;SI2;61.8;57;4.31;4.33;2.67;422
0.3;Ideal;G;SI2;62.1;58;4.27;4.3;2.66;422
0.3;Ideal;G;SI2;61.4;56;4.33;4.34;2.66;422
0.3;Ideal;G;SI2;61.9;57;4.28;4.31;2.66;422
0.3;Ideal;G;SI2;62;55;4.28;4.33;2.67;422
0.3;Ideal;G;SI2;61.6;56;4.32;4.35;2.67;422
0.3;Ideal;I;SI1;61.7;57;4.3;4.32;2.66;422
0.3;Ideal;I;SI1;61.9;58;4.27;4.32;2.66;422
0.3;Ideal;I;SI1;61.9;57;4.28;4.31;2.66;422
0.3;Ideal;I;SI1;61.9;57;4.29;4.31;2.66;422
0.3;Ideal;I;SI1;62.5;58;4.25;4.29;2.67;422
0.3;Ideal;I;SI1;61.2;58;4.28;4.31;2.63;422
0.3;Ideal;I;SI1;61.5;57;4.3;4.35;2.66;422
0.3;Ideal;I;SI1;61.9;57;4.3;4.32;2.67;422
0.3;Ideal;G;SI1;62.1;53;4.32;4.37;2.7;422
0.3;Ideal;G;SI1;62.2;55;4.27;4.32;2.67;422
0.3;Ideal;G;SI1;60.9;57;4.34;4.39;2.66;422
0.26;Very Good;G;VS2;61.7;57;4.11;4.15;2.55;423
0.26;Very Good;G;VS1;62.4;56;4.08;4.1;2.55;423
0.23;Ideal;H;VS1;61.2;55;3.94;3.97;2.42;423
0.23;Ideal;E;VS2;62.6;57;3.88;3.92;2.44;423
0.31;Ideal;J;VS1;61.2;55;4.37;4.39;2.68;424
0.31;Ideal;J;VS1;62.1;55;4.35;4.38;2.71;424
0.31;Ideal;I;VS1;61.7;55;4.36;4.39;2.7;424
0.3;Ideal;H;SI1;61.3;59;4.29;4.33;2.64;425
0.23;Good;F;VVS2;62.3;61;3.93;3.94;2.45;425
0.23;Good;F;VVS2;64.5;55;3.83;3.86;2.48;425
0.33;Ideal;D;SI2;62.9;56;4.43;4.41;2.78;631
0.33;Ideal;D;SI2;62.4;56;4.44;4.41;2.76;631
0.33;Premium;D;SI2;60.7;56;4.46;4.43;2.7;631
0.33;Premium;D;SI2;62.1;58;4.43;4.4;2.74;631
0.33;Ideal;D;SI2;62.4;57;4.42;4.39;2.75;631
0.33;Very Good;D;SI2;63.3;53;4.42;4.39;2.79;631
0.33;Ideal;G;SI1;61.4;57;4.48;4.45;2.74;631
0.33;Premium;G;SI1;61.6;57;4.45;4.42;2.73;631
0.33;Premium;G;SI1;62.3;59;4.44;4.39;2.75;631
0.33;Very Good;G;SI1;63.2;57;4.44;4.39;2.79;631
0.36;Premium;H;VS1;60.5;59;4.6;4.63;2.79;631
0.36;Good;E;SI1;63.1;58;4.49;4.54;2.85;631
0.36;Ideal;E;SI1;61.9;56;4.53;4.58;2.82;631
0.36;Very Good;E;SI1;60.8;59;4.56;4.59;2.78;631
0.36;Ideal;E;SI1;61.4;57;4.56;4.59;2.81;631
0.4;Premium;F;SI2;62.6;60;4.65;4.68;2.92;631
0.3;Good;I;IF;63.3;57;4.23;4.3;2.7;631
0.3;Good;I;IF;63.3;56;4.21;4.26;2.68;631
0.4;Very Good;J;VS1;63;58;4.66;4.7;2.95;631
0.36;Very Good;E;SI1;62.9;56;4.52;4.57;2.86;631
0.36;Ideal;E;SI1;62.4;55;4.55;4.58;2.85;631
0.36;Very Good;E;SI1;62.4;55;4.52;4.55;2.83;631
0.4;Ideal;J;VS1;62.6;55;4.71;4.75;2.96;631
0.36;Very Good;E;SI1;61.3;56;4.58;4.62;2.82;631
0.36;Very Good;E;VS2;59.9;55;4.66;4.69;2.8;631
0.36;Premium;E;SI1;60.9;60;4.56;4.61;2.79;631
0.4;Premium;J;VS1;60.7;60;4.76;4.79;2.9;631
0.36;Very Good;E;VS2;62.9;56;4.52;4.54;2.85;631
0.36;Ideal;E;SI1;62;57;4.53;4.57;2.82;631
0.36;Ideal;H;VS1;61.8;57;4.56;4.6;2.83;631
1.13;Ideal;E;VVS2;60.1;59;6.77;6.81;4.08;11387
1.31;Premium;G;VVS2;62.7;59;6.96;6.92;4.35;11389
1.71;Very Good;I;VS2;63.4;59;7.53;7.45;4.75;11389
2.02;Very Good;I;SI2;63.3;59;7.93;8;5.04;11390
1.52;Very Good;J;VVS2;62.1;60;7.33;7.36;4.56;11392
1.3;Premium;F;VS1;62.5;58;6.97;6.94;4.35;11392
1.21;Premium;E;VVS2;61.9;58;6.84;6.79;4.22;11395
1.5;Good;F;SI1;60.5;62;7.32;7.38;4.45;11399
2;Good;I;SI2;64.2;52;7.91;7.88;5.07;11400
1.01;Ideal;E;VVS2;61.7;57;6.42;6.44;3.97;11400
1.67;Premium;I;VS1;61.1;58;7.69;7.6;4.67;11400
1.28;Ideal;G;IF;62;55.6;6.94;6.96;4.31;11401
1.12;Ideal;F;VVS1;61;56;6.71;6.74;4.1;11403
2;Very Good;J;SI1;61.9;59;7.96;8;4.94;11404
1.52;Ideal;F;VS2;62.3;55;7.37;7.33;4.58;11405
1.5;Ideal;F;SI1;62;53;7.32;7.29;4.53;11405
2.01;Very Good;J;SI2;60.6;60;8.11;8.19;4.94;11406
1.83;Ideal;J;VS2;62;56;7.84;7.9;4.88;11406
1.53;Very Good;E;SI1;63.5;58;7.35;7.29;4.65;11406
1.33;Ideal;D;VS2;62.8;56;7.08;7.03;4.43;11409
1.53;Premium;H;VS1;60.8;59;7.41;7.36;4.49;11413
2;Premium;F;SI2;61.5;59;8.03;7.95;4.92;11413
1.57;Premium;H;VS2;62.2;58;7.45;7.4;4.62;11415
1.18;Ideal;F;VVS2;60.6;55;6.84;6.88;4.16;11415
1.86;Very Good;H;SI2;62.3;57;7.82;7.85;4.88;11416
1.05;Very Good;F;IF;59.7;55;6.66;6.73;4;11417
1.23;Ideal;G;VVS1;61.4;55;6.89;6.93;4.24;11417
1.32;Ideal;G;VVS2;62.3;57;6.96;7.04;4.36;11419
1.58;Ideal;H;VS2;63;56;7.39;7.46;4.68;11419
1.28;Ideal;E;VS1;61.7;57;6.93;6.97;4.29;11419
1.02;Very Good;E;IF;58.1;59;6.71;6.75;3.91;11420
1.53;Premium;G;SI1;62.3;58;7.35;7.3;4.56;11421
1.25;Ideal;E;VS2;60.7;56;6.97;6.99;4.24;11422
1.62;Very Good;H;VS2;59.6;59;7.59;7.67;4.55;11427
1.58;Ideal;D;SI2;62.5;55;7.39;7.45;4.64;11428
1.55;Premium;H;VS2;61.7;59;7.44;7.4;4.58;11428
1.18;Very Good;F;VVS2;60.1;58;6.88;6.92;4.15;11430
1.23;Premium;F;VVS2;61.6;59;6.8;6.9;4.22;11430
1.55;Ideal;I;VVS2;61.3;59;7.41;7.46;4.56;11430
1.7;Very Good;D;SI2;60.8;59;7.76;7.83;4.75;11431
1.53;Ideal;I;VS2;61.5;56;7.39;7.44;4.55;11434
1.07;Ideal;F;IF;62;57;6.52;6.57;4.06;11434
1.42;Premium;G;VS1;62.1;56;7.27;7.22;4.5;11434
1.51;Premium;H;VS2;60.2;60;7.33;7.35;4.42;11435
1.51;Premium;H;VS2;62.3;59;7.28;7.32;4.55;11435
1.51;Ideal;H;VS2;62.2;57;7.29;7.33;4.55;11435
1.58;Ideal;I;VVS1;61.9;55;7.47;7.51;4.64;11435
1.2;Premium;E;VVS2;61.4;56;6.94;6.83;4.23;11435
1.6;Ideal;E;SI1;61.9;54;7.56;7.5;4.66;11437
1.59;Premium;H;VS2;62.1;58;7.48;7.42;4.63;11437
1.59;Ideal;H;VS2;60.7;61;7.56;7.5;4.57;11437
1.5;Very Good;D;SI1;62.7;59;7.21;7.24;4.53;11442
1.5;Very Good;D;SI1;60.7;62;7.3;7.33;4.44;11442
1.01;Ideal;D;VVS2;61.9;56;6.41;6.45;3.98;11442
1.91;Ideal;J;SI1;60.7;56;8.01;8.09;4.89;11447
1.42;Very Good;G;VS1;62.7;55;7.11;7.17;4.48;11452
1.53;Very Good;H;VS2;60.9;63;7.37;7.41;4.5;11452
1.21;Very Good;F;VVS2;61;58;6.89;6.92;4.21;11455
1.71;Ideal;I;VS2;60.5;56;7.71;7.73;4.67;11455
1.2;Ideal;F;VVS1;62;56;6.76;6.82;4.21;11455
1.72;Premium;H;VS2;59.5;60;7.79;7.75;4.62;11455
1.62;Premium;H;SI1;62.2;58;7.5;7.46;4.65;11455
1.2;Very Good;E;VVS2;63.2;56;6.73;6.78;4.27;11456
1.31;Ideal;G;VVS2;59.2;59;7.12;7.18;4.23;11459
1.81;Premium;H;SI2;62;60;7.79;7.75;4.82;11460
1.51;Very Good;E;SI1;62.8;59;7.26;7.3;4.57;11460
1.51;Good;E;SI1;63.1;58;7.23;7.28;4.58;11460
2.02;Premium;J;SI2;62.7;60;7.98;8.1;5.04;11463
1.5;Premium;H;VS2;61.8;59;7.35;7.3;4.53;11464
1.51;Ideal;G;SI1;61.1;57;7.46;7.4;4.54;11465
1.23;Ideal;G;VVS1;59.5;57;7;6.98;4.16;11469
1.57;Premium;H;VS2;61;59;7.5;7.54;4.59;11470
1.53;Ideal;E;SI1;61;55;7.44;7.49;4.55;11470
2.03;Ideal;I;SI1;62.9;55;8.11;8.04;5.08;11472
2.16;Premium;H;SI2;62.3;57;8.29;8.22;5.14;11473
1.07;Very Good;E;IF;58.6;63;6.7;6.79;3.95;11475
2.02;Very Good;J;SI2;63.5;57;7.94;8.02;5.07;11475
1.13;Ideal;D;VS1;61.2;57;6.7;6.72;4.1;11477
1.28;Very Good;G;VVS2;59.5;56;7.12;7.16;4.25;11478
1.01;Premium;D;VVS1;59.3;59;6.56;6.53;3.88;11480
1.51;Premium;G;VS2;60.4;58;7.38;7.43;4.47;11480
1.7;Premium;I;VVS2;61.8;61;7.57;7.5;4.66;11481
1.5;Premium;F;SI1;61.4;59;7.31;7.34;4.5;11484
1.99;Premium;G;SI2;59.1;61;8.08;8.05;4.77;11486
1.51;Good;E;SI1;62.8;59;7.16;7.2;4.51;11487
1.54;Ideal;G;VS2;61.5;57;7.44;7.41;4.57;11487
1.6;Premium;G;VS2;62.2;59;7.45;7.48;4.64;11489
1.5;Premium;D;SI1;60.5;59;7.44;7.39;4.49;11489
1.5;Ideal;E;SI1;62;55;7.4;7.32;4.56;11489
1.5;Fair;E;SI1;56.2;58;7.71;7.6;4.3;11489
1.58;Premium;H;VS1;61.7;59;7.48;7.42;4.6;11491
1.01;Premium;E;IF;62.6;58;6.44;6.37;4.01;11491
1.43;Ideal;H;VS1;62;55;7.21;7.28;4.49;11498
2.07;Ideal;J;VS2;62.2;56;8.2;8.16;5.09;11500
1.02;Ideal;E;IF;62.6;57;6.41;6.47;4.03;11500
2.29;Very Good;H;SI2;63.4;57;8.4;8.33;5.3;11502
1.24;Ideal;G;VVS1;62.1;56;6.86;6.91;4.28;11503
1.5;Good;G;VS2;58.8;64;7.43;7.4;4.36;11508
1.5;Good;G;VS2;63.8;56;7.2;7.15;4.58;11508
1.6;Premium;H;VS2;62.6;58;7.5;7.45;4.68;11508
2;Very Good;J;SI2;62.8;57;8.02;8.05;5.04;11510
1.52;Ideal;G;SI1;63;55;7.31;7.38;4.63;11510
1.04;Ideal;D;VVS2;60.9;57;6.54;6.6;4;11511
1.25;Ideal;G;IF;60.2;54;6.99;7.03;4.22;11511
1.51;Very Good;I;VVS1;62;58;7.27;7.31;4.52;11512
1.51;Good;H;VS1;59.1;58;7.48;7.52;4.43;11512
1.7;Very Good;I;VS1;60.6;59;7.64;7.67;4.64;11514
1.52;Premium;H;VS1;61.4;58;7.3;7.44;4.55;11516
1.06;Very Good;E;IF;62.7;58;6.48;6.54;4.08;11518
1.7;Premium;I;VS2;61.4;59;7.6;7.68;4.69;11519
1.7;Premium;I;VS2;60.7;59;7.63;7.7;4.65;11519
1.4;Good;G;VVS2;63.4;59;7.04;7.12;4.49;11519
1.86;Premium;H;SI2;62.3;57;7.85;7.82;4.88;11520
2.19;Good;I;SI2;63.7;57;8.23;8.19;5.23;11522
1.56;Ideal;G;SI1;61.2;56;7.49;7.51;4.59;11522
1.57;Ideal;F;SI1;62.4;56;7.46;7.41;4.64;11523
1.57;Premium;F;SI1;62;58;7.47;7.41;4.61;11523
1.5;Good;G;VS1;63.8;59;7.16;7.22;4.59;11524
1.53;Ideal;F;SI1;61.9;55;7.43;7.36;4.58;11525
1.53;Ideal;F;SI1;62.5;57;7.38;7.31;4.59;11525
2.01;Good;J;VS1;63.7;59;7.93;7.86;5.03;11526
1.58;Ideal;I;VVS1;61.7;53;7.52;7.53;4.65;11526
1.54;Very Good;H;VS2;62.1;62;7.31;7.38;4.56;11527
1.38;Ideal;G;VS1;62.2;54;7.18;7.14;4.45;11527
1.2;Ideal;G;VVS2;60.9;56;6.86;6.91;4.19;11530
1.2;Ideal;G;VVS2;61;56;6.86;6.88;4.19;11530
1.56;Ideal;H;VS2;61.5;56;7.46;7.5;4.6;11531
1.31;Ideal;G;VVS2;60.9;56;7.17;7.07;4.32;11531
1.51;Very Good;G;VS2;62.1;57;7.37;7.32;4.5;11532
1.5;Very Good;E;SI1;61.4;59;7.24;7.41;4.5;11533
1.23;Premium;F;VVS2;61.6;59;6.9;6.8;4.22;11534
1.63;Premium;I;VS1;61.1;57;7.7;7.58;4.67;11534
1.6;Very Good;E;SI2;62.5;54;7.5;7.55;4.7;11537
1.03;Premium;E;VVS1;58.8;59;6.63;6.6;3.89;11538
1.51;Ideal;H;VS2;62.2;57;7.33;7.29;4.55;11540
1.51;Premium;H;VS2;60.2;60;7.35;7.33;4.42;11540
1.51;Premium;H;VS2;62.3;59;7.32;7.28;4.55;11540
1.51;Ideal;H;VS2;60.6;57;7.46;7.45;4.52;11540
2;Premium;G;SI2;61.4;59;8.14;8.06;4.97;11544
3;Good;E;I1;64.2;65;9.08;8.96;5.79;11548
1.14;Premium;F;VVS1;59.4;59;6.87;6.8;4.06;11549
1.1;Ideal;D;VVS2;62.2;57;6.58;6.54;4.08;11550
2.01;Good;J;SI2;63.4;59;7.95;7.99;5.05;11554
1.73;Very Good;I;SI1;60.9;59;7.71;7.68;4.69;11554
1.5;Good;E;SI1;58.5;59;7.45;7.49;4.37;11554
1.5;Ideal;H;VS1;61;56.8;7.36;7.4;4.5;11557
1.53;Very Good;H;VS2;60.9;63;7.41;7.37;4.5;11557
1.71;Ideal;I;VS2;60.5;56;7.73;7.71;4.67;11559
1.51;Very Good;F;SI1;60.7;60;7.39;7.43;4.5;11560
1.51;Very Good;F;SI1;62.8;59;7.28;7.31;4.58;11560
1.51;Very Good;F;SI1;63;61;7.27;7.3;4.59;11560
1.51;Good;F;SI1;60.9;61;7.3;7.32;4.45;11560
1.7;Very Good;H;SI1;63.6;59;7.46;7.55;4.77;11560
1.55;Premium;H;VS1;62.6;58;7.4;7.34;4.61;11562
1.51;Very Good;E;SI1;63.1;58;7.28;7.23;4.58;11565
1.51;Premium;E;SI1;62.6;55;7.33;7.25;4.56;11565
1.51;Premium;E;SI1;62.8;59;7.3;7.26;4.57;11565
1.51;Premium;E;SI1;61.5;61;7.41;7.31;4.53;11565
2.01;Very Good;J;SI1;63.4;57;7.97;7.89;5.03;11566
1.55;Premium;H;VS2;60.7;58;7.51;7.47;4.55;11567
1.21;Ideal;G;VVS1;61.5;56;6.83;6.89;4.22;11572
1.5;Ideal;G;SI1;62.8;54;7.31;7.29;4.58;11572
1.02;Ideal;D;VVS2;62.2;59;6.41;6.46;4;11573
1.54;Premium;G;SI1;60.5;61;7.47;7.44;4.51;11574
1.55;Ideal;I;VS2;61.8;55;7.4;7.44;4.58;11574
1.57;Premium;H;VS2;61;59;7.54;7.5;4.59;11575
1.75;Ideal;G;SI2;61.6;54.8;7.73;7.78;4.78;11576
2.09;Good;J;VS2;57.2;64;8.51;8.46;4.85;11576
1.5;Good;G;VS2;63.3;62;7.08;7.2;4.52;11577
1.63;Premium;G;SI1;59.9;60;7.64;7.61;4.57;11578
2.18;Premium;H;SI2;62.3;59;8.37;8.26;5.18;11579
1.51;Ideal;H;VS1;62.6;56;7.28;7.32;4.57;11580
1.28;Ideal;F;VS1;61.7;55;7.01;6.98;4.32;11580
1.4;Very Good;G;VS1;59.9;56;7.31;7.34;4.39;11584
1.32;Ideal;G;VS1;61.7;56;7.04;7.07;4.35;11584
1.5;Very Good;E;SI1;59.6;58;7.38;7.41;4.41;11586
1.62;Ideal;I;VVS2;62.7;54;7.47;7.52;4.7;11587
1.5;Premium;F;SI1;61.4;59;7.34;7.31;4.5;11588
1.44;Premium;G;VS1;61.8;57;7.21;7.09;4.42;11588
1.25;Very Good;G;VVS1;60.2;58;6.97;7.04;4.22;11589
2.72;Ideal;H;I1;59.6;55;9.17;9.13;5.45;11594
1.52;Very Good;D;SI1;62;58;7.37;7.4;4.58;11595
1.57;Ideal;G;SI1;61.8;55;7.43;7.49;4.61;11596
2;Fair;H;SI2;65.2;55;7.9;7.85;5.13;11600
1.24;Ideal;G;VVS2;61.1;56;6.94;6.97;4.25;11601
1.28;Very Good;F;VVS2;62;57;6.92;7.01;4.32;11602
1.55;Very Good;H;VS2;61.3;61;7.39;7.46;4.55;11602
2.01;Ideal;G;SI2;61.5;55;8.15;8.11;5;11602
1.57;Very Good;H;VS1;62.8;60;7.36;7.44;4.65;11605
1.7;Ideal;H;VS2;62.3;57;7.68;7.65;4.78;11605
1.02;Ideal;E;IF;62.6;57;6.47;6.41;4.03;11605
1.51;Premium;F;SI1;62.2;59;7.34;7.3;4.55;11607
1.75;Ideal;J;VVS2;62;55;7.7;7.73;4.78;11609
1.58;Ideal;G;SI1;60.7;56;7.56;7.6;4.6;11610
1.03;Ideal;E;VVS2;61.7;56;6.49;6.51;4.01;11611
1.59;Very Good;G;SI1;62.3;60;7.42;7.49;4.64;11613
1.5;Premium;F;SI1;62.2;58;7.36;7.34;4.57;11613
1.76;Ideal;I;VS1;62;57;7.71;7.74;4.79;11616
1.52;Premium;H;VS1;61.4;58;7.44;7.3;4.55;11621
1.4;Very Good;G;VVS2;63.4;59;7.12;7.04;4.49;11624
1.61;Very Good;H;VS2;59.4;58;7.64;7.74;4.57;11627
1.51;Ideal;E;SI1;61.3;57;7.35;7.42;4.53;11628
1.56;Ideal;G;SI1;61.2;56;7.51;7.49;4.59;11628
1.09;Very Good;F;IF;61.4;56;6.62;6.68;4.08;11631
1.54;Premium;H;VS2;62.1;62;7.38;7.31;4.56;11632
1.3;Ideal;G;VVS2;62.4;56.1;6.97;7.02;4.36;11633
2.01;Premium;H;SI2;61.5;59;8.12;8.08;4.98;11635
1.56;Ideal;H;VS2;61.5;56;7.5;7.46;4.6;11636
1.52;Premium;F;SI1;62.6;59;7.27;7.36;4.58;11637
1.52;Ideal;F;SI1;62.2;56;7.38;7.41;4.6;11637
1.5;Premium;E;SI1;61.4;59;7.41;7.24;4.5;11638
1.72;Very Good;E;SI2;61;57;7.67;7.76;4.71;11638
2.33;Premium;J;SI1;61.1;58;8.6;8.56;5.24;11638
1.51;Very Good;G;VS2;61.5;59;7.34;7.38;4.53;11640
1.51;Good;G;VS2;64.2;54;7.18;7.27;4.64;11640
1.34;Ideal;G;VVS1;62.2;56;7.11;7.04;4.4;11640
1.13;Ideal;E;VVS1;61.5;56;6.68;6.71;4.12;11641
1.52;Ideal;E;SI1;62.2;53;7.38;7.31;4.57;11642
1.79;Ideal;H;SI2;61.5;56;7.77;7.81;4.79;11643
1.41;Premium;E;VS2;62.7;56;7.18;7.1;4.48;11644
2.01;Premium;H;SI2;61.9;59;8.13;7.97;4.98;11646
2.01;Premium;I;SI1;61.3;60;8.09;8.05;4.95;11646
2.01;Premium;H;SI2;61.8;62;8.05;7.97;4.95;11646
1.37;Ideal;F;VS1;59.6;57;7.28;7.22;4.32;11649
1.11;Very Good;F;VVS2;59.4;58;6.74;6.79;4.02;11650
1.54;Very Good;F;SI1;58.8;60;7.54;7.59;4.45;11650
1.45;Premium;F;VS2;61.1;58;7.31;7.23;4.44;11650
1.54;Ideal;I;VS1;61.5;56;7.42;7.47;4.58;11651
1.6;Ideal;G;SI1;62.1;56;7.51;7.48;4.65;11651
1.5;Very Good;H;VVS1;63.8;57;7.17;7.21;4.59;11654
1.14;Premium;F;VVS1;59.4;59;6.87;6.8;4.06;11654
1.1;Ideal;D;VVS2;62.2;57;6.58;6.54;4.08;11654
1.75;Premium;E;SI2;62.5;59;7.71;7.63;4.79;11655
1.5;Premium;I;VS2;61.4;58;7.28;7.24;4.46;11655
2;Fair;H;SI2;64.5;56;7.93;7.86;5.09;11655
2.01;Very Good;J;SI2;63.4;59;7.99;7.95;5.05;11660
1.01;Ideal;D;VVS1;62.5;55;6.39;6.44;4.01;11661
2.11;Premium;J;SI2;62;60;8.19;8.24;5.09;11663
1.54;Premium;H;VS2;61.9;59;7.31;7.33;4.53;11663
1.51;Premium;F;SI1;63;61;7.3;7.27;4.59;11666
1.51;Premium;F;SI1;60.9;61;7.32;7.3;4.45;11666
1.51;Premium;F;SI1;62.8;59;7.31;7.28;4.58;11666
1.51;Premium;F;SI1;60.7;58;7.41;7.38;4.49;11666
1.45;Very Good;F;VS2;62.6;58;7.12;7.2;4.48;11667
3.65;Fair;H;I1;67.1;53;9.53;9.48;6.38;11668
1.03;Very Good;D;VVS2;62.7;58;6.39;6.43;4.02;11677
1.67;Ideal;H;SI1;61.6;55;7.68;7.62;4.71;11678
1.52;Very Good;H;VS2;59.7;55;7.45;7.42;4.44;11681
1.51;Ideal;H;VS1;62.6;56;7.32;7.28;4.57;11686
1.73;Ideal;H;SI1;62.7;56;7.62;7.67;4.79;11688
1.5;Very Good;H;VVS1;60.9;61;7.36;7.39;4.49;11688
1.5;Very Good;E;SI1;60.8;58;7.32;7.36;4.46;11688
1.5;Very Good;E;SI1;62;57;7.25;7.33;4.52;11690
1.51;Ideal;H;VS2;61.9;59;7.29;7.34;4.53;11696
1.52;Good;F;VS2;64.2;59;7.16;7.2;4.61;11696
1.57;Ideal;G;SI1;61.8;55;7.49;7.43;4.61;11702
2.01;Good;J;SI1;59.6;61;8.08;8.14;4.83;11703
1.55;Very Good;G;VS2;63.1;57;7.36;7.31;4.63;11703
1.25;Ideal;G;IF;60.6;57;6.97;6.99;4.23;11705
1.54;Very Good;G;VS2;63;59;7.3;7.36;4.62;11708
1.55;Premium;H;VS2;61.3;61;7.46;7.39;4.55;11708
1.7;Premium;H;SI1;62.5;60;7.54;7.49;4.7;11709
1.71;Ideal;J;VS1;62.1;55;7.73;7.65;4.78;11711
1.57;Premium;G;VS2;62.7;60;7.46;7.38;4.65;11711
1.57;Premium;H;VS1;62.8;60;7.44;7.36;4.65;11711
1.65;Premium;D;SI2;61.6;58;7.59;7.55;4.66;11712
1.53;Ideal;F;SI1;60.3;57;7.45;7.52;4.51;11713
1.53;Very Good;F;SI1;58.5;59;7.55;7.62;4.44;11713
2.02;Ideal;H;SI2;60.8;56;8.21;8.14;4.97;11715
1.24;Very Good;F;VVS1;62.7;61;6.75;6.84;4.26;11716
1.59;Good;F;SI1;63.6;57;7.39;7.43;4.71;11716
1.5;Very Good;E;SI1;61.9;59;7.26;7.32;4.51;11717
1.16;Premium;G;VVS1;61.6;55;6.85;6.72;4.18;11717
1.59;Premium;G;SI1;62.3;60;7.49;7.42;4.64;11719
1.63;Premium;G;SI1;61;59;7.64;7.58;4.64;11721
1.53;Very Good;H;VS2;62.5;61;7.28;7.38;4.58;11722
1.76;Ideal;I;VS1;62;57;7.74;7.71;4.79;11722
1.22;Premium;F;VVS1;61.9;58;6.81;6.85;4.23;11723
1.39;Ideal;E;VS2;60.8;57;7.24;7.21;4.39;11726
1.22;Ideal;F;VVS2;61.9;53;6.9;6.92;4.28;11730
1.62;Premium;F;SI1;60.1;58;7.63;7.59;4.57;11733
1.14;Very Good;F;VVS1;62.2;55.9;6.67;6.69;4.16;11737
1.71;Very Good;D;SI2;62.1;58;7.56;7.64;4.72;11737
1.55;Premium;H;VS2;60.7;59;7.46;7.5;4.54;11738
1.51;Fair;G;VS1;64.9;55;7.25;7.14;4.67;11739
1.52;Premium;F;SI1;62.6;59;7.36;7.27;4.58;11743
2.06;Good;J;SI1;64.1;56;7.97;8.09;5.15;11746
1.51;Good;G;VS2;64.2;54;7.27;7.18;4.64;11746
1.51;Premium;G;VS2;58.1;61;7.57;7.54;4.39;11746
1.5;Very Good;H;VVS2;62.9;59;7.26;7.31;4.58;11748
2.19;Good;I;SI2;63.7;57;8.23;8.19;5.23;11756
1.5;Very Good;D;SI1;61;61;7.28;7.32;4.45;11756
1.5;Good;D;SI1;63.1;57;7.24;7.31;4.59;11756
2.02;Very Good;J;SI2;62.4;55;8.05;8.11;5.04;11757
2.02;Very Good;J;SI2;59.2;60;8.27;8.39;4.91;11757
1.51;Premium;D;SI1;62.5;60;7.27;7.23;4.54;11760
1.55;Very Good;E;SI1;60.1;58;7.5;7.55;4.52;11764
2.06;Very Good;J;SI1;62;57;8.11;8.17;5.05;11764
1.02;Ideal;D;VVS2;61;56;6.52;6.55;3.99;11765
1.01;Ideal;D;VVS1;62.5;55;6.44;6.39;4.01;11767
0.36;Ideal;E;SI1;62.1;56;4.56;4.59;2.84;631
0.3;Premium;I;IF;60.5;59;4.32;4.34;2.62;631
0.4;Premium;J;VS1;59.7;59;4.79;4.83;2.87;631
0.36;Very Good;H;VS1;60.8;59;4.59;4.62;2.8;631
0.4;Good;J;VS1;63.2;57;4.7;4.73;2.98;631
0.36;Ideal;E;SI1;61.6;56;4.56;4.59;2.82;631
0.36;Very Good;H;VS1;61.6;59;4.52;4.57;2.8;631
0.4;Good;J;VS1;63.4;58;4.61;4.64;2.93;631
0.34;Very Good;H;VVS2;61;55;4.52;4.55;2.76;632
0.37;Ideal;I;VVS2;61.9;54;4.62;4.66;2.87;632
0.31;Ideal;E;VS2;61.1;56;4.37;4.4;2.68;632
0.4;Ideal;G;SI2;62;56;4.73;4.76;2.94;632
0.3;Good;D;VS1;61.7;62;4.18;4.21;2.59;632
0.25;Very Good;F;VVS2;61.6;57;4.05;4.07;2.5;633
0.25;Very Good;F;VVS2;62.2;57;4.01;4.04;2.5;633
0.25;Very Good;F;VVS2;60.1;57;4.1;4.13;2.47;633
0.25;Very Good;F;VVS2;62.4;55;4.03;4.06;2.52;633
0.25;Very Good;F;VVS2;61.6;57;4.05;4.08;2.5;633
0.25;Very Good;F;VVS2;62.8;54;4;4.03;2.52;633
0.29;Very Good;E;VVS2;61.4;58;4.25;4.31;2.63;633
0.25;Very Good;F;VVS1;62.2;56;4.02;4.03;2.5;633
0.25;Very Good;F;VVS1;60.8;57;4.08;4.1;2.48;633
0.25;Very Good;F;VVS1;61.8;55;4.06;4.09;2.52;633
0.25;Very Good;F;VVS1;61.1;57;4.05;4.08;2.48;633
0.25;Very Good;F;VVS1;62.9;55;4.04;4.06;2.55;633
0.25;Very Good;E;VVS1;62.3;55;4.04;4.06;2.52;633
0.25;Very Good;F;IF;61.1;54;4.08;4.11;2.5;633
0.25;Very Good;E;IF;61.3;56;4.1;4.13;2.53;633
0.33;Ideal;H;VVS2;61.6;55;4.48;4.51;2.77;633
0.25;Ideal;E;VVS2;61.1;56;4.08;4.11;2.5;633
1.54;Premium;H;VS2;61.9;59;7.33;7.31;4.53;11769
1.36;Very Good;G;VVS2;60.8;60;7.12;7.16;4.34;11774
1.7;Premium;I;VVS2;62.1;59;7.6;7.53;4.7;11775
1.52;Very Good;F;SI1;61.4;59;7.39;7.46;4.56;11776
2.01;Very Good;H;SI2;63.4;60;7.97;7.89;5.03;11780
2.01;Very Good;H;SI2;63.4;60;7.97;7.89;5.03;11780
1.68;Ideal;E;SI2;60.4;55;7.7;7.79;4.68;11781
1.7;Premium;I;VS2;62.2;58;7.6;7.65;4.74;11781
1.83;Very Good;F;SI1;63.2;56;7.78;7.73;4.9;11782
1.58;Premium;G;VS2;58.2;58;7.68;7.64;4.46;11786
1.54;Premium;F;SI1;60.9;59;7.46;7.56;4.57;11790
2;Very Good;J;SI2;61.9;55;8.06;8.09;5;11792
2;Very Good;J;SI2;59.8;60;8.09;8.13;4.85;11792
2;Premium;J;VS1;62;62;8.02;7.91;4.94;11793
1.36;Ideal;D;VS2;62.1;55;7.18;7.13;4.44;11793
1.56;Very Good;F;SI1;60.7;59;7.45;7.55;4.55;11794
1.5;Premium;E;SI1;60;58;7.5;7.47;4.49;11795
1.5;Premium;E;SI1;60.8;58;7.36;7.32;4.46;11795
1.54;Premium;E;SI1;59.3;60;7.58;7.54;4.48;11795
1.54;Premium;D;VS2;59.4;59;7.61;7.55;4.5;11795
1.5;Good;E;SI1;64.1;58;7.24;7.15;4.61;11795
1.77;Very Good;G;SI1;63.1;57;7.68;7.63;4.83;11796
1.6;Premium;H;VS2;62.1;60;7.51;7.44;4.64;11796
1.27;Premium;F;VVS2;61.3;60;6.9;6.99;4.26;11797
1.52;Ideal;H;SI1;61.3;56;7.39;7.44;4.54;11797
1.56;Very Good;H;VS1;63.9;57;7.3;7.37;4.69;11804
1.52;Good;H;VS1;63.5;60;7.24;7.28;4.61;11804
1.54;Premium;G;VS2;63;59;7.36;7.3;4.62;11815
1.06;Very Good;D;VVS1;61.8;57;6.49;6.52;4.03;11815
1.71;Ideal;E;SI2;61.9;57;7.69;7.65;4.75;11816
1.41;Ideal;G;VS1;62.6;56;7.15;7.2;4.49;11817
1.51;Premium;F;SI1;61.4;58;7.43;7.35;4.54;11817
1.6;Premium;G;SI1;62.2;58;7.44;7.5;4.65;11818
2.1;Good;I;SI2;62.9;64;8.15;8.1;5.11;11818
2.04;Premium;H;SI2;58;58;8.45;8.36;4.88;11820
2.04;Good;I;SI1;57.7;64;8.39;8.31;4.82;11820
1.53;Ideal;F;SI1;60.3;57;7.52;7.45;4.51;11820
1.53;Premium;F;SI1;58.5;59;7.62;7.55;4.44;11820
1.65;Very Good;H;VS1;62;56;7.53;7.59;4.68;11823
2.01;Premium;H;SI2;62.5;62;8.09;8.04;5.04;11825
2.01;Very Good;H;SI1;63.1;56;8.05;8;5.06;11825
1.51;Good;H;VVS2;63.1;59;7.26;7.28;4.59;11826
1.61;Ideal;I;VS2;61.7;56;7.52;7.62;4.67;11826
1.22;Premium;F;VVS1;61.9;58;6.85;6.81;4.23;11830
2.45;Very Good;H;SI2;63.5;58;8.7;8.58;5.49;11830
1.51;Ideal;D;SI1;61.9;57;7.35;7.42;4.57;11834
1.51;Very Good;G;SI1;60.3;57;7.44;7.48;4.5;11836
1.06;Ideal;D;VVS2;62;57;6.52;6.54;4.05;11837
1.05;Premium;E;IF;59;58;6.66;6.7;3.94;11838
1.2;Ideal;E;VVS2;62.2;57;6.81;6.77;4.22;11839
1.27;Ideal;E;VS1;61.8;57;6.94;6.98;4.3;11840
1.73;Very Good;I;VS1;63.4;58;7.57;7.6;4.81;11843
1.69;Ideal;G;SI1;61.8;53;7.68;7.71;4.75;11843
2.45;Very Good;J;SI2;60.6;63;8.71;8.66;5.26;11843
1.71;Very Good;D;SI2;63.5;56;7.58;7.51;4.79;11844
1.14;Ideal;F;VVS1;62.2;56;6.69;6.67;4.16;11844
1.55;Premium;H;VS2;60.7;59;7.5;7.46;4.54;11846
1.09;Ideal;F;IF;61.4;55;6.61;6.68;4.09;11846
1.36;Ideal;G;VVS2;61.1;57;7.14;7.2;4.38;11848
1.7;Premium;H;SI1;61.8;61;7.59;7.52;4.67;11848
1.71;Very Good;I;VS2;62.8;59;7.52;7.58;4.74;11850
2.08;Premium;H;SI2;60;60;8.31;8.28;4.98;11851
1.46;Good;E;VS2;63.9;57;7.06;7.12;4.53;11851
1.3;Ideal;G;VVS2;60.9;57;7.04;7.11;4.31;11853
1.52;Premium;H;VS1;58.4;59;7.55;7.52;4.4;11853
1.81;Premium;G;SI1;62.3;58;7.75;7.68;4.81;11854
2.06;Good;J;SI1;64.1;56;8.09;7.97;5.15;11854
1.5;Premium;H;VVS2;62.9;59;7.31;7.26;4.58;11855
1.51;Ideal;H;VS1;60.8;57;7.43;7.46;4.53;11856
1.61;Ideal;G;SI1;62.4;55;7.51;7.48;4.68;11859
1.42;Premium;G;VS1;61.7;55;7.29;7.24;4.48;11861
1.5;Premium;D;SI1;62.1;60;7.28;7.22;4.5;11863
1.5;Premium;D;SI1;61;61;7.32;7.28;4.45;11863
1.5;Very Good;D;SI1;63.1;57;7.31;7.24;4.59;11863
1.65;Premium;G;SI1;61;58;7.66;7.62;4.66;11864
1.67;Very Good;I;VS1;61.6;59.1;7.61;7.64;4.7;11867
1.73;Premium;G;VS1;61.6;60;7.67;7.62;4.71;11867
1.35;Premium;G;VVS2;60.2;59;7.2;7.16;4.32;11868
1.55;Ideal;I;VVS1;62.1;56;7.36;7.43;4.59;11869
1.7;Good;H;SI1;63.9;56;7.61;7.53;4.84;11869
1.22;Ideal;F;VVS2;62.2;54;6.83;6.87;4.26;11870
1.55;Premium;E;SI1;60.1;58;7.55;7.5;4.52;11871
1.51;Premium;E;SI1;63;58;7.33;7.27;4.6;11873
1.71;Very Good;D;SI2;63.5;59;7.57;7.59;4.81;11873
1.53;Very Good;D;SI1;59.2;57;7.52;7.55;4.46;11873
1.5;Premium;F;SI1;62.9;59;7.34;7.29;4.6;11878
1.5;Very Good;I;VS1;63.3;54;7.26;7.33;4.62;11879
1.22;Ideal;F;VVS2;62.7;54;6.79;6.84;4.27;11880
1.2;Ideal;E;VVS2;61.5;57;6.79;6.89;4.21;11883
1.83;Premium;I;SI1;62.9;55;7.9;7.78;4.93;11883
1.17;Ideal;F;VVS1;62.1;57;6.82;6.73;4.21;11886
2.08;Ideal;I;SI2;62;56;8.21;8.1;5.06;11886
1.7;Premium;I;VS2;62.2;58;7.65;7.6;4.74;11888
1.09;Ideal;F;IF;61.6;55;6.59;6.65;4.08;11888
1.68;Ideal;E;SI2;60.4;55;7.79;7.7;4.68;11888
1.54;Premium;F;SI1;60.9;59;7.56;7.46;4.57;11897
2;Premium;J;SI2;61.9;55;8.09;8.06;5;11899
2;Premium;J;SI2;59.8;60;8.13;8.09;4.85;11899
1.56;Premium;F;SI1;60.7;59;7.55;7.45;4.55;11901
2.01;Premium;F;SI2;62;60;7.88;7.82;4.87;11903
1.52;Very Good;H;VVS2;63;60;7.25;7.3;4.58;11904
1.27;Premium;F;VVS2;61.3;60;6.99;6.9;4.26;11905
1.18;Ideal;E;VVS2;61.5;57;6.8;6.75;4.17;11906
1.52;Very Good;H;VS1;63.5;60;7.28;7.24;4.61;11912
1.2;Very Good;F;VVS1;59.8;63;6.82;6.8;4.07;11913
1.51;Ideal;G;SI1;61.6;57;7.34;7.31;4.52;11917
1.51;Ideal;G;SI1;62.4;56;7.36;7.33;4.59;11917
1.7;Good;I;VS1;58;60;7.84;7.88;4.56;11921
1.56;Ideal;H;VS2;61.6;57;7.51;7.45;4.61;11922
1.01;Very Good;D;VVS1;63.9;56;6.32;6.36;4.05;11923
1.51;Very Good;G;VS2;62.8;57;7.25;7.3;4.57;11923
2.1;Fair;G;SI2;65;56;8.09;7.98;5.21;11923
1.7;Ideal;E;SI2;59.6;59;7.73;7.83;4.64;11924
2.01;Very Good;F;SI2;63.3;59;7.98;7.89;5.02;11925
1.6;Premium;G;SI1;62.2;58;7.5;7.44;4.65;11926
1.58;Ideal;G;SI1;62.2;55;7.44;7.5;4.65;11927
1.23;Ideal;F;VVS2;61.9;55;6.92;6.89;4.27;11927
1.5;Very Good;D;SI1;62;63;7.27;7.31;4.52;11933
1.51;Very Good;H;VVS2;63.1;59;7.28;7.26;4.59;11934
2;Fair;G;SI1;65.5;58;7.82;7.73;5.09;11935
1.5;Very Good;E;VS2;61.9;57;7.31;7.38;4.55;11939
1.51;Ideal;D;SI1;61.9;57;7.42;7.35;4.57;11942
1.56;Ideal;F;SI1;62.7;57;7.34;7.39;4.62;11943
1.36;Very Good;F;VS1;62.7;60;7.05;7.02;4.41;11946
1.52;Ideal;H;VS1;60.1;60;7.54;7.51;4.52;11946
1.05;Premium;E;IF;59;58;6.7;6.66;3.94;11946
2.1;Fair;G;SI2;61.4;66;8.26;8.19;5.05;11946
1.8;Premium;I;SI1;61.9;60;7.78;7.74;4.8;11948
1.5;Good;E;SI1;63.9;54;7.26;7.2;4.62;11948
1.51;Ideal;F;SI1;62.4;56;7.34;7.4;4.6;11950
2.03;Ideal;J;SI2;63.2;55;7.99;8.03;5.06;11951
2.01;Good;I;VS2;64.3;60;7.91;7.86;5.07;11954
1.34;Ideal;G;VVS2;62;55;7.02;7.08;4.37;11955
1.36;Ideal;G;VVS2;61.1;57;7.2;7.14;4.38;11956
1.51;Premium;F;SI1;63;58;7.32;7.28;4.6;11957
1.55;Very Good;F;SI1;63.1;56;7.4;7.38;4.66;11957
1.51;Premium;F;SI1;60.6;61;7.41;7.37;4.48;11957
1.71;Premium;I;VS2;62.8;59;7.58;7.52;4.74;11958
2.02;Premium;F;SI2;61;59;8.2;8.13;4.98;11962
1.63;Ideal;I;VS2;61.8;56;7.56;7.59;4.68;11963
1.77;Premium;F;SI1;60.3;59;7.94;7.87;4.77;11965
2;Fair;J;VS2;65.4;58;7.96;7.75;5.14;11966
2;Premium;J;VS2;62.9;60;7.99;7.95;5.01;11966
1.51;Ideal;H;VS1;62.3;57;7.34;7.29;4.55;11967
2.03;Very Good;J;SI2;61.7;61;8.04;8.18;5;11968
2.03;Very Good;J;SI2;60.9;60;8.1;8.21;4.97;11968
1.73;Premium;H;SI1;62.4;58;7.61;7.64;4.76;11969
2.24;Premium;J;VS1;60.9;58;8.46;8.41;5.14;11970
1.82;Very Good;G;SI2;61.3;58;7.83;7.94;4.83;11971
1.52;Ideal;F;SI1;62.3;55.1;7.29;7.39;4.58;11971
1.27;Ideal;F;VS1;61.6;55;6.97;7.03;4.31;11973
1.31;Ideal;G;VVS2;61.3;58;7.03;7.07;4.32;11975
2;Premium;H;SI2;62.8;57;8.05;8.01;5.04;11975
1.67;Ideal;I;VS1;61.6;59;7.64;7.61;4.7;11975
1.57;Premium;D;SI1;62.2;59;7.37;7.45;4.61;11976
1.52;Premium;H;VVS2;61.2;58;7.48;7.41;4.56;11979
1.53;Premium;H;VVS2;60.4;60;7.41;7.46;4.49;11982
2.15;Premium;G;SI2;61.2;58;8.42;8.3;5.1;11985
1.52;Very Good;G;VS2;63.4;58;7.31;7.24;4.61;11986
2.4;Ideal;I;SI2;62.8;57;8.52;8.49;5.34;11988
2;Ideal;H;SI2;59.7;57;8.29;8.22;4.93;11988
2;Good;J;SI1;64.2;61;7.72;7.69;4.95;11988
2;Ideal;G;SI2;62.2;57;8.13;8;5.02;11988
1.63;Very Good;G;SI1;62.5;58;7.48;7.44;4.66;11990
1.57;Very Good;F;SI1;60.3;57;7.55;7.6;4.57;11998
1.53;Ideal;F;SI1;61.6;56;7.34;7.39;4.54;11999
1.5;Very Good;E;SI1;60.4;59;7.35;7.39;4.45;12000
1.57;Ideal;H;VS2;61.8;55;7.45;7.49;4.62;12004
1.5;Very Good;G;VS1;63.4;59;7.25;7.19;4.58;12005
1.31;Ideal;G;VS1;61.6;57;6.99;7.04;4.32;12008
1.5;Ideal;G;SI1;61;57;7.38;7.41;4.51;12009
1.75;Very Good;D;SI2;60.7;57;7.78;7.83;4.74;12012
1.52;Premium;H;VVS2;63;60;7.3;7.25;4.58;12013
1.5;Very Good;G;VS2;60.5;57;7.39;7.43;4.48;12014
1.11;Ideal;D;VVS2;63;57;6.58;6.65;4.17;12016
2.03;Premium;F;SI2;60.9;59;8.15;8.11;4.95;12021
1.61;Very Good;G;SI1;62.6;56;7.44;7.54;4.69;12028
2.12;Very Good;J;SI2;62.3;61;8.16;8.21;5.1;12030
1.5;Premium;F;SI1;62.2;58;7.34;7.29;4.55;12030
1.7;Very Good;E;SI2;63.3;57;7.59;7.51;4.78;12030
1.7;Ideal;I;VS1;63;55;7.75;7.54;4.76;12030
1.7;Premium;I;VS1;58;60;7.88;7.84;4.56;12030
1.02;Ideal;E;IF;62.2;56;6.44;6.38;3.99;12030
1.07;Ideal;E;VVS2;61.3;56;6.57;6.62;4.04;12031
1.74;Good;H;SI1;60.6;62;7.74;7.8;4.71;12032
1.02;Ideal;E;VVS1;62.2;58;6.42;6.44;4;12035
1.22;Ideal;E;VVS2;63;55;6.83;6.78;4.29;12036
1.52;Very Good;G;VS2;62.9;60;7.28;7.31;4.59;12038
1.54;Premium;G;SI1;61;59;7.38;7.43;4.52;12044
1.52;Premium;H;VS1;60.6;58;7.46;7.39;4.5;12047
1.59;Ideal;H;VS1;61.8;57;7.42;7.49;4.61;12047
2.01;Premium;J;SI2;60.8;58;8.19;8.13;4.96;12048
2.01;Premium;J;SI1;60.9;58;8.15;8.07;4.94;12048
2.01;Premium;J;SI1;62.3;59;8.03;7.97;4.98;12048
2.01;Ideal;J;SI1;62.1;56;8.08;8.03;5;12048
1.74;Premium;D;SI2;61.9;58;7.73;7.67;4.77;12052
1.06;Ideal;D;VVS2;62;56;6.53;6.57;4.06;12053
1.5;Ideal;H;VS1;61.2;56;7.39;7.4;4.52;12055
1.73;Premium;H;SI1;62;59;7.68;7.59;4.73;12058
1.24;Ideal;F;VVS2;62;57;6.86;6.91;4.27;12059
1.5;Very Good;D;SI1;60;59;7.41;7.46;4.46;12060
1.54;Ideal;H;VVS2;62.6;56;7.35;7.42;4.62;12061
1.28;Ideal;F;VS1;61.5;55;6.98;7.01;4.3;12061
1.76;Premium;D;SI1;61;60;7.76;7.68;4.77;12063
2.09;Premium;H;SI1;60.5;61;8.32;8.25;5.01;12063
1.26;Ideal;G;VVS2;61.4;55;6.96;6.99;4.29;12066
1.51;Premium;G;VS2;61.4;58;7.4;7.3;4.51;12068
1.5;Premium;D;SI1;62.4;58;7.27;7.31;4.55;12069
1.52;Ideal;F;SI1;62;54;7.36;7.44;4.59;12071
2.5;Premium;H;SI2;62.7;59;8.65;8.61;5.41;12071
1.51;Ideal;H;VS1;62.5;54;7.28;7.34;4.57;12071
1.68;Ideal;G;SI1;61.6;55;7.69;7.64;4.72;12075
2.03;Premium;J;SI2;60.9;60;8.21;8.1;4.97;12078
2.03;Premium;J;SI2;61.7;61;8.18;8.04;5;12078
1.73;Premium;H;SI1;62.4;58;7.64;7.61;4.76;12079
1.22;Ideal;G;VVS1;61.5;56;6.86;6.9;4.23;12081
1.82;Premium;G;SI2;61.3;58;7.94;7.83;4.83;12081
1.56;Ideal;H;SI1;62.2;55;7.41;7.45;4.62;12082
2.01;Very Good;J;SI1;61.6;60;7.99;8.02;4.93;12084
2.01;Very Good;J;SI1;62.2;59;7.93;8.01;4.96;12084
1.6;Premium;H;VS1;62.5;58;7.47;7.37;4.64;12084
1.51;Premium;G;VS1;63;59;7.24;7.19;4.55;12085
1.61;Ideal;F;SI1;62.6;58;7.44;7.48;4.67;12085
1.55;Ideal;H;VS1;60.6;57;7.51;7.47;4.54;12087
1.64;Ideal;I;VS1;62.1;55;7.57;7.59;4.71;12089
1.53;Premium;H;VVS2;60.4;60;7.46;7.41;4.49;12092
1.44;Ideal;G;VS1;62.6;57;7.21;7.19;4.51;12093
2.02;Very Good;G;SI2;63.1;57;8.01;7.97;5.04;12094
1.32;Ideal;G;VS1;61.6;57;6.97;7.05;4.32;12094
2.04;Very Good;J;VS2;59.9;59;8.25;8.32;4.96;12095
2.54;Very Good;I;SI2;63.4;56;8.68;8.64;5.49;12095
1.56;Very Good;H;VVS2;63.3;58;7.3;7.35;4.64;12098
1.57;Premium;H;VVS2;62.1;56;7.47;7.43;4.63;12098
1.08;Ideal;E;VVS1;61;56;6.66;6.62;4.05;12098
1.7;Ideal;I;VS1;60.1;57;7.8;7.77;4.68;12099
2.18;Very Good;F;SI2;63.4;60;8.2;8.17;5.19;12099
1.18;Very Good;E;VVS2;61.5;58;6.78;6.87;4.2;12100
1.28;Premium;E;VS1;60.8;60;7.03;6.98;4.26;12100
1.51;Ideal;G;VS2;60.8;54;7.45;7.43;4.52;12100
2.15;Very Good;I;SI2;63.4;56;8.2;8.15;5.18;12100
2.01;Premium;J;SI2;62.4;59;8.05;8.1;5.04;12105
1.51;Very Good;H;VS2;62.4;55.6;7.28;7.33;4.56;12108
2.02;Premium;D;SI2;61.1;57;8.12;8.05;4.94;12108
1.53;Ideal;F;SI1;61.6;56;7.39;7.34;4.54;12109
1.21;Ideal;E;VS1;61.7;56;6.82;6.85;4.22;12111
1.57;Premium;F;SI1;60.4;59;7.57;7.54;4.56;12112
1.7;Good;H;VS2;63.3;57;7.54;7.59;4.79;12117
2.06;Ideal;H;SI2;61.5;56;8.23;8.18;5.04;12119
2.1;Good;H;SI1;63.7;61;8.1;8.07;5.15;12121
2.1;Good;H;SI1;63.7;61;8.1;8.07;5.15;12121
1.52;Ideal;H;VVS2;61.8;58;7.41;7.35;4.56;12123
1.75;Ideal;I;VS2;61;56;7.75;7.82;4.75;12127
2.12;Premium;J;SI2;62.3;61;8.21;8.16;5.1;12140
1.51;Very Good;F;SI1;62.6;57;7.25;7.31;4.56;12141
1.56;Ideal;H;VS2;60.7;57;7.49;7.53;4.56;12146
1.5;Ideal;I;VVS2;60.8;57;7.38;7.42;4.5;12148
1.52;Premium;G;VS2;62.9;60;7.31;7.28;4.59;12148
1.13;Ideal;D;VVS2;60.1;57;6.78;6.83;4.09;12150
1.13;Ideal;D;VVS2;61.7;57;6.65;6.68;4.11;12150
1.46;Premium;G;VS1;62.3;58;7.2;7.25;4.5;12151
1.5;Very Good;H;VS1;59.6;60;7.39;7.42;4.41;12152
1.12;Premium;D;VVS2;59.8;58;6.87;6.77;4.08;12152
1.51;Ideal;F;SI1;61.5;55;7.39;7.35;4.53;12152
1.52;Ideal;F;SI1;61.2;55;7.4;7.43;4.54;12153
2.03;Ideal;G;SI2;61.5;57;8.15;8.07;4.99;12154
1.63;Ideal;H;VS2;62.4;55;7.53;7.57;4.71;12155
1.5;Very Good;G;VS2;62.1;57;7.21;7.31;4.51;12156
1.56;Premium;E;VS2;61.5;58;7.47;7.43;4.58;12156
1.59;Ideal;H;VS1;61.8;57;7.49;7.42;4.61;12157
1.52;Ideal;G;VS2;61.3;59;7.35;7.4;4.52;12161
1.9;Ideal;I;SI2;60.9;55;8;8.06;4.89;12165
2.1;Ideal;I;SI1;61.6;57;8.24;8.15;5.05;12168
1.74;Premium;I;VS2;58.6;59;7.99;7.87;4.65;12168
2;Premium;H;SI2;62.7;58;8.06;8.01;5.04;12168
1.58;Ideal;H;VS2;61.4;56;7.48;7.54;4.62;12170
1.54;Ideal;H;VVS2;62.6;56;7.42;7.35;4.62;12171
1.63;Ideal;I;VVS2;62.3;54.7;7.49;7.52;4.69;12174
1.18;Very Good;F;VVS1;60.4;59;6.82;6.86;4.13;12175
1.5;Very Good;D;SI1;61;59;7.33;7.39;4.49;12179
2.11;Ideal;H;SI2;61.5;57;8.3;8.25;5.09;12179
1.5;Premium;D;SI1;62.4;58;7.31;7.27;4.55;12179
2.08;Ideal;J;SI2;62.3;55;8.23;8.17;5.11;12179
2.01;Premium;I;SI2;62.3;59;8.01;7.97;4.98;12182
1.52;Ideal;F;SI1;62;54;7.44;7.36;4.59;12182
1.52;Ideal;F;SI1;62.2;56;7.41;7.31;4.58;12183
1.09;Ideal;D;VVS2;61.3;57;6.61;6.66;4.07;12185
1.62;Ideal;I;VVS1;61.5;58;7.54;7.56;4.64;12186
1.7;Ideal;D;SI1;60;54;7.76;7.71;4.64;12190
1.15;Ideal;E;VVS2;61.5;57;6.72;6.75;4.14;12193
1.54;Ideal;F;SI1;61.9;56;7.44;7.38;4.59;12195
1.4;Very Good;E;VS1;59.1;57;7.28;7.38;4.33;12196
1.5;Very Good;G;VS2;61.2;61;7.29;7.34;4.48;12196
2.1;Very Good;J;SI2;62;62;8.17;8.23;5.08;12196
2;Very Good;J;SI1;62.2;59;7.92;7.97;4.94;12196
1.8;Good;F;SI2;57.9;58;8.08;8.13;4.69;12196
1.5;Premium;G;VS2;62.5;59;7.28;7.32;4.56;12196
1.54;Premium;H;IF;62.5;58;7.33;7.38;4.6;12196
1.64;Ideal;I;VS2;60.6;57;7.66;7.69;4.65;12199
1.11;Very Good;D;VVS1;62.5;58;6.67;6.6;4.15;12200
1.51;Premium;F;VS2;61.9;60;7.29;7.25;4.5;12202
0.35;Ideal;G;VS2;61;57;4.54;4.57;2.78;633
0.4;Ideal;J;VS1;62.1;53;4.75;4.78;2.96;633
0.4;Ideal;J;VS1;61.5;58;4.73;4.76;2.92;633
0.4;Ideal;J;VS1;62.2;54;4.72;4.76;2.95;633
0.29;Good;E;VVS2;62.7;61;4.2;4.22;2.64;633
0.29;Good;F;IF;56.8;65;4.37;4.4;2.49;633
0.38;Premium;I;VS2;62.5;58;4.58;4.61;2.87;633
0.38;Very Good;D;SI2;61.1;58;4.62;4.68;2.84;633
0.38;Premium;I;VS2;61.7;59;4.6;4.64;2.85;633
0.38;Premium;H;SI1;59.7;60;4.66;4.68;2.79;633
0.38;Very Good;D;SI2;59.2;61;4.67;4.72;2.78;633
0.38;Premium;I;VS2;61.8;59;4.61;4.64;2.86;633
0.43;Very Good;F;SI2;58.3;62;4.91;4.97;2.88;633
0.38;Good;H;SI1;63.3;57;4.58;4.62;2.91;633
0.38;Very Good;I;VS2;61.5;58;4.61;4.62;2.84;633
0.38;Very Good;H;SI1;61.2;62;4.62;4.66;2.84;633
0.38;Ideal;D;SI2;61.1;56;4.65;4.71;2.86;633
0.38;Premium;I;VS2;60.2;58;4.69;4.75;2.84;633
0.38;Very Good;D;SI2;62.1;55;4.62;4.65;2.88;633
0.38;Very Good;E;SI2;61.6;57;4.61;4.65;2.85;633
0.36;Very Good;F;VS2;63.1;56;4.5;4.53;2.85;634
0.3;Very Good;G;VVS1;62.8;55;4.28;4.31;2.7;635
0.31;Ideal;I;IF;60.9;57;4.39;4.44;2.69;635
0.31;Ideal;I;IF;61.7;55;4.36;4.39;2.7;635
0.31;Ideal;I;IF;60.9;57;4.37;4.4;2.67;635
0.31;Ideal;I;IF;62;54;4.38;4.4;2.72;635
0.31;Ideal;I;IF;62;54;4.36;4.42;2.72;635
0.26;Premium;E;VVS1;60.9;59;4.09;4.12;2.5;635
0.38;Premium;D;SI1;59.1;58;4.74;4.77;2.81;635
0.26;Ideal;E;VVS1;61.7;56;4.09;4.11;2.53;635
1.5;Ideal;D;SI1;60.3;57;7.37;7.4;4.45;12206
1.56;Very Good;F;SI1;61;58;7.41;7.48;4.54;12207
1.37;Ideal;G;VVS2;62.3;55.5;7.05;7.14;4.43;12207
1.33;Ideal;G;VVS2;62.6;57;7.04;6.99;4.39;12209
1.7;Ideal;I;VS1;60.1;57;7.8;7.77;4.68;12209
2.01;Ideal;J;SI1;62.7;56;8.08;8.03;5.05;12209
2.01;Premium;J;SI1;60.7;61;8.15;8.1;4.93;12209
2;Premium;H;SI2;58.9;57;8.09;58.9;8.06;12210
1.51;Ideal;G;VS2;60.8;54;7.45;7.43;4.52;12210
1.28;Premium;E;VS1;60.8;60;7.03;6.98;4.26;12210
1.6;Premium;H;VS1;60;59;7.61;7.58;4.56;12210
2;Ideal;E;SI2;62.3;56;8.04;7.94;4.98;12210
2.21;Very Good;J;SI2;60.6;62;8.37;8.45;5.1;12215
2.01;Good;H;SI2;57.6;60;8.32;8.23;4.76;12215
1.51;Ideal;H;VS2;62.4;56;7.33;7.28;4.56;12219
2.18;Very Good;I;SI2;63.3;58;8.22;8.18;5.19;12220
2;Very Good;I;SI2;63.7;61;7.85;7.97;5.04;12221
1.71;Good;E;SI1;63.8;58;7.54;7.48;4.79;12224
1.51;Premium;H;VVS1;60.6;60;7.4;7.42;4.49;12224
1.51;Very Good;E;SI1;60.3;58;7.43;7.47;4.49;12224
1.65;Ideal;H;VVS2;62.1;56;7.68;7.65;4.76;12225
1.56;Premium;D;SI1;62.6;58;7.36;7.44;4.63;12226
2.11;Ideal;H;SI2;60;56;8.43;8.35;5.03;12226
1.53;Premium;G;VS2;61.3;58;7.48;7.4;4.56;12228
1.7;Very Good;H;VS2;63.3;57;7.59;7.54;4.79;12228
1.51;Premium;G;VS2;59.2;61;7.48;7.44;4.42;12229
2.01;Very Good;H;SI2;63.2;59;8.04;8;5.07;12229
1.21;Ideal;F;VVS1;59.8;60;6.95;6.89;4.14;12230
1.61;Premium;D;SI1;59;60;7.68;7.6;4.51;12231
1.52;Premium;H;VVS2;62.8;57;7.38;7.27;4.6;12232
1.51;Premium;E;SI1;59.6;61;7.53;7.43;4.46;12236
1.26;Ideal;F;VVS2;62.3;57;6.87;6.92;4.3;12237
1.75;Premium;E;SI2;60.9;59;7.78;7.75;4.73;12238
1.75;Ideal;I;VS2;61;56;7.82;7.75;4.75;12238
1.61;Premium;H;VS1;62.5;58;7.57;7.46;4.7;12242
1.91;Fair;I;VS1;59.5;68;8.1;7.91;4.78;12244
1.66;Ideal;H;VS2;60.1;59;7.67;7.64;4.6;12244
1.5;Very Good;E;SI1;59.3;60;7.4;7.5;4.42;12247
1.72;Good;D;SI2;63.4;62;7.53;7.59;4.79;12248
1.51;Ideal;F;SI1;62.6;57;7.31;7.25;4.56;12252
1.2;Very Good;E;VVS2;59.5;54;6.98;6.96;4.15;12253
1.33;Ideal;G;VVS1;62.2;54;7.02;7.06;4.38;12255
1.7;Very Good;H;VS2;61.8;59;7.58;7.66;4.71;12257
2.01;Very Good;J;SI1;59.3;62;8.15;8.2;4.85;12257
2.01;Good;J;SI1;63.6;59;7.96;8.01;5.08;12257
2.01;Premium;G;SI2;60.8;61;8.14;8.07;4.93;12260
1.46;Premium;G;VS1;62.3;58;7.25;7.2;4.5;12261
1.51;Premium;D;SI1;61.1;60;7.37;7.32;4.49;12261
1.13;Ideal;D;VVS2;61.7;57;6.68;6.65;4.11;12261
1.13;Ideal;D;VVS2;60.1;57;6.83;6.78;4.09;12261
1.5;Ideal;E;SI1;60.4;59;7.38;7.43;4.47;12265
2.02;Very Good;J;SI1;63;56;7.95;8.01;5.03;12267
2.03;Premium;J;SI2;61.6;58;8.12;8.15;5.01;12268
2.03;Premium;J;SI2;62.7;59;8.02;8.08;5.05;12268
2.31;Premium;H;SI2;62.1;58;8.55;8.47;5.29;12269
2.01;Premium;H;SI1;60;60;8.16;8.13;4.89;12271
2.01;Very Good;G;SI2;63.3;56;8.06;8.01;5.08;12271
2.01;Very Good;I;SI1;63.5;55;8.07;8.01;5.11;12271
1.05;Ideal;F;VVS1;61.4;57;6.51;6.53;4;12273
1.63;Very Good;F;SI1;59.7;62;7.65;7.73;4.59;12282
1.52;Good;F;VS2;57.8;59;7.58;7.5;4.36;12283
2.12;Ideal;I;SI1;62.2;57;8.21;8.14;5.08;12284
2.12;Ideal;H;SI2;61.4;57;8.28;8.24;5.07;12284
1.28;Very Good;F;VVS2;58.9;57;7.13;7.17;4.21;12285
2.36;Good;J;SI2;58.9;64;8.75;8.68;5.14;12286
1.76;Very Good;H;SI1;63.1;59;7.69;7.59;4.82;12288
1.51;Very Good;I;IF;62.1;59;7.25;7.31;4.52;12291
1.51;Very Good;I;IF;62.2;62;7.3;7.33;4.55;12291
2.09;Very Good;H;SI2;60.1;63;8.21;8.16;4.92;12295
1.62;Ideal;G;SI1;62.2;56;7.48;7.53;4.67;12295
1.59;Very Good;H;VVS2;63;58;7.43;7.48;4.7;12297
3.24;Premium;H;I1;62.1;58;9.44;9.4;5.85;12300
1.57;Very Good;D;SI1;62.3;59;7.39;7.44;4.62;12304
1.52;Premium;E;SI1;62.5;59;7.26;7.33;4.56;12305
1.54;Premium;H;IF;62.5;58;7.38;7.33;4.6;12308
1.5;Premium;G;VS2;62.5;59;7.32;7.28;4.56;12308
2;Premium;J;SI1;62.2;59;7.97;7.92;4.94;12308
1.5;Premium;G;VS2;61.2;61;7.34;7.29;4.48;12308
1.5;Premium;G;VS2;62.9;54;7.31;7.26;4.58;12308
1.54;Premium;G;VS2;61.6;59;7.46;7.4;4.58;12308
1.54;Premium;G;VS2;61.1;59;7.44;7.4;4.53;12308
2.1;Premium;J;SI2;62;62;8.23;8.17;5.08;12308
1.8;Good;F;SI2;57.9;58;8.13;8.08;4.69;12308
1.7;Very Good;I;VS1;62.3;58.1;7.57;7.66;4.74;12311
1.51;Very Good;D;VS2;63.2;57;7.27;7.25;4.59;12311
1.16;Ideal;D;VVS2;61.9;55;6.72;6.76;4.17;12314
1.05;Ideal;F;VVS1;59;60;6.62;6.67;3.92;12315
2.3;Ideal;J;SI1;62.3;57;8.41;8.34;5.22;12316
1.51;Very Good;G;VS1;60.2;63;7.36;7.39;4.44;12317
1.51;Premium;E;SI1;62.4;59;7.33;7.29;4.56;12319
1.51;Good;G;VS1;64;57;7.31;7.2;4.64;12319
1.57;Ideal;F;SI1;61.1;55;7.53;7.55;4.61;12320
2.17;Premium;G;SI2;62.2;62;8.32;8.24;5.15;12321
2.21;Premium;J;SI2;60.6;62;8.45;8.37;5.1;12327
1.67;Ideal;H;VS2;61.7;55;7.68;7.61;4.72;12327
2.02;Ideal;H;SI1;62.3;56;8.11;8.06;5.04;12332
1.58;Ideal;H;VS2;61.4;56;7.5;7.56;4.62;12334
1.51;Premium;H;VVS1;60.6;60;7.42;7.4;4.49;12336
1.51;Premium;E;SI1;60.3;58;7.47;7.43;4.49;12336
2.01;Ideal;I;SI2;62.1;57;8.07;8.03;5;12338
2.01;Premium;I;SI2;62;56;8.01;7.87;4.92;12338
2.01;Premium;I;SI2;62;56;8.01;7.87;4.92;12338
1.8;Premium;D;SI1;61.2;58;7.88;7.7;4.79;12338
1.71;Premium;H;SI1;62.8;58;7.62;7.53;4.76;12338
1.88;Very Good;H;VS2;63.1;55;7.86;7.81;4.94;12339
2.04;Premium;H;SI1;62.2;60;8.07;8;5;12341
1.37;Ideal;G;VVS1;62.6;55;7.07;7.12;4.44;12342
2;Very Good;J;SI2;62.6;57;7.95;7.99;4.99;12342
1.5;Very Good;D;SI1;62.8;58;7.28;7.31;4.58;12342
1.71;Ideal;I;VS2;61.9;54;7.65;7.75;4.77;12342
1.52;Premium;D;SI1;58.4;60;7.57;7.52;4.41;12342
1.33;Premium;E;VS1;60.5;58;7.15;7.1;4.31;12342
1.6;Premium;F;SI1;60.5;58;7.62;7.53;4.58;12343
1.33;Ideal;G;VVS2;61.7;58;7.04;7.07;4.35;12345
2.01;Ideal;I;SI2;62.1;55;8.12;8.08;5.03;12349
2.13;Ideal;I;SI2;62.6;56;8.21;8.14;5.12;12356
1.52;Very Good;G;VS2;62.8;54;7.26;7.36;4.59;12359
1.72;Very Good;D;SI2;63.4;62;7.59;7.53;4.79;12360
1.76;Very Good;H;SI1;62.6;58;7.7;7.66;4.81;12361
1.74;Ideal;D;SI2;64.5;56;7.56;7.54;4.87;12361
1.52;Ideal;F;SI1;61.5;55;7.41;7.44;4.57;12364
2.38;Premium;J;SI1;62.4;58;8.54;8.46;5.31;12364
2.01;Premium;J;SI1;60.5;59;8.12;8.01;4.88;12369
2.01;Premium;J;SI1;59.3;62;8.2;8.15;4.85;12369
2.01;Good;J;SI1;63.6;59;8.01;7.96;5.08;12369
2.31;Very Good;J;SI2;60.7;63;8.52;8.48;5.16;12369
1.55;Ideal;F;SI1;62.1;54;7.42;7.45;4.61;12373
1.21;Ideal;D;VVS2;61.3;57;6.85;6.88;4.21;12375
2.18;Very Good;G;SI2;63.3;59;8.25;8.2;5.2;12377
2.09;Premium;F;SI2;61.3;59;8.19;8.15;5.01;12377
2.09;Premium;F;SI2;61.2;57;8.26;8.21;5.04;12377
1.6;Very Good;H;VS1;61.2;58.6;7.48;7.63;4.62;12378
1.77;Premium;I;VS2;62.3;58;7.74;7.68;4.8;12378
1.83;Very Good;E;SI2;62;57;7.81;7.89;4.87;12379
1.6;Ideal;F;SI1;62.2;55;7.47;7.5;4.65;12379
2.03;Premium;J;SI2;62.7;59;8.08;8.02;5.05;12380
2.03;Premium;J;SI2;61.6;58;8.15;8.12;5.01;12380
2.1;Very Good;J;SI2;59.1;58;8.4;8.46;4.98;12381
1.53;Very Good;E;SI1;62.6;57;7.25;7.41;4.59;12386
1.53;Very Good;E;SI1;60.8;60;7.43;7.51;4.54;12386
2;Premium;G;SI2;60.3;57;8.25;8.06;4.92;12388
1.5;Ideal;F;SI1;61.8;56;7.27;7.34;4.52;12389
1.11;Ideal;D;VVS2;62.3;56;6.59;6.64;4.12;12390
2.01;Very Good;J;SI1;62.4;59;8.02;8.08;5.02;12392
2.01;Very Good;J;SI1;60.3;58;8.11;8.17;4.91;12392
1.57;Very Good;H;SI1;62.4;58;7.39;7.49;4.64;12392
1.52;Ideal;D;VS2;61.6;57;7.42;7.35;4.55;12392
1.69;Very Good;I;VVS2;60.4;59;7.7;7.73;4.66;12394
1.63;Premium;F;SI1;59.7;62;7.73;7.65;4.59;12394
1.72;Very Good;I;VVS2;62.7;58;7.54;7.6;4.75;12396
2.14;Ideal;H;SI2;61.9;57;8.34;8.28;5.14;12400
2.1;Premium;J;VS2;58.3;54;8.49;8.45;4.94;12401
1.54;Ideal;I;VS1;61.3;55;7.39;7.47;4.56;12401
2.05;Very Good;H;SI2;63.1;58;8.05;8;5.07;12401
1.4;Premium;F;VS1;58.8;61;7.35;7.32;4.31;12401
2.01;Premium;J;SI2;62;59;8.04;8.1;5;12403
1.67;Ideal;I;VS2;61.9;57;7.56;7.59;4.69;12406
2.01;Premium;J;SI2;62.8;58;8.09;8;5.05;12407
2.01;Premium;J;SI2;61.4;60;8.14;8.07;4.98;12407
1.59;Premium;H;VVS2;63;58;7.48;7.43;4.7;12409
1.53;Ideal;F;SI1;62.6;55;7.39;7.37;4.62;12415
1.75;Premium;I;VS1;60.6;60;7.8;7.84;4.74;12416
1.71;Ideal;H;SI1;61.4;57;7.63;7.74;4.72;12416
1.57;Premium;D;SI1;62.3;59;7.44;7.39;4.62;12417
1.24;Ideal;D;VS1;61.6;55;6.92;6.9;4.26;12417
1.52;Premium;E;SI1;62.5;59;7.33;7.26;4.56;12418
2.01;Good;H;SI2;63.7;59;7.89;7.84;5.01;12423
2.01;Premium;H;SI2;60.8;59;8.08;8;4.89;12423
2.01;Very Good;H;SI2;62.2;63;8.01;7.93;4.96;12423
1.62;Good;H;VS2;61.5;60.8;7.48;7.53;4.62;12429
1.51;Very Good;G;VS1;60.2;63;7.39;7.36;4.44;12430
2.02;Premium;J;SI1;61.6;58;8.14;8.1;5;12431
1.52;Ideal;E;SI1;62.8;55;7.3;7.35;4.6;12431
1.57;Ideal;F;SI1;61.1;55;7.55;7.53;4.61;12432
2;Ideal;J;SI1;62.4;54;8.02;8.09;5.03;12433
1.51;Ideal;H;IF;62.7;56;7.26;7.38;4.59;12437
1.51;Premium;G;VS2;60.7;60;7.36;7.4;4.48;12437
2.11;Premium;J;SI2;61;58;8.2;8.29;5.03;12440
2.11;Premium;J;SI2;60.7;60;8.2;8.27;5;12440
1.9;Ideal;H;VS2;61.7;55;7.9;7.81;4.85;12443
1.15;Ideal;E;VVS1;60.9;56;6.79;6.8;4.14;12447
2.01;Fair;G;SI2;56.2;63;8.28;8.23;4.64;12450
1.72;Very Good;I;VS1;60.5;59;7.72;7.76;4.68;12451
2.08;Premium;H;SI2;59.7;59;8.38;8.29;4.98;12454
2.04;Fair;E;SI2;67.4;56;7.8;7.76;5.24;12454
2.04;Premium;H;SI1;60.6;61;8.15;8.09;4.92;12454
1.37;Ideal;G;VVS1;62.6;55;7.12;7.07;4.44;12455
1.14;Ideal;G;IF;59;59;6.81;6.91;4.05;12458
2.15;Premium;H;SI2;62.2;56;8.29;8.2;5.13;12458
1.58;Very Good;H;VVS2;60.9;58;7.56;7.65;4.63;12459
1.53;Ideal;H;VS1;61.3;57;7.38;7.41;4.53;12459
1.51;Ideal;F;SI1;62.3;57;7.33;7.3;4.56;12459
1.39;Ideal;G;VVS2;61.4;54;7.22;7.3;4.44;12462
1.28;Ideal;E;VS1;62.2;55;6.94;6.99;4.33;12465
1.5;Ideal;F;SI1;62;60;7.32;7.29;4.53;12466
1.6;Good;E;SI1;63.6;58;7.38;7.44;4.71;12467
1.3;Ideal;G;IF;62.3;56;6.95;6.99;4.34;12467
1.5;Ideal;G;VS2;62.6;56;7.3;7.26;4.56;12468
2.4;Ideal;J;SI1;62;57;8.53;8.47;5.27;12468
1.5;Very Good;E;VS2;59.4;62;7.4;7.48;4.42;12474
1.52;Ideal;F;SI1;61.5;55;7.44;7.41;4.57;12477
1.58;Very Good;H;VS1;60.3;62;7.53;7.57;4.55;12483
2.02;Ideal;H;SI2;62.1;56;8.13;8.09;5.04;12485
1.51;Good;G;VS1;63.1;55;7.3;7.34;4.62;12489
1.51;Good;E;SI1;63.6;56;7.34;7.23;4.63;12490
1.83;Premium;E;SI2;62;57;7.89;7.81;4.87;12492
2.03;Premium;J;SI1;60.1;58;8.26;8.21;4.95;12492
1.71;Very Good;H;VS2;58.8;60;7.8;7.85;4.6;12493
1.36;Ideal;F;VVS2;61.6;56;7.08;7.17;4.39;12494
2.1;Premium;J;SI2;59.1;58;8.46;8.4;4.98;12494
1.65;Ideal;I;VS2;61.5;57;7.59;7.65;4.69;12495
1.52;Premium;G;VVS1;62.7;59;7.32;7.35;4.6;12498
1.53;Premium;E;SI1;62.6;57;7.41;7.25;4.59;12499
2.3;Premium;J;SI1;59.6;59;8.61;8.56;5.12;12499
1.53;Premium;E;SI1;60.8;60;7.51;7.43;4.54;12499
2.58;Fair;F;SI2;65.2;59;8.58;8.51;5.57;12500
1.52;Premium;D;SI1;60.2;58;7.49;7.46;4.5;12502
1.57;Ideal;G;VS2;62.7;55;7.42;7.49;4.68;12506
2.22;Fair;G;SI2;64.4;58;8.32;8.15;5.3;12508
1.72;Premium;I;VVS2;62.7;58;7.6;7.54;4.75;12509
1.58;Premium;F;SI1;61.4;61;7.48;7.45;4.58;12512
2.05;Very Good;G;SI1;63.4;58;8.03;7.96;5.07;12515
2;Premium;G;SI2;59.1;59;8.2;8.14;4.83;12521
1.54;Premium;G;VS2;59.8;58;7.45;7.49;4.47;12522
1.5;Very Good;F;VS2;61.3;58;7.24;7.29;4.45;12526
1.75;Premium;I;VS1;60.6;60;7.84;7.8;4.74;12529
1.58;Premium;G;VS1;62.1;59;7.43;7.46;4.62;12530
1.51;Premium;E;SI1;61.5;58;7.33;7.38;4.52;12530
1.75;Ideal;I;VS2;61.6;55;7.72;7.77;4.77;12531
2.03;Premium;J;SI2;62.7;59;8.08;8.02;5.05;12531
1.23;Ideal;E;VVS2;61.7;57;6.85;6.91;4.25;12539
1.06;Ideal;F;IF;61.9;55;6.54;6.57;4.06;12539
2.01;Premium;J;VS2;61.8;61;8.06;7.97;4.95;12541
1.62;Ideal;H;VS2;61.5;61;7.53;7.48;4.62;12542
1.13;Premium;F;IF;60;58;6.78;6.76;4.06;12543
1.07;Ideal;D;VVS2;60.3;56;6.63;6.68;4.01;12545
1.51;Ideal;F;SI1;62.8;57;7.28;7.33;4.59;12545
3.22;Ideal;I;I1;62.6;55;9.49;9.42;5.92;12545
1.6;Good;H;VS1;59.9;61;7.59;7.56;4.54;12546
1.47;Very Good;E;VS2;62.4;59;7.13;7.2;4.47;12547
1.57;Good;G;VS2;57.8;60;7.66;7.6;4.41;12547
1.13;Premium;F;IF;59.8;60;6.82;6.76;4.06;12549
1.51;Premium;G;VS2;60.7;60;7.4;7.36;4.48;12551
1.51;Very Good;G;VS2;58.7;63;7.45;7.4;4.36;12551
1.51;Ideal;G;VS2;62.1;54;7.34;7.31;4.55;12551
1.51;Very Good;G;VS2;63.1;56;7.33;7.29;4.61;12551
2;Good;H;SI2;63.8;59;7.93;7.88;5.04;12554
2.11;Premium;J;SI2;60.7;60;8.27;8.2;5;12554
2;Fair;H;SI2;65.9;58;7.84;7.8;5.15;12554
2.04;Ideal;J;SI1;59.1;59;8.29;8.24;4.88;12554
2.11;Premium;J;SI2;61;58;8.29;8.2;5.03;12554
2;Good;I;SI1;63.9;57;8.01;7.91;5.09;12554
1.64;Very Good;F;SI1;62.8;59;7.51;7.53;4.72;12555
1.21;Ideal;F;VVS1;61.1;57;6.87;6.91;4.21;12556
1.73;Very Good;I;VS1;62.2;59;7.62;7.65;4.75;12559
1.64;Ideal;H;VS2;60.6;57;7.71;7.67;4.66;12561
2.01;Ideal;J;SI2;62.9;54;8.03;8.07;5.06;12565
1.6;Ideal;H;VS1;61.4;57;7.53;7.59;4.64;12566
1.51;Premium;G;VS2;62;57;7.38;7.33;4.56;12571
2.03;Ideal;G;SI2;62.2;57;8.09;8.06;5.03;12573
1.5;Ideal;G;VS1;61;57;7.32;7.4;4.49;12576
2;Premium;D;SI2;59.3;62;8.12;8.06;4.8;12576
1.27;Ideal;F;VVS2;62.2;54;6.92;6.95;4.31;12576
1.6;Good;E;SI1;63.6;58;7.44;7.38;4.71;12581
1.01;Very Good;D;IF;63.3;55;6.36;6.28;4;12581
1.54;Fair;E;SI1;64.7;56;7.28;7.22;4.69;12581
1.25;Ideal;F;VVS1;62.2;56;6.89;6.93;4.3;12584
1.5;Premium;E;VS2;59.4;62;7.48;7.4;4.42;12587
3.5;Ideal;H;I1;62.8;57;9.65;9.59;6.03;12587
2;Ideal;H;SI2;61.5;57;8.04;8;4.93;12587
2.02;Ideal;J;SI1;62.4;56;8.03;8.19;5.06;12591
2.02;Fair;I;SI2;64.5;60;7.94;7.82;5.08;12592
1.54;Premium;G;SI1;61;59;7.43;7.38;4.52;12592
1.52;Very Good;G;VS2;60.8;57;7.41;7.49;4.53;12596
2.02;Very Good;J;SI1;59.8;59.9;8.16;8.21;4.9;12598
1.53;Premium;G;VS2;61.8;59;7.31;7.45;4.56;12602
1.51;Very Good;G;VS1;63.1;55;7.34;7.3;4.62;12603
1.74;Ideal;H;SI1;61.9;55;7.71;7.74;4.78;12605
1.5;Fair;D;VS2;65.4;53;7.12;7.1;4.65;12606
2.01;Ideal;I;SI1;62.9;55;8.07;8;5.05;12606
2.01;Ideal;J;SI1;62.3;57;8.05;7.99;5;12607
1.71;Premium;H;VS2;58.8;60;7.85;7.8;4.6;12607
1.36;Ideal;F;VVS2;61.6;56;7.17;7.08;4.39;12608
1.79;Very Good;I;VS2;60.5;56;7.87;7.9;4.77;12610
2;Fair;F;SI2;59.8;68;8.13;7.95;4.81;12610
2.1;Very Good;I;SI2;60.6;60;8.29;8.33;5.04;12612
1.21;Ideal;F;VVS1;62;58;6.82;6.86;4.24;12613
1.39;Very Good;E;VS1;60.9;61;7.15;7.19;4.37;12614
2.02;Good;F;SI2;57.1;60;8.31;8.25;4.73;12615
1.53;Ideal;F;SI1;62.2;55;7.35;7.37;4.57;12616
1.53;Ideal;F;SI1;61.5;56;7.38;7.42;4.56;12616
2.01;Fair;H;SI2;65.9;57;7.8;7.74;5.12;12617
2.01;Very Good;H;SI2;63.4;58;8.01;7.94;5.06;12617
2.01;Ideal;I;SI1;62.4;54;8.04;7.96;5;12617
2.01;Premium;I;SI1;61;60;8.16;8.11;4.96;12617
2.03;Ideal;G;SI1;63;56;8.04;7.99;5.05;12618
1.63;Ideal;H;VS2;61.3;56;7.6;7.57;4.65;12620
1.7;Very Good;I;VS1;61.9;57;7.67;7.64;4.74;12621
1.53;Very Good;F;SI1;61.9;56;7.45;7.32;4.57;12621
1.58;Ideal;F;SI1;60.3;56;7.56;7.62;4.58;12621
0.26;Ideal;F;VVS1;62.7;55;4.07;4.1;2.56;635
0.3;Ideal;H;VVS1;62;56;4.31;4.34;2.68;636
0.42;Ideal;J;VS1;62.3;53;4.83;4.86;3.02;636
0.36;Ideal;D;SI1;61.3;56;4.61;4.65;2.84;636
0.4;Very Good;G;SI1;58.3;62;4.81;4.86;2.82;636
0.31;Premium;D;VS2;61.7;58;4.32;4.37;2.68;636
0.31;Very Good;E;VS1;61.9;56;4.32;4.37;2.69;636
0.31;Ideal;D;VS2;62.1;55;4.32;4.38;2.7;636
0.31;Premium;E;VS1;61;60;4.35;4.37;2.66;636
0.41;Ideal;J;VS2;61.8;55;4.78;4.81;2.96;637
0.41;Ideal;J;VS2;62.2;54.4;4.72;4.75;2.95;637
0.32;Ideal;E;VS2;61.6;56;4.4;4.43;2.72;637
0.3;Ideal;G;VS1;60.4;55;4.38;4.41;2.66;637
0.38;Ideal;H;SI1;61.2;55.1;4.69;4.73;2.88;637
0.34;Ideal;E;SI1;61;55;4.54;4.56;2.77;637
0.34;Ideal;E;SI1;61.2;57;4.48;4.51;2.75;637
0.31;Good;F;VS2;58.2;58;4.46;4.51;2.61;637
0.3;Ideal;G;VVS2;61.1;58;4.33;4.35;2.65;638
0.31;Ideal;E;VS1;60.1;55;4.42;4.53;2.69;638
0.32;Good;E;VS1;64.3;59;4.28;4.34;2.77;638
0.32;Fair;F;SI1;64.4;54;4.36;4.33;2.8;638
0.32;Premium;F;SI1;60.7;62;4.43;4.4;2.68;638
0.38;Ideal;F;I1;62.5;57;4.64;4.61;2.89;638
0.3;Very Good;G;VVS2;62.9;55;4.28;4.31;2.7;638
0.41;Good;D;SI2;63.1;54;4.72;4.75;2.99;638
0.41;Good;E;SI2;63.5;55;4.69;4.73;2.99;638
0.41;Good;E;SI2;63.8;57;4.68;4.75;3.01;638
0.41;Very Good;D;SI2;62.3;61;4.72;4.75;2.95;638
0.41;Very Good;E;SI2;62.8;58;4.69;4.73;2.96;638
0.41;Very Good;E;SI2;63;57;4.7;4.73;2.97;638
1.7;Ideal;I;VS1;62.2;55;7.63;7.67;4.76;12622
1.7;Very Good;I;VS1;59.8;59;7.7;7.79;4.63;12622
1.51;Ideal;G;VS2;61.8;55;7.43;7.39;4.58;12626
1.3;Ideal;F;VVS2;62.1;55;6.96;7.04;4.35;12629
2.18;Premium;H;SI2;59.4;61;8.49;8.45;0;12631
2.11;Premium;H;SI2;60.9;59;8.3;8.25;5.04;12633
2.11;Fair;G;SI2;65;56;8.06;8.01;5.22;12633
2.08;Very Good;J;SI1;62.6;58;8.09;8.15;5.08;12637
2.01;Very Good;D;SI2;58.3;63;8.28;8.25;4.82;12639
1.71;Ideal;H;SI1;62.2;56;7.74;7.7;4.8;12641
1.5;Ideal;F;VS2;60.3;57;7.42;7.33;4.45;12641
1.06;Very Good;E;IF;62.4;55;6.5;6.54;4.07;12642
1.51;Premium;E;SI1;58.3;59;7.52;7.47;4.37;12644
1.51;Premium;E;SI1;61.5;58;7.38;7.33;4.52;12644
1.58;Premium;G;VS1;62.1;59;7.46;7.43;4.62;12645
1.55;Ideal;E;SI1;62.3;56;7.43;7.37;4.61;12646
1.14;Very Good;E;IF;63.3;57;6.63;6.71;4.22;12647
1.52;Very Good;H;VVS2;62.8;56;7.3;7.32;4.59;12648
1.51;Ideal;D;SI1;60.7;59;7.47;7.42;4.52;12648
1.32;Fair;F;VVS1;58;66;7.31;7.28;4.23;12648
1.53;Very Good;G;VS1;62.8;56;7.31;7.37;4.61;12654
2;Ideal;H;SI1;61.8;57;8.05;8.01;4.96;12654
2.05;Ideal;J;SI2;61.6;55;8.18;8.11;5.02;12654
2;Good;G;SI2;64.3;56;7.93;7.89;5.09;12654
2.23;Very Good;J;SI2;60.5;61;8.4;8.47;5.1;12655
1.51;Premium;E;SI1;58.6;62;7.58;7.53;4.43;12655
2.08;Premium;H;SI2;62.8;60;8.12;8.03;5.07;12655
1.21;Ideal;D;VVS2;62.8;55;6.77;6.84;4.26;12657
1.64;Premium;F;SI1;62.8;59;7.53;7.51;4.72;12670
1.41;Premium;E;VS1;58.8;59;7.3;7.26;4.28;12671
1.58;Ideal;F;SI1;61.6;55;7.52;7.57;4.65;12671
1.5;Very Good;G;VS2;62.5;59;7.23;7.27;4.53;12672
1.73;Premium;I;VS1;62.2;59;7.65;7.62;4.75;12674
1.89;Ideal;J;VS1;62;56;7.93;7.98;4.93;12674
2.06;Premium;H;SI2;62.6;58;8.06;8.03;5.04;12677
2.03;Ideal;F;SI2;62.4;57;8.09;8.02;5.03;12677
2.02;Ideal;H;SI2;62.4;56;8.14;8.04;5.06;12680
2.02;Premium;H;SI2;61.7;61;8.14;8.08;5.01;12680
2.01;Good;I;SI2;64.6;57;7.82;7.88;5.07;12681
1.7;Premium;G;VS2;61.4;58;7.67;7.63;4.7;12681
1.6;Ideal;H;VS1;61.4;57;7.59;7.53;4.64;12681
1.68;Premium;F;SI1;60.7;62;7.72;7.66;4.67;12681
2.01;Very Good;J;VS2;62.1;60;7.88;8;4.93;12683
1.65;Very Good;H;VS1;62;54;7.55;7.62;4.7;12686
2.54;Ideal;I;SI2;61.4;54;8.83;8.78;5.41;12687
1.51;Ideal;D;SI1;62.3;56;7.3;7.4;4.58;12688
2.01;Premium;J;SI1;60.5;59;8.12;8.01;4.88;12690
2.12;Premium;H;SI2;62.3;58;8.25;8.16;5.12;12693
1.5;Good;F;VS2;60.2;58;7.31;7.35;4.41;12693
2.04;Ideal;J;SI1;62.6;55;8.08;8.12;5.07;12696
1.72;Premium;H;SI1;62.4;62;7.63;7.52;4.73;12696
1.51;Premium;G;VS2;59.6;57;7.52;7.49;4.47;12696
1.57;Very Good;D;SI1;58.9;58;7.57;7.63;4.48;12697
1.25;Ideal;F;VVS1;62.2;56;6.93;6.89;4.3;12698
1.91;Ideal;G;SI2;62.2;55;7.9;7.94;4.93;12700
1.5;Ideal;H;VS1;62.4;56;7.29;7.34;4.57;12702
1.52;Premium;D;SI1;59.8;58;7.51;7.55;4.5;12707
2.12;Ideal;D;SI2;62.9;55;8.17;8.14;5.13;12707
1.51;Good;D;VS2;59.8;65;7.36;7.43;4.42;12709
1.62;Ideal;F;SI1;62.7;56;7.44;7.5;4.68;12712
1.37;Premium;E;VS1;59.4;60;7.27;7.2;4.3;12713
2.02;Ideal;J;SI1;59.8;60;8.21;8.16;4.9;12713
2.03;Very Good;I;SI2;61.2;55;8.14;8.26;5.02;12714
2.03;Ideal;J;SI2;62.1;57;8.06;8.12;5.02;12716
1.53;Premium;G;VS2;61.8;59;7.45;7.31;4.56;12717
1.56;Ideal;E;VS2;60.5;57;7.56;7.5;4.56;12717
2.01;Ideal;I;SI1;62.9;57;8.05;7.98;5.04;12717
1.74;Ideal;H;SI1;61.9;55;7.74;7.71;4.78;12720
2.14;Ideal;H;SI2;63;55;8.25;8.23;5.19;12720
1.13;Premium;F;IF;59.8;60;6.82;6.76;4.06;12722
1.7;Good;H;VS2;62.5;59;7.48;7.58;4.71;12723
1.11;Ideal;E;VVS1;61.3;54;6.68;6.72;4.11;12725
1.5;Ideal;I;IF;61.3;56;7.34;7.41;4.52;12725
1.52;Very Good;G;VS2;61.6;56;7.37;7.43;4.56;12730
1.53;Ideal;H;VVS2;61.9;57;7.35;7.39;4.56;12731
1.3;Ideal;F;VVS2;62.4;57;6.97;6.9;4.33;12734
1.32;Very Good;F;VVS2;61.6;61;6.97;7.02;4.31;12736
2.02;Ideal;J;SI2;62.2;57;8.11;8.18;5.07;12736
1.7;Premium;I;VS1;59.8;59;7.79;7.7;4.63;12737
1.7;Ideal;I;VS1;62.2;55;7.67;7.63;4.76;12737
1.51;Premium;E;SI1;60.6;59;7.45;7.41;4.5;12738
1.51;Premium;D;SI1;59.6;58;7.51;7.48;4.47;12738
1.52;Premium;G;VS2;60.9;61;7.41;7.38;4.5;12738
1.51;Premium;D;SI1;61.6;57;7.41;7.32;4.54;12738
1.51;Ideal;D;SI1;59.5;57;7.56;7.46;4.47;12738
2.05;Ideal;F;SI2;62.2;57;8.19;8.12;5.07;12743
1.39;Ideal;F;VS2;61.5;55;7.19;7.23;4.44;12744
1.3;Ideal;F;VVS2;62.1;55;7.04;6.96;4.35;12745
2.2;Premium;H;SI2;61.5;58;8.44;8.38;5.18;12747
1.1;Ideal;E;VVS1;61.1;56;6.69;6.73;4.1;12748
2.13;Premium;H;SI2;62.4;56;8.26;8.19;5.13;12753
1.5;Good;E;SI1;64.2;55;7.17;7.22;4.62;12754
1.71;Good;I;VS1;63.7;58;7.58;7.54;4.81;12755
2.28;Ideal;J;SI1;61.6;57;8.5;8.43;5.21;12755
1.51;Premium;G;VS2;62.7;58;7.2;7.31;4.55;12756
1.51;Good;G;VS2;63.3;60;7.2;7.28;4.58;12756
1.51;Premium;G;VS2;62.5;59;7.28;7.34;4.57;12756
1.51;Very Good;G;VS2;58.9;60;7.47;7.55;4.42;12756
2.01;Ideal;H;SI2;62.3;57;8.1;8.04;5.03;12762
1.52;Ideal;H;VVS2;62.8;56;7.32;7.3;4.59;12764
2;Fair;H;VS2;65.2;56;7.92;7.87;5.15;12765
2.03;Very Good;D;SI2;63.1;59;8.12;7.99;5.08;12765
2.05;Premium;I;VS1;60.3;59;8.25;8.21;4.96;12766
2;Very Good;J;SI1;60.8;58;7.99;8.07;4.88;12768
2.23;Premium;J;SI2;60.5;61;8.47;8.4;5.1;12770
1.73;Premium;D;SI1;60.6;59;7.76;7.68;4.68;12770
2.11;Very Good;J;SI2;60.8;61;8.21;8.36;5.04;12771
1.65;Very Good;H;VS1;62;58;7.56;7.66;4.72;12773
1.19;Ideal;F;VVS1;61.9;57;6.84;6.79;4.22;12776
2.07;Ideal;J;SI2;62.5;56;8.18;8.08;5.08;12778
1.51;Very Good;E;VS2;62.7;59;7.2;7.32;4.55;12779
1.64;Very Good;E;SI1;61.8;59;7.51;7.55;4.65;12779
1.54;Good;E;SI1;63.8;57;7.31;7.34;4.67;12779
1.5;Ideal;G;VS2;62.5;55;7.26;7.23;4.53;12787
1.5;Premium;G;VS2;60.3;60;7.34;7.26;4.4;12787
1.5;Good;G;VS2;63.6;60;7.24;7.2;4.59;12787
1.2;Premium;E;VVS2;62.3;59;6.83;6.79;4.24;12787
1.5;Premium;G;VS2;62.5;59;7.27;7.23;4.53;12787
1.5;Fair;G;VS2;64.4;56;7.16;7.09;4.59;12787
1.13;Ideal;D;VVS2;62.3;54;6.64;6.7;4.16;12788
1.71;Very Good;H;SI1;59.5;59;7.78;7.81;4.64;12791
1.53;Ideal;E;SI1;62.3;54.2;7.35;7.38;4.59;12791
2.14;Premium;G;SI2;60.1;58;8.4;8.35;5.03;12792
2.04;Premium;G;SI2;61.3;60;8.18;8.13;5;12794
1.19;Ideal;D;VVS2;62;57;6.76;6.86;4.22;12795
1.5;Very Good;G;VVS2;60.9;56;7.34;7.37;4.48;12798
2.02;Good;J;SI1;63.5;60;7.93;7.98;5.05;12798
1.58;Very Good;D;SI1;62.4;60;7.41;7.44;4.63;12799
2.04;Fair;E;SI2;65.4;55;7.87;7.93;5.17;12799
1.54;Premium;G;VS2;60.9;59;7.49;7.45;4.55;12800
1.56;Ideal;G;VS2;62.2;54;0;0;0;12800
1.57;Ideal;H;VS2;61.5;54;7.47;7.5;4.61;12809
1.57;Ideal;H;VS1;62.2;55;7.44;7.49;4.64;12810
2.29;Fair;J;SI1;56.8;66;8.79;8.69;4.96;12811
1.9;Premium;F;SI2;62.9;61;7.78;7.73;4.88;12812
2.01;Ideal;J;SI2;62.1;56;8.06;8.13;5.03;12814
1.91;Ideal;G;SI2;62.2;55;7.94;7.9;4.93;12816
1.66;Very Good;E;SI1;61.7;58;7.52;7.59;4.66;12818
1.64;Premium;F;SI1;61.3;58;7.65;7.59;4.67;12821
1.5;Ideal;G;VS2;63;56;7.32;7.26;4.59;12821
1.5;Premium;G;VVS2;61.2;59;7.4;7.31;4.5;12821
1.81;Very Good;I;VS2;62.7;58;7.68;7.77;4.84;12822
1.52;Premium;D;SI1;59.8;58;7.55;7.51;4.5;12823
1.52;Premium;D;SI1;59.5;61;7.5;7.43;4.44;12823
1.52;Premium;D;SI1;59.2;61;7.59;7.55;4.48;12823
1.31;Ideal;F;VS1;62.1;55;6.97;7;4.34;12825
2.18;Good;H;SI1;63.8;57;8.24;8.17;5.23;12825
1.62;Ideal;F;SI1;62.7;56;7.5;7.44;4.68;12828
1.51;Fair;E;VS2;65;58;7.06;7.12;4.61;12829
2.01;Ideal;G;SI1;61.6;57;8.08;8;4.95;12829
2.01;Very Good;H;SI2;63.4;56;8.09;7.99;5.1;12829
2.01;Premium;I;SI1;60.5;58;8.2;8.06;4.92;12829
2.01;Premium;H;SI1;61.2;62;8.18;8.12;4.99;12829
1.72;Ideal;G;VS2;62.8;57;7.65;7.58;4.78;12830
1.51;Premium;G;VS1;62.4;60;7.3;7.34;4.57;12831
2.26;Ideal;G;SI2;61.9;57;8.44;8.36;5.2;12831
2.02;Premium;J;VS2;61.1;58;8.04;8.1;4.93;12832
2.02;Ideal;J;VS2;62;56;8.06;8.13;5.02;12832
1.7;Very Good;H;VS2;63.3;58;7.48;7.56;4.76;12833
2.05;Very Good;I;SI2;59.8;56;8.32;8.41;5;12839
1.52;Very Good;G;VS2;62.1;58;7.36;7.43;4.59;12840
1.52;Ideal;G;VS2;61.1;57;7.39;7.45;4.53;12840
1.28;Ideal;F;VVS2;62.2;56;6.95;6.91;4.32;12841
2.06;Premium;I;SI2;61.1;57;8.3;8.24;5.05;12842
1.78;Ideal;H;SI1;62.1;57;7.77;7.73;4.81;12843
1.58;Very Good;E;SI1;62.9;59;7.38;7.43;4.66;12844
2.03;Premium;I;SI1;59.8;59;8.29;8.24;4.94;12844
2.01;Very Good;J;VS1;60.2;61;8.16;8.23;4.93;12845
1.59;Very Good;D;VS2;61.4;60;7.47;7.6;4.63;12846
1.51;Ideal;G;VS2;59.8;60;7.45;7.5;4.47;12846
1.23;Ideal;D;VVS2;62;55;6.85;6.92;4.27;12848
1.53;Ideal;H;VVS2;61.9;57;7.39;7.35;4.56;12848
1.53;Premium;E;SI1;61.3;59;7.35;7.4;4.52;12851
2.18;Very Good;J;SI2;62.6;58;8.23;8.25;5.16;12853
2.05;Premium;G;SI2;62.1;56;8.18;8.1;5.04;12857
1.62;Ideal;F;SI1;62.5;55;7.56;7.52;4.71;12857
1.5;Very Good;G;VS1;61.7;63;7.31;7.24;4.49;12862
2.03;Premium;J;SI1;62.1;59;8.06;8.12;5.02;12862
1.56;Ideal;H;VS2;62.2;56;7.45;7.47;4.64;12864
1.01;Ideal;E;IF;61.4;57;6.53;6.46;3.99;12865
1.5;Very Good;F;VS2;62.6;59;7.22;7.31;4.55;12870
1.5;Good;E;SI1;64.2;55;7.22;7.17;4.62;12870
1.6;Ideal;F;SI1;61;57;7.54;7.6;4.62;12871
1.51;Premium;G;VS2;62.5;59;7.34;7.28;4.57;12872
1.51;Premium;G;VS2;62.7;58;7.31;7.2;4.55;12872
1.51;Very Good;G;VS2;63.3;60;7.28;7.2;4.58;12872
1.51;Very Good;G;VS2;63.5;57;7.23;7.19;4.58;12872
1.7;Very Good;H;VS2;61.9;60;7.57;7.61;4.7;12874
1.7;Very Good;H;VS2;62.8;58;7.52;7.57;4.74;12874
1.72;Premium;H;SI1;61.4;59;7.64;7.71;4.71;12880
2.48;Ideal;I;SI2;62.3;57;8.64;8.58;5.36;12883
2.08;Premium;G;SI2;62.2;60;8.16;8.09;5.06;12883
2.02;Ideal;J;SI1;62.7;54.2;8.03;8.08;5.05;12884
1.42;Very Good;G;VVS2;62.6;60;7.14;7.17;4.48;12891
2.05;Premium;D;SI2;60;58;8.31;8.23;4.96;12891
1.15;Very Good;E;IF;59.2;57;6.78;6.86;4.04;12895
1.64;Premium;E;SI1;61.8;59;7.55;7.51;4.65;12896
1.58;Ideal;H;VVS2;62;56;7.44;7.49;4.63;12897
2.01;Premium;E;SI1;60.4;61;8.05;7.98;4.84;12898
1.51;Premium;F;VS2;61.8;56;7.46;7.32;4.57;12899
1.49;Premium;G;VS1;60.8;62;7.41;7.36;4.49;12900
1.2;Very Good;F;IF;62.3;60;6.74;6.8;4.22;12905
1.51;Very Good;G;VS2;63.5;59;7.2;7.13;4.55;12906
1.22;Ideal;F;VVS1;61.5;58;6.85;6.9;4.23;12906
2;Ideal;I;VS1;62.3;56;8.08;8.03;5.02;12907
1.53;Ideal;G;VS2;62.8;57;7.48;7.43;4.63;12907
2.28;Very Good;H;SI2;63.3;54;8.36;8.29;5.27;12907
1.52;Ideal;E;SI1;62;56;7.36;7.34;4.56;12907
2;Fair;I;VS1;66.3;54;7.98;7.88;5.26;12907
1.63;Ideal;H;SI1;61.8;57;7.5;7.54;4.64;12910
1.19;Ideal;D;VVS2;62;57;6.86;6.76;4.22;12912
2.02;Very Good;J;SI1;63.5;60;7.98;7.93;5.05;12915
1.52;Very Good;G;VS1;59.3;59;7.48;7.55;4.46;12916
1.75;Good;D;SI1;63.8;57;7.63;7.53;4.84;12918
2.23;Premium;H;SI2;59.4;59;8.6;8.54;5.09;12921
1.98;Fair;H;VS1;58.3;69;8.28;8.17;4.8;12923
2.02;Good;I;SI2;61;62;8.1;8.14;4.95;12927
2.02;Good;G;SI2;57.5;61;8.37;8.35;4.81;12929
2.06;Premium;H;SI2;62.6;58;8.06;8.03;5.04;12931
1.73;Premium;H;SI1;61.8;57;7.77;7.64;4.76;12931
1.3;Ideal;G;IF;61.3;56;7.03;7.06;4.32;12932
2.11;Very Good;I;SI2;63.8;54;8.13;8.19;5.21;12937
2.27;Ideal;I;SI2;60.5;55;8.63;8.53;5.19;12939
1.81;Premium;I;VS2;62.7;58;7.77;7.68;4.84;12939
2;Premium;H;SI2;62.5;58;8.14;8.03;5.05;12940
1.39;Ideal;G;IF;60.6;55;7.21;7.27;4.39;12943
2.3;Good;I;SI2;63.8;55;8.4;8.35;5.34;12944
1.67;Ideal;H;VS2;62.6;56;7.55;7.57;4.73;12945
1.51;Ideal;G;VS2;62.2;57;7.28;7.36;4.55;12947
1.51;Fair;G;VS1;60.8;66;7.35;7.25;4.44;12948
1.51;Premium;G;VS1;62.4;60;7.34;7.3;4.57;12948
1.55;Ideal;G;SI1;61.7;57;7.4;7.44;4.58;12951
1.11;Ideal;F;VVS1;59.7;58;6.7;6.74;4.01;12956
1.11;Ideal;F;VVS1;62.1;57;6.62;6.69;4.13;12956
1.28;Ideal;F;VVS2;62.2;56;6.95;6.91;4.32;12958
1.52;Premium;G;VS2;62.6;55;7.39;7.28;4.59;12958
1.52;Ideal;G;VS2;61.1;57;7.45;7.39;4.53;12958
2.34;Good;J;VS2;63.9;62;8.4;8.34;5.35;12961
2.01;Premium;J;VS1;60.2;61;8.23;8.16;4.93;12963
2.01;Good;I;SI2;59.1;59;8.09;8.14;4.8;12964
1.3;Good;E;VVS2;62.8;59;6.95;6.99;4.38;12967
2.01;Very Good;J;VS2;60.8;58;8.08;8.16;4.94;12968
1.52;Very Good;G;VS1;62.1;57;7.27;7.32;4.53;12968
1.53;Premium;E;SI1;61.3;59;7.4;7.35;4.52;12968
2.18;Premium;J;SI2;62.6;58;8.25;8.23;5.16;12970
2.14;Premium;I;SI2;62.1;58;8.31;8.23;5.13;12970
1.59;Ideal;H;VVS2;62.6;54;7.43;7.47;4.67;12971
1.71;Ideal;E;SI2;62.7;55;7.62;7.69;4.8;12978
1.54;Ideal;F;VS2;61.9;57;7.42;7.35;4.57;12978
2.03;Premium;J;SI1;62.1;59;8.12;8.06;5.02;12979
2.13;Premium;I;SI2;59.8;58;8.43;8.37;5.02;12980
1.51;Very Good;H;VVS1;61.5;58;7.3;7.39;4.52;12981
1.78;Very Good;D;SI2;62.5;57;7.76;7.8;4.86;12981
1.53;Ideal;D;SI1;61.4;58;7.35;7.44;4.54;12981
1.79;Premium;I;VS1;62.6;59;7.65;7.72;4.81;12985
2.01;Good;I;SI2;63.5;60;7.86;7.94;5.02;12985
1.52;Premium;F;VS2;62.2;58;7.38;7.29;4.56;12985
2;Premium;E;SI2;60.3;58;8.15;8.08;4.89;12987
1.5;Very Good;H;IF;63;59;7.23;7.3;4.58;12988
1.16;Ideal;D;VVS2;62;55;6.68;6.72;4.19;12989
1.63;Ideal;G;SI1;60.6;57;7.63;7.68;4.63;12990
1.58;Ideal;F;SI1;60.2;56;7.57;7.64;4.58;12991
1.7;Premium;H;VS2;61.9;60;7.61;7.57;4.7;12992
1.7;Premium;H;VS2;62.8;58;7.57;7.52;4.74;12992
1.01;Ideal;D;VVS2;61.6;57;6.44;6.48;3.98;12996
1.7;Ideal;I;VS1;61.9;55;7.65;7.72;4.75;12996
1.73;Very Good;H;VS2;61.7;56;7.64;7.7;4.73;12998
1.72;Premium;H;SI1;61.4;59;7.71;7.64;4.71;12998
1.5;Very Good;F;VS2;61.9;60;7.29;7.32;4.52;13001
1.52;Very Good;E;VS2;60.3;59;7.43;7.52;4.51;13001
2.01;Premium;I;VS2;59.5;60;8.26;8.21;4.9;13003
1.25;Ideal;E;VVS2;60.9;60;6.93;6.97;4.23;13006
2.15;Ideal;I;SI1;60.9;56;8.38;8.33;5.09;13006
2.1;Fair;G;SI2;65.2;56;7.97;7.93;5.19;13007
2.1;Very Good;G;SI2;63.4;58;8.19;8.12;5.17;13007
2;Premium;G;SI2;60.8;55;8.09;7.95;4.88;13007
1.5;Premium;G;VS1;62.4;60;7.29;7.22;4.53;13009
1.51;Good;F;VS2;61;63;7.32;7.39;4.49;13010
1.51;Very Good;F;VS2;63.7;60;7.2;7.24;4.6;13012
1.58;Premium;G;VS2;62.6;59;7.44;7.47;4.67;13014
1.2;Very Good;E;VVS1;61.3;60;6.77;6.84;4.17;13015
2.07;Fair;D;SI2;64.5;60;7.99;7.88;5.12;13016
1.77;Ideal;D;SI2;61.8;57;7.77;7.71;4.78;13026
2.44;Premium;I;SI2;61.4;56;8.74;8.7;5.35;13027
1.22;Ideal;F;VVS1;61.2;57;6.88;6.92;4.22;13029
1.23;Ideal;E;VVS2;59.9;57;6.95;7.03;4.19;13034
1.5;Ideal;G;VS1;60.6;57;7.47;7.36;4.49;13034
1.52;Premium;G;VS1;61.4;58;7.38;7.35;4.52;13034
1.52;Premium;G;VS1;62.4;58;7.37;7.3;4.58;13034
1.58;Very Good;G;VS2;59.6;58;7.59;7.69;4.55;13037
1.5;Very Good;F;VS2;63.9;57;7.16;7.23;4.6;13037
1.74;Premium;I;VS1;62.5;57;7.71;7.67;4.81;13037
2.08;Ideal;J;SI1;61.6;58;8.15;8.22;5.04;13038
2;Very Good;J;VS2;60.8;62;8.09;8.12;4.93;13043
2.11;Premium;J;VS2;59.9;60;8.36;8.41;5.02;13046
1.61;Very Good;E;SI1;62.3;57;7.43;7.47;4.64;13047
1.75;Good;I;VS1;58.3;59;7.92;7.97;4.63;13047
1.5;Ideal;G;VS2;62.2;58;7.31;7.29;4.54;13049
2.01;Premium;I;SI2;58.2;61;8.24;8.2;4.78;13052
1.05;Ideal;F;IF;61.7;56;6.48;6.56;4.02;13060
0.41;Good;E;SI2;63.4;58;4.71;4.75;3;638
0.41;Good;E;SI2;63.2;58;4.68;4.72;2.97;638
0.41;Very Good;E;SI2;59.5;62;4.8;4.84;2.87;638
0.41;Good;E;SI2;63.3;56;4.69;4.73;2.98;638
0.3;Very Good;G;VVS2;60.4;60;4.3;4.34;2.61;638
0.3;Ideal;G;VVS2;62.2;54;4.29;4.33;2.68;638
0.3;Very Good;G;VVS2;59.7;63;4.34;4.37;2.6;638
0.3;Very Good;G;VVS2;62.9;58;4.26;4.29;2.69;638
0.3;Very Good;H;VVS1;62.6;56;4.25;4.28;2.67;638
0.3;Very Good;H;VVS1;61.1;61;4.27;4.3;2.62;638
0.3;Good;H;VVS1;63.1;54;4.28;4.34;2.72;638
0.3;Ideal;H;VVS1;62.5;53.8;4.31;4.33;2.69;639
0.4;Ideal;I;VS2;61.8;56;4.73;4.79;2.94;639
0.32;Ideal;E;VS2;62.1;55;4.39;4.43;2.74;639
0.32;Ideal;E;VS2;61.7;56;4.39;4.43;2.72;639
0.32;Ideal;F;VS1;61.5;56;4.4;4.44;2.72;639
0.41;Ideal;I;SI1;61.6;56;4.79;4.82;2.96;639
0.38;Ideal;G;SI1;60.2;57;4.72;4.77;2.85;639
0.38;Ideal;G;SI1;61.9;56;4.64;4.67;2.88;639
0.31;Premium;E;VS2;58.6;58;4.46;4.42;2.6;639
0.31;Premium;E;VS2;58.1;60;4.49;4.42;2.59;639
0.3;Very Good;H;VS1;63.2;59;4.31;4.27;2.71;639
0.3;Very Good;E;VS2;61.5;58;4.28;4.31;2.64;640
0.31;Very Good;G;VS1;61.6;56;4.35;4.38;2.69;640
0.31;Very Good;G;VS1;61.9;54;4.36;4.4;2.71;640
0.31;Very Good;G;VS1;60.5;57;4.39;4.42;2.67;640
0.3;Very Good;E;VS1;58.4;62;4.37;4.43;2.57;640
0.3;Very Good;E;VS1;63.8;59;4.21;4.22;2.69;640
0.38;Very Good;E;SI1;58.3;61;4.75;4.86;2.8;640
0.31;Ideal;F;VS2;61.1;56;4.35;4.39;2.67;640
1.03;Ideal;F;IF;62.3;57;6.44;6.49;4.03;13060
1.39;Ideal;G;IF;60.6;55;7.27;7.21;4.39;13061
1.67;Ideal;H;VS2;62.6;56;7.57;7.55;4.73;13063
2.03;Very Good;I;SI2;62.8;59;8.04;8.08;5.06;13063
2.03;Very Good;I;SI2;62.8;60;7.99;8.05;5.04;13063
2.14;Ideal;E;SI2;62.7;55;8.26;8.21;5.16;13065
2.2;Premium;J;SI2;60.9;60;8.42;8.34;5.1;13065
1.51;Very Good;G;VS2;64;56;7.22;7.3;4.65;13068
2.02;Premium;I;VS2;59.2;58;8.29;8.25;4.89;13068
1.71;Good;H;VS2;63.7;58;7.57;7.54;4.81;13068
2.23;Premium;J;SI1;62.1;59;8.29;8.33;5.16;13069
2.11;Premium;G;SI2;61.4;62;8.25;8.21;5.05;13069
1.51;Premium;F;VS2;62.1;59;7.37;7.26;4.54;13074
1.51;Premium;H;IF;60.2;60;7.41;7.44;4.47;13075
1.53;Premium;G;VS2;59.4;59;7.55;7.51;4.47;13077
1.72;Premium;H;SI1;62.9;58;7.63;7.59;4.79;13078
1.56;Premium;G;VS1;60.2;60;7.47;7.52;4.51;13079
1.51;Very Good;F;VS2;63.2;56;7.22;7.28;4.58;13080
1.75;Premium;H;SI1;61.4;59;7.79;7.69;4.75;13081
2.17;Premium;F;SI2;59.3;61;8.6;8.53;5.08;13084
1.77;Premium;I;VS1;62.2;58;7.76;7.68;4.8;13085
1.2;Ideal;F;VVS1;61.1;55;6.86;6.89;4.2;13088
2.09;Premium;J;SI2;60;60;8.32;8.37;5.01;13092
1.91;Premium;I;SI1;59.6;60;8.02;7.98;4.77;13092
2.26;Very Good;H;SI2;63.2;58;8.38;8.26;5.26;13095
1.25;Ideal;G;VVS1;61.3;57;6.9;6.94;4.24;13096
1.71;Premium;I;VS1;60.7;60;7.74;7.71;4.69;13097
1.71;Ideal;E;SI2;62.7;55;7.69;7.62;4.8;13097
2;Premium;D;SI2;61.9;59;8.02;8;4.98;13098
1.96;Very Good;H;SI2;62.7;58;7.86;7.93;4.95;13099
1.73;Very Good;H;VS2;59.2;61;7.78;7.82;4.62;13102
1.79;Premium;I;VS1;62.6;59;7.72;7.65;4.81;13104
1.5;Premium;H;IF;63;59;7.3;7.23;4.58;13107
2.03;Good;D;SI2;63.1;59;8.12;7.99;5.08;13109
2.02;Ideal;I;SI2;61.7;57;8.05;8.12;4.99;13109
2.01;Very Good;J;VS2;61.1;59;8.04;8.07;4.92;13109
1.54;Ideal;G;VS2;62;55.6;7.35;7.44;4.59;13110
1.13;Very Good;D;VVS2;61.5;58;6.64;6.67;4.09;13111
1.5;Premium;G;VS2;60.5;59;7.39;7.35;4.46;13112
2;Very Good;J;VS2;60.7;59;8.12;8.15;4.94;13113
1.51;Ideal;G;VS2;61.9;57;7.37;7.3;4.54;13115
2.02;Premium;I;SI2;58;58;8.34;8.25;4.81;13117
2.02;Premium;I;SI2;61.2;58;8.11;8.04;4.94;13117
2.09;Premium;H;SI2;60.9;58;8.23;8.2;5;13119
1.53;Premium;G;VS1;60.2;59;7.5;7.45;4.5;13119
1.54;Premium;G;VS2;61.8;58;7.43;7.39;4.58;13120
1.72;Premium;H;VS2;61.9;56;7.74;7.67;4.77;13122
1.7;Premium;I;VVS2;61.7;57.4;7.62;7.67;4.71;13127
2.02;Ideal;J;SI1;62.2;57;8.06;8.11;5.03;13132
1.58;Premium;G;VS2;62.6;59;7.47;7.44;4.67;13132
2.01;Premium;J;SI2;60.8;57.2;8.13;8.15;4.95;13133
2;Premium;H;SI2;61.5;61;8.13;8.1;4.99;13134
1.83;Very Good;E;SI2;62.8;56;7.76;7.82;4.89;13134
1.51;Premium;F;VS1;62.7;59;7.31;7.23;4.56;13134
1.5;Ideal;G;VS2;60.7;54;7.41;7.48;4.53;13135
1.5;Ideal;G;VS2;61.7;54;7.36;7.4;4.55;13135
1.5;Ideal;G;VS2;62;55;7.33;7.36;4.56;13135
1.6;Ideal;F;SI1;61.1;55;7.55;7.58;4.62;13140
2.02;Good;H;SI2;59;61;8.26;8.31;4.89;13144
2.13;Premium;J;SI2;62.6;58;8.21;8.18;5.13;13148
1.71;Very Good;F;SI1;63.3;53;7.54;7.59;4.79;13152
1.52;Ideal;G;VS2;61.5;56;7.38;7.45;4.56;13153
1.5;Ideal;G;VS2;62.2;54;7.39;7.34;4.58;13154
1.51;Good;G;VVS2;63.8;59;7.24;7.28;4.63;13155
2.75;Ideal;D;I1;60.9;57;9.04;8.98;5.49;13156
1.51;Ideal;E;VS2;61.1;57;7.43;7.41;4.53;13157
1.51;Premium;G;VS2;60.8;60;7.42;7.38;4.5;13157
1.5;Good;F;VS2;58.6;64;7.52;7.46;4.39;13160
1.52;Very Good;G;VS2;61.9;56;7.28;7.39;4.54;13161
1.51;Ideal;D;SI1;62;56;7.35;7.39;4.57;13162
2;Premium;J;VS2;60.8;62;8.12;8.09;4.93;13162
1.51;Ideal;G;VS2;62.2;59;7.28;7.34;4.55;13163
1.2;Ideal;D;VVS2;62.7;56;6.78;6.81;4.26;13165
1.31;Ideal;G;VVS2;60.3;56;7.09;7.15;4.29;13168
1.71;Very Good;H;SI1;60.8;56;7.77;7.73;4.71;13169
1.55;Ideal;E;SI1;61.5;56;7.36;7.4;4.54;13171
1.62;Premium;F;SI1;62.6;58;7.48;7.53;4.7;13177
1.56;Premium;G;VS2;61.9;58;7.4;7.44;4.59;13178
1.24;Ideal;G;IF;62;55;6.93;6.89;4.29;13178
2.03;Premium;I;SI2;63;56;8.12;8.05;5.09;13182
2.03;Premium;I;SI2;62.8;59;8.08;8.04;5.06;13182
2.03;Ideal;I;SI2;60;57;8.32;8.2;4.96;13182
2.1;Ideal;I;SI1;61.7;55;8.21;8.13;5.04;13182
1.63;Good;F;SI1;59.8;56;7.57;7.64;4.55;13187
1.53;Very Good;G;VS1;62.8;59;7.32;7.36;4.61;13189
1.71;Ideal;H;VS2;62.4;58;7.64;7.68;4.78;13190
1.51;Premium;H;IF;60.2;60;7.44;7.41;4.47;13194
1.51;Premium;G;VS2;61.2;61;7.44;7.33;4.52;13194
1.54;Very Good;D;SI1;63;59;7.31;7.35;4.62;13196
1.71;Ideal;G;SI1;62.1;56;7.65;7.61;4.74;13196
2.06;Premium;I;SI2;62.7;60;8.11;8.06;5.07;13198
2.01;Premium;H;SI2;61.9;57;8.13;7.96;4.98;13199
1.27;Very Good;F;VVS1;62.5;56;6.99;6.93;4.35;13200
2.29;Ideal;J;SI2;62.3;57;8.39;8.43;5.24;13200
2.01;Ideal;F;SI2;62.9;56;8.05;7.9;5.02;13201
2;Very Good;J;VS1;61;51.6;8.14;8.18;4.97;13203
3;Premium;G;I1;59.7;60;9.42;9.26;5.58;13203
2.14;Premium;J;SI2;61.5;59;8.25;8.3;5.11;13205
2.08;Very Good;H;SI2;63.4;59;8.06;8;5.09;13206
1.53;Premium;G;VS2;59.9;61;7.54;7.45;4.49;13206
1.52;Premium;G;VS1;61.5;58;7.39;7.31;4.52;13207
1.63;Very Good;H;VVS1;59.1;58;7.68;7.84;4.59;13211
2.09;Premium;J;SI2;60;60;8.37;8.32;5.01;13212
1.51;Ideal;G;VS2;59.8;57;7.48;7.53;4.48;13214
1.52;Very Good;F;VS2;60.9;56;7.38;7.44;4.51;13215
2.01;Premium;J;SI1;63;57;8.07;8;5.06;13219
1.73;Premium;H;VS2;59.2;61;7.82;7.78;4.62;13221
1.51;Premium;F;VS2;61.8;56;7.39;7.28;4.53;13221
1.53;Very Good;G;VS2;58.9;59;7.58;7.61;4.47;13225
2.01;Premium;J;VS2;61.5;60;8.13;8.07;4.98;13228
1.53;Very Good;G;VS1;60.3;59;7.52;7.58;4.55;13228
2.01;Premium;J;VS2;61.1;59;8.07;8.04;4.92;13228
2.03;Premium;D;SI2;61.7;58;8.14;8.1;5.01;13229
2.02;Ideal;I;SI2;61.7;57;8.12;8.05;4.99;13229
2.02;Premium;H;SI1;61.4;61;8.09;8.03;4.95;13229
1.35;Ideal;G;VVS2;61.5;55;7.11;7.16;4.39;13230
1.5;Good;D;VS2;64.1;54;7.17;7.24;4.62;13232
2.11;Premium;H;SI2;61;58;8.31;8.27;5.06;13233
1.51;Ideal;G;VS2;62;56;7.32;7.35;4.55;13234
1.5;Very Good;G;VS2;63.5;54;7.26;7.22;4.6;13239
2.33;Good;G;SI2;63.9;60;8.37;8.3;5.32;13242
1.7;Ideal;I;VVS2;61.7;57;7.67;7.62;4.71;13247
1.53;Good;H;IF;63.1;57;7.25;7.34;4.6;13248
1.53;Very Good;G;VS2;61.6;57;7.3;7.4;4.53;13248
1.51;Premium;F;VS2;63;56;7.3;7.26;4.59;13248
2.17;Premium;H;SI1;62.3;58;8.29;8.25;5.15;13248
1.73;Ideal;I;VS1;61.4;57;7.7;7.65;4.71;13250
1.38;Ideal;G;VVS1;61.8;56;7.15;7.12;4.41;13250
1.73;Premium;I;VS1;61.8;58;7.75;7.68;4.76;13250
1.63;Very Good;G;VS2;62.5;57;7.46;7.49;4.67;13253
2.01;Ideal;J;SI2;60.8;57;8.15;8.13;4.95;13253
1.51;Ideal;E;SI1;62.2;56;7.31;7.36;4.56;13254
1.83;Ideal;E;SI2;62.8;56;7.82;7.76;4.89;13254
1.7;Premium;G;SI1;61.7;58;7.69;7.6;4.72;13256
1.18;Ideal;F;VVS1;61.5;55.6;6.79;6.83;4.19;13257
1.32;Ideal;G;VVS2;61.6;56;7.03;7.08;4.35;13261
2;Ideal;J;VS2;62.3;55;8.03;8.06;5.01;13263
2.18;Premium;I;SI1;63;58;8.23;8.17;5.22;13263
2.02;Premium;F;SI2;61.3;58;8.09;8.05;4.95;13267
2.01;Very Good;F;SI1;63.4;58;8.03;7.96;5.07;13275
1.51;Good;G;VVS2;63.8;59;7.28;7.24;4.63;13275
1.93;Very Good;I;SI1;62.8;58;7.89;7.97;4.98;13278
2.5;Fair;H;SI2;64.9;58;8.46;8.43;5.48;13278
2.5;Fair;H;SI2;64.9;58;8.46;8.43;5.48;13278
1.52;Ideal;E;SI1;62.1;56;7.35;7.38;4.57;13280
1.52;Premium;G;VS2;61.9;56;7.39;7.28;4.54;13282
1.54;Very Good;G;VS1;60.7;60;7.43;7.55;4.55;13284
2.02;Good;I;SI1;64.3;56;7.85;7.99;5.09;13286
1.5;Very Good;D;VS2;62.4;59;7.21;7.27;4.52;13287
1.52;Premium;G;VS2;62.7;58;7.38;7.29;4.6;13287
1.71;Good;E;SI1;64;53;7.68;7.54;4.87;13287
1.57;Premium;F;SI1;58.3;58;7.72;7.68;4.49;13288
1.64;Ideal;F;SI1;61.8;55;7.6;7.58;4.69;13289
1.55;Ideal;E;SI1;61.5;56;7.4;7.36;4.54;13291
1.54;Premium;G;VS2;60.2;60;7.51;7.44;4.5;13292
1.51;Premium;G;VS1;61.1;58;7.38;7.36;4.5;13293
1.62;Premium;F;SI1;63;58;7.47;7.43;4.69;13298
1.59;Ideal;D;SI1;61.3;56;7.5;7.6;4.63;13298
1.62;Premium;F;SI1;62.6;58;7.53;7.48;4.7;13298
1.7;Premium;H;VS2;62.4;57;7.6;7.54;4.72;13298
1.56;Premium;G;VS2;61.9;58;7.44;7.4;4.59;13299
2.12;Premium;H;SI2;61.5;59;8.26;8.21;5.06;13307
1.5;Good;G;VS2;61.4;58.8;7.32;7.37;4.5;13307
1.01;Very Good;D;VVS1;62.8;57;6.36;6.41;4.01;13312
1.54;Premium;D;SI1;63;59;7.35;7.31;4.62;13316
2.15;Good;G;SI2;63.8;58;8.23;8.08;5.2;13317
2.06;Premium;G;SI1;59.3;61;8.44;8.36;4.98;13317
2.15;Premium;G;SI2;59.7;60;8.4;8.37;5.01;13317
1.27;Premium;F;VVS1;62.5;56;6.99;6.93;4.35;13320
2;Ideal;H;VS2;60.5;56;8.34;8.22;5.01;13320
2;Very Good;H;SI1;63.2;54;7.97;7.88;5.01;13320
2;Good;E;SI2;57.3;65;8.26;8.22;4.72;13320
2;Ideal;H;SI1;62.9;56;8.06;7.97;5.04;13320
1.2;Premium;E;VVS1;60.2;60;6.84;6.97;4.16;13321
2.01;Very Good;I;SI2;61.8;58;8.01;8.05;4.96;13323
1.53;Ideal;E;SI1;61.2;58;7.39;7.44;4.54;13324
1.51;Ideal;F;VS2;61.7;57;7.37;7.31;4.53;13325
1.71;Premium;D;SI2;60.6;60;7.76;7.69;4.68;13325
2.14;Premium;J;SI2;61.5;59;8.3;8.25;5.11;13326
1.58;Premium;D;SI1;60.2;58;7.6;7.46;4.56;13329
1.58;Premium;D;SI1;59;59;7.68;7.63;4.52;13329
1.52;Ideal;D;SI1;61.2;57;7.47;7.4;4.55;13329
1.5;Premium;F;VS2;62.4;57;7.38;7.29;4.58;13333
1.51;Ideal;F;SI1;61.7;56;7.35;7.41;4.55;13334
1.51;Very Good;G;VVS2;62.1;59;7.28;7.34;4.54;13337
1.99;Good;J;VS2;62.9;61;7.91;8.06;4.99;13338
2.1;Very Good;J;VS2;61.5;60.7;8.16;8.21;5.03;13340
2.01;Premium;H;VS2;62.8;58;7.99;7.9;4.99;13342
1.06;Ideal;E;IF;62;57;6.49;6.54;4.04;13344
1.51;Very Good;G;VS1;61.8;57;7.31;7.42;4.55;13348
2;Ideal;F;SI2;61.6;57;8.16;8.1;5.01;13351
1.51;Ideal;G;VS2;62;56;7.35;7.32;4.55;13355
2.19;Premium;J;SI2;61.8;60;8.35;8.25;5.13;13355
2.03;Ideal;J;SI1;62.6;55;8.06;8.1;5.06;13357
1.28;Ideal;G;IF;61.7;56;6.95;6.99;4.3;13360
1.75;Premium;D;SI2;60.6;60;7.74;7.78;4.7;13363
1.63;Ideal;F;SI1;61.5;56;7.55;7.58;4.66;13363
1.73;Premium;F;SI1;58;62;7.95;7.91;4.6;13365
1.91;Premium;I;SI1;60.9;53;8.11;8.07;4.93;13367
1.91;Premium;I;SI1;63;59;7.91;7.87;4.97;13367
1.53;Ideal;G;VS2;61.6;57;7.4;7.3;4.53;13369
1.53;Very Good;H;IF;63.1;57;7.34;7.25;4.6;13369
2.21;Premium;H;SI2;62.9;60;8.27;8.23;5.19;13369
2.13;Fair;H;SI2;64.5;58;8.09;8.01;5.19;13370
2.13;Premium;I;SI1;62.5;60;8.18;8.13;5.1;13370
1.5;Very Good;D;VS2;63;59;7.24;7.3;4.58;13372
2.07;Ideal;F;SI2;60.5;57;8.28;8.21;4.99;13373
1.68;Ideal;H;SI1;61.9;56;7.63;7.72;4.75;13375
1.71;Premium;H;VS2;62.5;58;7.64;7.52;4.74;13376
1.5;Ideal;G;VS1;61.8;56;7.38;7.31;4.54;13377
1.51;Very Good;G;VS1;62.9;58;7.32;7.41;4.63;13378
1.5;Very Good;G;VS1;62.4;57;7.24;7.31;4.54;13379
2.01;Fair;F;SI1;58.6;95;8.32;8.31;4.87;13387
2.01;Premium;H;SI1;60.6;59;8.23;8.17;4.97;13387
2.01;Premium;E;SI2;62.2;60;8.02;7.96;4.97;13387
2.01;Ideal;E;SI2;62.1;57;8;7.88;4.93;13387
1.52;Premium;F;VS2;60.5;58;7.49;7.53;4.54;13389
1.75;Ideal;I;SI1;61.8;56;7.67;7.71;4.75;13393
2.17;Premium;J;SI2;62.3;60;8.33;8.2;5.15;13395
1.58;Ideal;H;VVS2;61.4;56;7.49;7.52;4.61;13397
2.03;Ideal;I;SI2;60.8;59;8.12;8.2;4.96;13398
1.7;Ideal;G;VS1;62.5;57;7.61;7.57;4.74;13398
2.02;Fair;J;VS1;64.6;59;7.95;7.9;5.12;13399
2.01;Premium;J;VS2;60.5;60;8.13;8.09;4.91;13400
2.01;Premium;I;SI2;60;61;8.13;8.08;4.86;13400
2.1;Ideal;H;VS2;62.5;57;8.21;8.18;5.12;13403
1.11;Premium;D;VVS1;62;54;6.67;6.63;4.16;13405
1.31;Ideal;G;VVS1;61.9;55;7.03;7.05;4.36;13406
1.7;Premium;G;SI1;62.1;57;7.61;7.55;4.71;13417
1.86;Premium;G;SI2;62.8;58;7.83;7.75;4.89;13420
2;Premium;G;SI2;62.9;58;7.98;7.92;5;13420
1.55;Ideal;H;IF;61.4;57;7.42;7.47;4.57;13421
2.14;Premium;H;SI2;61.2;57;8.36;8.32;5.1;13421
1.53;Premium;F;VS2;62.2;58;7.36;7.27;4.55;13423
1.68;Ideal;H;VS2;61.3;56;7.77;7.67;4.73;13427
1.5;Ideal;G;VS2;61.4;59;7.37;7.32;4.5;13428
1.58;Ideal;E;SI1;61;57;7.5;7.55;4.59;13434
2.08;Premium;F;SI2;62;60;8.15;8.1;5.04;13437
1.37;Ideal;G;IF;62.3;54;7.11;7.15;4.43;13439
2;Fair;H;SI1;65.1;59;7.83;7.77;5.08;13442
1.68;Premium;G;VS1;58.2;57;7.89;7.85;4.58;13445
1.71;Very Good;H;VS2;62.6;59;7.54;7.58;4.73;13445
1.71;Ideal;H;VS2;62.5;57;7.59;7.63;4.76;13445
1.5;Premium;D;SI1;61.6;59;7.4;7.3;4.53;13445
2.02;Ideal;F;SI2;62.7;57;8.07;7.93;5.03;13453
2.02;Premium;H;SI1;63;60;7.85;7.79;4.93;13453
2.12;Premium;H;SI2;61.5;59;8.26;8.21;5.06;13460
1.57;Ideal;G;VS1;61.9;55;7.53;7.47;4.64;13462
2.1;Ideal;J;VS2;61.5;61;8.21;8.16;5.03;13462
2.01;Good;I;SI1;64.1;62;7.85;7.94;5.06;13464
2.01;Very Good;I;SI1;61.7;60;7.99;8.12;4.97;13464
1.73;Ideal;I;VS2;61;56;7.72;7.79;4.73;13465
1.2;Ideal;E;VVS1;61.6;57;6.78;6.83;4.19;13474
1.51;Premium;F;VS2;62.2;60;7.25;7.34;4.54;13474
2.04;Premium;J;VS2;61.4;59;8.04;8.14;4.97;13477
1.71;Ideal;H;SI1;61.8;57;7.74;7.69;4.76;13477
2;Good;H;SI2;63.6;57;8.01;7.97;5.08;13480
1.52;Premium;G;VS2;62;58;7.33;7.39;4.56;13483
1.13;Ideal;E;VVS1;61.8;57;6.66;6.71;4.13;13485
1.29;Ideal;D;VS1;62.4;55;6.93;6.99;4.34;13485
1.75;Premium;D;SI2;60.6;60;7.78;7.74;4.7;13485
1.72;Premium;H;VS2;61.3;59;7.69;7.72;4.72;13486
2.01;Very Good;I;SI2;60.9;60;8;8.15;4.92;13488
2.07;Very Good;J;VS2;61.3;56;8.16;8.2;5.02;13495
2.01;Ideal;G;SI2;63;56;7.98;7.9;5;13498
2.02;Very Good;J;VS2;62.6;58;8.03;8.1;5.05;13499
1.72;Good;F;SI1;64.3;60;7.52;7.56;4.85;13499
1.72;Good;F;SI1;63.2;61;7.57;7.62;4.8;13499
1.51;Very Good;G;VVS2;63.6;57;7.2;7.32;4.62;13500
2.09;Very Good;I;SI2;63.1;60;8.04;8.12;5.1;13500
2.33;Very Good;H;SI2;63.2;56;8.44;8.35;5.31;13500
2.02;Fair;H;SI1;66.3;57;7.71;7.79;5.14;13502
1.76;Very Good;H;VS2;62.2;60;7.68;7.72;4.79;13503
1.5;Premium;F;VS2;62;53;7.37;7.33;4.56;13506
1.5;Premium;F;VS2;61.3;58;7.36;7.31;4.5;13506
1.54;Ideal;G;VS2;60.2;59;7.47;7.52;4.51;13508
2.2;Ideal;I;SI2;62.2;56;8.33;8.29;5.17;13512
1.5;Premium;E;VS1;60.1;60;7.42;7.48;4.48;13513
1.51;Good;G;VS1;62.4;59;7.25;7.28;4.53;13515
1.5;Very Good;G;VS2;61.1;60;7.4;7.3;4.49;13528
1.29;Ideal;E;VVS2;59.8;59;7.07;7.11;4.24;13530
1.52;Premium;F;VS2;59.4;60;7.61;7.5;4.49;13530
2;Ideal;H;VS2;61.6;57;8.11;8.08;4.99;13531
1.51;Ideal;G;VS2;62.1;55;7.33;7.38;4.57;13532
1.25;Ideal;E;VVS1;62.6;56;6.83;6.91;4.3;13536
1.5;Very Good;F;VS2;59.7;56;7.42;7.46;4.44;13537
1.22;Ideal;F;VVS1;62;54;6.88;6.9;4.27;13539
2.14;Premium;G;SI2;60.7;59;8.37;8.31;5.06;13540
2;Very Good;J;VS2;60.7;60;8.05;8.17;4.92;13542
2;Good;J;VS2;58;62;8.17;8.25;4.76;13542
2;Good;J;VS2;61.4;63;8.01;8.08;4.94;13542
2.05;Premium;J;VS2;62.3;60;8.09;8.15;5.06;13543
1.55;Ideal;H;IF;61.4;57;7.47;7.42;4.57;13544
2.04;Good;J;VS2;59.6;56;8.26;8.31;4.94;13550
2;Premium;J;VS2;61.5;59;8.06;8.11;4.97;13552
1.5;Fair;G;VVS2;64.8;56;7.18;7.12;4.63;13553
2.22;Premium;F;SI2;59.2;59;8.54;8.46;5.03;13553
1.61;Ideal;G;VS2;62.2;56;7.52;7.47;4.66;13553
2.02;Very Good;G;SI2;63.3;59;8.05;7.96;5.07;13554
2.02;Very Good;G;SI2;63.2;54;7.96;7.82;4.99;13554
0.38;Ideal;F;SI1;61.8;55;4.66;4.69;2.89;640
0.3;Ideal;E;SI1;61.7;57;4.29;4.33;2.66;640
0.3;Ideal;E;SI1;61.3;56;4.34;4.37;2.67;640
0.3;Ideal;E;SI1;61.7;55;4.33;4.36;2.68;640
0.3;Fair;E;VS1;56.3;62;4.47;4.49;2.52;640
0.23;Premium;E;VVS1;60.8;56;3.99;3.94;2.41;640
0.23;Premium;D;VVS2;59.6;61;4.03;3.99;2.39;640
0.4;Premium;E;SI2;60.5;59;4.74;4.78;2.88;640
0.34;Very Good;G;VS1;62.2;55;4.48;4.52;2.8;640
0.3;Very Good;F;VS1;59.8;60;4.39;4.31;2.6;640
0.31;Very Good;D;VS2;63.6;55;4.29;4.32;2.74;641
0.36;Very Good;F;SI1;60.7;54;4.64;4.67;2.83;641
0.27;Ideal;G;VVS2;62.8;56;4.12;4.16;2.6;641
0.34;Ideal;F;VS2;62.2;55;4.47;4.5;2.79;641
0.4;Ideal;J;VS1;60.4;56;4.77;4.8;2.89;641
0.34;Good;E;SI1;60.5;60.1;4.5;4.53;2.73;641
0.38;Good;E;SI1;62.8;61;4.6;4.67;2.91;641
0.38;Premium;I;SI2;62.7;58;4.61;4.57;2.88;641
0.3;Premium;F;SI1;60.9;60;4.37;4.33;2.65;641
0.3;Premium;F;SI1;62.1;61;4.29;4.25;2.65;641
0.3;Premium;F;SI1;62.1;60;4.28;4.26;2.65;641
0.3;Ideal;F;SI1;62.3;54;4.3;4.27;2.67;641
0.3;Good;F;SI1;63.6;55;4.33;4.28;2.74;641
0.3;Premium;F;SI1;61.7;59;4.33;4.29;2.66;641
0.3;Ideal;F;SI1;62.8;56;4.26;4.24;2.67;641
0.3;Very Good;F;SI1;63.5;57;4.27;4.24;2.7;641
0.3;Ideal;F;SI1;62.9;57;4.27;4.25;2.68;641
0.3;Very Good;F;SI1;63.5;59;4.22;4.19;2.67;641
0.3;Very Good;F;SI1;63.5;57;4.26;4.21;2.69;641
0.38;Premium;I;SI2;60;59;4.71;4.69;2.82;641
1.63;Very Good;E;VS2;61.8;58;7.49;7.57;4.65;13555
2.17;Premium;J;SI2;62.3;58;8.31;8.26;5.16;13556
1.58;Ideal;E;SI1;61;57;7.55;7.5;4.59;13557
2.3;Premium;J;SI2;59.7;58;8.63;8.68;5.17;13560
1.81;Premium;E;SI2;58.2;61;8.09;8.02;4.69;13561
2.41;Premium;I;SI2;60.7;59;8.7;8.64;5.26;13563
2.02;Very Good;J;VS2;61.5;59;8.06;8.13;4.98;13564
2.01;Premium;J;VS2;61.5;60;8.13;8.07;4.98;13572
2.01;Ideal;I;SI2;62.9;56;8.06;8.03;5.06;13574
2.01;Premium;I;SI2;59.2;60;8.31;8.27;4.91;13574
1.62;Premium;G;VS2;62.3;58;7.49;7.54;4.68;13578
2.22;Very Good;J;SI2;62.8;57;8.29;8.33;5.22;13579
1.61;Premium;D;SI1;61.4;60;7.56;7.51;4.63;13582
1.83;Very Good;I;VS1;61.9;57;7.85;7.91;4.88;13587
2.01;Fair;H;SI2;65.8;63;7.77;7.68;5.08;13587
2.01;Good;I;SI1;64.1;62;7.94;7.85;5.06;13587
2.01;Fair;H;SI2;61.2;66;8.21;8.09;4.98;13587
1.06;Ideal;D;VVS2;61.8;56;6.49;6.53;4.03;13588
1.06;Ideal;D;VVS2;61.9;56;6.51;6.54;4.04;13588
1.51;Ideal;D;SI1;61.9;56;7.35;7.41;4.57;13588
1.16;Ideal;F;VVS1;61.5;56;6.76;6.81;4.17;13595
1.21;Ideal;E;VVS1;62;55;6.8;6.88;4.24;13595
2.01;Very Good;J;VS2;63.2;55;7.97;8.04;5.07;13596
1.5;Good;G;VS1;63.8;58;7.12;7.21;4.57;13596
1.5;Very Good;G;VS1;60.2;58;7.38;7.41;4.45;13596
1.2;Ideal;E;VVS1;61.6;57;6.83;6.78;4.19;13597
2.25;Very Good;J;SI2;58.4;63;8.6;8.65;5.04;13597
2.11;Premium;G;SI2;62.2;58;8.19;8.23;5.11;13598
1.36;Premium;E;VVS2;59.8;59;7.12;7.2;4.38;13598
2.01;Premium;H;VS2;62.6;59;8.02;7.88;4.98;13599
2.04;Premium;J;VS2;61.4;59;8.14;8.04;4.97;13600
1.5;Good;D;SI1;61.3;61;7.32;7.39;4.51;13603
1.7;Ideal;G;VS1;62.9;57;7.59;7.52;4.75;13605
1.52;Premium;G;VS2;62;58;7.39;7.33;4.56;13606
1.88;Very Good;I;VS2;62.2;57;7.79;7.86;4.87;13607
1.54;Premium;G;VS1;61.9;59;7.34;7.37;4.55;13609
2.04;Very Good;J;VS2;63;58;7.99;8.02;5.04;13609
1.72;Premium;H;VS2;61.3;59;7.72;7.69;4.72;13609
2.01;Premium;F;SI2;58.4;59;8.26;8.24;4.82;13610
2.21;Ideal;H;SI2;61.9;56;8.4;8.36;5.19;13615
2.01;Premium;J;VS2;60.4;59;8.1;8.15;4.91;13619
2.03;Good;G;SI2;62.7;65;8.17;7.92;5.06;13621
2.15;Very Good;J;SI1;62.4;60;8.18;8.24;5.12;13622
1.72;Very Good;F;SI1;63.2;61;7.62;7.57;4.8;13622
1.72;Good;F;SI1;64.3;60;7.56;7.52;4.85;13622
1.72;Fair;F;SI1;64.8;58;7.5;7.46;4.85;13622
1.51;Very Good;E;VS2;62.4;58;7.26;7.33;4.55;13623
1.25;Ideal;F;VVS2;61.8;57;6.9;6.95;4.28;13623
1.51;Very Good;G;VS1;63.5;55;7.26;7.3;4.62;13624
1.76;Premium;H;VS2;62.2;60;7.72;7.68;4.79;13626
1.5;Very Good;D;VS2;63.8;55;7.24;7.28;4.63;13629
1.53;Ideal;H;VVS2;62.2;57;7.32;7.37;4.57;13629
1.21;Very Good;D;VVS2;62.4;56;6.76;6.83;4.24;13630
1.59;Very Good;D;SI1;62.8;54;7.43;7.48;4.68;13631
1.7;Ideal;H;VS2;62.2;57;7.63;7.67;4.76;13632
1.51;Premium;G;VS1;62.4;59;7.28;7.25;4.53;13638
2.21;Premium;J;SI2;62.7;57;8.33;8.25;5.2;13642
2.02;Premium;I;SI2;61.4;57;8.18;8.08;4.99;13642
1.69;Ideal;I;VS2;60.5;56;7.74;7.77;4.69;13645
1.51;Ideal;F;VS2;62.2;53;7.31;7.35;4.56;13646
1.5;Good;E;VS2;63.7;56;7.18;7.16;4.57;13653
1.23;Ideal;D;VVS2;62.4;55;6.87;6.82;4.27;13653
1.5;Ideal;F;VS2;60.2;57;7.43;7.39;4.46;13653
2.32;Good;J;SI1;60.3;61;8.56;8.52;5.15;13654
2.02;Very Good;H;SI2;63.1;54;8.09;7.99;5.07;13655
1.78;Very Good;F;SI1;60.6;57;7.89;7.94;4.8;13659
1.71;Ideal;I;VVS2;61.9;57;7.62;7.67;4.73;13660
1.21;Ideal;E;VVS2;61.7;57;6.8;6.88;4.22;13661
1.55;Ideal;H;VS1;62;57;7.37;7.43;4.59;13665
1.71;Premium;G;SI1;60.6;58;7.79;7.75;4.71;13666
2.05;Premium;J;VS2;62.3;60;8.15;8.09;5.06;13667
2.01;Very Good;I;SI2;59.5;58;8.18;8.21;4.88;13669
1.26;Ideal;F;IF;62.6;57;6.94;6.84;4.31;13671
2.07;Premium;J;VS2;61.5;59;8.16;8.2;5.03;13675
2;Ideal;G;SI1;61.7;55;8.11;8.07;4.99;13675
2;Premium;J;VS2;61.5;59;8.11;8.06;4.97;13675
2.02;Premium;E;SI2;59.9;58;8.18;8.14;4.89;13677
1.63;Premium;E;VS2;61.8;58;7.57;7.49;4.65;13678
1.5;Premium;F;VS2;62.8;58;7.21;7.16;4.51;13680
1.7;Ideal;H;VS2;62.4;57;7.61;7.56;4.73;13681
1.51;Good;G;VS1;63.1;60;7.24;7.3;4.59;13686
1.51;Very Good;G;VS1;62.5;58;7.23;7.27;4.53;13686
2.02;Premium;J;VS2;62;59;8.06;8.08;5;13687
1.77;Very Good;I;VS2;60.2;58;7.88;7.83;4.73;13691
2.01;Very Good;I;SI1;61.8;62;7.98;8.07;4.96;13691
2.02;Very Good;J;VS2;59.3;60;8.28;8.34;4.93;13693
2.11;Premium;I;SI2;62.3;56;8.23;8.13;5.1;13701
2.29;Fair;J;VS2;57;66;8.8;8.6;4.98;13701
1.62;Premium;G;VS2;62.3;58;7.54;7.49;4.68;13702
2.22;Premium;J;SI2;61.8;58;8.42;8.31;5.17;13703
2.22;Ideal;J;SI2;62.8;57;8.33;8.29;5.22;13703
1.5;Very Good;E;VS2;61.7;60;7.29;7.34;4.51;13710
2.29;Premium;G;SI2;60.1;58;8.63;8.58;5.17;13711
1.83;Premium;I;VS1;61.9;57;7.91;7.85;4.88;13711
1.57;Ideal;G;VS2;61.4;55;7.48;7.52;4.61;13713
1.53;Ideal;D;SI1;61.2;56;7.48;7.45;4.57;13714
2.2;Premium;I;SI2;61.8;54;8.45;8.4;5.2;13719
1.5;Premium;G;VS1;59.2;59;7.44;7.39;4.39;13720
1.5;Premium;G;VS1;60.2;58;7.41;7.38;4.45;13720
1.5;Good;G;VS1;63.8;58;7.21;7.12;4.57;13720
1.5;Premium;G;VS1;60.8;61;7.36;7.29;4.45;13720
2.01;Fair;G;SI2;65;60;7.8;7.73;5.05;13721
1.56;Ideal;G;SI1;60.4;56;7.51;7.55;4.55;13724
1.3;Very Good;E;VVS2;60.5;58;7.05;7.11;4.28;13725
2.29;Ideal;J;SI2;61.8;56.4;8.4;8.5;5.23;13726
1.5;Very Good;F;VS2;62.6;59;7.21;7.26;4.53;13728
1.4;Premium;D;VS1;62.8;58;7.17;7.07;4.47;13730
2.07;Premium;J;SI1;61.7;60;8.23;8.15;5.05;13731
2.08;Very Good;J;VS2;60.6;61;8.24;8.34;5.02;13732
1.54;Premium;G;VS1;61.9;59;7.37;7.34;4.55;13733
2.04;Premium;J;VS2;63;58;8.02;7.99;5.04;13734
1.54;Very Good;F;VS2;60.8;58;7.43;7.56;4.56;13735
1.5;Premium;G;VS1;62.7;58;7.32;7.2;4.55;13736
1.7;Premium;F;VS2;62.5;61;7.54;7.45;4.69;13737
1.7;Premium;G;SI1;62.5;61;7.54;7.47;4.69;13737
2.01;Premium;J;VS2;60.4;59;8.15;8.1;4.91;13744
2.01;Fair;J;VS2;64.9;60;7.82;7.78;5.06;13744
2.15;Premium;J;SI1;62.4;60;8.24;8.18;5.12;13746
1.51;Ideal;G;VS2;60.9;57;7.39;7.46;4.52;13752
2.1;Premium;I;VS2;59.2;60;8.38;8.35;4.95;13753
2.01;Premium;I;SI1;58.9;59;8.26;8.22;4.85;13755
1.7;Ideal;H;VS2;62.2;57;7.67;7.63;4.76;13756
1.51;Very Good;E;VS2;63.3;61;7.24;7.17;4.56;13757
1.51;Premium;E;VS2;62.2;58;7.33;7.27;4.54;13757
1.51;Very Good;E;VS2;63.2;56;7.28;7.22;4.58;13757
2.13;Premium;F;SI2;62.4;58;8.22;8.16;5.11;13760
1.54;Ideal;G;VS2;60.6;57;7.55;7.49;4.56;13761
1.74;Ideal;H;VS2;61.5;55;7.79;7.73;4.77;13761
2;Fair;I;SI1;65.9;60;7.8;7.73;5.12;13764
2;Fair;H;SI1;61.2;50;8.17;8.08;4.97;13764
1.7;Premium;F;SI1;62.3;58;7.63;7.59;4.74;13766
2.05;Premium;G;SI1;62.2;56;8.19;8.08;5.06;13767
1.52;Premium;G;VS2;62.8;60;7.26;7.22;4.55;13768
1.52;Ideal;G;VS2;62.1;56;7.39;7.34;4.57;13768
2.18;Ideal;I;VS2;62;57;8.35;8.24;5.14;13769
1.51;Ideal;F;VS2;62.2;53;7.35;7.31;4.56;13771
1.51;Premium;F;VS2;62;62;7.35;7.23;4.52;13771
1.52;Ideal;G;VS1;59.7;57;7.48;7.5;4.47;13777
2.01;Ideal;I;SI2;62.5;55;8.12;8.08;5.06;13777
1.84;Premium;H;SI1;59.7;58;7.98;8.01;4.77;13779
2.17;Very Good;J;SI2;60.8;59;8.37;8.41;5.1;13782
2.22;Very Good;J;SI1;58.7;60;8.51;8.57;5.01;13782
2.61;Good;I;SI2;64.2;63;8.66;8.57;5.53;13784
2.07;Premium;E;SI2;61.4;58;8.24;8.19;5.04;13786
2.07;Premium;E;SI2;58.9;61;8.45;8.35;4.95;13786
2.07;Premium;H;SI1;62;58;8.17;8.09;5.04;13786
1.56;Ideal;G;VS2;62.3;53;7.41;7.49;4.64;13787
2.04;Premium;H;SI2;62.8;57;8.13;8.08;5.09;13790
2.04;Very Good;H;SI2;63.2;58;8.1;8;5.09;13790
2.1;Very Good;H;SI2;63.3;57;8.2;8.08;5.15;13790
1.54;Ideal;G;VS2;61.2;56;7.43;7.47;4.56;13794
2.01;Ideal;I;SI2;62.3;57;8.06;8.08;5.03;13796
2.26;Very Good;H;SI2;63.1;58;8.3;8.22;5.21;13797
1.52;Very Good;D;VS2;62.4;58;7.23;7.28;4.53;13799
2.07;Premium;J;VS2;61.5;59;8.2;8.16;5.03;13800
1.24;Ideal;D;VVS2;62.6;55;6.89;6.94;4.33;13803
2.09;Ideal;I;SI2;61.2;57;8.19;8.27;5.04;13807
1.52;Ideal;G;VS2;62.8;54;7.3;7.36;4.61;13809
1.51;Very Good;G;VS1;63.3;53;7.33;7.26;4.62;13811
2.01;Premium;D;SI2;59.1;60;8.31;8.21;4.88;13811
1.51;Ideal;G;VS1;62.8;56;7.29;7.24;4.56;13811
1.51;Very Good;G;VS1;63.1;60;7.3;7.24;4.59;13811
1.51;Premium;G;VS1;62.5;58;7.27;7.23;4.53;13811
2.18;Very Good;J;SI1;62.9;59;8.21;8.25;5.18;13812
2.02;Premium;J;VS2;62;59;8.08;8.06;5;13812
1.82;Premium;I;VS1;61.4;60;7.8;7.83;4.8;13813
1.51;Ideal;G;VS1;61.7;54;7.36;7.41;4.56;13818
1.71;Very Good;F;VS2;63.5;59;7.51;7.46;4.75;13818
1.51;Good;F;VS2;62;59;7.18;7.37;4.51;13819
1.5;Ideal;G;VS1;61.3;53.9;7.37;7.42;4.53;13820
2;Premium;I;SI2;60.7;61;8.09;8.03;4.89;13820
1.7;Ideal;H;VS1;62.4;55;7.61;7.69;4.77;13823
1.27;Ideal;F;VVS2;61;57;6.98;7.02;4.27;13823
1.22;Premium;E;VVS1;61.1;60;6.87;6.85;4.19;13824
2.04;Very Good;J;VS2;62.4;57;8.04;8.19;5.06;13825
2.14;Fair;F;SI2;64.8;60;8.11;8;5.22;13825
2.24;Premium;J;SI2;62.2;59;8.37;8.33;5.19;13827
1.51;Premium;G;VVS2;62.9;60;7.3;7.21;4.56;13828
1.51;Ideal;G;VS2;62.3;54;7.35;7.33;4.57;13828
1.51;Premium;G;VS2;61.1;58;7.42;7.38;4.45;13828
2.31;Premium;H;SI2;59.2;61;8.65;8.57;5.1;13831
2.01;Premium;I;SI2;62.6;56;8.1;8;5.04;13833
1.59;Ideal;H;VS1;60.7;56;7.54;7.58;4.59;13839
2.14;Ideal;I;VS2;62.2;57;8.22;8.19;5.1;13844
2.07;Premium;H;SI1;61.1;58;8.27;8.2;5.03;13844
1.5;Good;E;VS2;63.9;58;7.21;7.19;4.6;13846
1.54;Ideal;G;VS1;62.3;57;7.35;7.38;4.59;13846
2.52;Fair;H;SI2;65.4;59;8.49;8.42;5.53;13846
2.01;Very Good;I;SI1;60.8;60;8.12;8.15;4.95;13849
2.01;Good;H;SI2;63.1;55;7.99;8.09;5.07;13849
2.02;Premium;H;SI2;62.6;59;8.03;7.97;5.01;13850
1.6;Ideal;F;VS2;60.1;57;7.65;7.59;4.58;13853
1.5;Good;F;VS2;63.6;55;7.27;7.22;4.61;13853
1.5;Fair;F;VS2;65.3;57;7.15;7.12;4.66;13853
1.5;Premium;F;VS2;60.9;60;7.42;7.35;4.5;13853
2.03;Very Good;D;SI2;63.1;58;8.02;7.98;5.05;13858
2.09;Premium;J;SI1;62.2;59;8.23;8.16;5.1;13864
2.02;Very Good;I;SI2;61.1;61;8.08;8.11;4.95;13865
1.76;Premium;D;SI2;59.6;58;7.9;7.86;4.7;13867
1.58;Very Good;D;SI1;62.7;60;7.37;7.41;4.63;13869
2.21;Premium;H;SI2;59;59;8.51;8.46;5.01;13872
1.69;Ideal;F;SI1;63;57;7.62;7.55;4.78;13872
1.43;Premium;D;VS2;62.6;59;7.19;7.21;4.51;13873
1.61;Ideal;H;VS2;61.8;56;7.48;7.52;4.63;13873
2.07;Ideal;I;SI2;61.6;56;8.16;8.18;5.04;13879
2.03;Ideal;J;VS2;62.1;57;8.15;8.08;5.04;13880
1.69;Ideal;H;VS1;61;57;7.72;7.66;4.69;13882
2.12;Premium;E;SI2;62.4;58;8.22;8.18;5.12;13884
2.26;Premium;H;SI2;61.1;57;8.45;8.4;5.15;13885
1.67;Ideal;H;VS1;61.8;55.9;7.57;7.6;4.69;13887
1.5;Very Good;E;VS2;62.9;56;7.31;7.22;4.57;13892
2;Very Good;I;SI2;59.5;61;8.16;8.18;4.86;13892
1.5;Good;E;VS2;63.9;58;7.2;7.24;4.61;13899
1.52;Ideal;G;VS1;59.7;57;7.5;7.48;4.47;13903
1.52;Good;G;VS1;64;58;7.22;7.18;4.61;13903
1.71;Very Good;H;VS1;62;56;7.64;7.68;4.75;13904
1.84;Premium;H;SI1;59.7;58;8.01;7.98;4.77;13905
2.28;Ideal;G;SI2;61.6;57;8.44;8.37;5.18;13907
2.06;Premium;G;SI2;60.7;58;8.18;8.25;4.99;13908
1.79;Ideal;I;VS1;61.3;57;7.86;7.81;4.8;13908
1.55;Ideal;G;VS2;61.6;55;7.45;7.48;4.6;13912
2.06;Premium;I;SI2;61;61;8.18;8.1;5.02;13912
1.58;Ideal;F;VS2;60;57;7.52;7.58;4.53;13917
2.2;Good;H;SI2;63.6;58;8.21;8.17;5.21;13919
1.9;Premium;G;SI2;63;58;7.93;7.86;4.97;13919
2.28;Premium;H;SI1;59.3;58;8.6;8.56;5.09;13919
1.52;Premium;F;VS2;60.9;61;7.46;7.28;4.49;13919
2;Ideal;I;SI2;61.1;59;8.07;8.11;4.94;13921
2.26;Very Good;H;SI2;63.3;59;8.35;8.26;5.25;13923
1.53;Ideal;G;VS1;60.6;54;7.49;7.47;4.53;13926
2.01;Good;H;SI1;56.7;58;8.31;8.36;4.73;13929
1.24;Ideal;D;VVS2;62.6;55;6.94;6.89;4.33;13929
2.1;Premium;J;SI1;62.9;58;8.15;8.09;5.11;13930
2.23;Premium;J;SI2;61.3;60;8.4;8.35;5.13;13931
2.09;Ideal;I;SI2;61.2;57;8.27;8.19;5.04;13933
2.18;Premium;J;SI1;62.9;59;8.25;8.21;5.18;13938
1.82;Premium;I;VS1;61.4;60;7.83;7.8;4.8;13939
2.01;Very Good;G;SI2;61.3;60;8.08;8.17;4.98;13940
1.6;Premium;G;VS2;61.6;60;7.55;7.49;4.63;13942
1.51;Very Good;F;VS2;61.9;63;7.35;7.26;4.52;13945
1.51;Premium;F;VS2;62;59;7.37;7.18;4.51;13945
1.51;Premium;F;VS2;61.7;58;7.33;7.28;4.51;13945
1.51;Premium;F;VS2;62.9;61;7.31;7.22;4.57;13945
2.06;Very Good;J;VS2;61.8;59;8.14;8.2;5.05;13948
1.7;Ideal;H;VS1;62.4;55;7.69;7.61;4.77;13949
1.58;Ideal;H;VS1;60.4;57;7.55;7.65;4.59;13950
1.71;Premium;G;VS2;61.3;58;7.79;7.7;4.75;13951
1.25;Very Good;F;IF;60.3;58;6.96;7.03;4.22;13953
2.08;Good;I;SI2;63.8;58;8.02;8.1;5.14;13956
1.5;Very Good;E;VS2;61;55;7.38;7.45;4.52;13963
1.58;Very Good;G;VS1;62.8;57;7.34;7.4;4.63;13963
1.21;Ideal;D;VVS2;61.3;56;6.86;6.9;4.22;13965
1.13;Ideal;D;VVS1;61.5;55;6.74;6.69;4.13;13968
1.71;Very Good;E;SI1;63.4;56;7.58;7.5;4.78;13970
2.01;Good;I;SI1;63.8;57;7.95;7.91;5.06;13976
2.19;Good;G;SI1;63.7;56;8.26;8.17;5.23;13978
2.21;Premium;H;SI1;61.1;58;8.39;8.34;5.11;13983
2;Premium;H;SI1;59.8;60;8.04;8.01;4.8;13986
1.51;Ideal;E;VS2;59.8;59;7.55;7.47;4.49;13986
2;Premium;G;SI2;61.1;60;8.1;8.03;4.93;13986
2.02;Premium;I;SI2;61.1;61;8.11;8.08;4.95;13991
2.02;Premium;I;SI2;62.9;60;8.05;8.01;5.05;13991
2.07;Premium;H;SI1;62.7;58;8.14;8.09;5.09;13993
2.07;Good;I;SI1;63.6;58;8.09;7.99;5.11;13993
1.08;Ideal;E;VVS1;61.5;58;6.57;6.64;4.06;13994
1.53;Ideal;G;VS1;62.2;56;7.36;7.31;4.56;13994
1.51;Ideal;G;VS1;62.1;55;7.38;7.33;4.57;13995
1.58;Premium;D;SI1;62.7;60;7.41;7.37;4.63;13995
2.13;Very Good;J;SI1;62.8;58;8.13;8.17;5.12;13996
2.11;Premium;J;SI1;62.4;58;8.27;8.17;5.13;13996
1.5;Good;G;IF;59.9;59;7.39;7.46;4.45;13998
1.67;Ideal;H;VS1;61.8;56;7.6;7.57;4.69;14014
1.71;Ideal;H;VS2;62.1;56;7.64;7.7;4.76;14017
1.63;Ideal;E;SI1;60.5;59;7.66;7.62;4.62;14022
2.09;Premium;G;SI2;59.8;59;8.37;8.32;4.99;14024
1.5;Good;E;VS2;63.9;58;7.24;7.2;4.61;14026
2.02;Ideal;I;SI2;60.9;60;8.08;8.14;4.94;14027
2.02;Good;I;SI2;58.2;57;8.31;8.35;4.85;14027
1.51;Very Good;G;VS1;59.5;59;7.41;7.45;4.42;14028
1.59;Ideal;H;VS1;61.8;56;7.49;7.53;4.64;14031
2.21;Premium;H;SI2;61.3;60;8.35;8.33;5.11;14032
1.08;Ideal;E;VVS1;61.7;55;6.6;6.63;4.08;14032
1.75;Ideal;H;VS2;62.2;56.3;7.66;7.71;4.79;14033
1.2;Ideal;D;VVS2;62.7;54;6.8;6.82;4.27;14033
2.05;Ideal;J;SI1;60.3;60;8.17;8.24;4.95;14037
1.52;Ideal;F;VS2;62.8;55;7.37;7.28;4.6;14038
1.55;Ideal;G;VS2;61.6;55;7.48;7.45;4.6;14039
2.01;Ideal;H;SI2;61.9;57;8.09;8.06;5;14040
2.3;Premium;H;SI2;60.6;59;8.4;8.37;5.08;14042
2.3;Premium;H;SI2;60.6;59;8.4;8.37;5.08;14042
2;Good;H;VS2;57.3;59;8.27;8.24;4.73;14042
1.58;Ideal;F;VS2;60;57;7.58;7.52;4.53;14044
2.08;Premium;I;SI2;60.8;61;8.24;8.21;5;14047
2;Very Good;I;SI1;63.6;57;7.9;7.99;5.05;14057
1.7;Premium;H;VS2;62.4;59;7.63;7.54;4.73;14058
2.03;Ideal;I;SI2;61.5;54;8.22;8.2;5.05;14061
2.14;Very Good;J;VS2;62.8;57;8.27;8.16;5.16;14065
1.76;Ideal;I;VVS2;60.2;58;7.84;7.87;4.73;14065
1.52;Very Good;F;VS2;62.7;59;7.3;7.33;4.59;14066
2.01;Premium;F;SI2;61.3;58;8.14;8.07;4.97;14067
0.3;Good;F;SI1;57.2;62;4.45;4.39;2.53;641
0.28;Very Good;F;VVS2;60.6;59;4.22;4.26;2.57;642
0.28;Very Good;F;VVS2;59.7;59;4.26;4.28;2.55;642
0.28;Very Good;E;VVS2;59.1;59;4.27;4.33;2.54;642
0.28;Very Good;E;VVS2;61.8;58;4.2;4.24;2.61;642
0.28;Very Good;E;VVS2;59.8;57;4.28;4.32;2.57;642
0.28;Very Good;E;VVS2;60;56;4.26;4.28;2.56;642
0.28;Very Good;D;VVS2;62.2;59;4.18;4.21;2.61;642
0.31;Very Good;G;VVS1;59.6;59;4.4;4.42;2.63;642
0.31;Very Good;G;VVS1;61.9;55;4.36;4.4;2.71;642
0.28;Very Good;F;VVS1;62.9;57;4.13;4.17;2.61;642
0.28;Very Good;F;VVS1;60.1;59;4.24;4.25;2.55;642
0.28;Very Good;F;VVS1;61.4;60;4.19;4.22;2.58;642
0.28;Very Good;E;VVS1;61.9;59;4.16;4.21;2.59;642
0.28;Very Good;E;VVS1;59.6;59;4.3;4.33;2.57;642
0.28;Very Good;D;VVS1;60.6;58;4.23;4.25;2.57;642
0.28;Very Good;D;VVS1;60.4;59;4.23;4.25;2.56;642
0.32;Very Good;F;VS2;59.6;56;4.48;4.51;2.68;642
0.28;Ideal;F;VVS2;61.8;56;4.22;4.26;2.62;642
0.28;Ideal;F;VVS2;61.1;57;4.22;4.26;2.59;642
0.28;Ideal;F;VVS2;61.4;57;4.2;4.24;2.59;642
0.28;Ideal;F;VVS2;62.5;57;4.18;4.21;2.62;642
0.28;Ideal;F;VVS2;61.8;56;4.21;4.24;2.61;642
0.39;Ideal;J;VS2;61.2;56;4.71;4.74;2.89;642
0.31;Ideal;E;VS2;60.7;57;4.39;4.41;2.67;642
0.31;Ideal;E;VS2;61.5;56;4.39;4.42;2.71;642
0.31;Ideal;E;VS2;61.7;55;4.38;4.41;2.71;642
0.31;Ideal;E;VS2;61.7;55;4.35;4.37;2.69;642
0.31;Ideal;E;VS2;62.2;55;4.32;4.36;2.7;642
0.31;Ideal;E;VS2;62.4;53;4.33;4.36;2.71;642
1.5;Ideal;G;VS1;62.3;57;7.25;7.32;4.54;14067
1.3;Premium;F;VVS1;59.3;59;7.11;7.08;4.22;14068
1.5;Premium;F;VS2;61.6;58;7.31;7.37;4.52;14071
2.05;Very Good;I;SI2;62.8;56;8.1;8.12;5.09;14071
1.5;Premium;F;VS2;61.5;58;7.34;7.36;4.52;14071
1.5;Premium;F;VS2;61.1;58;7.33;7.36;4.49;14071
1.5;Ideal;F;VS2;60.4;57;7.41;7.43;4.48;14071
2;Very Good;G;SI2;64;58;7.86;7.95;5.06;14074
2.02;Fair;H;SI2;56.5;61;8.33;8.37;4.72;14080
2.03;Ideal;J;VS2;60.5;57;8.26;8.2;4.98;14083
2.08;Good;I;SI2;63.8;58;8.1;8.02;5.14;14084
1.5;Ideal;F;VS2;61.7;54;7.28;7.31;4.5;14092
2.22;Premium;I;SI1;62.7;58;8.33;8.28;5.21;14095
1.26;Very Good;F;IF;60;60;7.04;7.09;4.24;14095
2.01;Ideal;I;SI2;61.5;56;8.1;8.16;5;14103
1.54;Ideal;G;VS2;61.4;57;7.47;7.42;4.57;14103
1.5;Premium;G;VS1;61.2;59;7.32;7.36;4.49;14105
1.5;Premium;G;VS1;62.7;58;7.25;7.3;4.56;14105
1.52;Premium;G;VVS2;62.1;58;7.4;7.31;4.57;14105
1.55;Ideal;G;VS2;61.6;56;7.44;7.49;4.6;14106
1.64;Premium;E;SI1;59.5;58;7.64;7.72;4.57;14107
2.29;Premium;G;SI2;62.5;59;8.38;8.33;5.22;14108
2.05;Ideal;J;VS2;61.7;54.9;8.16;8.24;5.05;14111
1.51;Very Good;D;VS2;62.3;59;7.29;7.34;4.56;14112
2.06;Very Good;J;VS2;62.6;58;8.05;8.08;5.05;14119
2.06;Ideal;I;SI2;62.4;55;8.1;8.14;5.07;14120
2.01;Very Good;J;SI1;61.7;59;8.01;8.09;4.97;14125
2;Premium;H;SI1;59.8;60;8.04;8.01;4.8;14126
1.79;Premium;G;SI1;60.5;58;7.88;7.83;4.75;14127
2.23;Premium;J;SI1;62.4;59;8.33;8.36;5.21;14129
2.04;Ideal;J;SI1;61.7;57;8.11;8.17;5.02;14130
1.7;Very Good;H;VS1;62.8;57;7.47;7.57;4.72;14137
2.14;Ideal;I;SI2;60.7;57;8.34;8.4;5.08;14138
1.56;Premium;G;VS1;60.9;58;7.49;7.53;4.57;14139
1.7;Good;H;VVS2;63.1;57;7.52;7.61;4.77;14146
2.36;Ideal;H;SI2;61.8;56;8.57;8.53;5.28;14146
1.51;Good;F;SI1;59.5;58;7.35;7.44;4.4;14148
2.01;Very Good;H;SI2;63.2;57;8.02;7.97;5.05;14150
1.67;Ideal;D;SI1;62.6;54;7.57;7.63;4.76;14154
1.51;Premium;G;VS1;59.5;59;7.45;7.41;4.42;14156
1.5;Premium;G;VVS2;62.7;58;7.28;7.32;4.58;14157
1.51;Very Good;F;VS2;62.8;56;7.27;7.32;4.58;14165
1.51;Very Good;F;VS2;61.1;59;7.32;7.37;4.49;14165
1.51;Premium;F;VS2;62;60;7.23;7.35;4.52;14165
1.51;Very Good;F;VS2;62.5;58;7.21;7.36;4.55;14165
1.51;Very Good;F;VS2;62.5;58;7.22;7.33;4.55;14165
2.01;Ideal;H;SI2;61.9;57;8.09;8.06;5;14167
1.51;Premium;E;VS2;62.2;59;7.31;7.36;4.56;14171
1.55;Ideal;G;VS1;62;57;7.37;7.42;4.58;14174
1.81;Very Good;I;VS1;59.9;61;7.85;7.91;4.72;14177
1.5;Premium;E;VS2;62.3;60;7.27;7.2;4.51;14179
1.57;Premium;G;VS1;59.9;56;7.6;7.55;4.54;14180
2.02;Ideal;H;VS2;62.6;57;8.01;7.97;5;14182
2.04;Premium;H;SI2;62.8;58;8.11;8.06;5.08;14184
1.55;Ideal;F;VS2;62.6;57;7.35;7.39;4.61;14185
2.35;Premium;I;SI1;61.8;58;8.58;8.44;5.26;14185
1.54;Premium;F;VS2;62.8;58;7.33;7.29;4.59;14188
1.71;Premium;E;SI1;62.2;58;7.61;7.67;4.75;14190
1.68;Very Good;G;VS2;62.7;58;7.51;7.54;4.72;14192
1.2;Premium;E;VVS1;60.6;60;6.95;6.85;4.18;14192
2.5;Fair;G;SI2;67;57;8.36;8.29;5.58;14194
1.3;Premium;F;VVS1;59.3;59;7.11;7.08;4.22;14196
1.5;Ideal;F;VS2;62.4;55;7.31;7.25;4.54;14199
1.5;Ideal;F;VS2;60.4;57;7.43;7.41;4.48;14199
1.5;Premium;F;VS2;61.6;58;7.37;7.31;4.52;14199
2;Premium;I;SI2;58.6;61;8.28;8.16;4.82;14199
2;Fair;H;VS1;66;56;7.79;7.72;5.12;14199
1.5;Premium;F;VS2;61.5;58;7.36;7.34;4.52;14199
1.5;Premium;F;VS2;61.1;58;7.36;7.33;4.49;14199
1.64;Premium;G;VS2;62.4;58;7.49;7.52;4.68;14201
1.51;Very Good;D;VS2;63.1;62;7.24;7.22;4.56;14205
2;Fair;G;SI2;66.5;56;7.75;7.7;5.14;14208
2;Premium;I;SI2;61.3;59;8.13;8.09;4.97;14208
2.51;Good;I;SI2;63.7;61;8.51;8.48;5.41;14209
2.02;Premium;I;SI2;59.4;59;8.21;8.25;4.89;14211
1.53;Premium;G;VS1;61;60;7.4;7.43;4.52;14214
2.3;Ideal;H;SI2;62.6;57;8.4;8.35;5.25;14215
1.52;Very Good;F;VS2;63.5;57;7.23;7.29;4.61;14217
2.28;Good;J;SI1;63.7;55;8.28;8.35;5.3;14220
1.55;Ideal;F;SI1;61.9;55;7.47;7.42;4.61;14220
3.01;Premium;G;SI2;59.8;58;9.44;9.37;5.62;14220
2.05;Premium;J;VS1;62.4;58;8.08;8.13;5.06;14224
1.66;Premium;D;SI1;62;59;7.55;7.6;4.7;14224
2.1;Very Good;J;VS2;61.3;59;8.21;8.27;5.05;14229
1.4;Ideal;G;VVS2;62;56;7.18;7.13;4.44;14231
1.5;Premium;G;VS1;62.7;58;7.3;7.25;4.56;14234
1.5;Premium;G;VS1;61.2;59;7.36;7.32;4.49;14234
1.36;Very Good;D;VVS2;62.6;58;7.06;7.21;4.47;14236
1.64;Premium;E;SI1;59.5;58;7.72;7.64;4.57;14236
1.56;Ideal;G;VS2;61.3;56;7.48;7.5;4.59;14237
2.02;Premium;I;VS1;60.5;62;8.18;8.15;4.94;14238
2.03;Very Good;I;SI2;62.2;54;8.11;8.15;5.06;14239
2.02;Premium;I;SI1;61.4;58;8.14;8.07;4.98;14240
1.69;Premium;F;VS2;59.8;60;7.79;7.74;4.64;14242
1.5;Ideal;F;VS2;61.4;55;7.35;7.44;4.54;14242
1.5;Very Good;F;VS2;61.3;61;7.33;7.36;4.5;14242
1.85;Ideal;I;VVS2;62.4;57;7.91;7.86;4.92;14245
1.51;Ideal;F;VS2;62.4;56;7.38;7.31;4.58;14247
1.51;Premium;F;VS2;60.4;59;7.41;7.33;4.45;14247
2.27;Good;H;SI2;63.6;58;8.37;8.29;5.3;14249
2.51;Good;G;SI2;59.5;65;8.87;8.74;5.24;14251
1.5;Very Good;E;VS2;60.7;60;7.32;7.41;4.47;14256
1.5;Very Good;E;VS2;62.1;60;7.27;7.31;4.53;14256
2.23;Premium;J;SI1;62.4;59;8.36;8.33;5.21;14258
1.7;Ideal;H;VS1;62.8;57;7.57;7.47;4.72;14266
2.16;Good;I;VS2;63.6;56;8.18;8.12;5.18;14266
2.14;Ideal;I;SI2;60.7;57;8.4;8.34;5.08;14267
1.56;Premium;G;VS1;60.9;58;7.53;7.49;4.57;14268
1.7;Very Good;H;VVS2;63.1;57;7.61;7.52;4.77;14275
2.2;Ideal;I;SI2;62.2;56;8.34;8.29;5.18;14277
2.18;Ideal;F;SI2;62.6;55;8.27;8.22;5.16;14277
1.54;Ideal;G;VS1;61.2;56;7.45;7.46;4.57;14278
2.01;Premium;F;SI2;62.4;58;8.08;8.05;5.03;14279
1.5;Ideal;F;VS2;60.2;55;7.45;7.51;4.5;14281
1.53;Very Good;E;VS2;61.2;60;7.49;7.4;4.56;14282
1.57;Ideal;G;VS2;61.7;56;7.42;7.49;4.6;14283
2.22;Good;I;SI2;62.7;61.2;8.23;8.31;5.19;14285
1.71;Ideal;H;VS2;61.4;56;7.68;7.71;4.72;14292
1.52;Premium;G;VS1;61.2;60;7.37;7.4;4.52;14293
1.51;Premium;F;VS2;61.1;59;7.37;7.32;4.49;14294
1.51;Ideal;F;VS2;62.8;56;7.32;7.27;4.58;14294
1.51;Premium;F;VS2;62;60;7.35;7.23;4.52;14294
1.51;Premium;F;VS2;62.5;58;7.36;7.21;4.55;14294
1.51;Premium;F;VS2;62.5;58;7.33;7.22;4.55;14294
1.52;Very Good;D;SI1;60.6;57.8;7.4;7.46;4.51;14295
2.06;Very Good;I;SI2;62.3;57;8.12;8.2;5.09;14298
2.21;Premium;H;SI2;61.3;60;8.35;8.33;5.11;14299
1.26;Ideal;E;VVS2;61.1;57;7;6.98;4.27;14300
1.2;Ideal;F;IF;61.6;57;6.84;6.79;4.2;14300
1.51;Premium;E;VS2;62.2;59;7.36;7.31;4.56;14300
1.72;Premium;F;SI1;62.4;60;7.67;7.62;4.77;14300
1.5;Ideal;H;VVS1;61.2;57;7.34;7.4;4.51;14304
1.58;Very Good;F;VS2;59.9;61;7.5;7.6;4.52;14308
1.87;Very Good;H;SI1;62.9;58;7.79;7.83;4.91;14308
2.03;Ideal;E;SI2;62.3;56;8.11;8.09;5.05;14308
1.71;Premium;E;SI1;62.2;58;7.67;7.61;4.75;14319
2;Premium;H;SI1;63;54;8.07;7.99;5.06;14319
2.14;Ideal;I;SI2;61.9;56;8.22;8.26;5.1;14321
2;Ideal;J;VS2;61;57;8.08;8.13;4.94;14323
2.16;Premium;J;SI1;60.5;59;8.41;8.35;5.07;14328
1.64;Premium;G;VS2;62.4;58;7.52;7.49;4.68;14330
2.02;Premium;J;VS2;62.1;59;8.08;7.98;4.99;14330
1.51;Premium;F;VS2;61.9;59;7.31;7.39;4.55;14334
1.51;Very Good;E;VS2;60.8;60;7.3;7.36;4.46;14338
2;Very Good;H;SI2;61;57;8.02;8.18;4.94;14340
2.7;Very Good;H;SI2;63.1;56;8.84;8.78;5.56;14341
1.61;Ideal;G;VS1;61.9;55;7.58;7.55;4.68;14341
2.02;Premium;I;SI2;59.4;59;8.25;8.21;4.89;14341
1.53;Premium;G;VS1;61;60;7.43;7.4;4.52;14344
2.25;Ideal;H;SI1;62.4;56;8.4;8.37;5.23;14348
2.02;Premium;I;SI2;61.7;58;8.07;8;4.96;14350
2.28;Good;J;SI1;63.7;55;8.35;8.28;5.3;14350
2.55;Premium;I;SI2;62.9;58;8.7;8.59;5.44;14351
1.5;Premium;F;VS2;61;58;7.37;7.31;4.48;14352
1.66;Premium;D;SI1;62;59;7.6;7.55;4.7;14354
1.75;Very Good;H;VS1;63.3;56;7.63;7.53;4.8;14359
2.14;Ideal;G;SI2;62.9;56;8.18;8.14;5.13;14359
2.1;Premium;J;VS2;61.3;59;8.27;8.21;5.05;14359
1.5;Very Good;G;VVS1;63.1;62;7.25;7.23;4.57;14361
2.27;Premium;I;SI1;61;58;8.42;8.4;5.19;14362
2.01;Premium;H;SI2;62;60;8.11;8.04;5.02;14364
2.01;Ideal;H;SI2;62.8;57;8.04;7.95;5.02;14364
1.5;Very Good;D;VS2;63.6;55;7.17;7.24;4.58;14368
1.5;Premium;F;VS2;60.8;58;7.44;7.29;4.48;14372
1.5;Premium;F;VS2;61.3;61;7.36;7.33;4.5;14372
1.5;Ideal;F;VS2;61.4;55;7.44;7.35;4.54;14372
1.51;Premium;G;VS1;60.1;58;7.45;7.48;4.49;14375
1.51;Premium;G;VS1;62.6;60;7.19;7.28;4.53;14375
1.51;Ideal;G;VS1;60.6;57;7.38;7.48;4.5;14375
1.85;Ideal;I;VVS2;62.4;57;7.91;7.86;4.92;14375
1.6;Very Good;G;VS2;61;57;7.55;7.59;4.62;14383
1.86;Very Good;H;SI1;62.6;58;7.77;7.82;4.88;14383
2.09;Ideal;H;SI1;60.6;57;8.34;8.29;5.04;14383
1.55;Very Good;G;VS1;60.8;60;7.46;7.51;4.55;14386
1.62;Ideal;F;VS1;61.7;55;7.58;7.53;4.66;14386
1.5;Premium;E;VS2;62.1;60;7.31;7.27;4.53;14386
1.5;Premium;E;VS2;60.7;60;7.41;7.32;4.47;14386
1.5;Premium;E;VS2;59.5;58;7.53;7.46;4.46;14386
2.15;Ideal;I;SI2;61.7;55;8.24;8.43;5.14;14388
1.52;Premium;F;VS2;59.4;55;7.52;7.46;4.45;14388
2.1;Premium;I;VS2;60.7;61;8.28;8.27;5.02;14394
1.75;Ideal;I;VVS2;62.1;56;7.72;7.69;4.79;14394
2.14;Good;H;SI1;57.5;60;8.57;8.48;4.9;14395
2.35;Premium;J;VS1;60.7;60;8.64;8.6;5.23;14399
1.62;Very Good;F;VS2;63.2;56;7.54;7.43;4.73;14400
2.01;Fair;J;VS1;66.6;54;7.76;7.92;5.22;14402
2;Very Good;J;VS2;61.9;60;7.95;8.04;4.95;14403
1.63;Very Good;G;VS1;62.5;60;7.43;7.51;4.67;14404
2;Premium;D;SI2;61;58;8.06;7.97;4.89;14406
1.12;Ideal;E;VVS1;61.5;56;6.7;6.76;4.13;14407
2.2;Ideal;H;SI2;62.6;55;8.34;8.31;5.21;14408
1.97;Premium;F;SI2;61.1;58;8.05;8.11;4.94;14410
2.05;Premium;J;VS1;60.1;58;8.19;8.25;4.94;14411
1.52;Very Good;F;VS2;62.3;56;7.29;7.34;4.56;14412
1.22;Ideal;E;VVS2;61.6;56;6.85;6.88;4.23;14414
1.72;Premium;H;VS1;59.3;59;7.86;7.82;4.65;14414
1.51;Ideal;F;VS2;63;55;7.29;7.24;4.58;14414
1.51;Very Good;D;VS2;63.2;58;7.29;7.33;4.62;14416
2.22;Ideal;I;SI2;62.7;61;8.31;8.23;5.19;14416
2.54;Ideal;G;SI2;62.5;55;8.75;8.69;5.45;14421
1.52;Premium;G;VS1;61.9;58;7.38;7.35;4.56;14424
1.52;Premium;G;VS1;61.2;60;7.4;7.37;4.52;14424
2.01;Good;H;SI2;62.3;60;7.95;7.97;4.96;14426
2.01;Very Good;H;SI2;62.9;55;8.03;8.09;5.07;14426
1.71;Good;D;SI1;64.1;59;7.51;7.46;4.8;14426
1.52;Ideal;D;SI1;60.6;58;7.46;7.4;4.51;14426
2.01;Premium;I;SI2;62.1;56;8.11;8.06;5.02;14428
2.06;Ideal;I;SI2;62.3;57;8.2;8.12;5.09;14428
1.26;Ideal;E;VVS2;61.1;57;7;6.98;4.27;14429
1.43;Ideal;E;VVS2;62.4;57;7.25;7.15;4.49;14429
2;Fair;H;SI1;65.1;56;7.86;7.77;5.09;14430
1.2;Ideal;F;IF;61.6;57;6.84;6.79;4.2;14430
1.54;Very Good;G;VS1;63.4;57;7.28;7.36;4.64;14433
1.54;Premium;G;VS1;61.1;56;7.54;7.48;4.59;14438
2.01;Premium;I;SI2;62.9;58;8.05;8;5.05;14444
1.7;Good;G;VS1;63.5;56;7.53;7.64;4.82;14445
1.62;Premium;G;VS1;60.7;58;7.62;7.54;4.6;14447
1.58;Premium;G;VS1;62.4;60;7.46;7.38;4.63;14451
2.14;Good;I;SI2;63.8;57;8.17;8.14;5.2;14452
2.14;Ideal;I;SI2;61.9;56;8.26;8.22;5.1;14452
2.17;Premium;H;SI1;59.9;61;8.39;8.38;5.02;14452
1.58;Premium;E;VS2;60.1;60;7.53;7.54;4.53;14453
1.65;Ideal;G;VS2;60.8;56;7.65;7.7;4.67;14456
2.08;Premium;H;SI2;58.8;60;8.39;8.35;4.92;14462
1.51;Premium;F;VS2;61.9;59;7.39;7.31;4.55;14465
1.6;Ideal;G;VS2;62.2;55;7.5;7.46;4.65;14474
2.07;Premium;H;SI1;61.2;60;8.2;8.12;4.99;14476
2.04;Very Good;I;SI2;62.5;52;8.02;8.17;5.06;14477
1.73;Good;E;SI1;64.2;58;7.54;7.5;4.83;14479
1.51;Very Good;F;VS1;58.9;60;7.46;7.54;4.42;14481
1.51;Ideal;E;VS2;62.7;57;7.31;7.26;4.57;14482
1.52;Ideal;G;VS1;61.8;56;7.4;7.45;4.59;14482
1.51;Premium;E;VS2;59.8;58;7.55;7.52;4.47;14482
1.51;Very Good;E;VS2;63.3;56;7.3;7.26;4.61;14482
1.51;Ideal;G;VS2;62.1;55;7.38;7.33;4.56;14482
1.51;Ideal;G;VS2;61.8;54;7.42;7.38;4.57;14482
1.51;Ideal;E;VS2;61.7;55;7.37;7.34;4.54;14482
1.53;Premium;F;VS2;58.5;60;7.62;7.56;4.44;14483
1.5;Premium;F;VS2;60.3;58;7.47;7.39;4.48;14486
2.06;Premium;I;SI1;60.9;61;8.32;8.16;4.99;14488
1.94;Very Good;I;VS2;60.2;58;8.04;8.1;4.86;14489
2.14;Premium;H;SI1;62.3;58;8.28;8.22;5.14;14490
1.04;Ideal;D;IF;61.8;57;6.49;6.52;4.02;14494
1.58;Ideal;F;SI1;61.9;55;7.52;7.47;4.64;14495
2.02;Very Good;H;SI2;60.8;60;8.07;8.15;4.93;14498
1;Ideal;D;VVS1;60.7;56;6.47;6.54;3.95;14498
2.29;Ideal;J;SI2;62.8;56;8.36;8.39;5.25;14500
2.5;Ideal;J;SI2;64;55;8.56;8.48;5.46;14502
2.01;Premium;F;SI1;59.5;58;8.21;8.18;4.88;14502
2.01;Premium;H;SI1;60.2;58;8.06;8.03;4.84;14502
2.01;Premium;E;SI2;62.6;58;8.01;7.93;4.99;14502
2.12;Ideal;J;SI1;62.1;56;8.17;8.25;5.1;14503
2.06;Ideal;I;SI2;63.3;54;8.09;8.14;5.13;14505
1.51;Premium;G;VS1;60.1;58;7.48;7.45;4.49;14507
1.51;Ideal;G;VS1;60.6;57;7.48;7.38;4.5;14507
1.51;Premium;G;VS1;62.6;60;7.28;7.19;4.53;14507
2.15;Ideal;I;SI2;61.7;55;8.43;8.24;5.14;14519
1.13;Ideal;E;VVS1;60.6;57;6.72;6.77;4.09;14525
2.04;Very Good;I;SI2;60.9;57;8.14;8.19;4.97;14527
2.04;Very Good;J;VS1;62.6;58;8.06;8.11;5.06;14527
1.5;Very Good;E;VS2;63.2;57;7.29;7.26;4.6;14527
1.54;Ideal;E;VS2;62;56;7.46;7.43;4.61;14529
2.15;Ideal;I;SI1;62.5;57;8.2;8.16;5.11;14534
2.01;Ideal;I;SI1;62.3;58;8.06;8.02;5.01;14540
1.51;Ideal;G;VS1;61.1;57;7.38;7.41;4.52;14542
1.51;Ideal;G;VS1;61.6;56;7.34;7.37;4.53;14542
1.51;Premium;G;VS1;62.2;58;7.29;7.35;4.55;14542
1.97;Premium;F;SI2;61.1;58;8.11;8.05;4.94;14542
2.51;Premium;H;SI2;59.3;61;8.81;8.77;5.21;14543
2.51;Premium;H;SI2;60.6;61;8.88;8.68;5.29;14543
1.52;Premium;F;VS2;62.3;56;7.34;7.29;4.56;14544
1.82;Very Good;F;SI1;63.2;56;7.71;7.64;4.85;14545
2.03;Ideal;I;SI1;62.6;55;8.06;8.11;5.06;14548
2.14;Very Good;J;SI1;62.3;59;8.24;8.26;5.14;14556
2.01;Premium;H;SI2;62.3;60;7.97;7.95;4.96;14558
2.01;Ideal;I;SI1;61.9;56;8.16;8.08;5.03;14558
2.01;Premium;I;SI1;60.1;59;8.24;8.19;4.94;14558
1.77;Very Good;D;SI1;59.2;61;7.86;7.98;4.69;14561
1.5;Good;E;VS2;57.8;63;7.58;7.53;4.37;14565
2.02;Premium;E;SI2;60.4;57;8.21;8.18;4.95;14574
2.02;Premium;H;SI1;62.2;59;8.09;8.05;5.02;14574
1.52;Premium;E;VS2;61.8;59;7.38;7.31;4.54;14577
1.54;Premium;F;VS2;62.4;59;7.43;7.38;4.62;14578
2.03;Ideal;J;VS1;62.5;57;8.14;8.08;5.06;14579
1.98;Ideal;I;SI1;62.6;55;8.04;8.1;5.05;14581
1.98;Ideal;I;SI1;61.5;55;8.04;8.13;4.97;14581
2.09;Premium;H;SI2;61.4;60;8.24;8.2;5.05;14581
1.11;Ideal;D;VVS1;62.1;55;6.63;6.64;4.12;14584
1.5;Premium;F;VS2;61.5;58;7.32;7.34;4.51;14586
2.03;Premium;J;VS1;59.3;60;8.36;8.28;4.93;14588
1.5;Very Good;E;VS2;59.5;58;7.44;7.48;4.44;14592
1.34;Ideal;E;VVS2;62.6;54;7.05;7.07;4.42;14593
2.2;Ideal;J;SI1;61.5;57;8.41;8.37;5.16;14593
1.65;Ideal;G;VS2;61.9;57;7.65;7.61;4.72;14593
2.01;Good;I;SI1;59.4;63;8.18;8.26;4.88;14597
2.3;Very Good;I;SI2;60.6;60;8.51;8.56;5.17;14603
1.95;Very Good;H;SI1;62.9;58;7.86;7.94;4.97;14603
1.7;Ideal;H;VVS1;61.4;57;7.63;7.69;4.7;14603
2.04;Premium;I;SI2;59.8;59;8.3;8.23;4.94;14605
1.7;Premium;F;SI1;62.4;57;7.61;7.56;4.73;14611
0.31;Ideal;F;VS1;61.5;54;4.36;4.39;2.69;642
0.31;Ideal;F;VS1;61;56;4.38;4.4;2.68;642
0.3;Very Good;F;VS2;63.2;59;4.27;4.24;2.69;642
0.31;Ideal;G;VS1;61;56;4.35;4.4;2.67;642
0.33;Very Good;G;VS1;61.2;57;4.46;4.49;2.73;643
0.37;Ideal;D;SI1;61.9;54;4.62;4.65;2.87;643
0.33;Good;F;VS2;59.5;61;4.49;4.54;2.68;643
0.36;Premium;D;SI2;63;59;4.52;4.49;2.84;643
0.34;Ideal;I;VS1;62;54;4.51;4.49;2.79;643
0.3;Very Good;G;VS2;63.5;59;4.22;4.17;2.66;644
0.38;Very Good;F;SI2;60.1;60;4.7;4.75;2.84;644
0.4;Very Good;E;SI2;62.1;60;4.65;4.69;2.9;644
0.32;Very Good;D;SI1;60;56;4.5;4.53;2.71;644
0.4;Ideal;E;SI2;62.6;54;4.68;4.71;2.94;644
0.36;Ideal;F;SI1;59.7;57;4.69;4.72;2.81;644
0.4;Fair;D;SI1;65.1;55;4.63;4.68;3.03;644
0.33;Ideal;E;SI1;59.6;57;4.53;4.49;2.69;644
0.35;Very Good;D;SI1;63;57;4.46;4.52;2.83;644
0.35;Premium;D;SI1;61;60;4.54;4.58;2.78;644
0.35;Premium;D;SI1;61.8;59;4.54;4.56;2.81;644
0.34;Good;D;VS2;63.6;55;4.4;4.43;2.81;644
0.35;Ideal;D;SI1;60.8;55;4.56;4.59;2.78;644
0.35;Very Good;D;SI1;60.2;57;4.56;4.61;2.76;644
0.35;Ideal;D;SI1;61.6;55;4.53;4.56;2.8;644
0.35;Ideal;D;SI1;61.6;57;4.54;4.55;2.8;644
0.35;Premium;D;SI1;62.1;58;4.51;4.54;2.81;644
0.35;Very Good;D;SI1;60.1;61;4.56;4.59;2.75;644
0.35;Ideal;D;SI1;60.7;57;4.53;4.57;2.76;644
0.35;Ideal;D;SI1;62.7;56;4.49;4.51;2.82;644
0.35;Ideal;D;SI1;62.3;57;4.5;4.52;2.81;644
2.11;Premium;I;SI2;58.4;62;8.43;8.39;4.91;14615
1.51;Ideal;G;VVS2;62.3;55;7.29;7.35;4.56;14616
1.35;Ideal;G;IF;62.2;57;7.07;7.11;4.41;14616
1.5;Ideal;E;VS2;63.4;54;7.22;7.25;4.59;14618
2.02;Very Good;I;VS2;58.8;57;8.21;8.29;4.85;14620
1.7;Ideal;E;SI1;60.1;57;7.71;7.74;4.64;14623
1.58;Ideal;G;VS1;61.3;57;7.48;7.54;4.6;14624
2.17;Very Good;H;SI2;58.8;62;8.48;8.53;5;14625
1.04;Ideal;D;IF;61.8;57;6.52;6.49;4.02;14626
2.06;Premium;E;SI2;58.8;58;8.42;8.35;4.93;14634
2.01;Very Good;I;SI2;60.5;59;8.19;8.26;4.98;14637
2.03;Ideal;G;SI1;62;57;8.1;8.05;5.01;14637
2.22;Ideal;G;SI2;62.6;57;8.35;8.29;5.21;14637
2.11;Ideal;J;VS2;61.2;55;8.33;8.3;5.09;14638
1.5;Very Good;E;VS2;62.1;60;7.27;7.32;4.53;14639
2.03;Fair;H;SI1;65.4;58;7.91;7.88;5.16;14646
2.03;Very Good;E;SI2;63.1;56;8.01;7.99;5.05;14646
2.38;Premium;G;SI2;62.4;58;8.59;8.47;5.32;14648
1.54;Ideal;G;VS1;62;57;7.4;7.45;4.6;14650
2.5;Fair;J;SI2;66.9;58;8.36;8.22;5.55;14652
1.51;Good;F;VVS2;63.7;58;7.18;7.24;4.59;14654
1.51;Good;G;IF;62.8;60;7.18;7.24;4.53;14654
2.53;Premium;H;SI2;62.6;60;8.66;8.55;5.39;14659
2.04;Premium;J;VS1;62.6;58;8.11;8.06;5.06;14660
2.04;Premium;I;SI2;60.3;60;8.26;8.19;4.96;14660
2.22;Premium;I;VS2;60.5;59;8.41;8.37;5.08;14662
1.26;Premium;D;VVS2;60.5;58;6.99;7.03;4.24;14663
2.32;Premium;J;SI2;62.5;58;8.47;8.43;5.28;14666
2.32;Premium;J;SI2;59;59;8.69;8.64;5.11;14666
1.11;Ideal;D;VVS1;61.6;55;6.7;6.68;4.12;14667
1.51;Very Good;F;VS1;59.6;63;7.34;7.43;4.4;14673
1.51;Ideal;G;VS1;61.9;57;7.37;7.34;4.55;14674
1.51;Ideal;G;VS1;61.1;57;7.41;7.38;4.52;14674
1.51;Ideal;G;VS1;61.6;56;7.37;7.34;4.53;14674
1.51;Premium;G;VS1;62.2;58;7.35;7.29;4.55;14674
1.5;Premium;D;VS2;62.5;61;7.32;7.25;4.55;14675
1.52;Very Good;D;VS2;63.4;59;7.32;7.24;4.61;14680
1.51;Premium;F;VS2;61.6;58;7.32;7.35;4.52;14683
2.03;Fair;G;SI2;64.9;59;7.85;7.99;5.14;14687
2.2;Ideal;G;SI2;59.9;57;8.54;8.49;5.1;14691
2.16;Ideal;J;SI1;63;55;8.2;8.24;5.18;14691
1.52;Ideal;G;VS2;61.4;56;7.39;7.47;4.56;14692
1.52;Very Good;D;VS2;61.9;56;7.31;7.35;4.54;14698
1.53;Premium;G;VS1;62.6;60;7.39;7.3;4.6;14699
2.09;Very Good;I;SI2;63;57;8.09;8.13;5.11;14704
1.51;Good;E;VS2;62.6;60;7.22;7.28;4.54;14709
1.51;Very Good;E;VS2;62.4;59;7.26;7.36;4.56;14709
1.51;Premium;E;VS2;62.2;59;7.36;7.4;4.59;14709
1.51;Premium;E;VS2;60.7;60;7.37;7.46;4.5;14709
2.33;Premium;J;SI1;59.9;59;8.7;8.65;5.2;14711
2.02;Very Good;I;SI2;61.9;60;8.12;8.06;5.01;14715
2.16;Very Good;J;SI1;61.4;58;8.29;8.31;5.1;14715
2.54;Premium;H;SI2;61.3;58;8.8;8.7;5.36;14717
1.5;Premium;F;VS2;61.5;58;7.34;7.32;4.51;14719
2.03;Good;H;SI2;59.6;61;8.16;8.21;4.88;14720
1.66;Ideal;H;IF;61.5;57;7.59;7.62;4.68;14724
2.01;Very Good;H;SI1;63.5;57;7.96;7.88;5.03;14725
2.01;Ideal;H;SI1;62.1;56;8.11;8.08;5.03;14725
2.43;Premium;I;SI2;62.2;60;8.59;8.53;5.33;14727
1.71;Premium;H;VVS2;61.4;59;7.67;7.77;4.74;14731
2.23;Very Good;J;VS2;61;58;8.36;8.39;5.11;14732
1.51;Ideal;G;VS1;60.8;54;7.4;7.48;4.52;14733
2.18;Very Good;I;SI2;61.4;59.5;8.31;8.37;5.12;14735
1.24;Ideal;D;VVS2;61.5;57;6.88;6.94;4.25;14737
2.11;Very Good;I;SI1;62.4;53;8.17;8.27;5.13;14740
2.3;Ideal;G;SI2;61.4;57;8.51;8.48;5.22;14744
2.01;Good;G;SI2;63;60;7.92;7.99;5.01;14745
1.5;Premium;E;VS2;61.9;57;7.38;7.31;4.55;14745
2.58;Very Good;D;SI2;58.9;63;9.08;9.01;5.33;14749
1.82;Premium;H;VS2;61.6;60;7.78;7.74;4.78;14749
2.06;Fair;J;VS1;64.6;58;7.91;8.04;5.15;14750
1.51;Ideal;G;VVS2;62.3;55;7.35;7.29;4.56;14750
2.01;Premium;I;SI1;60.1;59;8.21;8.15;4.92;14752
1.5;Ideal;F;VS2;62.6;57;7.27;7.34;4.57;14759
2;Premium;I;VS2;58.5;61;8.28;8.19;4.82;14763
2;Very Good;E;SI2;63.4;60;7.97;7.92;5.04;14763
2.02;Ideal;J;VS2;61.8;57;8.11;8.14;5.02;14766
2.01;Very Good;H;SI2;62.7;60;7.94;8.03;5.01;14768
1.51;Premium;D;VS2;60.2;59;7.43;7.33;4.44;14773
2.04;Premium;I;SI1;58.8;60;8.42;8.32;4.92;14775
2.55;Good;H;SI2;63.7;59;8.66;8.57;5.49;14775
1.74;Ideal;F;SI1;62.4;57;7.68;7.64;4.78;14775
2.25;Very Good;H;SI2;61.2;63;8.49;8.38;5.16;14775
2.04;Ideal;I;SI1;62.8;57;8.09;8.02;5.06;14775
1.62;Ideal;G;VS2;61.7;56;7.53;7.57;4.66;14777
1.51;Ideal;G;VS1;60.8;57;7.37;7.44;4.5;14779
1.52;Ideal;G;VS1;61.1;56;7.39;7.43;4.53;14787
1.7;Good;G;VS1;63.9;58;7.46;7.5;4.78;14787
1.5;Premium;E;VS2;61.8;59;7.31;7.38;4.54;14790
2.02;Premium;F;SI2;61.5;60;8.15;8.05;4.98;14790
2.01;Very Good;I;VS1;63.5;59;8.03;7.93;5.07;14792
2.02;Very Good;H;SI2;58.7;62;8.23;8.2;4.82;14795
2.01;Fair;G;SI2;63.8;59;7.77;7.87;4.99;14799
2.33;Very Good;J;VS2;61.8;59;8.41;8.56;5.24;14801
2.14;Ideal;J;VS2;62;54;8.28;8.31;5.15;14802
2.06;Premium;I;SI2;61.8;58;8.22;8.11;5.05;14803
2.04;Very Good;H;SI2;60.8;58;8.14;8.23;4.98;14810
2.01;Very Good;I;SI1;62.8;60;7.99;8.04;5.03;14811
2.01;Very Good;J;VS1;61.2;60;8.06;8.14;4.96;14812
2.01;Very Good;E;SI2;61.2;58;8.05;8.07;4.93;14813
1.8;Ideal;F;SI1;61.9;56;7.78;7.87;4.84;14814
1.51;Premium;F;VS2;61.6;58;7.35;7.32;4.52;14817
2.19;Very Good;I;SI1;62.6;58;8.24;8.33;5.19;14819
2.16;Very Good;H;SI2;62.3;60;8.19;8.31;5.14;14824
1.62;Premium;F;VS2;61.1;60;7.56;7.57;4.62;14826
2.31;Very Good;J;VS2;59.7;60;8.53;8.59;5.11;14830
1.61;Premium;F;VS2;61.6;61;7.54;7.47;4.62;14833
2.01;Ideal;H;SI1;61.5;55;8.11;8.06;4.97;14837
2.37;Premium;I;VS2;61.6;56;8.7;8.6;5.33;14837
2.09;Ideal;I;SI2;63;57;8.13;8.09;5.11;14838
1.21;Premium;D;VVS2;61.1;59;6.9;6.89;4.21;14841
1.5;Very Good;G;VVS1;63.3;58;7.19;7.27;4.58;14842
1.32;Very Good;F;IF;62.4;58;6.97;7.01;4.36;14842
1.51;Ideal;E;VS2;62.8;56;7.31;7.24;4.57;14844
1.51;Premium;E;VS2;60.7;60;7.46;7.37;4.5;14844
1.51;Premium;E;VS2;62.6;60;7.28;7.22;4.54;14844
1.51;Premium;E;VS2;62.2;59;7.4;7.36;4.59;14844
1.18;Ideal;E;IF;61.1;56;6.78;6.91;4.18;14847
1.41;Good;E;VVS2;59.9;61;7.21;7.37;4.37;14853
1.58;Premium;G;VVS2;62.4;56;7.5;7.4;4.65;14855
2.07;Ideal;I;SI1;61.2;57;8.12;8.23;5;14857
1.66;Ideal;H;IF;61.5;57;7.62;7.59;4.68;14859
1.7;Fair;G;VS2;64.5;58;7.51;7.43;4.82;14860
2.06;Premium;H;SI1;62.4;59;8.11;8.07;5.05;14863
1.71;Premium;H;VVS2;61.4;59;7.77;7.67;4.74;14866
2.23;Premium;J;VS2;61;58;8.39;8.36;5.11;14867
2.18;Ideal;I;SI2;61.4;60;8.37;8.31;5.12;14870
1.71;Premium;E;SI1;59.1;58;7.76;7.8;4.6;14882
2.04;Premium;H;SI1;58;59;8.4;8.27;4.83;14888
2;Good;I;VS2;63.5;59;7.93;7.98;5.05;14889
1.51;Ideal;E;VS2;61.2;57;7.37;7.47;4.54;14889
1.51;Very Good;E;VS2;60.1;58;7.51;7.57;4.53;14889
1.72;Premium;F;SI1;62;58;7.68;7.65;4.75;14892
1.71;Very Good;H;VVS2;61.2;62;7.59;7.65;4.66;14893
2.04;Premium;G;SI2;62.1;59;8.14;8.06;5.03;14900
1.79;Premium;H;VS1;62.6;56;7.81;7.76;4.87;14904
1.51;Very Good;E;VS1;63.2;58;7.24;7.16;4.55;14904
1.52;Ideal;F;VS2;62.5;55;7.42;7.31;4.6;14915
2;Premium;G;SI1;59.3;60;8.19;8.13;4.84;14918
2;Premium;G;SI1;59;62;6.16;6.15;4.82;14918
3;Good;J;SI2;59.3;64;9.32;9.19;5.5;14918
1.5;Premium;F;VS1;62.6;58;7.31;7.26;4.56;14918
2.06;Good;I;SI1;59;64;8.39;8.13;4.89;14920
1.5;Premium;E;VS2;61.8;59;7.38;7.31;4.54;14925
1.53;Very Good;E;VS1;60.7;60;7.38;7.52;4.52;14931
2.08;Premium;J;VS2;60.3;59;8.29;8.23;4.98;14933
2.07;Ideal;H;SI1;60.6;56;8.38;8.3;5.05;14935
1.41;Very Good;G;VVS1;61.2;55;7.22;7.25;4.43;14936
2.04;Good;F;SI2;64;57;8.04;7.98;5.13;14936
2.27;Premium;I;SI2;62.5;59;8.45;8.39;5.26;14937
1.51;Very Good;G;VVS2;62.7;57;7.33;7.38;4.61;14938
2.01;Premium;G;SI2;59.4;62;8.27;8.22;4.9;14939
2.04;Premium;H;SI2;60.8;58;8.23;8.14;4.98;14945
2.08;Premium;I;SI2;62.3;58;8.18;8.13;5.08;14947
2.01;Premium;E;SI2;61.2;58;8.07;8.05;4.93;14948
2.01;Fair;E;SI2;62.1;66;7.99;7.92;4.94;14948
1.82;Premium;H;SI1;62;59;7.81;7.77;4.83;14949
1.26;Premium;E;VVS1;59.8;59;6.99;7.08;4.21;14952
2.01;Good;H;SI2;62.2;57;8.05;8.1;5.03;14956
1.56;Ideal;G;VS1;61.3;56;7.46;7.51;4.59;14957
1.8;Ideal;I;VS1;62.4;54;7.77;7.8;4.86;14959
1.62;Premium;F;VS2;61.1;60;7.57;7.56;4.62;14961
1.8;Ideal;H;VS1;62.3;56;7.76;7.79;4.84;14968
2.01;Good;H;SI1;62.8;59;7.98;8.01;5.02;14968
2.47;Premium;I;SI2;62.5;56;8.65;8.6;5.39;14970
2;Good;J;VS1;62.4;58;8.01;8.08;5.02;14973
2.05;Premium;J;VS1;62.5;60;8.09;8.14;5.07;14973
2.43;Fair;G;SI2;64.5;57;8.41;8.36;5.41;14975
1.51;Very Good;F;VS1;62.6;57;7.25;7.29;4.55;14976
1.51;Ideal;G;VVS2;61.8;57;7.31;7.36;4.53;14982
2.06;Premium;I;SI2;61;59;8.24;8.21;5.02;14982
2.06;Premium;I;SI2;60.1;58;8.32;8.26;4.98;14982
2.01;Ideal;H;SI2;62.5;53.9;8.04;8.07;5.04;14998
2.01;Good;I;SI1;58.5;62;8.24;8.31;4.84;14998
1.6;Ideal;G;VS2;61.9;56;7.53;7.47;4.64;15000
1.54;Premium;E;VS2;62.3;58;7.31;7.39;4.58;15002
1.19;Ideal;F;VVS1;61.5;55;6.82;6.84;4.2;15005
2.1;Premium;I;SI1;61.5;57;8.25;8.21;5.06;15007
1.69;Ideal;D;SI1;60.8;57;7.69;7.71;4.68;15011
1.5;Very Good;G;VVS2;62.9;56;7.22;7.32;4.57;15013
1.73;Very Good;G;VS1;62.8;57;7.57;7.72;4.8;15014
2.02;Premium;G;SI2;63;59;8.05;7.95;5.03;15014
2.05;Very Good;F;SI2;61.9;56;8.13;8.18;5.05;15017
1.5;Very Good;F;VS1;61.6;58;7.35;7.43;4.55;15022
1.82;Very Good;G;SI1;62.7;58;7.68;7.75;4.84;15025
2;Very Good;I;VS2;63.5;59;7.98;7.93;5.05;15025
1.51;Ideal;E;VS2;61.2;57;7.47;7.37;4.54;15025
1.51;Premium;E;VS2;60.1;58;7.57;7.51;4.53;15025
1.24;Ideal;F;VVS1;61.2;55;6.94;6.98;4.26;15026
2.48;Fair;I;SI2;56.7;66;8.88;8.64;4.99;15030
2.8;Premium;I;SI2;61.1;59;9.03;8.98;5.5;15030
1.33;Ideal;F;VVS2;61.9;55;7.02;7.07;4.36;15031
2.19;Premium;I;SI2;60.8;60;8.34;8.38;5.08;15032
1.83;Ideal;H;SI1;61.5;56;7.87;7.81;4.82;15032
2.09;Premium;J;VS1;61.2;59;8.22;8.31;5.06;15035
2.1;Ideal;H;SI1;61.7;53;8.3;8.19;5.09;15035
2.07;Ideal;H;SI2;62.3;59;8.1;8.14;5.06;15036
2.01;Very Good;G;SI1;63.5;60;7.98;7.89;5.04;15038
2;Ideal;I;SI1;62.8;56;8.04;7.95;5.02;15043
2.06;Good;I;VS2;60.2;64;8.34;8.14;4.97;15046
2.22;Very Good;I;SI2;62.9;59;8.2;8.24;5.17;15047
1.5;Premium;D;VS2;60.2;59;7.48;7.36;4.47;15052
2;Very Good;I;SI1;59.8;59;8.12;8.17;4.87;15053
2.07;Premium;I;SI2;60.5;60;8.32;8.27;5.02;15055
1.54;Ideal;G;VVS2;62.5;57;7.3;7.36;4.58;15059
2.2;Premium;J;VS1;61.7;59;8.3;8.34;5.13;15064
2.02;Very Good;H;SI2;62.3;58;7.97;8.04;4.99;15064
2.08;Ideal;H;SI2;61.5;57;8.26;8.2;5.06;15065
2.08;Premium;I;SI1;60.3;59;8.26;8.22;4.97;15065
2.05;Premium;J;VS1;60.1;58;8.25;8.19;4.94;15067
2;Good;I;SI1;63;61;7.93;7.97;5.01;15072
2.33;Ideal;I;VS2;62.4;57;8.52;8.47;5.31;15073
2;Very Good;J;VVS2;63;59;7.97;8;5.03;15076
1.53;Very Good;F;VS1;60.3;58;7.48;7.51;4.52;15079
1.01;Good;D;IF;63.2;59;6.34;6.38;4.02;15081
1.01;Good;D;IF;63.4;59;6.26;6.39;4.01;15081
2;Very Good;I;SI1;62.9;59.2;7.95;8.08;5.05;15081
1.98;Very Good;I;VS2;62.7;60;7.9;7.96;4.98;15083
2.03;Very Good;I;VS1;63.2;60;8.01;7.98;5.05;15086
1.66;Good;G;VS2;63.2;56;7.49;7.61;4.77;15091
2.2;Ideal;I;VS1;61.4;57;8.41;8.37;5.15;15092
2.04;Very Good;G;SI2;61.4;58;8.04;8.11;4.96;15092
2;Ideal;I;SI2;61.7;56;8;8.13;4.98;15092
2.01;Good;E;SI1;63.8;55;8;7.96;5.09;15093
2.03;Premium;I;SI1;59.9;58;8.23;8.21;4.92;15095
2;Premium;H;SI1;62;56;8.05;7.94;4.96;15096
2.12;Premium;I;SI2;60.6;59;8.27;8.3;5.02;15097
1.7;Premium;D;SI1;61.9;59;7.61;7.64;4.72;15100
1.5;Premium;D;VS2;61.8;60;7.3;7.37;4.53;15102
1.7;Very Good;G;VS1;63.5;56;7.64;7.53;4.82;15102
2.01;Premium;G;SI1;61.8;59;8.15;8.09;5.02;15105
1.8;Ideal;H;VS1;62.3;56;7.79;7.76;4.84;15105
1.8;Ideal;H;VS1;62.3;56;7.79;7.76;4.84;15105
2.05;Premium;J;VS1;62.5;60;8.14;8.09;5.07;15109
1.51;Very Good;G;VVS2;62.6;59;7.26;7.3;4.56;15110
2.13;Premium;J;VS2;59.6;59;8.43;8.37;5.01;15110
1.59;Premium;E;VS2;62.3;59;7.38;7.43;4.61;15111
2.01;Ideal;I;SI1;62.2;56;8.12;8.06;5.03;15116
1.51;Ideal;G;VVS2;61.8;57;7.36;7.31;4.53;15118
2.07;Good;I;VS2;64.1;57;8.07;8;5.15;15119
2.35;Very Good;I;SI2;58.5;57;8.72;8.77;5.12;15122
2.16;Ideal;I;SI2;61.9;54;8.29;8.33;5.14;15124
2.01;Very Good;I;SI1;60.3;59;8.14;8.21;4.93;15126
2.08;Ideal;I;SI2;62.3;56;8.16;8.22;5.1;15132
1.4;Ideal;G;VVS1;60.8;57;7.21;7.23;4.39;15134
2.01;Premium;F;SI1;63;59;7.99;7.89;5;15134
1.53;Ideal;G;VVS2;61.2;57;7.4;7.44;4.53;15137
2.01;Very Good;I;SI1;58.9;63;8.22;8.16;4.82;15140
2.01;Ideal;I;SI1;62.5;57;8.08;8.01;5.03;15140
2.03;Ideal;H;SI2;61.8;56;8.1;8.15;5.02;15143
1.57;Ideal;G;VVS2;62.3;56;7.48;7.41;4.64;15144
2.01;Very Good;I;SI1;64.1;57;7.89;7.94;5.07;15145
2.01;Good;I;VS2;63.8;58;7.82;7.89;5.01;15147
2.01;Premium;G;SI2;62.3;60;8.04;7.97;4.99;15147
2.53;Premium;H;SI2;61.1;57;8.82;8.76;5.37;15148
1.73;Premium;G;VS1;62.8;57;7.72;7.57;4.8;15151
1.51;Fair;D;VS2;66;57;7.17;7.08;4.7;15152
1.5;Premium;F;VS1;62.3;58;7.28;7.33;4.55;15153
2.03;Very Good;I;SI1;62.9;57;8.02;8.06;5.06;15153
1.82;Premium;G;SI1;62.7;58;7.75;7.68;4.84;15162
1.51;Ideal;G;VVS2;60.5;56;7.42;7.45;4.5;15164
1.51;Premium;G;VVS2;60.9;58;7.38;7.42;4.51;15164
1.48;Good;G;IF;59.8;61;7.54;7.34;4.45;15164
2.16;Very Good;G;SI2;62.6;55;8.2;8.25;5.14;15166
2.19;Premium;I;SI2;60.8;60;8.38;8.34;5.08;15169
2.19;Premium;I;SI2;62.5;58;8.31;8.26;5.18;15169
2.09;Ideal;J;VS1;61.2;59;8.31;8.22;5.06;15172
2.1;Premium;G;SI2;62.6;56;8.2;8.16;5.12;15175
1.54;Premium;E;VS2;62.7;58;7.33;7.37;4.61;15178
2.22;Premium;I;SI2;62.9;59;8.24;8.2;5.17;15184
1.54;Premium;E;VS2;60.8;58;7.39;7.44;4.51;15185
2.01;Premium;J;VS1;60.1;59;8.25;8.18;4.94;15185
1.2;Ideal;E;VVS1;60.1;61;6.83;6.91;4.13;15185
2.01;Very Good;F;SI2;61.6;56;8.17;8.13;5.02;15188
1.62;Premium;G;VS1;59.4;58;7.74;7.68;4.58;15188
1.74;Ideal;I;VS1;61.8;56;7.69;7.73;4.77;15189
1.09;Ideal;E;IF;60.1;58;6.68;6.72;4.03;15193
1.72;Ideal;H;VS2;61.9;56;7.7;7.75;4.78;15197
1.54;Ideal;G;VVS2;62.5;57;7.36;7.3;4.58;15197
2.11;Premium;D;SI2;58.7;60;8.45;8.41;4.95;15198
2.2;Premium;J;VS1;61.7;59;8.34;8.3;5.13;15201
1.66;Ideal;H;VS1;61.5;56;7.6;7.66;4.69;15210
1.66;Ideal;H;VS1;62;55;7.61;7.67;4.74;15210
2;Premium;J;VVS2;63;59;8;7.97;5.03;15214
1.53;Premium;F;VS1;60.3;58;7.51;7.48;4.52;15217
2.04;Premium;G;SI1;60.7;62;8.3;8.15;4.96;15217
2;Ideal;I;SI1;62.9;59;8.08;7.95;5.05;15218
1.01;Very Good;D;IF;63.4;59;6.39;6.26;4.01;15219
4.01;Premium;I;I1;61;61;10.14;10.1;6.17;15223
4.01;Premium;J;I1;62.5;62;10.02;9.94;6.24;15223
1.54;Very Good;G;VVS2;61.1;55;7.5;7.53;4.59;15225
1.51;Ideal;F;VS2;61.5;57;7.39;7.36;4.54;15226
1.66;Very Good;G;VS2;63.2;56;7.61;7.49;4.77;15229
1.02;Premium;D;IF;61.5;60;6.45;6.52;3.99;15231
2.02;Ideal;J;VS1;61.9;58;8.06;8.1;5;15231
2.56;Good;J;SI2;63.6;62;8.62;8.57;5.47;15231
2.12;Premium;I;SI2;60.6;59;8.3;8.27;5.02;15235
2.2;Premium;I;SI2;63;59;8.22;8.19;5.17;15238
1.7;Premium;D;SI1;61.9;59;7.64;7.61;4.72;15238
1.52;Ideal;E;VS2;62.2;57;7.34;7.38;4.58;15239
0.35;Ideal;D;SI1;62.3;55;4.52;4.56;2.83;644
0.35;Ideal;D;SI1;62.3;55;4.51;4.54;2.82;644
0.35;Ideal;D;SI1;61.6;56;4.49;4.53;2.78;644
0.35;Premium;D;SI1;60.9;58;4.52;4.55;2.76;644
0.35;Good;D;SI1;63.3;57;4.51;4.53;2.86;644
0.38;Very Good;H;VS2;61.5;55;4.66;4.67;2.86;645
0.3;Very Good;D;VS1;63;56;4.27;4.33;2.71;645
0.36;Ideal;I;VVS1;61.5;55;4.61;4.63;2.84;645
0.38;Ideal;J;VS1;62;53;4.66;4.7;2.9;645
0.31;Ideal;G;VS1;60.8;57;4.39;4.42;2.68;645
0.31;Ideal;G;VS1;61.3;55;4.39;4.42;2.7;645
0.34;Premium;F;VS2;58.1;61;4.6;4.55;2.66;645
0.32;Ideal;F;VS2;62.3;56;4.37;4.4;2.73;645
0.32;Ideal;F;VS2;61.9;56;4.41;4.44;2.74;645
0.32;Ideal;G;VS1;61.6;57;4.38;4.42;2.71;645
0.32;Ideal;G;VS1;62;56;4.37;4.41;2.72;645
0.32;Ideal;G;VS1;61.2;57;4.4;4.43;2.7;645
0.32;Very Good;F;VS2;62.8;53;4.34;4.38;2.74;645
0.32;Very Good;G;VS1;61.3;62;4.39;4.42;2.7;645
0.32;Ideal;F;VS2;62.6;55;4.38;4.41;2.75;645
0.32;Ideal;G;VS1;61.2;56;4.42;4.44;2.71;645
0.32;Ideal;G;VS1;61.3;57;4.37;4.4;2.69;645
0.32;Ideal;F;VS2;61.3;57;4.37;4.4;2.69;645
0.32;Premium;G;VS1;59.2;59;4.45;4.47;2.64;645
0.32;Very Good;H;VVS2;61;58;4.41;4.44;2.7;645
0.32;Ideal;F;VS2;62.1;57;4.35;4.38;2.71;645
0.32;Premium;G;VS1;61.7;58;4.38;4.41;2.71;645
0.32;Good;F;VS2;63.6;57;4.34;4.37;2.77;645
0.32;Very Good;H;VVS2;61.6;55;4.42;4.44;2.73;645
0.32;Ideal;F;VS2;61.3;56;4.41;4.43;2.71;645
1.5;Premium;D;VS2;61.8;60;7.37;7.3;4.53;15240
1.91;Very Good;G;SI1;63.1;59;7.9;7.86;4.97;15241
2.07;Very Good;I;SI2;63.1;57;8.2;8.1;5.14;15245
2.5;Ideal;J;SI2;63.8;53;8.56;8.5;5.45;15246
1.62;Ideal;G;VS1;62.7;56;7.44;7.51;4.69;15246
1.36;Ideal;F;VVS1;61.3;57;7.13;7.23;4.4;15247
1.26;Ideal;F;VVS1;61.1;57;6.96;6.98;4.26;15247
2.41;Premium;H;SI2;58.7;61;8.85;8.76;5.17;15248
2;Very Good;I;SI1;58.5;58;8.24;8.28;4.83;15249
1.59;Premium;E;VS2;62.3;59;7.43;7.38;4.61;15249
1.52;Ideal;D;VS2;62.3;56;7.41;7.32;4.59;15252
1.51;Premium;F;VS2;59.1;60;7.52;7.45;4.42;15253
2.19;Ideal;I;SI2;62.5;56;8.31;8.24;5.18;15254
2.01;Good;E;SI2;63.1;58;7.89;8.01;5.02;15255
1.75;Very Good;E;SI1;60.3;61;7.74;7.82;4.69;15255
2;Ideal;I;SI1;62.8;56;8.04;7.95;5.02;15258
2.13;Ideal;J;VS2;62.1;55;8.23;8.29;5.13;15258
1.7;Very Good;G;VS2;62.6;57;7.6;7.67;4.78;15259
2.02;Good;F;SI2;61.9;61;8.06;8.02;4.98;15261
1.52;Very Good;G;VVS2;62.9;59;7.25;7.29;4.57;15265
2.03;Ideal;I;SI1;61.8;57;8.07;8.14;5.01;15272
1.53;Ideal;G;VVS2;61.4;59;7.4;7.42;4.55;15275
1.77;Premium;E;VS2;61.6;58;7.78;7.71;4.77;15278
1.51;Very Good;G;VVS1;62.2;58;7.3;7.33;4.55;15281
1.65;Ideal;G;VS1;62.3;55;7.56;7.6;4.72;15281
2.11;Ideal;I;SI1;62;55;8.23;8.18;5.09;15282
2.11;Fair;I;SI1;67.2;60;7.86;7.8;5.26;15282
2.25;Good;J;SI1;62.4;61;8.29;8.35;5.19;15287
2.13;Ideal;H;SI2;61.8;57;8.21;8.25;5.09;15288
2.03;Ideal;I;SI1;62.9;57;8.06;8.02;5.06;15291
2.05;Premium;G;SI1;61.6;59;8.2;8.16;5.04;15291
2.05;Premium;G;SI1;61.6;59;8.2;8.16;5.04;15291
1.5;Premium;F;VS1;62.3;58;7.33;7.28;4.55;15291
1.55;Ideal;E;VS2;61.9;58;7.39;7.45;4.59;15293
1.57;Ideal;G;VS1;61.2;57;7.53;7.6;4.63;15301
1.51;Premium;G;VVS2;60.9;58;7.42;7.38;4.51;15303
1.51;Ideal;G;VVS2;60.5;56;7.45;7.42;4.5;15303
1.02;Very Good;D;IF;62.7;57;6.36;6.46;4.02;15306
2.04;Ideal;I;SI1;60;60;8.3;8.26;4.97;15308
1.68;Very Good;F;VS2;61.1;60;7.63;7.7;4.68;15309
2;Very Good;H;SI2;59.7;61;8.15;8.2;4.88;15312
2;Premium;H;SI2;60.7;60;8.07;8.11;4.91;15312
2.24;Ideal;J;VS2;61.8;54;8.41;8.36;5.18;15316
1.54;Premium;E;VS2;62.7;58;7.37;7.33;4.61;15316
1.62;Ideal;G;VS2;61.7;54;7.57;7.58;4.68;15318
2.41;Premium;J;VS1;61.1;60;8.66;8.6;5.27;15320
2.08;Premium;I;SI2;61.2;58;8.24;8.16;5.02;15321
2.03;Premium;G;SI1;61.9;59;8.14;8.09;5.02;15322
2.31;Premium;J;SI1;61.1;60;8.58;8.51;5.22;15323
1.54;Premium;E;VS2;60.8;58;7.44;7.39;4.51;15323
2.51;Ideal;H;SI1;62.9;56;8.65;8.61;5.43;15324
2;Fair;E;SI1;65.7;60;7.7;7.8;5.09;15330
1.56;Very Good;G;VVS1;59.7;59;7.48;7.57;4.49;15334
2.02;Very Good;D;SI2;60.6;57;8.19;8.25;4.98;15334
2.01;Very Good;I;VS1;61.5;62;7.94;8.07;4.92;15335
1.5;Premium;F;VS1;59.6;60;7.41;7.49;4.44;15338
2.03;Good;I;SI1;62.7;61;8.04;7.93;5.01;15339
2.09;Premium;I;SI1;60.8;59;8.28;8.24;5.02;15339
1.52;Ideal;E;VS2;62.4;55;7.32;7.42;4.6;15348
2;Fair;F;SI2;70.2;57;7.63;7.59;5.34;15351
3.04;Very Good;I;SI2;63.2;59;9.14;9.07;5.75;15354
1.92;Very Good;E;SI2;62.5;59;7.85;7.92;4.93;15364
1.53;Premium;G;VVS2;62.5;60;7.31;7.34;4.58;15365
1.53;Ideal;G;VVS2;61;55;7.44;7.5;4.56;15365
2.29;Premium;G;SI2;62.4;60;8.41;8.36;5.23;15366
1.02;Premium;D;IF;61.5;60;6.52;6.45;3.99;15370
2.01;Good;I;SI1;62.2;61;7.94;8.01;4.96;15371
2.24;Premium;I;SI2;61.9;58;8.29;8.36;5.15;15375
1.27;Ideal;F;IF;61.3;55;6.98;7.02;4.29;15377
1.51;Ideal;F;VS1;62.5;57;7.33;7.3;4.57;15378
2.01;Premium;I;VS2;62.1;59;7.98;8.06;4.98;15379
2.2;Ideal;J;VS2;61.6;57;8.34;8.39;5.15;15384
1.7;Good;E;VS2;64.1;60;7.43;7.52;4.79;15385
1.36;Ideal;F;VVS1;61.3;57;7.23;7.13;4.4;15386
2.07;Premium;I;SI1;59.4;61;8.35;8.31;4.95;15392
2;Good;E;SI2;64.7;57;7.75;7.86;5.05;15393
2.06;Premium;I;VS1;58.4;55;8.42;8.35;4.9;15393
2.01;Good;D;SI2;64.6;55;7.85;7.98;5.11;15394
2.54;Very Good;I;SI2;63.5;58;8.67;8.56;5.47;15394
1.75;Premium;E;SI1;60.3;61;7.82;7.74;4.69;15394
1.54;Ideal;G;VS2;60.8;57;7.44;7.46;4.53;15395
2.01;Premium;H;VS2;62.6;58;8.03;7.94;5;15395
2.01;Ideal;H;VS2;63;55;8.03;7.97;5.04;15395
2.25;Premium;I;SI1;61.3;58;8.52;8.42;0;15397
2.04;Premium;E;SI2;62.7;60;8.04;8;5.03;15398
1.52;Premium;G;VVS2;62.9;59;7.29;7.25;4.57;15404
2.04;Very Good;I;SI1;63.1;58;8.06;7.99;5.06;15412
2.28;Premium;H;SI2;62.5;58;8.39;8.33;5.23;15413
1.54;Ideal;G;VVS2;62;54;7.36;7.43;4.59;15415
2.75;Premium;H;SI2;60.5;61;8.99;8.97;5.48;15415
2.14;Premium;I;VS2;59.3;59;8.39;8.43;5;15418
1.51;Good;G;VVS1;57.9;62;7.54;7.53;4.36;15420
1.51;Premium;G;VVS1;62.2;58;7.33;7.3;4.55;15420
2.2;Very Good;I;SI2;60.2;60;8.42;8.49;5.09;15424
1.55;Ideal;F;VS2;61.8;54;7.44;7.48;4.61;15426
1.61;Ideal;F;VS2;62.9;56;7.52;7.46;4.71;15426
1.61;Premium;F;VS2;62.3;59;7.53;7.47;4.67;15426
2.26;Premium;H;SI2;61.3;60;8.5;8.43;5.19;15428
2.47;Ideal;J;SI2;62.1;57;8.64;8.57;5.34;15430
2.3;Ideal;G;SI2;61.6;57;8.47;8.41;5.2;15433
1.51;Very Good;F;VS1;61.7;59;7.29;7.33;4.51;15440
1.5;Ideal;F;VS2;61.9;56.4;7.31;7.33;4.53;15444
1.54;Very Good;G;IF;59.4;60;7.55;7.61;4.5;15444
2;Very Good;H;SI2;62.6;56;7.98;8.09;5.03;15446
2.05;Ideal;J;VS1;61.8;58;8.12;8.16;5.03;15450
2;Ideal;H;VS2;62.4;55;8.03;7.94;4.99;15451
2;Premium;H;SI2;59.7;61;8.2;8.15;4.88;15451
2;Premium;H;SI2;60.7;60;8.11;8.07;4.91;15451
2.13;Very Good;G;SI2;61.5;57;8.27;8.34;5.11;15454
1.64;Ideal;F;VS2;61.8;53;7.62;7.63;4.71;15458
1.78;Premium;H;VS1;60.2;59;7.83;7.96;4.75;15460
1.59;Premium;F;VS2;60.2;60;7.59;7.62;4.58;15461
1.11;Ideal;E;IF;61.8;55;6.65;6.69;4.12;15464
2.18;Premium;J;VS2;60.1;58;8.46;8.41;5.07;15465
1.53;Very Good;G;VVS2;62.5;57;7.33;7.38;4.6;15466
2.01;Good;H;SI1;63.9;59;7.81;7.91;5.02;15467
1.92;Ideal;H;SI1;61.3;57;8;8.06;4.92;15472
2.1;Very Good;I;SI1;59.9;61;8.26;8.34;4.97;15474
2.01;Premium;I;VS1;61.5;62;8.07;7.94;4.92;15475
2.07;Ideal;H;SI2;61.9;55;8.15;8.23;5.07;15475
1.5;Premium;F;VS1;59.6;60;7.49;7.41;4.44;15478
2;Premium;G;SI2;60.1;62;8.07;8;4.83;15485
2;Very Good;G;SI2;63.5;55;8.03;7.93;5.07;15485
2.11;Ideal;I;SI1;61;57;8.37;8.29;5.08;15486
1.52;Ideal;E;VS2;62.4;55;7.42;7.32;4.6;15488
2.06;Premium;I;SI1;60.8;60;8.25;8.16;4.99;15494
1.21;Ideal;F;IF;62.8;56;6.75;6.84;4.27;15497
2.02;Premium;G;SI2;61;58;8.15;8.22;4.99;15498
2.14;Premium;I;SI1;59.5;59;8.42;8.36;4.99;15499
1.53;Premium;G;VVS2;62.5;60;7.34;7.31;4.58;15505
1.53;Ideal;G;VVS2;61;55;7.5;7.44;4.56;15505
1.5;Very Good;F;VS1;61.9;58;7.34;7.4;4.56;15508
2.19;Ideal;I;SI2;61.5;57;8.31;8.44;5.15;15509
2;Very Good;I;VS2;59.5;62;8.13;8.21;4.86;15510
2.1;Ideal;I;SI2;61.9;56;8.2;8.22;5.08;15511
1.55;Ideal;G;VVS2;61.9;54;7.41;7.45;4.6;15512
1.51;Very Good;D;VS1;62.8;57;7.23;7.29;4.56;15513
2.24;Premium;I;SI2;61.9;58;8.36;8.29;5.15;15515
2.06;Premium;I;SI1;61;58;8.24;8.19;5.01;15517
2.01;Premium;I;VS2;62.1;59;8.06;7.98;4.98;15520
1.52;Premium;F;VS1;61;58;7.42;7.39;4.52;15522
2.01;Premium;H;VS2;61.1;61;8.14;8.09;4.96;15528
2.01;Premium;I;SI1;62.4;61;8.01;7.99;4.99;15528
2.01;Premium;I;SI1;60.9;60;8.1;8.06;4.92;15528
1.51;Ideal;G;VVS2;62.1;58;7.34;7.31;4.54;15529
2.11;Very Good;H;SI2;61.5;60;8.22;8.3;5.08;15530
1.51;Premium;D;VS2;61.7;58;7.33;7.29;4.51;15531
1.3;Ideal;D;VVS1;61.6;55.7;6.98;7.02;4.31;15535
2;Fair;E;SI2;59.9;61;8.16;8.04;4.86;15540
2;Fair;D;SI1;64.8;58;7.98;7.89;5.14;15540
2.04;Premium;I;SI2;60.2;59;8.28;8.22;4.97;15543
1.75;Very Good;D;SI1;61.4;60;7.76;7.8;4.78;15544
2.14;Premium;I;VS2;59.3;59;8.43;8.39;5;15559
2.01;Premium;G;SI2;59.4;58;8.19;8.15;4.85;15562
2.01;Fair;G;SI2;65.6;56;7.89;7.84;6.16;15562
2.01;Ideal;H;SI2;60.1;57;8.24;8.2;4.94;15562
2.01;Very Good;G;SI2;63.3;58;8.01;8.05;5.08;15563
1.7;Premium;G;VS2;62.6;61;7.64;7.54;4.75;15568
1.02;Ideal;D;IF;63;57;6.39;6.35;4.01;15575
1.58;Ideal;E;VS2;62.7;56;7.45;7.55;4.7;15579
1.51;Premium;F;VS1;61.7;59;7.33;7.29;4.51;15581
2.22;Ideal;G;SI2;60.9;57;8.47;8.42;5.14;15584
1.5;Fair;E;VS1;65.4;57;7.14;7.07;4.65;15584
1.5;Ideal;F;VS2;61.9;56;7.33;7.31;4.53;15584
1.5;Very Good;F;VS1;60.5;55;7.39;7.48;4.5;15585
2.01;Good;I;VS2;59.9;65;8.14;8.19;4.89;15587
2.09;Ideal;H;SI2;62;59;8.15;8.2;5.07;15589
1.53;Ideal;F;VS1;61.5;59;7.38;7.46;4.56;15592
1.89;Very Good;D;SI2;62.7;58;7.75;7.81;4.88;15594
1.5;Very Good;D;VS1;60.2;59;7.3;7.36;4.41;15600
1.78;Premium;H;VS1;60.2;59;7.96;7.83;4.75;15601
1.59;Premium;F;VS2;60.2;60;7.62;7.59;4.58;15602
2.26;Ideal;I;SI2;61.5;57;8.36;8.44;5.17;15606
2.02;Premium;H;SI2;61.4;59;8.15;8.08;4.98;15606
1.56;Ideal;G;VVS2;62.3;54;7.41;7.45;4.63;15609
1.56;Ideal;G;VVS2;62.5;55;7.39;7.45;4.64;15609
2.15;Ideal;J;VS1;60.9;55;8.35;8.39;5.1;15613
2.1;Premium;I;SI1;59.9;61;8.34;8.26;4.97;15615
2.04;Very Good;H;SI2;62.7;56;8.06;8.12;5.07;15618
2.01;Very Good;E;SI2;63.3;61;7.86;7.8;4.96;15618
2.01;Good;H;SI1;60.9;65;8.22;8.18;4.99;15618
1.53;Good;F;VS1;60.8;61;7.31;7.39;4.47;15619
2.01;Fair;D;SI2;59.4;66;8.2;8.17;4.86;15627
2.18;Ideal;I;SI1;61.2;56;8.39;8.51;5.17;15646
2.12;Ideal;I;SI2;61;57;8.28;8.31;5.06;15647
1.52;Good;E;VS1;63.9;56;7.21;7.25;4.62;15649
1.52;Very Good;F;VS2;62.9;53.3;7.31;7.36;4.61;15649
2.04;Premium;G;SI2;60.3;59;8.23;8.3;4.98;15651
2.01;Premium;H;VS2;62.8;59;8.03;7.97;5.02;15651
2;Premium;I;VS2;59.5;62;8.21;8.13;4.86;15651
2.1;Ideal;I;SI2;61.9;56;8.22;8.2;5.08;15653
2.08;Premium;I;VVS1;62.2;58;8.22;8.18;5.1;15654
1.55;Very Good;F;VS1;61.6;56;7.38;7.45;4.57;15658
1.7;Premium;E;SI1;62.3;57;7.68;7.6;4.76;15662
1.42;Very Good;F;VVS1;58.4;62;7.35;7.38;4.3;15665
2.02;Very Good;H;SI2;62.7;59;8.04;7.98;5.02;15666
1.71;Premium;G;VS2;59.3;60;7.86;7.81;4.65;15671
1.04;Premium;D;IF;60.6;56;6.6;6.54;3.98;15671
2.01;Premium;H;SI2;62.2;61;8.08;8.04;5.01;15673
2.01;Very Good;I;VS2;62.5;61;7.97;8.03;5;15675
2.01;Ideal;I;SI1;62.3;57;8.04;8.08;5.02;15680
2.03;Premium;I;SI1;61.4;58;8.13;8.09;4.98;15683
2.18;Very Good;I;SI2;58.9;60;8.51;8.55;5.02;15684
1.2;Premium;D;VVS1;62.1;59;0;0;0;15686
1.51;Ideal;F;VS2;62.4;53;7.37;7.32;4.58;15688
2.03;Very Good;E;SI2;63;61;7.99;8.04;5.05;15690
2.06;Ideal;I;VS2;59.2;57;8.39;8.29;4.94;15691
2;Very Good;H;SI2;63;59;7.94;8.07;5.04;15694
2.02;Fair;H;SI1;56.2;61;8.8;8.33;4.81;15695
2.08;Very Good;H;SI2;59;59;8.37;8.41;4.95;15696
1.63;Ideal;G;VS1;61.7;55;7.56;7.6;4.68;15697
2.05;Very Good;H;VS2;63.5;62;8.05;7.91;5.07;15701
2.18;Ideal;I;SI2;62.5;55;8.31;8.34;5.2;15706
2.01;Premium;I;SI1;62.4;61;8.01;7.99;4.99;15707
2;Good;I;VS1;58.8;65;8.03;8.1;4.74;15708
1.5;Premium;F;VS1;62.2;60;7.27;7.3;4.53;15708
2.27;Ideal;I;SI2;63;54;8.36;8.39;5.28;15710
2.16;Ideal;J;VS1;61.4;59;8.27;8.33;5.1;15714
2.06;Premium;I;SI1;60.8;60;8.25;8.16;4.99;15716
2.03;Ideal;G;SI2;62.6;56;8.15;8.1;5.08;15717
2.13;Ideal;I;SI2;62;55;8.25;8.27;5.12;15718
1.58;Ideal;E;VS2;62.7;56;7.55;7.45;4.7;15721
2.01;Good;I;VS2;59.9;65;8.19;8.14;4.89;15729
2.01;Ideal;I;VS2;66.7;56;7.75;7.65;5.14;15729
2.01;Fair;I;VS2;66.3;57;7.79;7.74;5.15;15729
2.01;Ideal;I;VS2;64.8;55;7.91;7.87;5.12;15729
2.24;Ideal;I;SI2;62.1;53.6;8.38;8.41;5.21;15730
1.68;Ideal;G;VS2;62.5;54;7.61;7.64;4.76;15740
2;Very Good;H;SI1;62.2;57;7.97;8.08;4.99;15745
2.46;Ideal;G;SI2;63;56;8.6;8.52;5.44;15745
2.48;Very Good;H;SI2;63.3;56;8.6;8.55;5.43;15746
2.15;Premium;G;SI2;58.9;58;8.46;8.41;4.97;15751
2.07;Very Good;I;SI1;63.1;59;8.11;8.02;5.09;15751
1.7;Ideal;G;VS2;62.9;55;7.66;7.6;4.8;15756
2.11;Premium;G;SI2;59.1;59;8.33;8.4;4.94;15757
2.17;Very Good;I;SI1;62.1;61;8.24;8.27;5.13;15760
1.52;Ideal;G;VVS2;60.6;57;7.45;7.49;4.52;15760
2.04;Premium;H;SI2;62.7;56;8.12;8.06;5.07;15760
2;Fair;H;SI1;65.6;58;7.92;7.76;5.15;15762
2.02;Good;I;VS1;65.5;57;7.88;7.96;5.19;15765
2.11;Ideal;J;VS1;61.8;56.2;8.2;8.23;5.07;15766
1.19;Very Good;D;VVS1;59.4;56;6.95;7;4.14;15767
2.14;Very Good;I;SI1;61.3;61;8.28;8.32;5.09;15769
2.01;Very Good;H;SI2;63;59;7.9;7.93;4.99;15773
2.01;Premium;H;SI2;62.3;58;8.06;8.11;5.04;15773
2.09;Very Good;F;SI2;60.2;61;8.32;8.29;5;15773
1.51;Ideal;D;VS2;60.9;57;7.42;7.45;4.53;15776
2.52;Fair;J;SI2;65.1;56;8.51;8.43;5.51;15776
2.27;Premium;H;SI2;60.7;59;8.5;8.45;5.15;15783
2.02;Ideal;I;SI1;62.3;57;8.07;8.11;5.04;15785
2.02;Ideal;H;SI2;62.7;57;8.05;8;5.03;15785
1.5;Ideal;D;VS2;62;57;7.34;7.37;4.56;15788
1.52;Good;E;VS1;64;55;7.27;7.19;4.63;15792
1.52;Good;E;VS1;63.9;56;7.25;7.21;4.62;15792
1.52;Ideal;F;VS2;62.9;53;7.36;7.31;4.61;15792
1.52;Premium;F;VS2;61.4;58;7.42;7.37;4.54;15792
1.55;Ideal;G;VVS2;62.5;57;7.35;7.33;4.59;15794
1.7;Ideal;G;VS2;61.3;57;7.6;7.67;4.68;15797
1.7;Premium;G;VS2;59;58;7.8;7.85;4.62;15797
2.19;Premium;H;SI1;62.3;62;8.27;8.25;5.15;15801
1.72;Premium;G;VS2;61.1;58;7.69;7.73;4.71;15801
1.55;Premium;F;VS1;61.6;56;7.45;7.38;4.57;15801
1.32;Ideal;D;VVS2;59.3;59;7.16;7.23;4.27;15802
1.82;Ideal;F;SI1;61.8;58;7.8;7.84;4.83;15802
1.7;Premium;E;SI1;60.1;58;7.78;7.74;4.66;15804
1.7;Premium;E;SI1;61.8;58;7.62;7.52;4.68;15804
2.06;Very Good;G;SI2;59.8;61;8.22;8.26;4.93;15805
1.76;Premium;E;SI1;60.5;58;7.93;7.84;4.77;15805
1.28;Premium;E;IF;59.8;59;7.1;7.07;4.24;15806
2.02;Premium;I;VS2;62.9;59;8.03;7.93;5.02;15808
2.03;Very Good;F;SI2;59.8;56;8.21;8.3;4.94;15811
1.06;Ideal;D;IF;61.2;57;6.57;6.61;4.03;15813
2.02;Ideal;G;SI2;63.5;54;7.96;8.02;5.07;15814
2.34;Premium;I;SI1;61.7;60;8.59;8.53;5.28;15818
2.1;Premium;I;SI1;61.5;59;8.28;8.24;5.08;15818
2.01;Very Good;I;VS2;62.5;58;7.97;8.05;5.01;15819
1.52;Very Good;F;VS1;63.8;56;7.25;7.3;4.64;15819
1.61;Ideal;F;VS2;62.1;57;7.49;7.56;4.67;15819
1.51;Ideal;D;VS2;62.1;58;7.32;7.34;4.55;15821
1.59;Ideal;G;VVS2;62.6;55;7.47;7.44;4.67;15823
2.4;Fair;J;SI2;65.4;56;8.35;8.29;5.44;15824
2.21;Very Good;G;SI2;60.7;62;8.42;8.48;5.13;15825
2.03;Very Good;I;VS2;61.4;59;8.06;8.12;4.97;15826
2.03;Ideal;I;VS2;59.9;60;8.17;8.27;4.92;15826
2.1;Fair;F;SI2;64.7;61;7.97;7.92;5.14;15827
1.71;Very Good;G;VS2;62.5;58;7.56;7.66;4.76;15829
2;Ideal;H;VS2;62.4;55;8.03;7.94;4.99;15829
2.01;Good;G;SI2;63.6;59;7.95;8;5.07;15832
2.01;Premium;J;VVS1;62.2;58;8.1;7.89;5;15836
2.05;Premium;I;SI1;61.2;57;8.24;8.21;5.03;15837
2;Very Good;H;SI1;60.1;61;8.1;8.13;4.88;15840
2;Very Good;E;SI2;58.1;60;8.25;8.32;4.81;15840
1.63;Ideal;G;VS1;61.7;55;7.6;7.56;4.68;15840
2.01;Premium;F;SI2;59.5;59;8.24;8.15;4.88;15841
2.01;Ideal;G;SI2;62.8;56;8.07;8.02;5.05;15841
1.73;Ideal;E;SI1;61.9;57;7.74;7.66;4.77;15842
1.59;Ideal;G;VVS2;60.6;59;7.53;7.59;4.58;15843
1.55;Ideal;D;VS2;60.1;58;7.56;7.54;4.54;15845
2.07;Very Good;I;SI1;62.3;60;8.12;8.16;5.07;15847
1.74;Ideal;E;SI1;62.2;56;7.67;7.72;4.79;15847
0.32;Ideal;H;VVS2;61.7;56;4.37;4.42;2.71;645
0.32;Ideal;G;VS1;62.1;55;4.4;4.42;2.74;645
0.32;Ideal;G;VS1;61.2;56;4.41;4.45;2.71;645
0.32;Ideal;F;VS2;60.3;55;4.4;4.45;2.67;645
0.32;Ideal;G;VS1;61.8;55;4.42;4.45;2.74;645
0.32;Very Good;G;VS1;62.8;58;4.34;4.39;2.74;645
0.32;Ideal;F;VS2;61.1;57;4.44;4.47;2.72;645
0.32;Very Good;F;VS2;61.1;58;4.39;4.42;2.69;645
0.32;Ideal;F;VS2;61.2;56;4.41;4.44;2.71;645
0.32;Premium;F;VS2;60.6;59;4.4;4.44;2.68;645
0.32;Very Good;G;VS1;62.4;58;4.35;4.4;2.73;645
0.32;Ideal;F;VS2;61.9;56;4.37;4.39;2.71;645
0.32;Ideal;G;VS1;62.3;54;4.37;4.39;2.73;645
0.32;Very Good;G;VS1;62.8;59;4.33;4.37;2.73;645
0.32;Premium;F;VS2;61.3;60;4.37;4.4;2.69;645
0.32;Ideal;G;VS1;60.8;57;4.39;4.42;2.68;645
0.32;Ideal;G;VS1;61.3;55;4.42;4.46;2.72;645
0.32;Ideal;H;VVS2;61.9;55;4.37;4.39;2.71;645
0.32;Very Good;H;VVS2;62.1;58;4.34;4.39;2.71;645
0.32;Premium;G;VS1;60.6;60;4.4;4.44;2.68;645
0.32;Premium;G;VS1;62.1;58;4.37;4.39;2.72;645
0.32;Ideal;F;VS2;61.7;55;4.4;4.41;2.72;645
0.32;Very Good;F;VS2;60.2;59;4.4;4.43;2.66;645
0.32;Premium;F;VS2;59.7;59;4.41;4.44;2.64;645
0.32;Very Good;G;VS1;63;55;4.35;4.38;2.75;645
0.32;Premium;F;VS2;61.4;60;4.38;4.42;2.7;645
0.32;Ideal;G;VS1;60.9;56;4.41;4.45;2.7;645
0.32;Good;H;VVS2;63.4;56;4.34;4.37;2.76;645
0.32;Very Good;F;VS2;59.5;61;4.42;4.46;2.64;645
0.32;Ideal;F;VS2;62.4;54;4.38;4.4;2.74;645
1.5;Ideal;D;VS2;62.6;56;7.21;7.27;4.53;15848
2.02;Very Good;G;SI2;63.1;56;8.06;8.02;5.07;15848
2.18;Ideal;I;SI2;62.5;55;8.34;8.31;5.2;15850
2.02;Very Good;H;SI2;59.9;55;8.17;8.28;4.93;15851
1.5;Ideal;F;VS1;62.3;56;7.34;7.3;4.56;15851
2;Good;I;VS1;58.8;65;8.1;8.03;4.74;15851
1.5;Premium;F;VS1;62.2;60;7.3;7.27;4.53;15851
2;Very Good;F;SI1;63.3;56;8;7.93;5.04;15851
2.24;Ideal;I;SI2;62.1;57;8.31;8.4;5.19;15852
2.05;Ideal;H;SI2;60.4;58;8.21;8.27;4.98;15857
2;Very Good;E;SI2;63.5;59;7.9;7.98;5.04;15864
2.08;Premium;E;SI2;62.3;59;8.22;8.16;5.1;15873
2.04;Ideal;H;SI2;61.2;56;8.19;8.25;5.03;15874
1.3;Ideal;E;IF;62.3;54;6.97;7.03;4.36;15874
2.02;Very Good;G;SI2;62.8;55;8.06;8.11;5.08;15877
1.23;Very Good;E;VVS1;61.2;59;6.9;6.98;4.25;15878
1.55;Ideal;D;VS2;62.1;59;7.34;7.37;4.57;15887
2.01;Good;H;SI2;64;51;8.08;8.01;5.15;15888
2.01;Fair;H;VS2;66.1;53;7.82;7.92;5.2;15888
1.69;Premium;G;VVS2;62.9;58;7.59;7.51;4.75;15889
2.05;Premium;I;VS2;62.5;59;8.07;8.12;5.06;15897
2;Premium;G;SI2;62.1;59;8.12;8.02;5.01;15897
2.2;Premium;G;SI2;60.4;60;8.44;8.36;5.08;15897
2.03;Good;J;VVS2;63.2;60;7.88;7.94;5;15898
2.19;Very Good;I;SI2;60.3;60;8.29;8.33;5.01;15907
2.01;Premium;H;VS2;61.1;61;8.14;8.09;4.96;15908
2.14;Premium;I;SI1;61.3;61;8.32;8.28;5.09;15913
2.14;Premium;I;SI2;60.1;58;8.41;8.37;5.04;15915
2.01;Premium;H;SI2;62.3;58;8.11;8.06;5.04;15917
2.39;Premium;H;SI1;61.8;58;8.57;8.52;5.28;15917
2.01;Premium;H;SI2;63;59;7.93;7.9;4.99;15917
2.01;Very Good;I;VS2;62.1;60;7.96;8.01;4.96;15919
2.01;Very Good;I;VS2;59.6;62;8.17;8.25;4.89;15919
2.01;Good;H;SI1;63.2;58;7.93;7.98;5.03;15919
2.4;Premium;J;SI1;59.7;58;8.75;8.71;5.21;15920
1.52;Ideal;D;VS2;62.1;58;7.36;7.4;4.58;15922
2;Very Good;I;VS2;58.6;62;8.17;8.2;4.8;15923
1;Good;D;IF;63.3;59;6.33;6.37;4.02;15928
2.01;Very Good;H;VS1;63.5;53;8.04;7.97;5.08;15930
2.03;Premium;H;SI2;61.6;58;8.09;8.17;5.01;15930
2.14;Very Good;I;VS2;62.8;59;8.16;8.21;5.14;15931
2.5;Premium;H;SI2;62.4;59;8.61;8.54;5.35;15934
1.7;Very Good;G;VS2;63.1;57;7.53;7.62;4.78;15937
2.06;Very Good;G;SI2;59;58;8.3;8.38;4.92;15938
2.01;Premium;I;VS2;60.3;62;8.13;8.08;4.89;15939
2.01;Premium;I;VS2;60.3;62;8.13;8.08;4.89;15939
1.7;Premium;G;VS2;60.3;60;7.72;7.64;4.63;15941
1.7;Premium;G;VS2;59;58;7.85;7.8;4.62;15941
1.7;Ideal;G;VS2;61.3;57;7.67;7.6;4.68;15941
2.02;Ideal;I;SI1;61.9;58;8.07;8.18;5.03;15942
1.72;Premium;G;VS2;61.1;58;7.73;7.69;4.71;15946
1.72;Very Good;E;SI1;62.2;58;7.63;7.7;4.77;15948
2.21;Ideal;G;SI2;60.1;60;8.47;8.53;5.11;15948
2.05;Very Good;H;SI2;62.4;58;8.1;8.15;5.07;15949
2.06;Premium;G;SI2;59.8;61;8.26;8.22;4.93;15949
2.01;Very Good;I;VVS2;63.5;58;7.92;7.82;5;15952
2.01;Ideal;F;SI2;62.3;58;8.03;8.01;5;15955
1.5;Very Good;E;VS1;59;62;7.45;7.47;4.4;15957
1.52;Ideal;G;VVS1;62.4;55;7.3;7.39;4.58;15959
1.52;Premium;G;VVS1;60.4;59;7.38;7.48;4.49;15959
2;Good;E;SI2;60.1;54;8.01;8.15;4.86;15962
3.4;Fair;D;I1;66.8;52;9.42;9.34;6.27;15964
2.01;Very Good;I;VS2;62.3;59;8.02;8.1;5.02;15965
1.55;Premium;F;VS1;62;60;7.4;7.31;4.56;15966
1.38;Ideal;F;VVS1;62.9;56;7.04;7.1;4.45;15968
2.21;Premium;G;SI2;60.7;62;8.48;8.42;5.13;15970
2.06;Ideal;F;SI2;62.7;57;8.19;8.09;5.1;15970
2.02;Ideal;H;SI2;63;57;8.01;8.06;5.06;15974
2.01;Good;G;SI2;63.6;59;8;7.95;5.07;15977
2.01;Premium;G;SI2;59.8;58;8.21;8.15;4.89;15977
1.54;Premium;G;VVS2;62.2;59;7.41;7.37;4.6;15983
2;Premium;H;SI1;60.1;61;8.13;8.1;4.88;15984
2;Premium;E;SI2;58.1;60;8.32;8.25;4.81;15984
2;Very Good;H;SI1;63.2;58;7.95;7.93;5.02;15984
4;Very Good;I;I1;63.3;58;10.01;9.94;6.31;15984
2.02;Premium;H;VS2;61.3;60;8.16;8.11;4.99;15987
2.02;Very Good;F;SI1;62.8;59;7.9;7.98;4.99;15987
2.5;Ideal;J;SI2;60.7;55;8.8;8.66;5.3;15990
1.55;Premium;D;VS2;61.5;58;7.48;7.51;4.61;15991
1.53;Ideal;G;VVS1;61.8;55;7.43;7.45;4.59;15992
2.3;Premium;H;SI2;62.7;56;8.46;8.42;5.29;15992
2.07;Very Good;H;SI2;63.3;56;8.1;8.08;5.12;15992
1.74;Ideal;E;SI1;62.2;56;7.72;7.67;4.79;15992
1.5;Ideal;D;VS2;62.6;56;7.27;7.21;4.53;15992
2.07;Premium;I;SI1;62.3;60;8.16;8.12;5.07;15992
2.53;Ideal;J;SI2;61.5;53;8.78;8.74;5.39;15993
1.5;Ideal;D;VS2;62.8;53.5;7.27;7.33;4.58;15996
2.02;Premium;H;SI2;59.9;55;8.28;8.17;4.93;15996
2.01;Good;I;VS2;63.6;57;7.87;7.95;5.03;16003
2.25;Premium;J;SI1;61.8;61;8.46;8.39;5.21;16004
2.01;Good;F;SI2;62.9;58;7.89;8.01;5;16013
2.02;Ideal;I;VS2;61.5;58;8.19;8.11;5.01;16018
2.37;Premium;H;SI2;62.3;57;8.55;8.5;5.31;16021
1.5;Premium;E;VS1;62.5;58;7.21;7.28;4.53;16023
2.23;Premium;J;VS1;61.7;58;8.41;8.34;5.17;16025
2;Premium;H;SI2;62.8;56;8.04;7.98;5.03;16031
2.17;Good;H;SI2;58.9;62;8.48;8.52;5.01;16036
3.01;Ideal;J;SI2;61.7;58;9.25;9.2;5.69;16037
2.28;Very Good;I;SI2;62.9;57;8.34;8.41;5.27;16041
2.03;Very Good;J;VVS2;63.2;60;7.94;7.88;5;16043
1.5;Very Good;F;VS2;59.1;59;7.45;7.48;4.41;16048
1.53;Premium;E;VS2;61.6;58;7.35;7.32;4.52;16049
1.56;Ideal;G;VS1;61.3;56;7.48;7.44;4.57;16052
1.52;Ideal;F;VS1;62.2;55;7.29;7.41;4.57;16055
2.37;Ideal;J;VS2;62.2;57;8.52;8.58;5.32;16059
2.3;Ideal;J;VS2;62.4;56;8.44;8.49;5.28;16062
2.13;Good;H;SI2;59.2;58;8.35;8.41;4.96;16062
2;Very Good;E;SI2;62.9;56;7.94;8;5.01;16064
2;Very Good;E;SI2;60.5;60;8.03;8.08;4.87;16064
2.01;Premium;E;SI2;58.7;54;8.27;8.2;4.83;16064
1.6;Premium;G;VVS2;60.6;60;7.51;7.57;4.57;16068
2;Premium;I;VS2;58.6;62;8.2;8.17;4.8;16068
1.75;Very Good;G;VS2;62.8;59;7.53;7.62;4.76;16073
1;Very Good;D;IF;63.3;59;6.37;6.33;4.02;16073
2.03;Premium;H;SI2;61.6;58;8.17;8.09;5.01;16075
2.24;Very Good;H;SI2;62.3;57;8.3;8.36;5.19;16077
2.16;Very Good;I;VS2;58.6;60;8.48;8.55;4.99;16080
1.54;Very Good;F;VS1;63.3;58;7.34;7.3;4.63;16082
2.01;Good;F;SI2;64.1;57;7.78;7.82;5;16085
1.7;Very Good;G;VS2;61.6;58;7.63;7.67;4.71;16086
2.01;Fair;D;SI2;66.9;57;7.87;7.76;5.23;16086
1.01;Very Good;D;IF;61.6;56;6.43;6.46;3.97;16087
1.51;Premium;G;VS2;61.3;58;7.39;7.33;4.51;16091
2;Very Good;H;SI1;60.3;61;8.11;8.17;4.91;16092
2.24;Premium;I;SI2;62.5;59;8.36;8.28;5.2;16097
2.06;Premium;H;SI2;60;60;6.29;6.25;4.96;16098
2.31;Premium;J;VVS1;62.1;58;8.49;8.42;5.25;16100
1.52;Premium;G;VVS1;60.4;59;7.48;7.38;4.49;16104
1.52;Ideal;G;VVS1;62.4;55;7.39;7.3;4.58;16104
2.01;Very Good;H;SI2;63.4;57;8;7.93;5.05;16111
2.1;Premium;G;SI2;60.9;57.4;8.17;8.27;5;16112
1.62;Premium;F;VS1;61.3;57;7.6;7.55;4.64;16112
1.5;Very Good;F;VVS2;63.8;59;7.17;7.25;4.6;16116
1.7;Premium;G;VS2;60.9;60;7.71;7.68;4.69;16123
2.38;Very Good;J;VS2;62.6;59;8.49;8.52;5.32;16126
2.02;Ideal;I;SI1;62.4;56;8.07;8.11;5.05;16128
1.51;Very Good;E;VS1;59.5;59;7.48;7.54;4.47;16129
1.2;Ideal;D;VVS2;61.9;56;6.81;6.83;4.22;16130
1.73;Ideal;F;VS1;62.1;57;7.73;7.64;4.77;16131
1.55;Premium;D;VS2;61.5;58;7.51;7.48;4.61;16137
2.01;Very Good;H;SI2;60.5;61;8.09;8.14;4.91;16140
2.15;Ideal;H;SI2;60.3;59;8.34;8.41;5.05;16146
2.19;Ideal;I;SI2;62.4;56;8.26;8.3;5.17;16147
2.05;Good;G;SI2;63.7;61;7.99;8.03;5.1;16148
2.01;Good;I;VS2;63.6;57;7.95;7.87;5.03;16149
2.01;Premium;I;VS2;61.6;61;8.08;7.97;4.94;16149
2.12;Very Good;H;SI2;62.3;59;8.15;8.19;5.09;16151
1.74;Very Good;G;VS2;62.9;57;7.64;7.68;4.82;16169
1.54;Ideal;G;VVS1;60.8;57;7.45;7.49;4.54;16169
1.5;Premium;E;VS1;62.5;58;7.28;7.21;4.53;16169
2.43;Very Good;H;SI2;63.2;57;8.56;8.5;5.39;16170
1.98;Premium;I;VS1;62.5;58;7.95;7.99;4.98;16171
1.5;Ideal;G;VS1;61.3;56;7.41;7.37;4.53;16171
2.28;Premium;J;VS1;60.3;58;8.58;8.53;5.16;16174
2.02;Very Good;I;VS2;63.2;53;8.09;8.18;5.14;16179
2.3;Ideal;I;SI2;61.8;57;8.45;8.48;5.23;16181
1.62;Ideal;G;VS2;61.3;55;7.55;7.6;4.64;16183
1.52;Premium;E;VS1;60.1;59;7.49;7.45;4.49;16187
2.28;Ideal;I;SI2;62.9;57;8.41;8.34;5.27;16187
2.11;Very Good;G;SI2;62.2;60;8.15;8.19;5.08;16188
2.07;Ideal;I;SI2;62;55;8.12;8.22;5.07;16189
2.2;Premium;I;SI2;62.4;55;8.41;8.34;5.23;16190
2.02;Premium;I;SI1;62.5;59;8.05;8.01;5.02;16191
2.02;Very Good;I;SI1;59.8;59;8.21;8.3;4.94;16192
3.67;Premium;I;I1;62.4;56;9.86;9.81;6.13;16193
2.58;Premium;H;SI2;62.6;57;8.77;8.73;5.48;16195
2.42;Premium;J;SI2;62.3;58;8.63;8.55;5.35;16198
2.42;Premium;J;SI2;58.5;59;8.85;8.82;5.17;16198
2.42;Premium;J;SI2;62.4;58;8.58;8.53;5.34;16198
2;Good;E;SI2;57.6;63;8.2;8.16;4.73;16206
2.09;Very Good;F;SI2;62.5;60;8.14;8.06;5.06;16210
1.6;Premium;G;VVS2;60.6;60;7.57;7.51;4.57;16215
1.53;Very Good;G;VS1;61.9;57;7.39;7.32;4.55;16219
1.75;Premium;G;VS2;62.8;59;7.62;7.53;4.76;16220
1.74;Good;G;VS1;58.6;62;7.83;7.88;4.6;16223
2.03;Ideal;G;SI1;60.3;56;8.27;8.21;4.97;16224
2.01;Good;F;SI2;58.1;64;8.23;8.19;4.77;16231
2.01;Good;F;SI2;64.1;57;7.82;7.78;5;16231
1.87;Premium;E;SI1;61.9;58;7.94;7.88;4.9;16232
1.01;Premium;D;IF;61.6;56;6.46;6.43;3.97;16234
2.06;Ideal;G;SI2;62.9;56;8.13;8.04;5.08;16235
2.05;Premium;H;VS2;60.7;61;8.25;8.13;4.97;16235
2.32;Premium;F;SI2;62.5;59;8.51;8.44;5.3;16237
2.66;Good;H;SI2;63.8;57;8.71;8.65;5.54;16239
2.66;Good;H;SI2;63.8;57;8.71;8.65;5.54;16239
2.2;Very Good;H;VS2;63.3;58;8.25;8.22;5.21;16239
1.6;Ideal;F;VS2;60.2;55.5;7.6;7.66;4.59;16240
1.7;Ideal;H;VS1;61.5;55;7.69;7.73;4.74;16240
1.63;Ideal;G;VS1;61.5;57;7.58;7.6;4.67;16241
2.26;Good;I;SI2;56.9;60;8.73;8.66;4.95;16241
2.26;Premium;I;SI2;62;58;8.4;8.37;5.2;16241
2.01;Premium;G;SI1;62.3;61;7.96;7.89;5.02;16242
1.23;Ideal;D;VVS1;62.4;57;6.88;6.83;4.28;16253
1.73;Premium;E;SI1;62.6;58;7.67;7.59;4.78;16253
1.2;Ideal;E;VVS1;61.8;56;6.78;6.87;4.22;16256
2.02;Ideal;F;SI2;62.2;57;8.07;8.03;5.01;16256
2.04;Ideal;F;SI2;62.3;57;8.05;8.13;5.04;16261
2;Premium;G;SI2;61.8;58;8.05;7.99;4.96;16262
2.38;Premium;J;VS2;62.6;59;8.52;8.49;5.32;16273
2.4;Ideal;J;SI1;60.6;57;8.62;8.76;5.26;16274
1.51;Premium;E;VS1;59.5;59;7.54;7.48;4.47;16277
2.51;Premium;J;SI2;59.3;58;8.83;8.87;5.25;16278
2.03;Fair;F;SI1;65.4;58;7.9;7.84;5.15;16280
2;Very Good;H;SI1;60.9;58;8.07;8.15;4.94;16280
1.74;Very Good;D;SI1;61.9;58;7.74;7.79;4.81;16286
2.01;Premium;H;SI1;58.2;62;8.26;8.21;4.79;16287
2.01;Premium;H;SI2;60.5;61;8.14;8.09;4.91;16287
2.01;Ideal;I;SI1;64.8;62;7.92;7.82;5.1;16287
2.02;Ideal;F;SI2;61.3;57;8.11;8.16;4.99;16290
2;Good;I;VS2;63.6;60;7.95;8.03;5.08;16291
1.66;Very Good;F;VS2;61.4;58;7.63;7.68;4.7;16294
2.09;Good;I;SI1;57.9;63;8.37;8.46;4.87;16294
2.05;Good;G;SI2;63.7;61;8.03;7.99;5.1;16295
1.64;Ideal;G;VS2;61.5;56;7.59;7.62;4.68;16297
2.24;Ideal;H;SI2;61.4;56;8.38;8.43;5.16;16300
1.6;Ideal;H;IF;61.5;53;7.57;7.69;4.66;16300
2.01;Very Good;I;VS2;59.6;60;8.13;8.19;4.86;16304
2.01;Good;I;VS2;62.4;62;7.91;7.99;4.96;16304
2.4;Premium;J;SI1;59.7;58;8.75;8.71;5.21;16304
2.03;Premium;I;VS2;60.5;62;8.22;8.17;4.96;16309
2.03;Premium;I;VS2;58.5;60;8.37;8.34;4.89;16309
1.53;Ideal;G;VS1;60.5;57;7.42;7.52;4.51;16311
2.65;Premium;G;SI2;62;61;8.82;8.75;5.45;16314
1.74;Ideal;G;VS2;61.7;56;7.72;7.68;4.75;16316
1.74;Ideal;G;VS2;62.9;57;7.68;7.64;4.82;16316
1.54;Ideal;G;VVS1;60.8;57;7.49;7.45;4.54;16316
2.04;Very Good;H;SI2;60;60;8.21;8.17;4.91;16319
2.01;Ideal;J;VS1;60.9;56;8.14;8.18;4.97;16319
2.04;Ideal;H;SI2;62;56;8.18;8.23;5.09;16319
2.02;Premium;G;SI1;62.3;61;8.07;7.96;4.99;16323
2.3;Ideal;I;SI2;61.8;57;8.48;8.45;5.23;16329
2.11;Premium;G;SI2;62.2;60;8.19;8.15;5.08;16336
2.07;Ideal;I;SI2;62;55;8.22;8.12;5.07;16337
1.6;Ideal;G;VVS1;60.8;56;7.58;7.54;4.6;16339
2.35;Premium;H;SI2;62.3;58;8.51;8.44;5.28;16340
1.8;Ideal;F;SI1;61.4;54;7.86;7.82;4.81;16340
1.52;Ideal;G;VVS1;61.4;57;7.38;7.4;4.54;16343
2.54;Very Good;H;SI2;63.5;56;8.68;8.65;5.5;16353
2.54;Very Good;H;SI2;63.5;56;8.68;8.65;5.5;16353
2.1;Premium;F;SI2;62.1;59;8.16;8.18;5.07;16357
2.05;Premium;G;SI2;60.1;59;8.2;8.3;4.96;16357
1.62;Ideal;E;VS2;61.4;57;7.54;7.58;4.64;16358
2.11;Very Good;I;VS2;60.3;60.5;8.22;8.29;4.98;16363
1.5;Fair;F;VVS2;64.7;53;7.22;7.15;4.65;16364
1.8;Ideal;F;SI1;61.8;57;7.79;7.83;4.83;16364
2.02;Premium;I;SI1;60.9;60;8.13;8.1;4.94;16368
2.28;Premium;J;VS2;62.4;58;8.45;8.35;5.24;16369
1.51;Ideal;F;VS1;62.1;56;7.34;7.38;4.57;16370
2.07;Very Good;I;VS2;60.6;58;8.24;8.29;5.01;16378
2;Very Good;E;SI2;63.1;53;7.99;8.11;5.08;16380
2.01;Very Good;I;VS2;59.6;58;8.18;8.23;4.89;16383
1.71;Ideal;F;VS2;61.9;57;7.73;7.62;4.75;16384
2.02;Fair;D;SI1;65;55;7.94;7.84;5.13;16386
2.04;Very Good;G;SI2;59.9;58;8.26;8.31;4.96;16389
2.14;Premium;H;VS2;61.7;58;8.28;8.22;5.09;16390
2.03;Very Good;I;SI1;62.3;60;8.01;8.07;5.01;16392
2.07;Premium;I;SI1;62.9;59;8.15;8.09;5.11;16392
2.11;Premium;H;VS2;60.8;61;8.32;8.28;5.05;16395
2.19;Very Good;I;SI1;60.7;60;8.46;8.4;5.12;16397
2.02;Ideal;J;VS1;61.8;57;8.06;8.13;5;16397
2.22;Good;I;SI2;63.2;57;8.23;8.28;5.22;16398
2.16;Premium;H;SI2;59.7;60;8.38;8.3;4.98;16400
1.51;Very Good;F;VS1;60;60;7.39;7.42;4.44;16402
2.11;Ideal;D;SI2;62.7;56;8.25;8.18;5.14;16404
1.09;Good;D;IF;58.7;61;6.75;6.85;3.99;16406
1.5;Very Good;D;VS1;61.2;63;7.28;7.32;4.47;16407
2;Ideal;I;SI1;61.4;57;8.05;8.11;4.96;16407
1.5;Premium;E;VS1;60.3;60;7.34;7.43;4.45;16409
2.01;Good;F;SI2;62.2;57;7.91;7.97;4.94;16410
2.03;Very Good;E;SI2;63.7;58;7.91;7.94;5.05;16412
2.04;Very Good;I;SI1;63.6;60;7.97;7.86;5.03;16420
2.03;Very Good;I;VS2;59.9;59;8.32;8.24;4.96;16422
2;Good;D;SI2;60.3;56;8.08;8.11;4.88;16425
2.04;Premium;G;SI2;61.8;56;8.13;8.05;5;16426
2.51;Premium;J;SI2;59.3;58;8.87;8.83;5.25;16427
2.18;Ideal;J;VS2;62.2;55;8.32;8.36;5.19;16427
2.18;Ideal;J;VS2;60.3;57;8.41;8.45;5.08;16427
2.05;Premium;H;SI2;62.5;58;8.12;8.08;5.06;16431
2.06;Premium;G;SI2;61.8;58;8.1;8.15;5.02;16437
2;Good;I;VS2;63.6;60;8.03;7.95;5.08;16439
2.03;Very Good;H;SI2;56.8;61;8.52;8.42;4.81;16442
2.05;Ideal;G;SI2;59.8;59;8.22;8.31;4.94;16446
2.28;Ideal;J;VS2;62.7;57;8.43;8.36;5.26;16450
1.53;Premium;G;VVS1;60.6;58;7.45;7.49;4.53;16451
2;Very Good;I;VS2;60.4;60;8.14;8.19;4.93;16459
2.13;Very Good;G;SI2;57.9;60;8.41;8.56;4.91;16462
2;Very Good;E;SI2;59.5;58;8.17;8.27;4.89;16462
2.59;Ideal;J;VS1;61.7;56;8.83;8.77;5.43;16465
2.12;Ideal;H;SI2;62.4;57;8.19;8.16;5.1;16466
2.46;Ideal;J;SI2;62.3;57;8.66;8.57;5.37;16466
1;Ideal;D;IF;60.7;57;6.44;6.48;3.92;16469
2.17;Premium;D;SI2;62.2;59;8.28;8.34;5.17;16472
2.1;Very Good;H;SI2;63;57;8.08;8.13;5.11;16479
2.1;Premium;H;SI2;60.4;59;8.28;8.33;5.02;16479
2.03;Premium;I;VS2;60.5;62;8.22;8.17;4.96;16483
2;Premium;D;SI2;60.8;60;8.15;8.1;4.94;16484
1.52;Very Good;E;VS1;62.4;55;7.33;7.41;4.6;16485
1.52;Ideal;G;VVS1;61.4;57;7.4;7.38;4.54;16492
2.01;Premium;I;SI1;61.5;60;8.12;8.01;4.96;16499
2.01;Premium;H;SI2;61.6;58;8.12;8.02;4.97;16499
0.23;Good;D;VVS1;60.3;66;3.91;3.95;2.37;425
0.26;Very Good;D;VS1;60;56;4.15;4.18;2.5;425
0.26;Very Good;G;VVS2;62.2;56;4.08;4.1;2.54;426
0.25;Ideal;H;VS1;61.9;54;4.07;4.1;2.53;426
0.34;Ideal;F;SI2;61.9;54;4.51;4.53;2.8;426
0.3;Ideal;D;SI2;62;56;4.31;4.34;2.68;426
0.27;Ideal;G;SI1;62.2;54;4.13;4.17;2.58;426
0.29;Very Good;G;VS1;62.1;59;4.22;4.25;2.63;426
0.26;Very Good;I;VVS2;62.7;55;4.09;4.12;2.57;427
0.28;Very Good;G;VS2;62;56;4.16;4.19;2.59;427
0.3;Very Good;J;VS1;59.5;60;4.39;4.45;2.63;427
0.3;Very Good;J;VS1;61.1;61;4.33;4.38;2.66;427
0.32;Ideal;E;SI2;61.3;56;4.42;4.45;2.72;427
0.33;Ideal;E;SI2;62.2;54;4.44;4.46;2.77;427
0.33;Ideal;E;SI2;61.7;55;4.44;4.47;2.75;427
0.32;Ideal;E;SI2;61;56;4.42;4.44;2.7;427
0.32;Ideal;E;SI2;61.6;56;4.4;4.43;2.72;427
0.28;Very Good;E;VS1;62.2;59;4.19;4.23;2.62;428
0.23;Good;G;VVS2;63.8;56;3.94;3.9;2.5;428
0.28;Very Good;H;VS2;61.6;57;4.22;4.25;2.61;429
0.28;Very Good;H;VS1;61.9;56;4.22;4.24;2.61;429
0.28;Very Good;H;VS1;61.9;56;4.18;4.2;2.59;429
0.28;Very Good;H;VS1;63.1;55;4.17;4.2;2.64;429
0.28;Very Good;H;VS1;62.4;56;4.2;4.23;2.63;429
0.27;Very Good;F;VS1;62.4;55;4.12;4.15;2.58;429
0.31;Ideal;J;VS1;61.7;55.1;4.36;4.39;2.7;429
0.31;Ideal;J;VS1;61.9;54.7;4.34;4.36;2.69;429
0.31;Ideal;G;SI2;61.6;55.6;4.34;4.37;2.69;429
0.29;Premium;I;VS2;62.4;58;4.23;4.2;2.63;429
0.35;Premium;H;SI2;62;58;4.47;4.5;2.78;429
0.32;Ideal;G;VS1;62;56;4.35;4.39;2.71;645
0.32;Ideal;F;VS2;61.6;55;4.4;4.43;2.72;645
0.32;Ideal;F;VS2;62.4;56;4.35;4.37;2.72;645
0.32;Ideal;G;VS1;62.3;55;4.37;4.4;2.73;645
0.32;Ideal;F;VS2;62.5;56;4.36;4.38;2.73;645
0.32;Premium;F;VS2;61.7;58;4.38;4.41;2.71;645
0.32;Very Good;H;VVS2;60.2;60;4.45;4.48;2.69;645
0.32;Very Good;G;VS1;61.8;60;4.35;4.36;2.69;645
0.32;Ideal;F;VS2;62.4;55;4.41;4.43;2.76;645
0.32;Ideal;H;VVS2;61.8;55;4.38;4.42;2.72;645
0.32;Very Good;G;VS1;62.1;56;4.4;4.43;2.74;645
0.32;Premium;F;VS2;62.1;59;4.35;4.41;2.72;645
0.32;Ideal;F;VS2;61.5;56;4.4;4.42;2.71;645
0.32;Premium;F;VS2;61.5;58;4.39;4.42;2.71;645
0.32;Good;F;VS2;63.2;58;4.32;4.35;2.74;645
0.32;Ideal;F;VS2;62.2;55;4.35;4.37;2.71;645
0.32;Very Good;G;VS1;62.9;57;4.37;4.4;2.76;645
0.32;Premium;G;VS1;61.4;58;4.36;4.4;2.69;645
0.32;Ideal;F;VS2;61.1;57;4.4;4.44;2.7;645
0.32;Good;G;VS1;63.2;55;4.37;4.39;2.77;645
0.32;Very Good;F;VS2;61;61;4.38;4.41;2.68;645
0.32;Very Good;F;VS2;62.8;57;4.33;4.36;2.73;645
0.32;Ideal;F;VS2;61.6;57;4.4;4.43;2.72;645
0.32;Good;F;VS2;63.4;57;4.32;4.36;2.75;645
0.32;Ideal;G;VS1;61.6;56;4.38;4.42;2.71;645
0.32;Very Good;G;VS1;62.5;60;4.29;4.35;2.7;645
0.32;Ideal;G;VS1;61.2;56;4.39;4.43;2.7;645
0.32;Ideal;F;VS2;61.5;55;4.4;4.42;2.71;645
0.32;Very Good;F;VS2;60.8;58;4.41;4.44;2.69;645
0.32;Premium;G;VS1;61;59;4.39;4.43;2.69;645
2.03;Ideal;G;SI2;62.5;56;8.1;8.05;5.05;16505
2.05;Premium;G;SI2;60.1;59;8.3;8.2;4.96;16506
2.1;Fair;F;SI2;59.5;69;8.35;8.25;4.94;16506
1.62;Ideal;E;VS2;61.4;57;7.58;7.54;4.64;16507
2.06;Good;H;SI2;63.7;57;8.12;8.03;5.14;16512
2.11;Ideal;I;VS2;60.3;61;8.29;8.22;4.98;16512
1.8;Ideal;F;SI1;61.8;57;7.83;7.79;4.83;16513
1.51;Premium;E;VS1;62.7;58;7.25;7.33;4.57;16518
1.52;Good;F;VS1;63.4;60;7.25;7.3;4.61;16519
1.51;Ideal;F;VS1;62.1;56;7.38;7.34;4.57;16520
1.7;Premium;G;VS1;61;59;7.7;7.64;4.68;16521
2.2;Ideal;H;SI2;60;58;8.47;8.5;5.09;16530
2.47;Premium;J;SI2;59.4;59;8.85;8.79;5.24;16532
2.44;Very Good;J;VS2;60.1;59;8.75;8.83;5.28;16533
3.01;Ideal;J;I1;65.4;60;8.99;8.93;5.86;16538
2;Good;I;VS2;63.3;56;7.98;8.03;5.07;16544
2;Premium;I;VS2;60.7;60;8.02;8.07;4.88;16544
1.41;Ideal;F;VVS1;61.1;57;7.2;7.28;4.42;16545
1.6;Ideal;G;IF;59.8;54;7.75;7.63;4.6;16547
2.22;Very Good;I;SI2;63.2;57;8.28;8.23;5.22;16547
1.51;Premium;F;VS1;60;60;7.42;7.39;4.44;16551
2.24;Very Good;I;SI2;61.7;57.7;8.37;8.43;5.18;16558
2.21;Ideal;D;SI2;62;57;8.36;8.31;5.18;16558
1.5;Premium;E;VS1;60.3;60;7.43;7.34;4.45;16558
2.02;Ideal;I;SI1;61.8;56;8.07;8.09;4.99;16560
2.01;Ideal;I;SI1;61.4;57;8.13;8.19;5.01;16562
2.28;Premium;J;VS2;62.9;58;8.42;8.34;5.27;16564
2.02;Good;H;SI2;60.2;55;8.08;8.19;4.9;16565
1.57;Ideal;E;VS2;62.3;57;7.39;7.44;4.62;16570
2.25;Ideal;I;SI2;60.5;56;8.49;8.54;5.15;16575
1.71;Ideal;D;SI1;60.3;60;7.69;7.77;4.66;16575
2;Very Good;F;SI1;63.6;58;7.91;7.98;5.05;16580
2.01;Very Good;H;SI1;60.6;62;8.05;8.08;4.89;16582
2.01;Good;E;SI2;60;64;8.09;8.17;4.88;16582
1.69;Premium;F;VS2;58.7;59;7.87;7.78;4.59;16583
2.06;Premium;G;SI2;61.8;58;8.15;8.1;5.02;16587
2.45;Ideal;F;SI2;62;55;8.67;8.64;5.36;16589
2.28;Ideal;J;VS1;62.6;54.2;8.37;8.41;5.25;16592
2.02;Good;I;VS2;57.9;62;8.28;8.36;4.82;16593
1.59;Ideal;G;VVS1;59.9;56;7.57;7.64;4.55;16599
1.53;Premium;G;VVS1;60.6;58;7.49;7.45;4.53;16601
2.06;Very Good;F;SI2;61.5;56;8.15;8.18;5.02;16603
2.05;Premium;I;SI1;60.6;58;8.22;8.13;4.95;16611
1.51;Very Good;F;VVS2;58;65;7.58;7.62;4.41;16613
2.04;Very Good;I;VS2;61;61;8.08;8.14;4.95;16616
2.07;Ideal;J;VVS2;62.7;54;8.12;8.17;5.11;16617
1.71;Ideal;G;VS1;62.1;55;7.74;7.59;4.76;16618
2.01;Good;D;SI2;59.9;65;8;8.07;4.81;16624
2.01;Very Good;I;VS2;59.2;62;8.14;8.17;4.83;16626
2.01;Premium;I;VS2;60.5;60;8.15;8.17;4.94;16626
2.01;Very Good;I;VS2;62.7;58;7.94;7.98;4.99;16626
2.06;Ideal;I;SI1;61.9;56;8.17;8.19;5.06;16626
1.52;Premium;E;VS1;59.9;60;7.39;7.47;4.45;16628
1.52;Premium;E;VS1;60.6;58;7.38;7.44;4.49;16628
2.1;Premium;H;SI2;60.4;59;8.33;8.28;5.02;16629
2.1;Ideal;H;SI2;63;57;8.13;8.08;5.11;16629
2.03;Premium;E;SI1;62.9;57;8.04;7.98;5.04;16629
1.75;Very Good;G;VS2;62.6;58;7.63;7.67;4.79;16632
1.52;Premium;E;VS1;62.4;55;7.41;7.33;4.6;16636
2.05;Very Good;J;VS1;61.4;58.5;8.13;8.16;5;16641
2.03;Ideal;H;SI2;61.6;55;8.18;8.12;5.02;16642
1.67;Ideal;G;VS1;61.5;55;7.62;7.67;4.7;16643
2.38;Premium;H;SI1;58.2;60;8.81;8.78;5.12;16643
2;Good;H;SI1;63.6;58;7.96;7.87;5.03;16650
2;Ideal;E;SI1;62.6;57;8.08;8.01;5.04;16650
2;Ideal;E;SI2;62.2;57;8.11;8.09;5.04;16650
2.24;Premium;H;SI2;61.4;57;8.43;8.35;5.15;16656
2.21;Premium;F;SI2;59.6;60;8.53;8.49;5.07;16657
2.02;Ideal;H;SI1;62.3;57;8.04;8.14;5.04;16665
1.51;Premium;E;VS1;62.7;58;7.33;7.25;4.57;16669
1.52;Very Good;F;VS1;63.4;60;7.3;7.25;4.61;16670
2.01;Very Good;H;VS2;63.5;59;7.92;7.86;5.01;16677
1.8;Ideal;H;VS1;62;57;7.84;7.78;4.84;16683
2.39;Premium;H;SI1;60.6;58;8.65;8.58;5.22;16687
2.4;Ideal;J;SI1;62.7;57;8.6;8.5;5.36;16687
1.51;Ideal;D;VS1;63;53.4;7.28;7.3;4.6;16688
2.22;Ideal;J;VS1;61.8;59;8.34;8.37;5.16;16689
2.18;Good;H;SI2;60.4;64;8.38;8.47;5.09;16690
2.03;Very Good;I;SI1;62.2;59;8.03;8.09;5.01;16693
2;Very Good;I;VS2;63.3;56;8.03;7.98;5.07;16694
2;Premium;I;VS2;60.7;60;8.07;8.02;4.88;16694
2.01;Premium;I;VS2;61.7;60;8.09;8.02;4.97;16700
2.09;Ideal;H;SI2;60.6;57;8.3;8.2;5;16703
2.09;Ideal;I;SI1;61.4;56;8.23;8.27;5.06;16704
2.02;Ideal;I;SI1;62.2;57;8.1;8.04;5.02;16704
2.36;Ideal;I;SI2;62.8;55;8.47;8.5;5.33;16707
2.02;Premium;I;VS2;59.6;60;8.2;8.25;4.9;16709
2.24;Ideal;I;SI2;61.7;58;8.43;8.37;5.18;16709
2.53;Ideal;I;SI1;62.4;57;8.68;8.59;5.39;16709
2.48;Premium;I;SI1;61;60;8.68;8.61;5.27;16715
1.51;Very Good;F;VVS2;61.9;58;7.3;7.36;4.54;16716
1.51;Very Good;F;VVS2;61.4;58;7.31;7.34;4.5;16716
2.17;Ideal;I;SI1;62.1;57;8.26;8.32;5.15;16716
2.51;Very Good;E;SI2;63.1;56;8.65;8.6;5.44;16717
2.04;Ideal;I;SI1;60.2;56;8.19;8.26;4.95;16718
2.04;Ideal;I;SI1;61;57;8.18;8.21;5;16718
2.14;Premium;H;SI2;62;60;8.27;8.19;5.1;16723
2.11;Ideal;I;VS1;61.9;57;8.28;8.22;5.11;16723
2.01;Very Good;F;SI2;60.3;60;8.08;8.11;4.88;16728
2.01;Good;I;SI1;58.8;60;8.27;8.19;4.84;16731
2.01;Premium;H;SI1;60.6;62;8.08;8.05;4.89;16733
2.01;Premium;H;SI1;60.9;59;8.15;8.04;4.93;16733
2.01;Premium;H;SI1;61.5;53;8.13;8.03;4.97;16733
2.01;Ideal;H;SI1;65.1;56;7.91;7.84;5.12;16733
2.01;Good;E;SI2;60;64;8.17;8.09;4.88;16733
2.01;Premium;G;SI2;59;60;8.31;8.26;4.89;16733
1.54;Premium;D;VS2;59.3;59;7.54;7.61;4.49;16736
2.01;Good;H;SI1;62.2;58;7.99;8.05;4.99;16737
2.01;Very Good;G;SI1;63.2;56;8.04;7.96;5.06;16742
2.03;Premium;H;SI1;61.7;59;8.1;8.17;5.02;16747
1.54;Very Good;D;VS1;59.1;59;7.51;7.55;4.45;16750
1.51;Ideal;F;VVS2;62.6;57;7.36;7.25;4.57;16754
2.04;Premium;I;VS2;61;61;8.14;8.08;4.95;16768
2.07;Ideal;J;VVS2;62.7;54;8.17;8.12;5.11;16769
2.01;Good;D;SI2;59.9;65;8.07;8;4.81;16776
2.01;Premium;D;SI2;62.7;58;8.06;7.99;5.03;16776
2.13;Premium;G;SI2;60.7;60;8.27;8.37;5.05;16778
2.01;Premium;I;VS2;62.8;58;8.01;7.94;5.01;16778
2.01;Premium;I;VS2;62.7;58;7.98;7.94;4.99;16778
2.01;Premium;I;VS2;59.2;62;8.17;8.14;4.83;16778
2.01;Premium;I;VS2;62.6;59;8.04;8.01;5.02;16778
2.01;Premium;I;VS2;61;61;8.15;7.99;4.92;16778
2.01;Premium;I;VS2;60.5;60;8.17;8.15;4.94;16778
1.52;Premium;E;VS1;60.6;58;7.44;7.38;4.49;16779
1.52;Premium;E;VS1;59.9;60;7.47;7.39;4.45;16779
1.71;Premium;F;VS2;60.8;58;7.79;7.7;4.71;16779
2.1;Premium;E;SI2;62.9;59;8.18;8.13;5.13;16783
1.75;Ideal;G;VS2;62.6;56;7.72;7.65;4.81;16783
1.5;Premium;F;VS1;60.2;59;7.41;7.37;4.45;16783
1.75;Premium;G;VS2;61.5;59;7.76;7.66;4.74;16783
1.52;Very Good;F;VVS2;63.7;57;7.28;7.31;4.65;16786
2.03;Premium;I;SI1;61.2;58;8.21;8.16;5.01;16787
1.69;Ideal;F;VS2;62.2;57;7.59;7.66;4.74;16789
2.02;Good;I;VS2;57.9;62;8.25;8.3;4.79;16789
2.37;Ideal;J;VS2;62.2;57;8.58;8.52;5.32;16789
1.62;Ideal;F;VS1;61.3;56;7.54;7.63;4.65;16790
2.39;Very Good;J;VS2;62.2;60;8.49;8.51;5.29;16791
2.03;Ideal;I;VS2;62.7;57;8.02;8.05;5.04;16792
1.5;Premium;D;VS1;62.8;58;7.29;7.26;4.57;16793
2.05;Ideal;J;VS1;61.4;59;8.16;8.13;5;16793
2.4;Premium;F;SI2;62.6;59;8.53;8.49;5.33;16797
2.04;Ideal;H;SI2;61.5;57;8.15;8.18;5.02;16800
2.31;Very Good;I;SI1;62.5;55;8.43;8.5;5.29;16801
1.75;Ideal;G;VS2;62.1;57;7.73;7.69;4.79;16803
2.21;Premium;F;SI1;62.1;59;8.33;8.26;5.15;16804
2.23;Premium;G;SI2;61.4;58;8.41;8.32;5.14;16805
1.73;Very Good;G;VS2;62.9;58;7.58;7.65;4.79;16807
1.4;Ideal;F;VVS1;61.9;57;7.2;7.14;4.44;16808
2.01;Very Good;I;VS1;64.4;56;7.84;7.9;5.07;16811
1.71;Premium;G;VS1;62.7;58;7.66;7.62;4.79;16813
1.71;Ideal;G;VS2;61.8;57;7.7;7.6;4.73;16817
2.05;Very Good;F;SI2;59.5;58;8.26;8.3;4.93;16819
2.48;Premium;I;VS2;60.1;58;8.83;8.76;5.29;16820
1.25;Ideal;E;IF;61.8;55;6.95;6.9;4.28;16823
2.09;Very Good;F;SI2;62.7;61;8.07;8.14;5.08;16824
2.42;Ideal;H;SI2;62.3;57;8.62;8.55;5.35;16826
2.51;Very Good;J;SI1;63.8;55;8.51;8.6;5.46;16842
2.18;Good;H;SI2;60.4;64;8.47;8.38;5.09;16842
2.08;Premium;G;VS2;61.3;58;8.21;8.17;5.02;16854
2.06;Premium;F;SI2;61.7;59;8.21;8.13;5.04;16857
2.02;Premium;I;VS2;59.6;60;8.25;8.2;4.9;16861
2.04;Premium;D;SI2;61.8;60;8.09;8.13;5.01;16872
2;Very Good;H;SI1;63.3;59;8.02;8;5.07;16872
2.04;Very Good;I;VS2;62.5;58;8.09;8.22;5.1;16874
2.18;Very Good;G;SI2;63.1;58;8.29;8.23;5.21;16878
1.76;Premium;G;VS2;61.5;58;7.78;7.74;4.77;16879
2.01;Premium;F;SI2;60.3;60;8.11;8.08;4.88;16881
2.01;Premium;F;SI2;61.3;61;8.11;8.01;4.94;16881
1.54;Premium;D;VS2;59.3;59;7.61;7.54;4.49;16889
2.05;Premium;I;VS2;60.8;58;8.26;8.19;5;16896
2.03;Premium;H;SI1;61.7;59;8.17;8.1;5.02;16900
2.03;Ideal;H;SI1;64.4;54;7.97;7.92;5.12;16900
2.03;Ideal;H;SI1;62.9;57;8.07;7.99;5.05;16900
2.01;Very Good;H;SI1;62.6;59;7.95;7.98;4.99;16901
2.26;Ideal;I;SI1;62.4;57;8.43;8.37;5.24;16904
2.14;Very Good;I;VS2;59.7;57;8.41;8.48;5.04;16914
2.01;Very Good;I;VS1;59.8;63;8.11;8.14;4.86;16914
2.01;Very Good;I;VS1;62.9;62;7.98;8.02;5.03;16914
2.63;Ideal;J;SI2;62.1;57;8.83;8.88;5.5;16914
2.49;Ideal;J;SI1;63.8;54;8.56;8.49;5.45;16915
1.52;Ideal;E;VS1;62.4;54;7.32;7.39;4.59;16916
1.54;Premium;D;VS2;62.7;59;7.33;7.29;4.58;16921
2.01;Ideal;G;SI2;61;54;8.01;8.13;4.92;16922
2.02;Premium;G;SI2;61.3;56;8.22;8.16;5.02;16929
2.13;Premium;G;SI2;60.7;60;8.37;8.27;5.05;16931
2.53;Premium;J;SI2;62.6;57;8.77;8.67;5.46;16934
2.37;Ideal;H;SI2;62.1;55;8.52;8.54;5.3;16937
1.93;Premium;H;VS1;60.5;60;7.98;8.06;4.85;16941
2.04;Premium;I;SI1;62.2;57;8.14;8.07;5.04;16942
2.02;Premium;G;SI2;60.1;59;8.21;8.29;4.96;16944
2.03;Ideal;I;VS2;62.7;57;8.05;8.02;5.04;16945
1.5;Ideal;G;VVS2;62.2;55;7.33;7.35;4.57;16948
2.28;Premium;H;SI2;61.9;61;8.42;8.32;5.18;16954
1.7;Very Good;G;VS1;60.6;59;7.74;7.63;4.66;16955
2.5;Ideal;I;VS2;61.9;57;8.7;8.68;5.38;16955
2.01;Very Good;E;SI1;60.8;59;8.14;8.2;4.97;16956
2.01;Premium;H;SI1;58.5;58;8.3;8.25;4.84;16956
2.07;Premium;E;SI1;61.2;58;8.24;8.19;5.03;16957
1.73;Premium;G;VS2;61.6;58;7.74;7.71;4.76;16960
1.73;Premium;G;VS2;62.9;58;7.65;7.58;4.79;16960
2.06;Ideal;I;SI1;62;56;8.12;8.17;5.05;16960
2.28;Ideal;E;SI2;62;55;8.49;8.45;5.25;16969
3;Premium;I;SI2;60.7;59;9.3;9.14;5.6;16970
3;Fair;I;SI2;64.8;59;8.93;8.73;5.72;16970
1.73;Premium;F;VS2;61.2;58;7.76;7.69;4.73;16975
2.02;Premium;H;SI1;62.1;61;8.06;7.99;4.98;16985
1.68;Ideal;G;VS1;62;55;7.59;7.66;4.73;16985
2.41;Ideal;I;SI2;62.5;57;8.57;8.51;5.34;16987
1.5;Very Good;E;VS1;59.5;61;7.43;7.46;4.43;16988
2.12;Premium;H;SI2;59.1;59;8.47;8.43;4.99;16992
2.27;Premium;J;VS1;62.4;58;8.36;8.41;5.23;16994
2.2;Premium;H;SI2;61.1;59;8.41;8.35;5.12;16996
2.31;Premium;I;SI2;58.8;58;8.7;8.64;5.1;17000
2.09;Premium;H;SI2;62.1;58;8.17;8.22;5.09;17001
2.01;Very Good;H;SI1;61.5;60;8.09;8.01;4.95;17003
2.01;Very Good;F;SI2;62;54;8.03;8.12;5.01;17005
2.05;Ideal;H;SI1;61.9;57;8.09;8.14;5.02;17006
1.71;Ideal;G;VS1;63;56;7.65;7.58;4.8;17009
2.26;Ideal;J;VS2;61.1;57;8.44;8.47;5.17;17010
2.06;Premium;G;SI2;61.7;58;8.2;8.15;5.04;17012
2.01;Premium;G;SI2;59.9;62;8.15;8.04;4.85;17014
2.19;Premium;H;SI1;61.6;58;8.35;8.3;5.13;17016
1.75;Premium;F;VS2;61.4;58;7.72;7.76;4.75;17017
2.07;Very Good;H;SI1;59.8;58;8.23;8.26;4.93;17019
2.01;Very Good;E;SI2;62;61;8.04;8.1;5;17024
2.01;Very Good;E;SI2;58.9;60;8.2;8.24;4.84;17024
2.6;Fair;G;SI2;64.6;57;8.6;8.55;5.54;17027
1.67;Very Good;G;VVS2;61.6;57;7.61;7.69;4.71;17028
2.5;Very Good;J;SI1;62.8;57;8.58;8.65;5.41;17028
2.04;Premium;I;VS2;62.5;58;8.22;8.09;5.1;17028
1.54;Ideal;F;VS2;61;56;7.44;7.49;4.55;17029
1.75;Very Good;G;VS1;59.6;60;7.76;7.9;4.67;17036
2.14;Premium;I;VS2;60.7;59;8.28;8.33;5.04;17038
2.4;Ideal;I;SI2;63.8;58;8.41;8.37;5.35;17039
1.71;Premium;G;VS1;62.3;58;7.61;7.65;4.75;17041
1.07;Ideal;D;IF;60.9;54;6.66;6.73;4.08;17042
2.13;Premium;F;SI2;61.5;58;8.28;8.33;5.11;17045
2.07;Ideal;I;VS2;60.3;59;8.23;8.28;4.98;17045
1.71;Ideal;G;VS1;61.4;57;7.65;7.72;4.72;17049
2.04;Ideal;F;SI2;62.4;56;8.07;8.14;5.06;17049
1.6;Ideal;G;VS1;62;54;7.53;7.5;4.6;17050
2.27;Good;J;VS1;59.3;61;8.47;8.55;5.05;17051
2.09;Ideal;G;VS2;61.8;57;8.24;8.17;5.07;17051
1.71;Very Good;F;VS2;58.5;61;7.88;7.79;4.58;17052
2.32;Premium;J;VS2;62.4;57;8.48;8.4;5.27;17053
1.53;Very Good;F;VVS2;62.8;59;7.28;7.34;4.59;17057
2.01;Premium;G;VS2;60.6;59;8.16;8.12;4.93;17057
2.31;Very Good;I;SI2;62.9;58;8.34;8.43;5.27;17062
2.15;Ideal;H;SI2;61.8;57;8.24;8.3;5.11;17063
2.15;Very Good;H;SI2;62.8;58;8.17;8.22;5.15;17065
2.05;Premium;E;SI2;58.6;59;8.43;8.36;4.92;17066
2.12;Ideal;I;VS2;62.7;56;8.16;8.24;5.14;17068
2.01;Very Good;I;VS1;59.8;63;8.14;8.11;4.86;17068
2.01;Premium;I;VS1;62.9;62;8.02;7.98;5.03;17068
2.01;Ideal;I;VS1;62.5;56;8.08;8.02;5.03;17068
2.01;Premium;H;VS2;60.1;61;8.14;8.06;4.87;17068
1.7;Very Good;G;VVS2;61.5;60;7.59;7.64;4.68;17073
2.13;Premium;H;SI2;62.3;57;8.24;8.16;5.11;17073
1.61;Ideal;G;VS1;61.8;57;7.48;7.51;4.63;17076
2.01;Ideal;F;SI2;62.2;56;8.05;8.08;5.02;17078
2.01;Very Good;D;SI2;61.8;59;8.07;8.15;5.01;17079
2.05;Premium;E;SI2;59.7;59;8.27;8.39;4.97;17081
2;Very Good;I;VS2;63.1;60;7.95;7.99;5.03;17084
2;Good;D;SI2;64.1;57;7.91;7.82;5.04;17094
2.07;Ideal;G;SI2;62;55;8.23;8.13;5.07;17095
2.01;Very Good;H;SI1;60;58;8.16;8.25;4.92;17095
1.93;Premium;H;VS1;60.5;60;8.06;7.98;4.85;17096
2.02;Premium;G;SI2;60.1;59;8.29;8.21;4.96;17099
1.02;Very Good;D;IF;61.7;59;6.42;6.52;3.99;17100
2.53;Fair;H;SI2;64.6;59;8.54;8.45;5.4;17103
1.56;Ideal;F;VS2;62;55;7.41;7.45;4.61;17108
1.51;Good;D;VS1;63.7;55;7.28;7.22;4.62;17111
1.7;Ideal;F;VS2;62.7;55;7.54;7.58;4.74;17114
2.09;Ideal;I;SI1;61.8;56;8.15;8.22;5.06;17114
2.01;Good;E;SI2;62.3;61;7.99;8.04;4.99;17115
2.57;Premium;E;SI2;61.3;60;8.82;8.73;5.38;17116
2.01;Very Good;E;SI2;60.6;59;8.11;8.25;4.96;17118
2.22;Ideal;G;SI2;62.5;54;8.28;8.35;5.2;17123
1.72;Ideal;G;VS2;62.4;55;7.63;7.68;4.78;17125
2.01;Ideal;I;SI1;59.9;60;8.27;8.2;4.93;17126
2.14;Premium;D;SI2;59.8;59;8.4;8.36;5.01;17127
2;Premium;G;SI2;60.4;61;8.21;8.12;4.93;17136
2.05;Very Good;E;SI2;62.5;56;8.08;8.17;5.08;17138
2.02;Ideal;H;SI1;62.4;58;8.07;8.03;5.02;17141
2.25;Ideal;I;SI2;62.4;57;8.39;8.32;5.21;17143
1.5;Premium;E;VS1;59.5;61;7.46;7.43;4.43;17143
2.71;Premium;E;SI2;60.4;59;9.13;9.03;5.48;17146
2.27;Premium;J;VS1;62.4;58;8.41;8.36;5.23;17149
2.22;Good;I;SI1;57.8;58;8.58;8.54;4.95;17151
1.5;Very Good;D;VS2;62.4;57;7.2;7.25;4.51;17153
2.02;Premium;I;VS1;61.2;59;8.13;8.05;4.95;17153
2.09;Premium;H;SI2;62.1;58;8.22;8.17;5.09;17156
2.22;Very Good;I;SI1;62.4;55;8.29;8.35;5.19;17160
2.51;Ideal;H;SI2;62;57;8.72;8.67;5.39;17162
2.74;Very Good;J;SI2;61.5;62;8.87;8.9;5.46;17164
2.02;Premium;H;SI2;61.5;58;8.14;8.1;4.99;17166
2.42;Premium;J;VS2;61.3;59;8.61;8.58;5.27;17168
2.42;Premium;J;VS2;61.3;59;8.61;8.58;5.27;17168
1.75;Premium;F;VS2;61.4;58;7.76;7.72;4.75;17172
2;Premium;F;SI1;58.8;61;8.29;8.23;4.86;17172
0.32;Ideal;G;VS1;61.7;55;4.39;4.43;2.72;645
0.32;Very Good;G;VS1;62.1;55;4.41;4.44;2.75;645
0.32;Ideal;G;VS1;61.9;55;4.39;4.43;2.73;645
0.32;Ideal;F;VS2;62.5;56;4.37;4.43;2.75;645
0.32;Ideal;F;VS2;62.5;56;4.37;4.4;2.74;645
0.32;Premium;H;VVS2;62.3;58;4.33;4.37;2.71;645
0.32;Ideal;F;VS2;62.4;57;4.34;4.38;2.72;645
0.32;Ideal;G;VS1;62.3;56;4.37;4.39;2.73;645
0.32;Premium;F;VS2;60.7;58;4.41;4.45;2.69;645
0.32;Very Good;G;VS1;61.7;55;4.37;4.41;2.71;645
0.32;Ideal;H;VVS2;62;55;4.39;4.42;2.73;645
0.32;Ideal;G;VS1;62.1;55;4.38;4.41;2.73;645
0.32;Premium;F;VS2;59.4;58;4.44;4.48;2.65;645
0.32;Very Good;G;VS1;62.8;54;4.38;4.41;2.76;645
0.32;Ideal;H;VVS2;61.2;56;4.4;4.43;2.7;645
0.32;Ideal;G;VS1;60.5;56;4.42;4.44;2.68;645
0.32;Very Good;H;VVS2;62.9;57;4.36;4.39;2.75;645
0.32;Ideal;H;VVS2;61.8;55;4.38;4.42;2.72;645
0.32;Premium;F;VS2;61.2;59;4.4;4.42;2.7;645
0.27;Very Good;E;SI1;60.6;57;4.19;4.25;2.55;646
0.42;Good;F;SI2;64.1;56;4.76;4.72;3.04;646
0.33;Ideal;I;VVS1;62.2;54;4.43;4.45;2.76;646
0.31;Ideal;H;VS2;61.4;56;4.38;4.42;2.7;646
0.35;Ideal;G;VS2;61.3;56;4.54;4.58;2.8;646
0.35;Ideal;H;VS1;61.8;57;4.53;4.56;2.81;646
0.28;Premium;H;VVS1;59.9;62;4.28;4.23;2.55;646
0.28;Premium;H;VVS1;61.5;58;4.22;4.17;2.58;646
0.28;Premium;G;VVS2;60.2;60;4.26;4.24;2.56;646
0.41;Good;F;I1;63.8;57;4.72;4.69;3;646
0.32;Very Good;D;VS2;58.8;59;4.49;4.52;2.65;646
1.57;Premium;E;VS1;61.4;58;7.44;7.48;4.58;17175
1.5;Ideal;G;VVS2;61.3;56;7.39;7.43;4.55;17176
2.01;Premium;E;SI2;58.9;60;8.24;8.2;4.84;17179
2.01;Premium;E;SI2;62;61;8.1;8.04;5;17179
2.03;Ideal;G;SI2;61.1;57;8.16;8.21;5;17182
2.74;Very Good;H;SI2;63.3;58;8.88;8.84;5.61;17184
2.56;Premium;J;SI1;61.4;58;8.76;8.73;5.37;17186
2.01;Premium;H;VS2;61.6;61;8.14;8.07;4.99;17191
1.75;Premium;G;VS1;59.6;60;7.9;7.76;4.67;17191
1.21;Premium;D;VVS1;60.1;59;6.96;6.88;4.16;17192
2.3;Ideal;I;SI1;62.2;60;8.43;8.39;5.23;17193
2.14;Premium;I;VS2;60.7;59;8.33;8.28;5.04;17193
1.67;Ideal;F;VS2;61.8;57;7.58;7.62;4.7;17194
2.01;Ideal;I;VS2;60.7;57;8.21;8.17;4.97;17197
1.71;Premium;G;VS1;62.3;58;7.65;7.61;4.75;17197
1.51;Very Good;F;VVS2;61.3;61;7.33;7.36;4.5;17203
1.5;Premium;F;VVS2;58.8;58;7.51;7.43;4.39;17203
1.6;Premium;G;VVS1;61.5;58;7.48;7.58;4.63;17204
1.71;Ideal;G;VS1;61.4;57;7.72;7.65;4.72;17204
1.71;Very Good;G;VS1;61.3;54;7.69;7.74;4.73;17206
2.6;Premium;J;SI2;58.3;61;9.05;8.94;5.24;17209
2.61;Ideal;J;SI2;64.6;55;8.61;8.57;5.55;17209
2.14;Ideal;I;SI1;62.1;58;8.21;8.26;5.11;17213
2.05;Ideal;J;VVS2;62.7;56;8.18;8.11;5.11;17214
1.41;Premium;D;VVS2;60.8;57;7.28;7.23;4.41;17216
2.31;Premium;I;SI2;62.9;58;8.43;8.34;5.27;17218
1.7;Very Good;G;VS1;61.8;53;7.63;7.67;4.73;17219
2.15;Ideal;H;SI2;61.8;57;8.3;8.24;5.11;17219
2.01;Ideal;F;SI2;60;56;8.17;8.22;4.92;17220
2.15;Premium;H;SI2;62.8;58;8.22;8.17;5.15;17221
1.53;Ideal;D;VS2;62.7;54;7.35;7.39;4.62;17223
2.17;Ideal;I;SI1;60.4;56;8.36;8.43;5.07;17224
2.01;Ideal;I;VS1;61.4;59;8.06;8.13;4.97;17227
1.7;Premium;G;VVS2;61.5;60;7.64;7.59;4.68;17228
2.52;Ideal;I;SI1;61.5;56;8.76;8.69;5.37;17231
2.25;Premium;H;SI1;61.5;61;8.47;8.41;5.19;17233
2.01;Premium;D;SI2;61.8;59;8.15;8.07;5.01;17235
2.01;Premium;H;SI1;62.3;58;8.04;7.99;4.99;17235
2.05;Premium;E;SI2;59.7;59;8.39;8.27;4.97;17237
1.54;Ideal;F;VS2;61.8;56;7.36;7.39;4.56;17240
2.01;Very Good;F;SI2;60.8;57;8.09;8.15;4.94;17244
2.02;Ideal;H;SI1;62.5;54;8.07;8.1;5.05;17245
2;Very Good;H;SI1;62.7;56;7.98;8.02;5.02;17247
2.1;Ideal;I;SI1;60.8;60;8.24;8.35;5.04;17250
2.12;Premium;I;VS2;61.5;58;8.3;8.26;5.09;17254
1.61;Ideal;F;VS1;62;55;7.52;7.55;4.67;17256
2.08;Premium;H;VS2;62;58;8.19;8.1;5.05;17258
2.42;Premium;I;VS1;59.8;59;8.8;8.78;5.26;17262
2.02;Very Good;D;SI2;62.3;56;7.99;8.06;5;17263
2.16;Ideal;E;SI2;61.4;57;8.36;8.33;5.12;17263
2.02;Ideal;G;SI2;61.7;57;8.15;8.1;5.01;17265
2.02;Premium;H;SI1;62.1;61;8.06;7.99;4.98;17265
2.2;Premium;H;SI1;61.2;59;8.42;8.37;0;17265
1.86;Very Good;H;VVS2;58.6;62;8.07;8.14;4.75;17267
1.8;Very Good;E;SI1;62.2;57;7.81;7.89;4.88;17273
2;Premium;I;VS1;61.1;58;8.08;8.11;4.95;17278
1.5;Very Good;F;VVS1;60;60;7.36;7.44;4.44;17279
2.05;Premium;E;SI2;62.5;56;8.17;8.08;5.08;17294
2.35;Premium;I;SI2;59.9;58;8.68;8.61;5.18;17294
2.35;Premium;I;SI2;61.1;58;8.63;8.56;5.25;17294
2.05;Ideal;H;SI1;62.4;57;8.14;8.08;5.06;17294
2.03;Very Good;I;VS2;59.9;57;8.14;8.25;4.91;17297
2.26;Ideal;H;SI2;62.2;56;8.38;8.35;5.2;17312
2.16;Premium;I;SI1;62.9;55;8.28;8.2;5.18;17313
2.01;Good;F;SI2;64;58;7.94;7.83;5.05;17313
2.04;Very Good;I;VS2;60.3;59;8.18;8.2;4.94;17315
1.51;Very Good;F;VVS2;63.1;56;7.32;7.26;4.6;17317
2.04;Very Good;I;SI1;62.9;54;8.16;8.08;5.1;17323
1.7;Premium;E;VS2;62.9;58;7.57;7.54;4.75;17323
2.04;Ideal;J;IF;61.5;58;8.11;8.14;5;17327
4.13;Fair;H;I1;64.8;61;10;9.85;6.43;17329
1.58;Ideal;G;IF;62.2;57;7.45;7.51;4.65;17329
1.7;Good;F;VS1;57.6;63;7.86;7.81;4.51;17330
2.01;Premium;G;SI1;62.5;58;7.98;8.08;5.02;17334
1.69;Good;G;VS1;58.1;58;7.8;7.84;4.54;17338
2.54;Ideal;G;SI2;62.7;56;8.75;8.67;5.46;17339
1.75;Ideal;G;VS2;61.5;57;7.76;7.72;4.76;17343
2.01;Premium;H;SI1;61.8;58;8.13;8.06;5;17347
1.67;Ideal;F;VS2;61.8;57;7.62;7.58;4.7;17351
1.21;Ideal;E;IF;61.8;56;6.81;6.88;4.23;17353
1.93;Premium;H;VS2;62.8;58;7.91;7.86;4.95;17353
2.02;Very Good;I;SI1;60.4;58;8.2;8.16;4.94;17357
1.79;Premium;G;VS2;61.2;58;7.9;7.82;4.81;17358
1.6;Premium;G;VVS1;61.5;58;7.58;7.48;4.63;17360
1.7;Ideal;F;VS2;62.4;57;7.65;7.57;4.75;17360
2.01;Good;I;VS1;62.5;56;7.96;8;4.99;17365
2.39;Ideal;J;VS1;62.1;57;8.53;8.57;5.31;17365
1.59;Ideal;F;VS1;62.9;57;7.38;7.48;4.62;17366
1.95;Very Good;H;VS2;61.7;55;8;8.05;4.95;17374
1.97;Very Good;H;VS2;62.9;59;7.9;8.01;5;17377
2.04;Premium;E;SI2;58.3;58;8.35;8.31;4.86;17379
2.17;Ideal;I;SI1;60.4;56;8.43;8.36;5.07;17381
2.01;Ideal;H;SI1;60.6;57;8.19;8.09;4.92;17383
2.02;Ideal;H;SI1;62;56;8.06;8.13;5.02;17392
1.59;Premium;E;VS1;61.2;58;7.49;7.58;4.61;17393
2.03;Premium;G;SI2;60.1;60;8.27;8.2;4.95;17393
1.69;Good;E;VS1;63.8;56;7.51;7.57;4.81;17400
2.01;Ideal;H;SI1;61.9;57;8.14;8.05;5.01;17403
2.01;Premium;G;SI2;60.1;60;8.25;8.18;4.94;17403
2.01;Ideal;H;SI1;59.3;58;8.25;8.19;4.87;17403
2.01;Ideal;H;SI1;61.6;57;8.1;8.04;4.97;17403
2.5;Fair;F;SI2;65.8;58;8.38;8.31;5.49;17405
2;Good;G;SI1;63.6;61;7.9;7.83;5;17405
2.64;Ideal;H;SI2;62.3;55;8.88;8.83;5.52;17407
2.05;Fair;I;VS1;67.7;58;7.74;7.68;5.22;17408
1.61;Ideal;F;VS1;62;55;7.55;7.52;4.67;17414
2.14;Premium;I;VS2;62.3;58;8.22;8.16;5.1;17416
2.01;Very Good;I;VS2;63.8;59;7.89;7.85;5.02;17422
1.65;Very Good;F;VS1;62.8;56;7.52;7.57;4.74;17425
2.01;Premium;I;VS2;61.1;60;8.06;8.12;4.94;17433
2.19;Ideal;H;SI2;62;56;8.36;8.48;5.22;17433
2.01;Very Good;H;SI1;62.2;60;8.05;8;4.99;17434
2;Premium;I;VS1;61.1;58;8.11;8.08;4.95;17436
1.55;Ideal;D;VS2;62.5;55;7.38;7.43;4.63;17441
1.76;Ideal;G;VS2;60.3;57;7.9;7.83;4.74;17442
2;Good;H;SI1;58;58;8.21;8.26;4.78;17447
2.48;Very Good;I;SI2;63;62;8.58;8.62;5.42;17448
1.5;Good;E;VVS2;64.3;58;7.2;7.13;4.61;17449
2.31;Premium;J;VS1;62.3;61;8.55;8.43;5.29;17451
2.51;Premium;J;SI1;59.6;60;8.84;8.79;5.25;17452
1.56;Ideal;F;VS1;61.7;56;7.48;7.46;4.61;17455
2.01;Premium;H;SI1;59.6;59;8.27;8.19;4.9;17458
2.2;Ideal;H;VS2;61.7;55;8.41;8.38;5.18;17460
2.08;Ideal;H;SI1;61.3;56;8.24;8.27;5.06;17469
2.08;Ideal;H;SI1;61.7;58;8.13;8.21;5.04;17469
2.44;Very Good;J;SI1;62.9;53;8.58;8.62;5.41;17472
2.18;Premium;H;SI2;59.1;60;8.49;8.45;5.01;17473
2.01;Premium;I;SI1;60.2;59;8.18;8.12;4.91;17474
2.18;Very Good;G;SI2;61;60;8.29;8.33;5.07;17475
2.01;Very Good;H;SI1;60.1;60;8.25;8.2;4.94;17476
1.7;Good;D;VS2;63.6;56;7.56;7.5;4.79;17485
2.02;Premium;H;SI1;61.1;60;8.19;8.11;4.98;17489
1.7;Premium;G;VS1;61.2;57;7.73;7.64;4.7;17492
2.01;Ideal;G;SI1;59.2;57;8.23;8.19;4.86;17492
1.31;Premium;D;VVS1;62.8;55;7.01;6.95;4.38;17496
2.01;Good;I;VS2;65;57;7.85;7.99;5.15;17497
1.14;Good;D;IF;61.7;63;6.64;6.74;4.13;17499
2.33;Ideal;I;VS2;62;57;8.52;8.45;5.26;17504
1.91;Very Good;F;SI1;62.2;54;7.91;7.97;4.94;17509
2.14;Premium;G;SI2;60.4;59;8.32;8.38;5.04;17513
2.01;Very Good;F;SI2;62.3;63;8.07;7.96;4.99;17514
1.51;Premium;D;VS1;62.9;54;7.29;7.22;4.56;17515
2.32;Ideal;I;SI2;62;57;8.45;8.49;5.25;17516
2.05;Premium;H;SI1;60.2;58;8.25;8.22;4.96;17521
2.52;Premium;H;SI2;62.4;57;8.72;8.66;5.43;17522
2.01;Ideal;I;VS1;62.5;56;8;7.96;4.99;17523
2.21;Premium;G;SI2;62.4;60;8.34;8.29;5.19;17525
2.02;Very Good;F;SI1;62.7;59;7.97;8.03;5.02;17530
2.02;Good;I;VS1;57.9;63;8.13;8.21;4.73;17533
2.36;Ideal;J;VS2;60.1;59;8.64;8.69;5.21;17534
2;Ideal;F;SI2;62.9;56;7.94;8.01;5.02;17534
1.97;Premium;H;VS2;62.9;59;8.01;7.9;5;17535
2.29;Premium;H;VS2;61.6;60;8.45;8.43;5.2;17539
1.45;Very Good;D;VVS2;62;56;7.25;7.32;4.52;17545
1.57;Ideal;E;VS2;60.5;57;7.53;7.57;4.57;17548
1.59;Premium;E;VS1;61.2;58;7.58;7.49;4.61;17552
1.89;Ideal;H;VS1;61.6;56;7.92;7.95;4.89;17553
2.19;Premium;H;SI2;61.7;58;8.38;8.28;5.14;17554
2.01;Ideal;G;SI2;61.9;57;8;8.08;4.98;17555
1.65;Ideal;G;IF;62.4;55;7.53;7.61;4.72;17569
2.36;Ideal;H;SI2;62.2;55;8.51;8.56;5.3;17569
2.01;Very Good;I;VS2;62.4;58;8.06;7.99;5.01;17570
2;Premium;I;VS2;62.5;57;8.01;7.92;4.98;17574
2.02;Premium;G;SI1;61.8;58;8.16;8.1;4.94;17579
2.02;Very Good;I;VS2;63.1;55;8;8.09;5.08;17581
2.14;Very Good;F;SI2;58.2;61;8.45;8.5;4.93;17582
1.03;Ideal;D;IF;62;56;6.55;6.44;4.03;17590
2.53;Premium;H;SI2;59.6;59;8.9;8.82;5.29;17591
2.01;Premium;I;VS2;61.1;60;8.12;8.06;4.94;17592
1.71;Ideal;G;VS1;62.2;55;7.72;7.65;4.78;17595
1.7;Very Good;F;VS2;60.8;60;7.65;7.68;4.66;17597
1.7;Good;F;VS2;62.2;56;7.54;7.6;4.71;17597
1.38;Very Good;F;IF;58.2;60;7.32;7.39;4.28;17598
2;Good;H;SI1;63.3;59;7.96;8.03;5.06;17600
1.64;Ideal;G;VVS2;61.8;56;7.59;7.6;4.69;17604
1.72;Premium;G;VS1;59.4;60;7.82;7.86;4.66;17605
2.1;Premium;J;VVS1;61.3;58;8.29;8.24;5.07;17606
2;Ideal;I;VS1;62;57;8.04;7.99;4.97;17607
2.48;Premium;I;SI2;63;62;8.62;8.58;5.42;17607
2.52;Good;G;SI2;63.7;59;8.57;8.52;5.44;17608
2.01;Ideal;G;SI2;60.9;55;8.16;8.19;4.98;17609
1.74;Premium;G;VS2;61;58;7.77;7.75;4.73;17614
2.07;Ideal;G;SI2;62.2;54;8.16;8.21;5.09;17614
2.08;Premium;H;SI1;62.6;59;8.1;8.13;5.08;17617
2.2;Premium;H;SI2;62.7;58;8.33;8.27;5.2;17634
2.05;Premium;I;VS1;60.6;60;8.21;8.18;4.97;17640
2.39;Premium;I;VS1;61.2;60;8.63;8.6;5.27;17642
1.51;Ideal;E;VS1;62.2;57;7.37;7.32;4.57;17649
2.06;Premium;G;SI2;62.7;58;8.12;8.09;5.08;17650
2.02;Very Good;F;SI1;60.1;60;8.21;8.29;4.96;17658
1.52;Ideal;D;VS1;61.2;57;7.4;7.46;4.55;17659
1.7;Ideal;F;VS2;61.3;54;7.72;7.67;4.72;17662
1.34;Premium;E;IF;61.8;58;7.15;7.08;4.4;17663
2.29;Premium;H;SI2;62.5;58;8.43;8.37;5.25;17666
1.5;Premium;E;VVS2;58.7;61;7.49;7.36;4.36;17667
2.02;Very Good;H;SI1;63.4;60;7.96;8.04;5.07;17672
2.28;Premium;I;SI1;61.6;58;8.43;8.46;5.2;17673
2.14;Premium;G;SI2;60.4;59;8.38;8.32;5.04;17673
2;Premium;D;SI2;61.6;59;8.09;8.2;5.02;17674
2.01;Very Good;E;SI1;62.7;57;8.03;8.11;5.06;17676
2.32;Ideal;I;SI2;62;57;8.49;8.45;5.25;17676
1.71;Very Good;F;VS1;61.9;61;7.61;7.67;4.73;17685
2.01;Ideal;E;SI2;62.2;57;8.04;8.09;5.02;17688
2.01;Premium;H;SI1;62.7;59;8.03;8.08;5.05;17688
1.51;Very Good;E;VVS2;60.2;61;7.34;7.4;4.44;17689
2.52;Very Good;G;SI2;63.2;58;8.65;8.61;5.45;17689
2.02;Premium;G;SI1;62.8;60;8.02;7.96;5.02;17692
2.12;Very Good;F;SI2;60.6;58;8.27;8.32;5.03;17694
2;Ideal;F;SI2;62;57;8.03;8.1;5;17710
2.11;Ideal;I;VS2;62.2;55;8.2;8.26;5.12;17712
1.99;Fair;H;VS2;60.5;63;8.2;8.11;4.93;17713
2.21;Premium;I;SI1;61.1;59;8.42;8.37;5.13;17714
2.31;Very Good;I;SI1;62.5;55;8.39;8.44;5.26;17715
2;Premium;I;VS2;61.8;56;8.11;8.04;4.99;17716
1.52;Premium;D;VS1;61;59;7.48;7.53;4.5;17723
2;Very Good;G;SI1;63;55;7.96;8.1;5.06;17724
1.65;Ideal;G;IF;62.4;55;7.61;7.53;4.72;17729
2.12;Ideal;F;SI2;62.3;57;8.19;8.22;5.11;17730
2;Good;G;SI1;64.2;59;7.84;7.93;5.06;17740
2.14;Premium;F;SI2;58.2;61;8.5;8.45;4.93;17742
2.01;Premium;F;SI2;61.3;61;8.02;7.96;4.9;17746
2.17;Ideal;I;SI1;60.7;57;8.38;8.42;5.1;17747
2.01;Very Good;I;VS1;59.7;63;8.24;8.15;4.89;17751
2.03;Very Good;G;SI2;62.7;55;8.07;8.14;5.08;17752
2.56;Ideal;J;SI1;61.4;58;8.73;8.76;5.37;17753
2.01;Very Good;E;SI2;59.3;61;8.14;8.19;4.84;17759
2.01;Very Good;H;SI1;62.8;59;7.99;8.04;5.03;17759
2;Premium;E;SI2;62.2;56;8.14;8.06;5.04;17760
2;Very Good;H;SI1;63.3;59;8.03;7.96;5.06;17760
2;Good;E;SI2;57.7;61;8.31;8.19;4.76;17760
2;Good;D;VS2;63.7;60;7.88;7.81;5;17760
2;Ideal;G;VS2;62.3;57;8.06;7.97;4.99;17760
2;Premium;H;SI1;62.6;56;8.01;7.96;5;17760
1.87;Ideal;H;VS1;59.7;60;7.98;8.04;4.78;17761
1.72;Premium;G;VS1;59.4;60;7.86;7.82;4.66;17765
1.71;Premium;F;VS2;61.4;60;7.72;7.62;4.71;17766
2.16;Very Good;I;SI1;58.5;60;8.49;8.54;4.98;17772
1.55;Premium;D;VS1;59.7;60;7.62;7.56;4.53;17773
2.05;Premium;D;SI1;60.4;58;8.26;8.16;4.96;17776
2.08;Premium;H;SI1;62.6;59;8.13;8.1;5.08;17778
2.21;Very Good;I;SI1;62.9;59;8.3;8.34;5.23;17784
2.01;Ideal;F;SI2;61.3;60;8.05;8.1;4.95;17798
2.72;Ideal;J;SI2;62.1;56;8.97;8.93;5.56;17801
1.69;Very Good;E;VS2;62.7;58;7.52;7.6;4.74;17803
2.03;Premium;F;SI1;61.3;59;8.15;8.22;5.02;17803
2.01;Good;G;SI1;63.9;60;7.81;7.75;4.97;17804
2.09;Premium;H;SI2;60.6;59;8.27;8.22;5;17805
2.17;Ideal;H;SI2;62;56;8.25;8.29;5.13;17805
2.05;Very Good;H;SI1;62.5;57;8.09;8.07;5.05;17811
2.11;Premium;G;SI1;61.6;59;8.24;8.19;5.06;17816
2.16;Ideal;H;SI1;61.9;57;8.3;8.38;5.16;17820
1.63;Ideal;E;VS2;61.3;55;7.6;7.63;4.67;17825
2.02;Premium;E;SI2;59.8;58;8.2;8.16;4.89;17825
2.01;Premium;I;VS2;60.3;58;8.22;8.16;4.94;17826
2.36;Ideal;J;VS1;61.6;57;8.6;8.55;5.28;17829
2;Premium;D;SI2;61.6;59;8.2;8.09;5.02;17835
2.1;Very Good;I;VS2;59.4;60;8.39;8.47;5.01;17837
2.01;Ideal;H;VS1;62.9;54;8.01;7.96;5.02;17838
2.09;Premium;F;SI2;61.7;59;8.21;8.23;5.07;17840
2.18;Premium;G;SI2;61.9;60;8.24;8.29;5.12;17841
2.01;Premium;H;SI1;62.7;59;8.08;8.03;5.05;17849
2.01;Ideal;E;SI2;62.2;57;8.09;8.04;5.02;17849
2.01;Premium;H;SI1;61.1;60;8.15;8.11;4.97;17849
2.01;Premium;H;SI1;61.3;59;8.16;8.08;4.98;17849
2.43;Ideal;I;SI2;62.3;59;8.54;8.61;5.34;17856
2.03;Ideal;H;SI1;60.8;57;8.18;8.24;4.99;17864
2;Good;F;SI1;63;64;7.67;7.76;4.86;17869
2.11;Very Good;E;SI2;62.4;61;8.1;8.19;5.08;17871
2;Ideal;F;SI2;62;57;8.1;8.03;5;17871
2.01;Very Good;I;VS1;62.8;59;8.02;8.07;5.05;17877
2.02;Ideal;H;SI1;61.7;57;8.14;8.08;5;17882
2.02;Very Good;H;VS2;61.5;59;8.08;8.21;5.01;17887
1.76;Very Good;G;VVS2;61.1;59;7.81;7.9;4.8;17888
2;Ideal;I;VS1;62;57;8.04;7.99;4.97;17889
2.32;Ideal;J;VS1;62.5;54.5;8.44;8.47;5.28;17891
2.16;Premium;J;VVS1;61.5;58;8.36;8.26;5.11;17891
2.28;Premium;H;SI2;62.1;59;8.4;8.44;5.23;17892
1.7;Ideal;F;VS2;62.3;56;7.61;7.65;4.75;17892
2.01;Ideal;H;SI1;61.9;60;8.09;8.07;5;17892
2.02;Premium;I;VS2;59;59;8.34;8.27;4.9;17893
2.48;Very Good;H;SI1;63.3;56;8.6;8.55;5.43;17893
2.07;Very Good;H;SI1;62.1;59;8.15;8.2;5.08;17893
1.58;Ideal;E;VS1;62.6;56;7.41;7.44;4.65;17894
2.2;Ideal;I;SI1;61.7;55;8.37;8.41;5.18;17895
2;Good;G;VS2;64.1;55;7.94;7.88;5.07;17898
2;Good;G;SI1;64.2;59;7.93;7.84;5.06;17902
1.74;Premium;G;VS1;61.7;58;7.78;7.69;4.77;17904
1.74;Premium;G;VS1;62.4;58;7.71;7.61;4.78;17904
2.2;Premium;I;VS2;58.9;60;8.63;8.52;5.05;17905
1.07;Very Good;D;IF;59;59;6.63;6.72;3.94;17909
2.08;Ideal;I;VS2;62;56;8.16;8.18;5.06;17916
2.01;Fair;G;VS2;67.5;55;7.7;7.79;5.23;17917
2.39;Very Good;J;VS1;59.6;60;8.71;8.77;5.21;17920
2.41;Good;I;SI2;57.7;61;8.87;8.83;5.11;17923
2.57;Premium;D;SI2;58.9;58;8.99;8.94;5.28;17924
2;Good;G;SI1;59.1;61;8.14;8.18;4.82;17930
1.29;Very Good;D;VVS1;60.8;55;7.03;7.12;4.3;17932
2.16;Premium;I;SI1;58.5;60;8.54;8.49;4.98;17934
2.02;Ideal;I;VS1;62.3;59;8.02;8.06;5.01;17936
1.51;Premium;D;VS1;63;52;7.37;7.3;4.62;17936
0.41;Good;G;SI1;64.3;54;4.68;4.72;3.02;646
0.34;Ideal;E;VS2;62;56;4.46;4.48;2.77;646
0.34;Ideal;E;VS2;62.2;57;4.42;4.46;2.76;646
0.28;Premium;E;VVS2;60.1;59;4.22;4.26;2.55;646
0.28;Ideal;E;VVS2;62.1;56;4.19;4.21;2.61;646
0.28;Very Good;E;VVS1;61.1;60;4.17;4.21;2.56;646
0.28;Ideal;E;VVS2;62.4;56;4.16;4.2;2.61;646
0.28;Premium;E;VVS1;61.3;60;4.18;4.21;2.57;646
0.28;Ideal;F;IF;62.4;55;4.17;4.2;2.61;646
0.28;Ideal;E;VVS2;60.3;57;4.21;4.25;2.55;646
0.28;Ideal;E;VVS1;62;56;4.19;4.23;2.61;646
0.31;Ideal;G;VVS2;62.2;53;4.36;4.39;2.72;647
0.34;Ideal;H;SI1;61.5;55;4.53;4.55;2.79;647
0.32;Ideal;G;SI1;61.5;55;4.4;4.44;2.72;647
0.32;Ideal;G;SI1;61.9;55;4.39;4.43;2.73;647
0.29;Ideal;D;VS1;62.9;55;4.25;4.21;2.66;647
0.29;Ideal;D;VS1;61.7;57;4.26;4.23;2.62;647
0.35;Premium;H;SI1;61.3;55;4.58;4.55;2.8;647
0.35;Premium;H;SI1;62.4;58;4.54;4.47;2.81;647
0.35;Very Good;H;SI1;63.2;57;4.51;4.48;2.84;647
0.35;Very Good;H;SI1;63.3;54;4.53;4.51;2.86;647
0.41;Good;J;VS1;63.7;56;4.68;4.71;2.99;647
0.41;Very Good;F;SI2;60.8;58;4.78;4.83;2.92;647
0.41;Very Good;J;VS1;62;55;4.74;4.77;2.95;647
0.41;Very Good;J;VS1;61.3;59;4.74;4.78;2.92;647
0.41;Ideal;J;VS1;62.1;56;4.75;4.79;2.96;647
0.41;Very Good;J;VS1;60.8;61;4.72;4.79;2.89;647
0.41;Ideal;J;VS1;60.2;57;4.81;4.85;2.91;647
0.41;Premium;J;VS1;62.1;58;4.75;4.79;2.96;647
0.41;Ideal;J;VS1;62.7;57;4.72;4.75;2.97;647
2.02;Premium;E;SI2;58.2;60;8.32;8.25;4.82;17938
1.54;Ideal;F;VS1;60.5;56;7.52;7.49;4.54;17949
2.04;Very Good;H;SI1;62.5;61;8.04;8.08;5.04;17952
2.04;Very Good;H;SI1;63;58;8.03;8.1;5.08;17952
2;Very Good;D;SI2;60;56;8.16;8.23;4.92;17953
2.4;Very Good;I;SI2;60.6;58.5;8.59;8.67;5.24;17955
2.39;Ideal;I;VS2;62.2;55;8.58;8.56;5.33;17955
2.05;Ideal;F;SI2;62;56;8.12;8.19;5.06;17957
2.03;Premium;H;VS2;62.6;59;8.06;8.1;5.06;17975
2.01;Ideal;H;VS1;61.9;57;8.15;8.05;5.01;17983
2.08;Ideal;J;IF;61;55;8.32;8.25;5.05;17986
2.01;Premium;G;VS2;61.4;58;8.11;7.99;4.94;17987
2.05;Premium;G;SI2;58.7;60;8.4;8.32;4.91;17988
2.24;Ideal;F;SI2;60.3;59;8.47;8.5;5.12;17989
1.93;Fair;F;VS1;58.9;62;8.17;7.97;4.75;17995
2.54;Very Good;I;SI2;62.4;60;8.58;8.73;5.4;17996
2.09;Ideal;I;VS2;62.5;56;8.13;8.17;5.1;17999
2.35;Premium;H;SI1;62.6;60;8.42;8.38;5.26;17999
2.16;Ideal;G;SI2;62.5;54.2;8.23;8.27;5.16;18001
2.09;Premium;F;SI2;61.7;59;8.23;8.21;5.07;18002
2.18;Premium;G;SI2;61.9;60;8.29;8.24;5.12;18003
2.06;Very Good;G;SI2;62.3;59;8.07;8.2;5.07;18005
2.25;Premium;D;SI2;60.4;59;8.54;8.48;5.13;18007
1.76;Very Good;G;VS1;62.8;55.4;7.7;7.74;4.85;18014
2.05;Ideal;G;SI2;61.6;56;8.11;8.16;5.01;18017
5.01;Fair;J;I1;65.5;59;10.74;10.54;6.98;18018
2.51;Premium;J;VS2;62.2;58;8.73;8.67;5.41;18020
2;Good;H;VS2;63.8;59;7.88;8.01;5.07;18023
2.04;Good;H;SI1;58.4;60;8.31;8.36;4.87;18026
2.03;Ideal;H;SI1;60.8;57;8.24;8.18;4.99;18026
2.32;Fair;H;SI1;62;62;8.47;8.31;5.2;18026
2.32;Premium;I;SI1;61.2;58;8.57;8.52;5.23;18026
2.01;Very Good;H;SI1;58.2;63;8.32;8.23;4.82;18027
2.01;Good;E;SI1;58.7;59;8.23;8.27;4.84;18027
2.26;Very Good;D;SI2;61.6;61;8.47;8.38;5.19;18028
2.51;Very Good;H;SI2;63.6;58;8.51;8.59;5.44;18029
2.16;Ideal;I;SI1;62;56;8.28;8.3;5.14;18029
2.11;Premium;E;SI2;62.4;61;8.19;8.1;5.08;18034
2.25;Premium;I;SI1;60.1;60;8.55;8.51;5.13;18034
2.25;Premium;H;SI2;62.8;59;0;0;0;18034
2.51;Ideal;I;SI2;58.4;62;8.87;8.79;5.15;18037
2.01;Very Good;I;VS1;62.9;59;7.94;8.03;5.02;18041
2.02;Ideal;H;VS2;61.6;56;8.17;8.12;5.02;18050
2.28;Premium;H;SI2;62.1;59;8.44;8.4;5.23;18055
1.7;Ideal;F;VS2;62.3;56;7.65;7.61;4.75;18055
1.58;Ideal;E;VS1;62.6;56;7.44;7.41;4.65;18057
2.2;Ideal;I;SI1;61.7;55;8.41;8.37;5.18;18059
2.21;Ideal;I;SI1;61.6;57;8.38;8.43;5.18;18062
2;Ideal;H;SI1;61.8;57;8.1;8.15;5.02;18062
2.04;Premium;F;SI2;60.2;58;8.17;8.24;4.94;18066
2.19;Very Good;E;SI2;62.4;61;8.23;8.31;5.16;18067
2.29;Very Good;I;SI1;61.8;59;8.44;8.51;5.24;18068
2;Good;F;SI1;62.8;62;8;8.03;5.03;18069
2.11;Very Good;F;SI2;63.5;55;8.08;8.13;5.15;18071
2.01;Good;G;SI1;60.8;61;7.99;8.09;4.89;18077
2.01;Very Good;G;SI1;59.1;57;8.16;8.23;4.84;18077
2.01;Premium;G;SI1;61.8;60;7.99;8.04;4.95;18077
2.02;Ideal;G;VS2;61.7;53;8.14;8.04;4.99;18077
2.32;Ideal;H;SI1;62.6;57;8.46;8.52;5.32;18080
2.51;Very Good;I;SI2;62.3;57;8.69;8.76;5.44;18090
1.51;Premium;F;IF;60.5;61;7.5;7.4;4.45;18102
2.04;Premium;H;VS1;60.7;61;8.18;8.1;4.94;18104
1.7;Very Good;G;VS2;61.9;55;7.64;7.68;4.74;18107
1.7;Very Good;E;VS2;58.6;60;7.91;7.82;4.61;18107
2.3;Ideal;H;SI2;62.6;54;8.42;8.46;5.28;18108
1.14;Very Good;D;IF;59.1;58;6.83;6.9;4.06;18112
2.45;Ideal;J;VS2;60.4;56;8.72;8.81;5.3;18113
1.07;Very Good;D;IF;60.9;58;6.57;6.67;4.03;18114
2.03;Very Good;E;SI2;58.8;59;8.23;8.28;4.85;18115
2.04;Premium;H;SI1;62.5;61;8.08;8.04;5.04;18115
2.04;Premium;H;SI1;63;58;8.1;8.03;5.08;18115
2.02;Premium;E;SI2;61;59;8.18;8.12;4.97;18117
2.12;Very Good;H;SI1;60.7;55;8.28;8.36;5.05;18118
2.33;Very Good;I;SI1;60.7;56;8.55;8.61;5.21;18119
2.03;Very Good;D;SI2;62.4;59;7.98;8.04;5;18120
2.12;Premium;E;SI2;58.3;59;8.48;8.41;4.92;18120
2.1;Ideal;F;SI2;61;60;8.22;8.2;5.01;18124
2.08;Ideal;G;SI2;61.8;56;8.22;8.18;5.07;18124
2.14;Very Good;E;SI2;61.5;58;8.24;8.31;5.09;18125
2.04;Very Good;I;VS1;61.8;60;8.11;8.21;5.04;18127
2.08;Very Good;E;SI2;62.4;60;8.13;8.15;5.08;18128
1.78;Ideal;F;VS2;60.9;56;7.85;7.88;4.79;18128
2.21;Ideal;G;SI2;60.2;60;8.38;8.47;5.07;18128
2.08;Ideal;E;SI2;60.2;60;8.28;8.32;5;18128
2.03;Premium;H;VS2;62.6;59;8.1;8.06;5.06;18139
2.03;Premium;H;VS2;62.1;56;8.2;8.12;5.07;18139
2.23;Premium;I;VS2;61.2;58;8.43;8.36;5.14;18149
2.01;Very Good;H;SI1;59.1;58;8.29;8.36;4.92;18149
2.05;Very Good;H;VS2;61.8;60;8.14;8.19;5.05;18152
2.04;Ideal;G;SI1;61.9;58;8.12;8.16;5.04;18153
1.5;Ideal;F;VVS2;63.1;57;7.32;7.23;4.59;18159
2.12;Premium;G;SI2;62.6;59;8.18;8.12;5.1;18164
2.03;Premium;G;VS2;60.9;59;8.17;8.14;4.97;18166
2.2;Ideal;G;SI2;62;57;8.31;8.27;5.14;18168
2;Ideal;F;SI2;62.6;57;8.08;8.01;5.04;18172
2.01;Ideal;G;VS2;63;56;8;7.93;5.02;18172
1.7;Very Good;E;VS2;58.6;62;7.84;7.92;4.62;18176
1.76;Ideal;G;VS1;62.8;55;7.74;7.7;4.85;18178
1.63;Ideal;F;VS1;61.6;57;7.53;7.61;4.66;18179
2.52;Premium;F;SI2;60.6;60;8.78;8.7;5.3;18179
2.05;Ideal;G;SI2;61.6;56;8.16;8.11;5.01;18181
2.01;Ideal;F;SI2;61.6;55;8.08;8.02;4.97;18183
2;Very Good;G;SI1;62.5;58;7.98;8.04;5.01;18186
2.01;Ideal;H;SI1;62.8;54;8.03;8.08;5.05;18186
2.01;Premium;H;SI1;61.7;60;8.06;7.96;4.94;18188
1.55;Ideal;E;VVS2;62.5;55;7.38;7.4;4.62;18188
2.3;Ideal;I;VS2;62.6;56;8.45;8.4;5.27;18190
2.07;Premium;I;VS2;61.2;58;8.18;8.2;5.01;18193
2.05;Ideal;E;SI1;62.4;57;8.17;8.09;5.08;18193
2.2;Premium;G;SI1;60.5;55;8.49;8.42;5.11;18193
2.07;Ideal;H;SI2;63.5;53;8.12;8.09;5.14;18198
2.01;Premium;I;VS1;62.9;59;8.03;7.94;5.02;18206
2.02;Premium;H;VS2;60.8;62;8.17;8.12;4.95;18207
2.02;Premium;H;VS2;62.7;53;8.02;7.95;0;18207
1.73;Very Good;G;VVS2;62.6;55;7.66;7.76;4.83;18211
2.09;Very Good;I;VS1;62.9;57;8.09;8.13;5.1;18215
2.04;Premium;F;SI2;60.2;58;8.24;8.17;4.94;18231
1.09;Very Good;D;IF;61.7;58;6.55;6.65;4.07;18231
2.19;Premium;E;SI2;62.4;61;8.31;8.23;5.16;18232
2.02;Very Good;H;SI1;59.3;60;8.14;8.21;4.85;18236
2.02;Very Good;H;SI1;59.6;59;8.27;8.35;4.95;18236
2.02;Very Good;H;SI1;61.1;58;8.07;8.16;4.96;18236
2.02;Good;E;SI2;58.8;61;8.21;8.25;4.84;18236
2.3;Premium;I;VS2;61.8;60;8.47;8.39;5.21;18239
3.01;Premium;I;SI2;60.2;59;9.36;9.31;5.62;18242
3.01;Fair;I;SI2;65.8;56;8.99;8.94;5.9;18242
3.01;Fair;I;SI2;65.8;56;8.99;8.94;5.9;18242
3.01;Good;I;SI2;63.9;60;9.06;9.01;5.77;18242
3.01;Good;I;SI2;63.9;60;9.06;9.01;5.77;18242
1.7;Premium;F;VS2;62.8;58;7.61;7.54;4.76;18251
2.01;Ideal;H;SI1;62.2;56;8.03;8.05;5;18252
2.52;Premium;I;SI1;58.5;59;8.9;8.87;5.2;18252
2.53;Premium;H;SI1;62.1;59;8.83;8.73;5.45;18254
2.51;Premium;I;SI2;62.3;57;8.76;8.69;5.44;18255
2.03;Very Good;G;SI1;61.3;59;8.08;8.11;4.96;18257
2.01;Ideal;G;SI2;61.7;57;8.13;8.1;5.01;18259
2.02;Premium;F;SI2;61.3;59;8.15;8.11;4.98;18274
2.13;Ideal;H;SI1;62.2;55;8.2;8.27;5.12;18275
2.21;Ideal;G;SI2;61.9;55;8.4;8.36;5.19;18276
1.7;Ideal;G;VVS1;61;56;7.62;7.67;4.66;18279
1.07;Premium;D;IF;60.9;58;6.67;6.57;4.03;18279
2.08;Very Good;I;VS2;58.9;61;8.35;8.36;4.92;18281
1.62;Ideal;F;VS2;61.2;57;7.52;7.58;4.62;18281
2.03;Premium;D;SI2;62.4;59;8.04;7.98;5;18286
2.14;Premium;E;SI2;61.5;58;8.31;8.24;5.09;18291
2.06;Ideal;G;SI2;62.3;56;8.16;8.09;5.06;18293
1.54;Ideal;G;VVS1;61.4;56;7.42;7.47;4.57;18294
2.01;Ideal;H;SI1;62.1;55;8.12;8.07;5.03;18295
2.01;Premium;H;SI1;61.4;56;8.19;8.13;5.01;18295
2.02;Ideal;G;SI2;62;55;8.16;8.1;5.04;18296
2.24;Ideal;I;SI1;60.5;59;8.45;8.5;5.13;18299
2.3;Ideal;H;SI2;61.6;56;8.48;8.52;5.24;18304
1.93;Ideal;F;SI1;59.5;60;8.1;8.13;4.83;18306
2.51;Fair;H;SI2;64.7;57;8.44;8.5;5.48;18308
2.03;Premium;E;SI2;61.5;59;8.16;8.24;5.04;18310
2.1;Ideal;G;SI2;61.3;55;8.19;8.25;5.04;18312
2.05;Premium;H;VS2;61.8;60;8.19;8.14;5.05;18318
1.61;Ideal;D;VS2;62;55;7.51;7.5;4.67;18318
2.02;Premium;F;SI2;61.7;58;8.11;8.15;5.02;18320
2.02;Ideal;I;VS1;62.1;56;8.13;8.09;5.04;18324
2.5;Good;J;VS2;62;58;8.63;8.6;5.34;18325
2.49;Premium;I;SI2;61.2;56;8.76;8.7;5.34;18325
2.01;Good;H;VS1;57.6;63;8.23;8.25;4.75;18340
2.16;Ideal;I;VS1;62.7;56;8.28;8.2;5.17;18342
1.7;Premium;E;VS2;58.6;62;7.92;7.84;4.62;18342
2.27;Ideal;G;SI1;61.1;60;8.46;8.42;5.16;18343
2.07;Ideal;F;SI2;61.5;55;8.23;8.28;5.08;18344
1.83;Very Good;G;VS2;60.5;59;7.89;7.99;4.8;18358
2.07;Premium;I;VS2;61.2;58;8.2;8.18;5.01;18359
2.22;Ideal;I;VS2;61.3;56;8.36;8.45;5.15;18363
2.2;Premium;I;VS2;62;57;8.38;8.34;5.18;18364
2.6;Ideal;J;SI2;62.5;56;8.81;8.76;5.49;18369
2.06;Ideal;D;SI2;60.3;56;8.29;8.25;4.99;18371
2.32;Very Good;I;SI1;63.2;59;8.55;8.44;5.37;18371
2;Premium;H;SI1;63;56;7.98;7.93;5.01;18371
2;Premium;H;SI1;58.2;60;8.34;8.26;4.83;18371
2.4;Ideal;H;SI2;62;55;8.57;8.6;5.32;18374
2.01;Good;G;SI1;60.1;61;8.04;8.12;4.86;18374
2;Good;F;SI1;63;61;7.85;7.99;4.99;18376
1.73;Premium;G;VVS2;62.6;55;7.76;7.66;4.83;18377
2.09;Very Good;H;SI1;61.1;56;8.23;8.3;5.05;18392
2.01;Ideal;F;SI2;61.7;56;8.12;8.16;5.02;18394
2.01;Ideal;F;SI2;61.9;55;8.1;8.05;5;18395
2.02;Very Good;H;VS2;62.7;58;7.96;8.01;5.01;18398
2.01;Very Good;G;SI1;62.1;60;7.94;8.03;4.96;18398
1.7;Premium;F;VS1;58.5;60;7.83;7.76;4.56;18398
2.08;Very Good;D;SI2;60.1;59;8.29;8.37;5.01;18405
2.11;Very Good;D;SI2;60.9;60;8.21;8.28;5.02;18407
1.54;Ideal;F;VS1;60.3;57;7.49;7.56;4.54;18416
1.79;Premium;G;VS1;61.7;59;7.85;7.74;4.81;18419
1.6;Ideal;F;VS2;62;55;7.49;7.54;4.66;18421
2.03;Premium;G;SI1;61.3;59;8.11;8.08;4.96;18423
2.26;Premium;H;SI1;60.3;58;8.56;8.51;5.15;18426
2.29;Premium;J;IF;61.4;60;8.45;8.49;5.2;18426
2;Premium;E;SI2;61.8;56;8.12;8.05;5;18426
1.79;Very Good;F;VS2;62.8;59;7.7;7.8;4.87;18429
2.44;Very Good;J;VS2;58.1;60;8.89;8.93;5.18;18430
1.74;Very Good;F;VS2;62;57;7.65;7.7;4.76;18430
1.7;Premium;F;VS1;60.6;58;7.68;7.71;4.66;18430
1.72;Ideal;G;VVS2;62;57;7.63;7.72;4.76;18431
2.22;Premium;I;SI1;59.9;59;8.46;8.41;5.05;18432
1.33;Ideal;F;IF;60.2;57;7.12;7.17;4.3;18435
2.06;Premium;G;SI1;61.5;58;8.2;8.15;5.03;18439
2;Ideal;H;SI1;62.8;52;8.05;8.1;5.06;18440
2;Ideal;H;SI1;63.9;54;7.92;8;5.1;18440
2.13;Ideal;H;SI1;62.2;55;8.27;8.2;5.12;18442
2.09;Premium;H;VS2;62.2;58;8.17;8.12;5.06;18443
1.7;Ideal;G;VVS1;61;56;7.67;7.62;4.66;18445
2.5;Premium;I;SI2;59;60;8.76;8.89;5.21;18447
2.08;Premium;I;VS2;58.9;61;8.36;8.35;4.92;18447
2.03;Ideal;F;SI2;63.3;55;7.96;8.05;5.08;18458
2.1;Ideal;H;SI2;63.1;55;8.17;8.13;5.14;18462
2.16;Ideal;J;VS1;61.4;55;8.34;8.27;5.1;18462
2.04;Good;D;SI1;61.9;60;8.15;8.11;5.03;18468
2.15;Ideal;H;SI1;61.5;60;8.17;8.29;5.06;18470
2.09;Good;F;SI2;63.4;55;8.11;8.18;5.16;18472
2.01;Good;H;VS2;64.1;59;7.91;7.85;5.05;18474
2.19;Ideal;H;SI1;60.6;57;8.39;8.35;5.07;18475
2.03;Premium;E;SI2;61.5;59;8.24;8.16;5.04;18477
2.1;Very Good;H;SI1;62.9;57;8.12;8.19;5.13;18480
2.16;Premium;I;VS2;58.7;60;8.54;8.5;5;18481
2.21;Very Good;F;SI2;61;58;8.36;8.43;5.12;18483
2.57;Premium;J;SI1;63;58;8.77;8.65;5.49;18485
2.02;Premium;F;SI2;61.7;58;8.15;8.11;5.02;18487
2.07;Very Good;H;SI1;59.5;59;8.27;8.3;4.92;18489
2;Premium;F;SI1;62.6;59;8.1;8.04;5.05;18493
2.66;Good;H;SI2;64.3;60;8.71;8.65;5.58;18495
2.01;Very Good;I;VS1;63;59;7.87;7.94;4.98;18500
2.01;Very Good;H;VS2;63.2;58;7.93;8.01;5.04;18507
2.03;Very Good;G;SI1;61.7;54;8.07;8.19;5.02;18507
2.32;Very Good;H;SI2;60.6;58;8.56;8.6;5.2;18508
2.37;Ideal;J;SI1;61.9;55;8.53;8.56;5.29;18508
2.09;Very Good;F;SI2;61.3;59;8.19;8.33;5.06;18509
2;Fair;G;VS2;67.6;58;7.65;7.61;5.16;18515
2.38;Premium;H;VS1;60.9;59;8.62;8.59;5.24;18522
2;Very Good;G;SI1;61.8;61;8;8.09;4.97;18524
1.83;Premium;G;VS2;60.5;59;7.99;7.89;4.8;18525
2.14;Very Good;D;SI2;60.3;60;8.31;8.43;5.05;18526
2.14;Ideal;H;SI1;61.5;57;8.36;8.29;5.12;18528
2.22;Ideal;I;VS2;61.3;56;8.45;8.36;5.15;18531
4.5;Fair;J;I1;65.8;58;10.23;10.16;6.72;18531
2.32;Ideal;G;SI2;61;58;8.5;8.54;5.2;18532
2.03;Ideal;F;SI2;61.4;58;8.12;8.16;5;18535
2.4;Good;I;SI1;56.9;62;8.87;8.81;5.03;18541
2.4;Ideal;H;SI2;62;55;8.6;8.57;5.32;18541
1.04;Very Good;D;IF;61.3;56;6.53;6.55;4.01;18542
1.5;Very Good;F;IF;63.2;58;7.2;7.32;4.59;18552
1.72;Very Good;E;VS2;63.4;56;7.65;7.55;4.82;18557
3.04;Premium;I;SI2;59.3;60;9.51;9.46;5.62;18559
2.38;Premium;J;VS2;62.1;58;8.54;8.49;5.29;18559
2.09;Premium;H;SI1;61.1;56;8.3;8.23;5.05;18559
2.01;Good;H;VS2;57.8;60;8.29;8.35;4.81;18561
2.01;Very Good;H;VS2;60.7;56;8.08;8.17;4.93;18561
2.02;Fair;H;VS2;64.5;57;8;7.95;5.14;18565
1.6;Ideal;F;VS1;60.5;57;7.6;7.63;4.61;18571
2.01;Good;G;SI1;63.1;59;7.98;8.03;5.05;18572
2.01;Fair;G;SI1;70.6;64;7.43;6.64;4.69;18574
2.11;Premium;D;SI2;60.9;60;8.28;8.21;5.02;18575
2.03;Ideal;F;SI2;61.6;55;8.19;8.14;5.03;18578
3.01;Good;H;SI2;57.6;64;9.44;9.38;5.42;18593
2.29;Premium;J;IF;61.4;60;8.49;8.45;5.2;18594
1.7;Premium;F;VS1;60.6;58;7.71;7.68;4.66;18598
1.71;Ideal;G;VVS2;62.1;55;7.63;7.66;4.75;18599
2;Ideal;H;SI1;65;61;7.9;7.79;5.11;18604
2.01;Ideal;G;VS2;61.4;54;8.16;8.09;4.99;18607
2.07;Premium;F;SI2;60.7;59;8.21;8.16;4.97;18611
1.49;Ideal;F;VVS2;61.1;58;7.36;7.38;4.5;18614
2.42;Premium;J;VS2;61.3;59;8.61;8.58;5.27;18615
2.01;Good;G;SI1;60.3;60;8.07;8.18;4.9;18625
2.03;Very Good;G;SI1;60.1;60;8.09;8.18;4.89;18630
2.01;Good;H;VS2;63.3;55;7.87;7.94;5;18640
2.09;Very Good;F;SI2;63.4;55;8.18;8.11;5.16;18640
2.1;Ideal;H;SI1;62.9;57;8.19;8.12;5.13;18648
2.29;Premium;I;VS2;60.8;60;8.47;8.5;5.16;18653
2.12;Premium;H;SI1;61.1;60;8.18;8.26;5.02;18656
2.05;Ideal;H;VS2;61.6;57;8.2;8.14;5.03;18659
2.04;Ideal;G;SI1;59;57;8.32;8.37;4.92;18663
2.01;Ideal;D;SI2;62.1;56;8.02;8.11;5.01;18674
2.02;Premium;F;SI2;62.1;56;8.07;7.99;4.99;18678
2.16;Very Good;F;SI2;62.4;59;8.28;8.33;5.18;18678
2.03;Premium;G;VS2;59.6;60;8.27;8.21;4.91;18680
1.42;Ideal;F;VVS1;60.8;56;7.25;7.32;4.43;18682
2.67;Good;F;SI2;63.8;58;8.69;8.64;5.54;18686
1.5;Very Good;G;VS2;60.7;59;7.31;7.38;4.46;18691
2.43;Premium;J;VS2;62.2;57;8.63;8.54;5.34;18692
2.48;Very Good;F;SI2;63.4;56;8.64;8.55;5.45;18692
2.19;Ideal;D;SI2;61.8;57;8.23;8.49;5.17;18693
1.28;Ideal;E;IF;60.7;57;7.09;6.99;4.27;18700
2.02;Ideal;G;VS2;62;57;8.1;8.05;5.01;18700
3.51;Premium;J;VS2;62.5;59;9.66;9.63;6.03;18701
2.01;Premium;G;SI2;61.2;57.2;8.08;8.14;4.97;18705
2.22;Premium;J;VS1;60;60;8.49;8.43;5.08;18706
2.07;Good;I;VS2;61.8;61;8.12;8.16;5.03;18707
2;Very Good;E;SI1;60.5;59;8.09;8.14;4.94;18709
3.01;Premium;J;SI2;60.7;59;9.35;9.22;5.64;18710
3.01;Premium;J;SI2;59.7;58;9.41;9.32;5.59;18710
2.18;Premium;F;SI1;61.2;60;8.38;8.3;5.1;18717
1.7;Premium;G;VVS2;59.8;59;7.7;7.75;4.62;18718
1.51;Ideal;E;VS1;61.5;57;7.34;7.4;4.53;18729
1.72;Premium;G;VVS2;61.8;60;7.65;7.68;4.74;18730
0.38;Ideal;I;VS2;60.5;56;4.71;4.74;2.85;648
0.41;Ideal;J;VS1;61.5;55;4.77;4.79;2.94;648
0.41;Ideal;J;VS1;62.4;55;4.75;4.77;2.97;648
0.41;Ideal;J;VS1;62.7;54;4.75;4.79;2.99;648
0.41;Ideal;J;VS1;61.3;57;4.81;4.84;2.96;648
0.4;Ideal;G;SI2;62.1;57;4.72;4.75;2.94;648
0.41;Ideal;G;SI2;61.5;55;4.76;4.8;2.94;648
0.41;Ideal;G;SI2;61.7;56;4.79;4.81;2.96;648
0.4;Ideal;D;SI2;60.5;57;4.73;4.76;2.87;648
0.32;Ideal;F;SI1;61.6;55;4.41;4.45;2.73;648
0.32;Ideal;F;SI1;61;55;4.45;4.47;2.72;648
0.26;Ideal;G;IF;61.7;54;4.15;4.18;2.57;648
0.26;Ideal;G;IF;60.8;56;4.11;4.15;2.51;648
0.39;Good;I;VS2;62.3;61;4.6;4.61;2.87;648
0.36;Ideal;H;SI1;61.5;57;4.6;4.57;2.82;648
0.36;Ideal;I;VS2;61.8;55;4.61;4.58;2.84;648
0.36;Premium;I;VS2;61.6;58;4.57;4.52;2.8;648
0.36;Good;E;SI2;63.7;54;4.55;4.52;2.89;648
0.32;Ideal;H;VS2;62.5;55;4.42;4.38;2.75;648
0.32;Ideal;H;VS2;62.2;57;4.38;4.36;2.72;648
0.32;Premium;H;VS2;61.9;58;4.39;4.37;2.71;648
0.36;Premium;I;VS2;62.7;59;4.58;4.54;2.86;648
0.36;Premium;H;SI1;63;55;4.54;4.51;2.85;648
0.36;Ideal;H;SI1;62.3;57;4.58;4.54;2.84;648
0.36;Premium;E;SI2;61.5;58;4.61;4.56;2.82;648
0.36;Premium;E;SI2;60.6;59;4.61;4.57;2.78;648
0.36;Premium;E;SI2;62.6;57;4.54;4.5;2.83;648
0.32;Ideal;I;VS1;60.9;56;4.46;4.44;2.71;648
0.32;Premium;I;VS1;59.8;60;4.46;4.44;2.66;648
0.32;Premium;I;VS1;61;60;4.47;4.42;2.71;648
2.02;Very Good;E;SI1;59.8;59;8.11;8.2;4.88;18731
1.94;Premium;F;SI1;62.6;58;7.91;7.87;4.94;18735
2.01;Ideal;G;SI1;62.1;57;8.07;8.09;5.02;18736
2.01;Ideal;G;SI1;62.2;56;8.02;7.97;4.97;18741
2.01;Very Good;G;SI1;63.1;59;8.03;7.98;5.05;18741
2.01;Premium;G;SI1;60.3;59;8.23;8.15;4.94;18741
2.36;Premium;H;SI2;59.4;58;8.69;8.75;5.18;18745
2.61;Ideal;I;SI2;62.1;56;8.85;8.73;5.46;18756
2.03;Ideal;G;SI1;60;55.8;8.17;8.3;4.95;18757
2;Very Good;F;SI1;57.9;60;8.28;8.34;4.81;18759
2.08;Ideal;H;SI1;58.7;60;8.36;8.4;4.92;18760
2.55;Premium;I;VS1;61.8;62;8.7;8.65;5.36;18766
1.71;Ideal;G;VVS2;62.1;55;7.66;7.63;4.75;18768
1.51;Very Good;F;VVS1;62.6;59;7.33;7.24;4.56;18777
2.06;Ideal;I;VS2;62.2;55;8.15;8.19;5.08;18779
1.6;Ideal;F;VS1;62;56;7.47;7.52;4.65;18780
2.03;Very Good;H;SI1;63;60;8;7.93;5.02;18781
2.05;Premium;F;SI2;60.2;59;8.28;8.33;5;18784
2.05;Ideal;G;SI1;61.9;57;8.1;8.16;5.03;18787
2.8;Good;G;SI2;63.8;58;8.9;8.85;0;18788
1.71;Premium;F;VS2;62.3;59;7.57;7.53;4.7;18791
2.15;Ideal;G;SI2;62.6;54;8.29;8.35;5.21;18791
2.04;Premium;H;SI1;58.1;60;8.37;8.28;4.84;18795
2;Premium;I;VS1;60.8;59;8.13;8.02;4.91;18795
2.29;Premium;I;SI1;61.8;59;8.52;8.45;5.24;18797
2;Very Good;H;SI1;62.8;57;7.95;8;5.01;18803
2.07;Ideal;G;SI2;62.5;55;8.2;8.13;5.11;18804
1.51;Ideal;G;IF;61.7;55;7.37;7.41;4.56;18806
2;Very Good;G;SI1;63.5;56;7.9;7.97;5.04;18818
2.29;Premium;I;VS2;60.8;60;8.5;8.47;5.16;18823
0.32;Very Good;I;VS1;63.2;54;4.42;4.38;2.78;648
0.32;Premium;I;VS1;62.6;58;4.4;4.38;2.75;648
0.32;Very Good;I;VS1;63.1;56;4.4;4.38;2.77;648
0.32;Ideal;I;VS1;62.3;57;4.42;4.37;2.74;648
0.32;Ideal;I;VS1;62.4;54;4.39;4.36;2.73;648
0.32;Premium;I;VS1;61.9;58;4.4;4.36;2.71;648
0.32;Premium;I;VS1;62;58;4.4;4.37;2.72;648
0.32;Ideal;I;VS1;62.4;56;4.37;4.31;2.71;648
0.32;Premium;I;VS1;61.3;58;4.39;4.35;2.68;648
0.32;Premium;H;VS2;59.5;58;4.5;4.47;2.67;648
0.32;Premium;H;VS2;60.5;59;4.43;4.39;2.67;648
0.32;Ideal;H;VS2;61.3;55;4.44;4.4;2.71;648
0.32;Premium;H;VS2;60.7;58;4.46;4.43;2.7;648
0.32;Premium;H;VS2;60.6;58;4.47;4.44;2.7;648
0.32;Premium;H;VS2;60.6;58;4.47;4.44;2.7;648
0.32;Ideal;H;VS2;62;55;4.42;4.39;2.73;648
0.32;Premium;H;VS2;60.7;60;4.41;4.39;2.67;648
0.32;Premium;H;VS2;60.7;61;4.41;4.39;2.67;648
0.32;Premium;H;VS2;61.4;60;4.41;4.39;2.7;648
0.32;Premium;H;VS2;62.7;54;4.41;4.39;2.76;648
0.32;Ideal;H;VS2;62;55;4.4;4.38;2.72;648
0.32;Ideal;H;VS2;62.8;55;4.41;4.38;2.76;648
0.32;Premium;H;VS2;61.7;59;4.4;4.35;2.7;648
0.32;Premium;H;VS2;61;60;4.41;4.35;2.67;648
0.32;Premium;H;VS2;62.3;57;4.39;4.37;2.73;648
0.32;Ideal;H;VS2;62.1;56;4.42;4.37;2.73;648
0.32;Ideal;H;VS2;61.5;56;4.4;4.38;2.7;648
0.32;Ideal;H;VS2;62;57;4.39;4.35;2.71;648
0.32;Ideal;H;VS2;63;57;4.38;4.35;2.75;648
0.32;Premium;H;VS2;62.5;59;4.38;4.33;2.72;648
0.32;Premium;H;VS2;62.4;58;4.36;4.33;2.71;648
0.32;Very Good;H;VS2;63.1;55;4.36;4.33;2.74;648
0.3;Good;G;VS2;58.5;64;4.42;4.37;2.57;648
0.32;Ideal;H;VS2;63;57;4.37;4.33;2.74;648
0.44;Very Good;F;SI2;62.8;60;4.82;4.86;3.04;648
0.41;Premium;H;SI2;60.9;60;4.84;4.81;2.94;649
0.37;Premium;E;SI1;61.8;58;4.59;4.64;2.85;649
0.37;Ideal;E;SI1;61.9;56;4.57;4.6;2.84;649
0.37;Ideal;E;SI1;62.7;54;4.55;4.6;2.87;649
0.37;Premium;E;SI1;59.3;58;4.73;4.75;2.81;649
0.37;Very Good;G;VS2;60.7;57;4.64;4.69;2.83;649
0.37;Premium;G;VS2;61.3;60;4.6;4.63;2.83;649
0.37;Ideal;G;VS2;62.2;57;4.59;4.64;2.87;649
0.37;Very Good;G;VS2;62.8;60;4.55;4.59;2.87;649
0.37;Very Good;G;VS2;61.2;57;4.59;4.63;2.82;649
0.37;Premium;G;VS2;59.3;60;4.67;4.71;2.78;649
0.37;Very Good;E;SI1;60.6;54;4.63;4.68;2.82;649
0.37;Premium;G;VS2;60.1;59;4.64;4.68;2.8;649
0.37;Ideal;G;VS2;60.8;57;4.61;4.66;2.82;649
0.37;Very Good;E;SI1;59.9;59;4.68;4.7;2.81;649
0.37;Premium;H;VS1;60.9;60;4.6;4.63;2.81;649
0.37;Ideal;G;VS2;61.5;56;4.59;4.64;2.84;649
0.37;Ideal;G;VS2;61.3;57;4.6;4.64;2.83;649
0.37;Premium;G;VS2;61.2;60;4.58;4.63;2.82;649
0.35;Very Good;H;VVS2;61;57;4.54;4.57;2.77;650
0.3;Very Good;D;VS2;62.9;55;4.25;4.27;2.68;650
0.3;Ideal;G;VVS2;61.9;57;4.3;4.33;2.66;650
0.23;Ideal;F;VVS2;61.6;54;3.97;3.99;2.45;650
0.3;Ideal;H;VVS1;61.5;55;4.31;4.35;2.66;650
0.3;Ideal;H;VVS1;62.3;57;4.25;4.28;2.65;650
0.3;Ideal;H;VVS1;61.1;56;4.33;4.37;2.66;650
0.28;Ideal;G;VVS1;61.8;55;4.19;4.23;2.6;650
0.28;Ideal;G;IF;61.3;57;4.25;4.27;2.6;650
0.28;Ideal;G;IF;61.5;57;4.19;4.21;2.58;650
0.28;Ideal;G;IF;62.4;55;4.17;4.2;2.61;650
0.28;Ideal;G;IF;60.9;57;4.24;4.27;2.59;650
0.34;Ideal;G;SI1;61.2;57;4.56;4.53;2.78;650
0.34;Good;G;SI1;63.9;58;4.43;4.4;2.82;650
0.34;Premium;G;SI1;59.7;59;4.54;4.5;2.7;650
0.34;Premium;G;SI1;60.8;59;4.56;4.46;2.74;650
0.34;Premium;G;SI1;61.5;56;4.52;4.45;2.76;650
0.34;Very Good;G;SI1;63.4;57;4.45;4.42;2.81;650
0.34;Premium;D;SI2;59.2;59;4.58;4.54;2.7;650
0.34;Premium;D;SI2;60.7;61;4.51;4.45;2.72;650
0.34;Premium;D;SI2;60.6;60;4.53;4.48;2.73;650
0.34;Premium;D;SI2;60.8;60;4.53;4.49;2.74;650
0.39;Very Good;I;VS2;62.9;57;4.64;4.68;2.93;650
0.39;Premium;H;SI1;62;60;4.65;4.71;2.9;650
0.39;Very Good;E;SI2;63;61;4.62;4.65;2.92;650
0.38;Ideal;H;SI1;61.2;56;4.63;4.68;2.85;650
0.31;Very Good;G;VVS2;62.2;56;4.31;4.34;2.69;651
0.31;Very Good;H;VVS1;61.3;56;4.35;4.38;2.67;651
0.31;Very Good;H;VVS1;61.2;56;4.37;4.39;2.68;651
0.31;Very Good;H;VVS1;61.9;57;4.33;4.36;2.69;651
0.41;Very Good;J;IF;60.8;56;4.83;4.87;2.95;651
0.31;Good;H;VS1;59.2;65;4.42;4.33;2.59;651
0.39;Ideal;I;VS2;61.5;55;4.7;4.73;2.9;651
0.36;Ideal;H;VS1;61.5;55;4.59;4.62;2.83;651
0.4;Ideal;G;SI2;60.6;56;4.82;4.79;2.91;651
0.39;Ideal;D;SI2;61.6;56;4.69;4.72;2.9;651
0.31;Good;E;VS2;59.1;56;4.41;4.46;2.62;651
0.31;Premium;E;SI1;61.2;58;4.38;4.34;2.67;651
0.31;Premium;E;SI1;58.7;60;4.48;4.45;2.62;651
0.31;Very Good;G;VS2;63.2;58;4.3;4.28;2.71;651
0.31;Premium;E;SI1;63;58;4.31;4.29;2.71;651
0.31;Very Good;E;SI1;63.4;55;4.29;4.26;2.71;651
0.3;Ideal;D;VS1;62.2;56;4.27;4.31;2.67;651
0.3;Ideal;D;VS1;61;57;4.31;4.32;2.63;651
0.33;Very Good;G;VS1;61;57;4.46;4.49;2.72;652
0.31;Ideal;H;VVS2;61.7;55.8;4.35;4.39;2.69;652
0.34;Ideal;H;VVS2;60.9;55;4.52;4.54;2.75;652
0.31;Ideal;G;VS2;61.8;53;4.35;4.39;2.7;652
0.31;Ideal;G;VS2;61.5;56;4.34;4.36;2.68;652
0.3;Ideal;E;VS2;62.1;53.6;4.3;4.35;2.69;652
0.31;Ideal;G;VS1;61.3;56.4;4.36;4.39;2.69;652
0.3;Ideal;F;VS1;61.6;54.7;4.33;4.34;2.67;652
0.3;Ideal;F;VS1;62.2;54.4;4.3;4.33;2.68;652
0.32;Ideal;F;VS1;61.1;57;4.42;4.45;2.71;652
0.3;Ideal;F;VS1;61.9;55.1;4.31;4.34;2.68;652
0.3;Ideal;F;VS1;62.3;53.8;4.3;4.33;2.69;652
0.33;Good;D;VS2;61.8;61;4.4;4.44;2.73;652
0.31;Ideal;I;IF;61.3;57;4.34;4.4;2.68;652
0.31;Ideal;I;IF;62.2;54;4.36;4.39;2.72;652
0.31;Good;D;VS1;61.7;61;4.32;4.34;2.67;653
0.32;Ideal;G;SI1;61.4;56;4.44;4.42;2.72;653
0.3;Very Good;E;VS1;61.4;59;4.32;4.28;2.64;653
0.3;Very Good;E;VS1;60.2;57;4.37;4.3;2.61;653
0.38;Ideal;E;SI1;61.4;57;4.64;4.67;2.86;653
0.42;Good;D;SI2;63.1;56;4.74;4.8;3.01;653
0.38;Premium;F;SI1;62;58;4.6;4.63;2.86;653
0.42;Good;H;SI1;63.6;57;4.74;4.79;3.03;653
0.42;Good;D;SI2;63.2;57;4.75;4.77;3.01;653
0.42;Very Good;E;SI2;58.8;60;4.86;4.9;2.87;653
0.42;Premium;E;SI2;60.1;58;4.87;4.91;2.94;653
0.3;Very Good;F;VS1;61.5;56;4.31;4.34;2.66;654
0.44;Ideal;H;SI2;62.3;54;4.89;4.93;3.06;654
0.4;Ideal;G;SI2;61.8;56;4.75;4.77;2.94;654
0.41;Ideal;E;SI2;61.5;58;4.79;4.83;2.96;654
0.42;Ideal;I;SI1;62.3;54;4.82;4.84;3.01;654
0.4;Ideal;I;SI1;62.2;55;4.72;4.77;2.95;654
0.39;Ideal;H;SI1;61.9;55.7;4.66;4.71;2.9;654
0.41;Good;E;SI1;63.5;55;4.73;4.75;3.01;654
0.3;Very Good;G;VVS2;62.3;57;4.26;4.28;2.66;655
0.3;Very Good;H;VVS1;62.8;56;4.26;4.28;2.68;655
0.36;Ideal;I;VVS2;61.5;57;4.55;4.58;2.8;655
0.3;Ideal;G;VVS2;62.5;53;4.31;4.33;2.7;655
0.3;Ideal;G;VVS2;60.7;58;4.34;4.36;2.64;655
0.3;Ideal;G;VVS2;61.6;57;4.28;4.32;2.65;655
0.3;Ideal;G;VVS2;62.2;57;4.25;4.3;2.66;655
0.3;Ideal;H;VVS1;61.2;57;4.3;4.39;2.66;655
0.44;Ideal;F;SI2;61.7;54;4.9;4.92;3.03;655
0.32;Ideal;I;IF;62.1;54;4.39;4.43;2.74;655
0.32;Ideal;I;IF;61.6;56;4.4;4.43;2.72;655
0.32;Ideal;I;IF;61.4;57;4.39;4.44;2.71;655
0.32;Ideal;I;IF;61.7;55;4.4;4.42;2.72;655
0.39;Ideal;E;I1;62.8;57;4.66;4.61;2.91;655
0.4;Very Good;I;VS2;61.4;57.6;4.73;4.78;2.92;655
0.4;Good;G;SI1;63.2;58;4.61;4.7;2.94;655
0.4;Good;G;SI1;63.1;56;4.72;4.75;2.99;655
0.4;Good;G;SI1;63.3;58;4.66;4.69;2.96;655
0.4;Good;G;SI1;63.4;58;4.66;4.71;2.97;655
0.4;Very Good;G;SI1;59.6;61;4.74;4.76;2.83;655
0.32;Very Good;E;VS2;61.3;57;4.38;4.41;2.69;656
0.41;Very Good;G;SI2;59.9;60;4.82;4.86;2.9;656
0.42;Very Good;D;SI2;62.9;55;4.78;4.82;3.02;656
0.31;Ideal;D;VS2;61;54;4.38;4.44;2.69;656
0.41;Ideal;D;SI2;62.6;57;4.72;4.77;2.97;656
0.26;Very Good;F;VVS2;61.4;56;4.14;4.17;2.55;657
0.26;Very Good;F;VVS2;62.6;56;4.09;4.11;2.56;657
0.26;Very Good;F;VVS1;61.7;57;4.09;4.13;2.53;657
0.26;Very Good;F;VVS1;60.6;56;4.12;4.16;2.51;657
0.26;Very Good;F;VVS1;62;55;4.08;4.13;2.54;657
0.26;Very Good;E;VVS1;61.5;56;4.1;4.15;2.53;657
0.26;Ideal;E;VVS1;62.5;56;4.09;4.12;2.56;657
0.34;Ideal;G;VS1;61.4;56;4.52;4.54;2.78;657
0.26;Ideal;F;IF;61.6;56;4.07;4.11;2.52;657
0.32;Very Good;D;VS2;62.9;59;4.36;4.39;2.75;657
0.32;Ideal;D;VS2;61.8;55;4.41;4.43;2.73;657
0.32;Good;D;VS2;63.6;55;4.35;4.42;2.79;657
0.32;Ideal;E;VS1;59.5;57;4.45;4.49;2.66;657
0.37;Very Good;G;VS1;58.4;59;4.76;4.69;2.76;657
0.35;Very Good;G;VS2;60.2;60;4.54;4.6;2.75;658
0.26;Very Good;D;SI1;59.7;58;4.16;4.22;2.5;658
0.4;Ideal;J;VS1;62.2;54.3;4.73;4.75;2.95;658
0.31;Ideal;G;VS1;61.5;54;4.39;4.43;2.71;658
0.38;Ideal;G;SI1;60.4;58;4.7;4.74;2.85;658
0.38;Premium;J;SI1;61.3;59;4.68;4.62;2.85;658
0.38;Premium;E;SI1;58.1;58;4.85;4.79;2.8;658
0.38;Ideal;E;SI1;61.7;58;4.71;4.63;2.88;658
0.32;Good;E;VS2;64.1;54;4.32;4.36;2.78;658
0.35;Good;H;SI2;63.2;61;4.47;4.49;2.83;429
0.26;Very Good;H;VS1;62.9;54;4.06;4.08;2.56;430
0.24;Very Good;E;VS1;61.7;60;3.97;4;2.46;430
0.31;Ideal;I;SI1;61.4;56;4.35;4.38;2.68;430
0.32;Ideal;H;SI1;61.2;56;4.43;4.46;2.72;430
0.28;Ideal;G;SI1;60.7;56;4.25;4.28;2.59;430
0.25;Ideal;F;SI1;61.5;56;4.06;4.09;2.5;430
0.25;Ideal;F;SI1;60.1;56;4.11;4.13;2.48;430
0.31;Very Good;J;SI2;63.3;58;4.35;4.34;2.75;430
0.23;Very Good;H;VVS2;62.4;55;3.91;3.94;2.45;431
0.23;Very Good;H;VVS2;62.6;56;3.92;3.95;2.46;431
0.23;Very Good;G;VVS2;62.9;55;3.88;3.92;2.45;431
0.23;Very Good;G;VVS2;62.6;54;3.91;3.95;2.46;431
0.23;Very Good;G;VVS2;62.3;57;3.9;3.92;2.43;431
0.23;Very Good;G;VVS2;62.8;55;3.93;3.95;2.47;431
0.25;Ideal;H;VS1;61.7;57;4.04;4.07;2.5;431
0.31;Premium;G;SI1;61.8;58;4.32;4.35;2.68;431
0.31;Good;G;SI1;63.3;57;4.3;4.33;2.73;431
0.3;Very Good;G;SI1;62.4;54;4.33;4.35;2.71;432
0.3;Very Good;G;SI1;62.5;56;4.27;4.3;2.68;432
0.3;Very Good;G;SI1;61;58;4.3;4.32;2.63;432
0.3;Very Good;G;SI1;62.1;58;4.26;4.28;2.65;432
0.27;Ideal;I;VS1;61.6;56;4.15;4.19;2.57;432
0.27;Ideal;I;VS1;61.9;54;4.14;4.19;2.58;432
0.27;Ideal;I;VS1;62.5;54;4.16;4.19;2.61;432
0.27;Ideal;I;VS1;61.9;54;4.15;4.18;2.58;432
0.27;Ideal;I;VS1;61.9;55;4.16;4.18;2.58;432
0.27;Ideal;I;VS1;62;56;4.16;4.19;2.59;432
0.27;Ideal;I;VS1;61.3;57;4.16;4.19;2.56;432
0.27;Ideal;I;VS1;62.2;54;4.16;4.2;2.6;432
0.3;Premium;E;VS2;59.9;59;4.33;4.38;2.61;658
0.3;Ideal;E;VS2;62.1;56;4.25;4.31;2.66;658
0.3;Very Good;E;VS2;62.4;56;4.26;4.33;2.68;658
0.3;Very Good;E;VS2;62.8;59;4.24;4.26;2.67;658
0.3;Premium;F;VS1;61.5;59;4.31;4.33;2.66;658
0.3;Ideal;E;VS2;62.6;54;4.28;4.31;2.69;658
0.3;Ideal;E;VS2;61.5;55;4.28;4.31;2.64;658
0.3;Ideal;E;VS2;61.8;55;4.33;4.35;2.68;658
0.3;Premium;E;VS2;62.6;58;4.26;4.3;2.68;658
0.3;Premium;E;VS2;59.2;59;4.37;4.41;2.6;658
0.3;Premium;E;VS2;62;59;4.27;4.31;2.66;658
0.3;Ideal;E;VS2;62;56;4.31;4.34;2.68;658
0.3;Premium;E;VS2;62.2;60;4.24;4.28;2.65;658
0.3;Ideal;E;VS2;61.5;56;4.29;4.33;2.65;658
0.3;Ideal;E;VS2;61.3;57;4.29;4.33;2.64;658
0.3;Very Good;E;VS2;62.4;56;4.25;4.28;2.66;658
0.3;Ideal;E;VS2;62.1;55;4.32;4.35;2.69;658
0.3;Very Good;E;VS2;62.4;57;4.24;4.29;2.66;658
0.3;Ideal;E;VS2;61.5;55;4.31;4.34;2.66;658
0.3;Ideal;E;VS2;61.8;56;4.31;4.33;2.67;658
0.3;Ideal;E;VS2;62;55;4.3;4.35;2.68;658
0.3;Ideal;E;VS2;61.6;56;4.27;4.3;2.64;658
0.3;Very Good;E;VS2;62.6;58;4.25;4.28;2.67;658
0.3;Premium;E;VS2;62.3;58;4.28;4.32;2.68;658
0.3;Ideal;E;VS2;61.5;55;4.32;4.4;2.68;658
0.3;Ideal;E;VS2;62;55;4.27;4.31;2.66;658
0.3;Ideal;E;VS2;62.1;55;4.28;4.32;2.67;658
0.3;Very Good;E;VS2;62.1;59;4.27;4.29;2.66;658
0.3;Very Good;E;VS2;61.8;58;4.26;4.28;2.64;658
0.3;Ideal;E;VS2;62.3;56;4.28;4.32;2.68;658
0.3;Ideal;E;VS2;62;55;4.25;4.3;2.65;658
0.3;Premium;E;VS2;62;60;4.23;4.26;2.63;658
0.3;Premium;E;VS2;60.4;58;4.3;4.34;2.61;658
0.3;Ideal;E;VS2;62.2;56;4.28;4.3;2.67;658
0.3;Premium;E;VS2;61.8;58;4.31;4.36;2.68;658
0.3;Ideal;E;VS2;61.2;55;4.31;4.35;2.65;658
0.3;Very Good;E;VS2;61.9;61;4.28;4.32;2.66;658
0.3;Premium;E;VS2;61.7;58;4.32;4.34;2.67;658
0.3;Premium;E;VS2;62.4;59;4.26;4.3;2.67;658
0.3;Premium;E;VS2;62.5;58;4.26;4.31;2.68;658
0.3;Very Good;E;VS2;62.3;57;4.27;4.3;2.67;658
0.3;Ideal;E;VS2;61.8;57;4.3;4.34;2.67;658
0.3;Premium;E;VS2;61.6;58;4.31;4.33;2.66;658
0.3;Premium;E;VS2;59.1;58;4.37;4.39;2.59;658
0.3;Ideal;E;VS2;61.4;55;4.32;4.34;2.66;658
0.3;Premium;E;VS2;60;60;4.36;4.4;2.63;658
0.3;Ideal;E;VS2;61;56;4.33;4.36;2.65;658
0.3;Ideal;E;VS2;62.6;56;4.29;4.34;2.7;658
0.3;Premium;E;VS2;62.5;59;4.27;4.3;2.68;658
0.3;Premium;E;VS2;60.7;59;4.3;4.33;2.62;658
0.3;Ideal;E;VS2;61.6;55;4.31;4.33;2.66;658
0.3;Very Good;E;VS2;62.9;58;4.22;4.24;2.66;658
0.3;Premium;E;VS2;61.9;59;4.29;4.33;2.67;658
0.3;Ideal;E;VS2;61.8;56;4.3;4.34;2.67;658
0.3;Ideal;E;VS2;62.6;54;4.29;4.33;2.7;658
0.3;Ideal;E;VS2;62.3;56;4.3;4.34;2.69;658
0.3;Very Good;E;VS2;61.7;61;4.28;4.31;2.65;658
0.3;Ideal;E;VS2;60.2;57;4.36;4.38;2.63;658
0.3;Ideal;E;VS2;62;56;4.3;4.34;2.68;658
0.3;Ideal;E;VS2;62.3;57;4.29;4.32;2.68;658
0.3;Very Good;F;VS1;61.9;59;4.26;4.3;2.65;658
0.3;Premium;E;VS2;60;58;4.37;4.4;2.63;658
0.3;Ideal;F;VS1;61.4;56;4.33;4.37;2.67;658
0.3;Very Good;E;VS2;62;58;4.26;4.29;2.65;658
0.3;Ideal;E;VS2;62.6;56;4.29;4.33;2.7;658
0.3;Ideal;E;VS2;62.4;57;4.29;4.33;2.69;658
0.3;Very Good;E;VS2;62.4;57;4.24;4.26;2.65;658
0.3;Premium;F;VS1;60.5;60;4.29;4.31;2.6;658
0.3;Premium;E;VS2;62.1;58;4.29;4.31;2.67;658
0.3;Ideal;E;VS2;61.5;55;4.29;4.33;2.65;658
0.3;Ideal;E;VS2;62.1;55;4.3;4.33;2.68;658
0.3;Very Good;E;VS2;62.9;58;4.22;4.27;2.67;658
0.3;Very Good;E;VS2;62.8;56;4.28;4.32;2.7;658
0.3;Ideal;E;VS2;61.7;55;4.3;4.32;2.66;658
0.3;Ideal;E;VS2;62.5;56;4.28;4.3;2.68;658
0.3;Ideal;F;VS1;62;55;4.3;4.34;2.68;658
0.3;Ideal;E;VS2;61.8;56;4.29;4.32;2.66;658
0.34;Very Good;E;VS2;59.8;62;4.52;4.54;2.71;659
0.41;Ideal;G;SI2;62.1;53.6;4.75;4.79;2.96;659
0.41;Good;F;SI1;64.4;56;4.69;4.72;3.03;659
0.41;Fair;H;SI1;65.4;61;4.51;4.63;2.99;659
0.38;Good;I;SI1;63.7;57;4.63;4.57;2.93;659
0.27;Ideal;E;VVS1;61.7;57;4.14;4.16;2.56;659
0.35;Very Good;G;VS1;62.6;56;4.49;4.52;2.82;659
0.33;Very Good;D;VS2;62.9;54;4.4;4.44;2.78;660
0.29;Very Good;G;VS1;58.1;59;4.39;4.42;2.56;660
0.32;Very Good;G;VS1;60.8;56;4.45;4.48;2.71;660
0.32;Very Good;G;VS1;61.9;56;4.41;4.45;2.74;660
0.3;Very Good;E;VS1;63.4;55;4.26;4.29;2.71;660
0.38;Very Good;F;SI1;61.5;54;4.69;4.71;2.89;660
0.31;Ideal;H;VVS1;62;54.2;4.35;4.39;2.71;660
0.38;Ideal;H;VS2;62.4;56;4.62;4.65;2.89;660
0.33;Ideal;F;VS2;62;54.2;4.42;4.45;2.75;660
0.32;Ideal;F;VS2;61.5;55;4.4;4.44;2.72;660
0.32;Ideal;F;VS2;61.4;57;4.4;4.43;2.71;660
0.42;Ideal;D;SI2;62;54;4.8;4.85;2.99;660
0.42;Ideal;D;SI2;61.1;55;4.82;4.86;2.96;660
0.38;Ideal;F;SI1;62.2;54;4.64;4.66;2.89;660
0.38;Ideal;F;SI1;61.1;57;4.7;4.72;2.88;660
0.38;Ideal;E;SI1;62.1;55;4.64;4.67;2.89;660
0.38;Ideal;E;SI1;62.3;53;4.65;4.69;2.91;660
0.31;Ideal;E;SI1;61.5;55;4.37;4.41;2.7;660
0.38;Ideal;E;SI1;59.4;61;4.72;4.74;2.81;660
0.31;Ideal;E;SI1;61.1;56;4.39;4.41;2.69;660
0.31;Good;F;VVS2;63.6;55;4.29;4.33;2.74;660
0.31;Ideal;H;VVS1;61.6;57;4.32;4.35;2.67;660
0.31;Ideal;G;VVS2;62.7;57;4.32;4.35;2.72;660
0.39;Very Good;H;VS2;60.7;56;4.77;4.79;2.9;661
0.32;Very Good;E;VS1;62.9;57;4.36;4.39;2.75;661
0.39;Very Good;F;SI1;60;55;4.76;4.79;2.86;661
0.31;Ideal;G;VVS2;60;58;4.38;4.42;2.64;661
0.43;Good;G;SI2;58.8;61;4.92;4.94;2.9;661
0.3;Premium;D;VS1;60.7;58;4.34;4.36;2.64;661
0.3;Ideal;D;VS1;61.8;56;4.3;4.34;2.67;661
0.3;Very Good;D;VS1;59.4;60;4.34;4.38;2.59;661
0.3;Ideal;D;VS1;62;54;4.3;4.34;2.68;661
0.38;Very Good;H;SI1;60.1;57;4.73;4.75;2.85;662
0.4;Ideal;J;VVS2;61.8;55;4.76;4.79;2.95;662
0.4;Ideal;J;VVS2;61.9;55;4.74;4.79;2.95;662
0.4;Ideal;J;VVS2;62.5;53;4.74;4.79;2.98;662
0.4;Ideal;J;VVS2;61.8;55;4.76;4.79;2.95;662
0.32;Ideal;E;VS2;61;56;4.4;4.42;2.69;662
0.31;Ideal;D;VS2;62.4;57;4.34;4.31;2.7;662
0.3;Premium;D;SI1;58.8;57;4.44;4.4;2.6;662
0.3;Premium;D;SI1;62.1;59;4.31;4.29;2.67;662
0.3;Very Good;D;SI1;63.4;54;4.31;4.27;2.72;662
0.3;Very Good;D;SI1;63.1;56;4.28;4.24;2.69;662
0.3;Very Good;D;SI1;63.4;55;4.26;4.22;2.69;662
0.3;Fair;F;VS2;64.5;55;4.31;4.19;2.74;662
0.4;Good;E;SI1;64.2;57;4.66;4.68;3;662
0.3;Ideal;E;VS1;62.1;54.2;4.3;4.32;2.68;663
0.38;Ideal;E;SI2;62.2;56;4.64;4.66;2.89;663
0.31;Premium;F;SI1;62.7;58;4.33;4.31;2.71;663
0.31;Ideal;F;SI1;60.5;57;4.43;4.4;2.67;663
0.31;Premium;F;SI1;60.5;60;4.39;4.37;2.65;663
0.31;Premium;F;SI1;60.7;58;4.38;4.35;2.65;663
0.31;Ideal;F;SI1;62.9;57;4.34;4.31;2.72;663
0.31;Very Good;F;SI1;63.5;56;4.33;4.3;2.74;663
0.31;Very Good;F;SI1;63.2;56;4.31;4.27;2.71;663
0.31;Very Good;F;SI1;63.1;57;4.31;4.28;2.71;663
0.31;Very Good;F;SI1;63.1;55;4.34;4.28;2.72;663
0.34;Ideal;G;VS2;62.4;57;4.48;4.46;2.79;663
0.31;Ideal;F;SI1;62.3;56;4.35;4.32;2.7;663
0.31;Premium;F;SI1;60.6;60;4.37;4.34;2.64;663
0.36;Good;D;SI1;63.1;55;4.54;4.59;2.88;663
0.3;Very Good;D;VS2;62;62;4.24;4.27;2.64;663
0.36;Premium;D;SI1;61.5;59;4.52;4.55;2.79;663
0.36;Ideal;D;SI1;61.6;56;4.54;4.58;2.81;663
0.36;Ideal;D;SI1;62.7;57;4.54;4.59;2.86;663
0.42;Ideal;J;VS1;60.9;57;4.83;4.86;2.95;663
0.36;Premium;D;SI1;61.4;58;4.56;4.59;2.81;663
0.36;Ideal;D;SI1;62;56;4.55;4.61;2.84;663
0.36;Good;D;SI1;63.4;57;4.55;4.57;2.89;663
0.36;Ideal;D;SI1;59.5;56;4.63;4.68;2.77;663
0.36;Ideal;D;SI1;62.5;56;4.55;4.57;2.85;663
0.42;Ideal;F;SI2;62.1;56;4.8;4.83;2.99;663
0.36;Ideal;D;SI1;62.7;57;4.54;4.59;2.86;663
0.36;Ideal;D;SI1;61.2;57;4.59;4.63;2.82;663
0.36;Ideal;D;SI1;62.1;56;4.53;4.58;2.83;663
0.36;Ideal;D;SI1;60.3;56;4.61;4.65;2.79;663
0.36;Ideal;D;SI1;61.5;56;4.56;4.64;2.83;663
0.3;Ideal;E;VS1;60;56;4.39;4.41;2.64;663
0.36;Very Good;D;SI1;60.1;57;4.62;4.66;2.79;663
0.36;Premium;D;SI1;59.6;58;4.61;4.65;2.76;663
0.36;Very Good;D;SI1;60.4;58;4.6;4.64;2.79;663
0.35;Good;E;VS1;63.1;56;4.49;4.54;2.85;663
0.29;Very Good;F;VVS2;60.2;58;4.29;4.35;2.6;664
0.29;Very Good;F;VVS2;63.1;57;4.22;4.3;2.69;664
0.29;Very Good;F;VVS2;62.7;58;4.22;4.26;2.66;664
0.29;Very Good;F;VVS2;60.1;58;4.32;4.37;2.61;664
0.29;Very Good;E;VVS2;58.5;58;4.35;4.37;2.55;664
0.29;Very Good;D;VVS2;62.9;58;4.2;4.29;2.67;664
0.29;Very Good;D;VVS2;62.3;59;4.21;4.26;2.64;664
0.29;Very Good;F;VVS1;62.3;58;4.22;4.25;2.64;664
0.29;Very Good;E;VVS1;58.9;59;4.33;4.4;2.57;664
0.29;Ideal;D;VVS2;62.8;56;4.23;4.3;2.68;664
0.36;Ideal;G;VS2;60.6;56;4.62;4.67;2.81;664
0.42;Ideal;J;VS1;61.4;55;4.83;4.85;2.97;664
0.31;Ideal;E;VS1;61.3;54;4.37;4.4;2.69;664
0.41;Ideal;G;SI2;61.7;55;4.78;4.81;2.96;664
0.3;Ideal;G;VVS2;62.4;55;4.32;4.34;2.7;665
0.3;Ideal;G;VVS2;62.5;55;4.3;4.34;2.7;665
0.3;Ideal;G;VVS2;61.8;54;4.33;4.34;2.68;665
0.3;Ideal;G;VVS2;62.6;53;4.31;4.35;2.71;665
0.3;Ideal;G;VVS2;62.3;57;4.29;4.32;2.68;665
0.3;Ideal;G;VVS2;61.8;56;4.31;4.33;2.67;665
0.3;Ideal;G;VVS2;61.8;57;4.29;4.32;2.66;665
0.3;Ideal;G;VVS2;61.4;57;4.29;4.31;2.64;665
0.3;Ideal;G;VVS2;62.1;55;4.32;4.35;2.69;665
0.3;Ideal;G;VVS2;62.4;57;4.27;4.29;2.67;665
0.3;Ideal;G;VVS2;61;57;4.31;4.34;2.64;665
0.3;Ideal;H;VVS1;62.2;57;4.28;4.31;2.67;665
0.3;Ideal;H;VVS1;61.1;58;4.33;4.35;2.65;665
0.3;Ideal;H;VVS1;62.3;57;4.26;4.28;2.66;665
0.3;Ideal;H;VVS1;61.4;56;4.32;4.35;2.66;665
0.3;Ideal;H;VVS1;62.3;57;4.27;4.3;2.67;665
0.3;Ideal;H;VVS1;62;56;4.29;4.32;2.67;665
0.3;Ideal;H;VVS1;62.3;55;4.3;4.33;2.69;665
0.3;Ideal;H;VVS1;61.8;55;4.34;4.37;2.69;665
0.3;Ideal;H;VVS1;61.9;57;4.3;4.33;2.67;665
0.3;Ideal;H;VVS1;61.3;57;4.32;4.36;2.66;665
0.3;Ideal;H;VVS1;61.9;58;4.27;4.29;2.65;665
0.3;Ideal;H;VVS1;61.6;57;4.3;4.34;2.66;665
0.3;Ideal;H;VVS1;62.2;56;4.28;4.3;2.67;665
0.3;Ideal;H;VVS1;62.2;55;4.3;4.32;2.68;665
0.3;Ideal;H;VVS1;61.9;57;4.29;4.31;2.66;665
0.32;Ideal;G;VS1;62;55;4.43;4.44;2.75;665
0.32;Ideal;G;VS1;61.6;55;4.43;4.5;2.75;665
0.32;Ideal;G;VS1;61.6;55;4.43;4.46;2.74;665
0.28;Ideal;F;VS1;62;53;4.23;4.26;2.63;665
0.39;Ideal;G;SI1;60.7;57;4.69;4.8;2.88;665
0.36;Good;H;SI1;63.6;57;4.53;4.49;2.87;665
0.36;Premium;H;SI1;61.3;57;4.65;4.61;2.84;665
0.36;Premium;H;SI1;59.3;60;4.65;4.62;2.75;665
0.35;Very Good;E;VS2;61.4;58;4.51;4.55;2.78;665
0.35;Ideal;F;VS1;62.4;55;4.49;4.52;2.81;665
0.3;Very Good;D;VS1;58;62;4.44;4.45;2.58;666
0.3;Very Good;D;VS1;60.1;58;4.35;4.37;2.62;666
0.41;Ideal;G;SI2;61.9;54;4.81;4.78;2.97;666
0.37;Premium;H;SI1;63;58;4.59;4.55;2.88;666
0.37;Premium;I;VS2;61.1;59;4.65;4.58;2.82;666
0.37;Premium;I;VS2;61.6;60;4.61;4.58;2.83;666
0.37;Ideal;I;VS2;61.7;57;4.64;4.6;2.85;666
0.37;Premium;H;SI1;60.4;59;4.63;4.58;2.78;666
0.37;Premium;E;SI2;59.5;61;4.7;4.68;2.79;666
0.4;Premium;D;SI2;61.7;58;4.69;4.74;2.91;666
0.4;Good;D;SI2;63.4;56;4.67;4.73;2.98;666
0.4;Very Good;H;SI1;62.6;57;4.66;4.7;2.93;666
0.4;Premium;D;SI2;60;58;4.8;4.84;2.89;666
0.4;Very Good;H;SI1;62.8;59;4.67;4.69;2.94;666
0.4;Very Good;D;SI2;61.6;59;4.68;4.74;2.9;666
0.4;Good;E;SI2;63.2;57;4.66;4.68;2.95;666
0.4;Premium;D;SI2;61.9;58;4.71;4.73;2.92;666
0.4;Ideal;H;SI1;62;56;4.68;4.74;2.92;666
0.4;Very Good;E;SI2;61.4;57;4.68;4.74;2.89;666
0.38;Premium;G;SI1;60;60;4.65;4.72;2.81;666
0.4;Very Good;E;SI2;62.9;58;4.7;4.74;2.97;666
0.4;Premium;D;SI2;61.1;58;4.73;4.76;2.9;666
0.38;Ideal;G;SI1;62.4;57;4.62;4.65;2.89;666
0.4;Premium;E;SI2;61.4;59;4.7;4.75;2.9;666
0.4;Premium;D;SI2;60.4;59;4.8;4.83;2.91;666
0.4;Very Good;E;SI2;62.9;59;4.66;4.69;2.94;666
0.4;Very Good;H;SI1;62.6;58;4.68;4.72;2.94;666
0.4;Premium;D;SI2;62.2;58;4.71;4.75;2.94;666
0.4;Very Good;D;SI2;62.8;56;4.7;4.73;2.96;666
0.38;Very Good;G;SI1;59.5;62;4.67;4.71;2.79;666
0.38;Ideal;G;SI1;61.3;56;4.63;4.67;2.85;666
0.4;Very Good;H;SI1;62.1;62;4.7;4.73;2.93;666
0.4;Good;I;VS2;63.8;54;4.68;4.72;3;666
0.4;Premium;D;SI2;62.4;58;4.69;4.73;2.94;666
0.4;Ideal;E;SI2;61.2;55;4.74;4.77;2.91;666
0.38;Very Good;G;SI1;61.4;61;4.62;4.66;2.85;666
0.4;Premium;H;SI1;62.7;58;4.65;4.69;2.93;666
0.4;Premium;D;SI2;59.9;60;4.74;4.78;2.85;666
0.38;Good;J;VVS2;63.4;56;4.56;4.62;2.91;666
0.38;Very Good;G;SI1;62.4;59;4.59;4.64;2.88;666
0.4;Very Good;H;SI1;62.9;56;4.65;4.7;2.94;666
0.4;Premium;D;SI2;62.1;60;4.69;4.75;2.93;666
0.33;Ideal;G;VS1;61.6;57;4.41;4.45;2.73;666
0.33;Premium;G;VS1;60.3;59;4.44;4.52;2.7;666
0.33;Very Good;G;VS1;59.7;61;4.44;4.47;2.66;666
0.33;Ideal;F;VS2;60.5;55;4.47;4.55;2.73;666
0.33;Ideal;F;VS2;62.3;56;4.41;4.45;2.76;666
0.33;Premium;G;VS1;61.6;58;4.39;4.44;2.72;666
0.33;Ideal;F;VS2;62.1;55;4.45;4.47;2.77;666
0.33;Good;G;VS1;63.1;57;4.38;4.4;2.77;666
0.33;Ideal;H;VVS2;60.9;57;4.48;4.52;2.74;666
0.33;Premium;G;VS1;60.5;58;4.43;4.49;2.7;666
0.33;Premium;G;VS1;60.8;59;4.43;4.45;2.7;666
0.33;Very Good;F;VS2;61.2;58;4.45;4.5;2.74;666
0.33;Ideal;H;VVS2;62.2;56;4.44;4.46;2.77;666
0.33;Ideal;G;VS1;62.3;54;4.45;4.48;2.78;666
0.33;Ideal;F;VS2;61.9;57;4.4;4.42;2.73;666
0.33;Ideal;F;VS2;61.6;56;4.44;4.46;2.74;666
0.33;Ideal;G;VS1;61.8;56;4.42;4.45;2.74;666
0.33;Ideal;G;VS1;62.3;57;4.38;4.42;2.74;666
0.33;Ideal;F;VS2;62.3;56;4.43;4.46;2.77;666
0.33;Very Good;F;VS2;62.4;57;4.39;4.43;2.75;666
0.33;Ideal;G;VS1;61.4;54;4.44;4.48;2.74;666
0.33;Ideal;F;VS2;61.3;56;4.43;4.47;2.73;666
0.33;Ideal;G;VS1;62.1;56;4.4;4.42;2.74;666
0.33;Premium;H;VVS2;61.6;58;4.42;4.45;2.73;666
0.33;Premium;G;VS1;61.8;59;4.39;4.45;2.73;666
0.33;Very Good;F;VS2;61.9;57;4.42;4.44;2.74;666
0.33;Ideal;H;VVS2;61.7;56;4.41;4.44;2.73;666
0.33;Ideal;H;VVS2;61.9;57;4.41;4.44;2.74;666
0.33;Ideal;G;VS1;61.9;55;4.41;4.44;2.74;666
0.33;Premium;G;VS1;61.6;60;4.41;4.46;2.73;666
0.33;Ideal;G;VS1;62.1;55;4.43;4.46;2.76;666
0.33;Ideal;G;VS1;61.9;56;4.44;4.48;2.76;666
0.33;Premium;F;VS2;60.8;58;4.44;4.47;2.71;666
0.33;Ideal;G;VS1;61.4;55;4.44;4.48;2.74;666
0.33;Premium;F;VS2;62.1;59;4.39;4.44;2.74;666
0.33;Premium;F;VS2;60.1;58;4.45;4.47;2.68;666
0.33;Ideal;F;VS2;62.3;55;4.42;4.47;2.77;666
0.33;Premium;F;VS2;62.1;59;4.4;4.45;2.75;666
0.33;Ideal;G;VS1;62.4;56;4.43;4.45;2.77;666
0.33;Premium;F;VS2;62.2;58;4.43;4.44;2.76;666
0.33;Ideal;H;VVS2;61.9;55;4.45;4.47;2.76;666
0.33;Premium;G;VS1;61.4;59;4.43;4.49;2.74;666
0.24;Very Good;E;VS1;61.5;57;3.99;4.07;2.48;357
0.23;Very Good;D;VS1;61.8;57;3.9;3.93;2.42;357
0.25;Ideal;H;SI1;62.8;54;4.05;4.07;2.55;357
0.23;Good;E;VS2;61.8;63;3.88;3.89;2.4;357
0.23;Good;F;VS2;63.8;57;3.93;3.84;2.48;357
0.26;Ideal;I;VS1;61.9;56;4.08;4.16;2.55;358
0.28;Very Good;H;SI1;61.5;56;4.21;4.24;2.6;360
0.3;Ideal;I;SI2;62;55;4.32;4.33;2.68;360
0.27;Ideal;G;SI2;62.3;55;4.14;4.18;2.59;361
0.25;Good;E;VS1;63.3;60;3.99;4.04;2.54;361
0.25;Fair;E;VS1;55.2;64;4.21;4.23;2.33;361
0.32;Good;D;I1;64;54;4.33;4.36;2.78;361
0.23;Very Good;D;VS2;62.7;58;3.86;3.89;2.43;362
0.24;Very Good;E;VS2;64.1;59;3.88;3.92;2.5;362
0.24;Very Good;E;VS2;60.8;56;4.02;4.04;2.45;362
0.26;Ideal;H;SI2;62.5;53;4.09;4.13;2.57;362
0.25;Ideal;G;SI1;62.3;53;4.06;4.09;2.54;363
0.31;Very Good;J;SI1;61.9;59;4.28;4.32;2.66;363
0.31;Very Good;J;SI1;62.7;59;4.29;4.32;2.7;363
0.31;Premium;J;SI1;60.9;60;4.36;4.38;2.66;363
0.31;Good;J;SI1;63.5;55;4.3;4.33;2.74;363
0.24;Ideal;G;SI1;62.2;54;3.97;4;2.48;364
0.23;Ideal;G;SI1;62;54;3.95;3.99;2.46;364
0.23;Ideal;G;SI1;62.1;53;3.93;3.96;2.45;364
0.32;Premium;J;SI1;62.2;59;4.37;4.41;2.73;365
0.33;Ideal;J;SI2;62.4;54;4.43;4.45;2.77;366
0.24;Very Good;E;VS2;64.5;57;3.88;3.93;2.52;367
0.24;Very Good;D;VS1;61.1;60;3.96;3.99;2.43;367
0.3;Ideal;I;SI2;62.4;54;4.32;4.34;2.7;367
0.3;Ideal;I;SI2;61.9;56;4.3;4.32;2.67;367
0.27;Ideal;I;VS1;62.2;55;4.15;4.18;2.59;432
0.27;Ideal;I;VS1;62.1;54;4.16;4.18;2.59;432
0.24;Ideal;I;VS1;62;56;4;4.01;2.48;432
0.3;Ideal;G;SI1;62.3;56;4.29;4.32;2.68;432
0.3;Ideal;G;SI1;61.6;57;4.29;4.34;2.66;432
0.3;Ideal;G;SI1;62;57;4.27;4.31;2.66;432
0.3;Ideal;G;SI1;60.6;56;4.35;4.4;2.65;432
0.24;Ideal;I;VVS1;62.3;57;3.98;3.95;2.47;432
0.24;Ideal;J;VVS2;62.8;57;3.96;3.94;2.48;432
0.3;Good;H;SI1;63.7;57;4.26;4.28;2.72;432
0.32;Good;I;SI1;63.1;56;4.36;4.39;2.76;432
0.32;Very Good;I;SI1;62.9;58;4.33;4.35;2.73;432
0.32;Ideal;I;SI1;60.7;57;4.42;4.47;2.7;432
0.32;Very Good;I;SI1;62.8;58;4.34;4.39;2.74;432
0.3;Good;H;SI1;63.4;60;4.23;4.25;2.69;432
0.3;Very Good;H;SI1;60.9;59;4.29;4.31;2.62;432
0.3;Very Good;H;SI1;62.9;59;4.24;4.28;2.68;432
0.3;Very Good;H;SI1;62.9;57;4.22;4.27;2.67;432
0.3;Very Good;H;SI1;62.9;58;4.24;4.28;2.68;432
0.32;Good;I;SI1;63.9;55;4.34;4.36;2.78;432
0.32;Premium;I;SI1;61;59;4.36;4.39;2.67;432
0.3;Good;H;SI1;63.3;56;4.27;4.29;2.71;432
0.3;Good;H;SI1;63.1;56;4.27;4.29;2.7;432
0.32;Ideal;I;SI1;62.4;57;4.35;4.37;2.72;432
0.32;Premium;I;SI1;62.7;58;4.34;4.37;2.73;432
0.3;Good;H;SI1;63.8;55;4.2;4.26;2.7;432
0.3;Very Good;H;SI1;60.1;55;4.38;4.41;2.64;432
0.3;Very Good;H;SI1;62.5;57;4.25;4.29;2.67;432
0.24;Premium;H;VVS1;61.2;58;3.96;4.01;2.44;432
0.24;Very Good;H;VVS2;60.7;58;4.04;4.07;2.46;432
0.33;Very Good;G;VS1;62.8;58;4.38;4.41;2.76;666
0.33;Premium;G;VS1;62.3;58;4.41;4.45;2.76;666
0.33;Ideal;F;VS2;62.1;54;4.43;4.46;2.76;666
0.33;Very Good;G;VS1;62;59;4.36;4.42;2.72;666
0.33;Very Good;H;VVS2;62.4;60;4.39;4.42;2.75;666
0.33;Ideal;G;VS1;62.1;55;4.43;4.46;2.76;666
0.33;Premium;G;VS1;61.9;58;4.43;4.46;2.75;666
0.33;Ideal;F;VS2;61.4;57;4.45;4.48;2.74;666
0.33;Ideal;G;VS1;62.1;54;4.45;4.47;2.77;666
0.33;Ideal;F;VS2;61.9;55;4.43;4.46;2.75;666
0.33;Ideal;F;VS2;61.6;55;4.45;4.48;2.75;666
0.33;Ideal;G;VS1;61.9;54;4.44;4.48;2.76;666
0.33;Premium;G;VS1;62.4;59;4.41;4.47;2.77;666
0.33;Ideal;H;VVS2;62.2;54;4.44;4.46;2.77;666
0.33;Premium;G;VS1;61.3;58;4.42;4.46;2.72;666
0.33;Ideal;G;VS1;62.1;54;4.42;4.47;2.76;666
0.33;Premium;G;VS1;61.9;59;4.43;4.45;2.75;666
0.33;Premium;G;VS1;61.3;58;4.42;4.45;2.72;666
0.33;Premium;G;VS1;62.2;58;4.39;4.42;2.74;666
0.33;Very Good;G;VS1;62.9;57;4.38;4.43;2.77;666
0.33;Ideal;F;VS2;62.6;55;4.4;4.42;2.76;666
0.33;Ideal;G;VS1;62.1;56;4.4;4.42;2.74;666
0.33;Good;F;VS2;63.2;56;4.39;4.41;2.78;666
0.33;Ideal;G;VS1;60.1;55;4.5;4.55;2.72;666
0.33;Premium;G;VS1;59.2;59;4.51;4.54;2.68;666
0.33;Ideal;F;VS2;61.2;54;4.47;4.49;2.74;666
0.33;Premium;F;VS2;62.4;58;4.37;4.41;2.74;666
0.33;Ideal;G;VS1;61.7;56;4.44;4.47;2.75;666
0.33;Ideal;G;VS1;61.1;56;4.46;4.48;2.73;666
0.33;Very Good;G;VS1;60.1;61;4.44;4.48;2.68;666
0.27;Very Good;E;VVS1;61.1;55;4.18;4.27;2.58;667
0.31;Very Good;F;VS2;61.4;58.4;4.37;4.4;2.69;667
0.41;Very Good;E;SI1;63.2;57;4.69;4.74;2.98;667
0.4;Very Good;D;SI1;63.4;58;4.64;4.67;2.95;667
0.34;Ideal;H;VVS2;61.7;55;4.48;4.5;2.77;667
0.34;Ideal;H;VVS2;61.2;56;4.51;4.54;2.77;667
0.27;Ideal;F;VVS2;61.2;58;4.15;4.19;2.55;667
0.4;Ideal;I;VS2;62.6;54;4.74;4.75;2.97;667
0.4;Ideal;I;VS2;62.4;53;4.75;4.77;2.97;667
0.4;Ideal;I;VS2;62.3;54;4.74;4.77;2.96;667
0.4;Ideal;I;VS2;62.4;54;4.73;4.76;2.96;667
0.4;Ideal;I;VS2;62.2;55;4.73;4.75;2.95;667
0.35;Ideal;E;SI1;60.7;56;4.57;4.59;2.78;667
0.4;Good;H;SI1;62;61;4.69;4.73;2.92;667
0.4;Good;D;SI1;60.3;61;4.74;4.78;2.87;667
0.36;Ideal;F;SI1;62.7;57;4.56;4.53;2.85;667
0.33;Ideal;D;VS2;60.3;55;4.5;4.52;2.72;667
0.33;Ideal;D;VS2;62.3;54;4.43;4.46;2.77;667
0.36;Very Good;H;VVS2;61.3;55;4.58;4.64;2.81;668
0.33;Very Good;F;VS1;59.3;56;4.49;4.55;2.68;668
0.37;Ideal;G;VS2;62.5;53;4.6;4.61;2.88;668
0.37;Ideal;H;VS1;61.8;55;4.63;4.66;2.87;668
0.38;Ideal;I;SI1;61.5;56;4.67;4.7;2.88;668
0.34;Ideal;I;IF;62.2;53.5;4.5;4.52;2.8;668
0.24;Premium;E;VVS1;60.6;59;4.02;4;2.43;668
0.24;Premium;E;VVS1;60.3;61;4.06;4.03;2.44;668
0.24;Premium;D;VVS2;59.5;62;4.06;4.04;2.41;668
0.24;Premium;D;VVS2;58.8;58;4.08;4.05;2.39;668
0.33;Premium;H;VS2;60.4;60;4.52;4.48;2.72;668
0.33;Premium;I;VS1;61.1;59;4.47;4.44;2.72;668
0.33;Premium;I;VS1;59.5;60;4.54;4.5;2.69;668
0.33;Very Good;I;VS1;63.2;57;4.4;4.37;2.77;668
0.33;Very Good;I;VS1;63.1;56;4.4;4.38;2.77;668
0.33;Premium;I;VS1;62.7;58;4.43;4.4;2.77;668
0.33;Ideal;I;VS1;61.6;57;4.46;4.41;2.73;668
0.33;Premium;I;VS1;61.6;60;4.45;4.42;2.73;668
0.33;Premium;H;VS2;61.3;60;4.47;4.44;2.73;668
0.33;Premium;H;VS2;61.4;58;4.49;4.44;2.74;668
0.33;Ideal;H;VS2;61.2;55;4.47;4.45;2.73;668
0.33;Ideal;H;VS2;60.7;57;4.48;4.45;2.71;668
0.33;Ideal;H;VS2;60.7;57;4.5;4.46;2.72;668
0.33;Premium;H;VS2;62;59;4.44;4.4;2.74;668
0.33;Good;H;VS2;63.8;55;4.44;4.4;2.82;668
0.33;Ideal;H;VS2;62.2;57;4.46;4.42;2.76;668
0.33;Premium;H;VS2;62.3;58;4.41;4.38;2.74;668
0.33;Premium;H;VS2;62.8;59;4.44;4.38;2.77;668
0.33;Premium;H;VS2;61.7;59;4.42;4.39;2.72;668
0.33;Premium;H;VS2;62.4;58;4.42;4.39;2.75;668
0.28;Very Good;E;VVS2;63.2;56;4.17;4.21;2.65;669
0.35;Very Good;E;VS2;60.2;60;4.54;4.57;2.74;669
0.29;Premium;G;VVS1;62;58;4.23;4.19;2.61;669
0.35;Good;G;SI1;63.8;54;4.48;4.46;2.85;669
0.35;Very Good;G;SI1;63.4;56;4.5;4.46;2.84;669
0.35;Ideal;G;SI1;61.3;56;4.56;4.54;2.79;669
0.35;Very Good;D;SI2;63.3;55;4.49;4.45;2.83;669
0.35;Premium;D;SI2;60.8;58;4.57;4.51;2.76;669
0.35;Premium;G;SI1;60.3;60;4.59;4.57;2.76;669
0.35;Premium;D;SI2;62.3;58;4.54;4.48;2.81;669
0.35;Ideal;D;SI2;62.2;56;4.55;4.52;2.82;669
0.35;Ideal;D;SI2;62.4;55;4.54;4.53;2.83;669
0.35;Ideal;D;SI2;61.8;57;4.57;4.53;2.81;669
0.35;Premium;G;SI1;60.6;58;4.6;4.58;2.78;669
0.29;Ideal;E;VVS2;62;55;4.25;4.27;2.64;669
0.29;Ideal;F;VVS1;60.9;57;4.29;4.32;2.62;669
0.29;Ideal;E;VVS1;62.7;55;4.2;4.22;2.64;669
0.43;Good;D;SI2;63.4;57;4.78;4.81;3.04;669
0.43;Good;D;SI2;63.3;57;4.79;4.82;3.04;669
0.43;Good;E;SI2;63.6;55;4.8;4.83;3.06;669
0.43;Good;D;SI2;63.1;59;4.8;4.81;3.03;669
0.43;Ideal;H;SI1;62.1;57;4.77;4.83;2.98;669
0.43;Good;E;SI2;63.4;57;4.77;4.82;3.04;669
0.3;Very Good;D;VS2;62.5;57;4.26;4.28;2.67;670
0.42;Very Good;H;SI1;61.5;54;4.87;4.89;3;670
0.38;Ideal;J;VVS2;61.7;54.6;4.65;4.69;2.89;670
0.39;Ideal;H;VS2;62;54.4;4.67;4.72;2.91;670
0.3;Ideal;D;VS2;62.3;58;4.25;4.29;2.66;670
0.3;Ideal;D;VS2;61.2;57;4.29;4.34;2.64;670
0.3;Ideal;D;VS2;61.4;54;4.34;4.39;2.68;670
0.3;Ideal;D;VS2;60.6;58;4.31;4.33;2.62;670
0.3;Ideal;D;VS2;61.5;58;4.27;4.31;2.64;670
0.3;Ideal;D;VS2;61.4;58;4.29;4.31;2.64;670
0.3;Ideal;D;VS2;61.3;56;4.32;4.36;2.66;670
0.3;Ideal;D;VS2;61.6;56;4.31;4.36;2.67;670
0.3;Ideal;E;VS1;61.9;56;4.28;4.31;2.66;670
0.3;Ideal;E;VS1;61.8;56;4.32;4.35;2.68;670
0.3;Ideal;E;VS1;62.1;57;4.3;4.33;2.68;670
0.3;Ideal;E;VS1;62.1;58;4.27;4.3;2.66;670
0.43;Ideal;I;SI1;62.2;54;4.84;4.87;3.02;670
0.3;Ideal;D;SI1;61.3;57;4.34;4.37;2.67;670
0.39;Very Good;F;SI1;61.3;62;4.68;4.71;2.88;670
0.39;Very Good;E;SI1;59.1;59;4.76;4.81;2.83;670
0.43;Very Good;E;SI2;59.9;57;4.88;4.94;2.94;671
0.31;Ideal;G;VVS2;61.4;57;4.38;4.42;2.69;671
0.31;Ideal;G;VVS2;61.7;57;4.36;4.39;2.7;671
0.31;Ideal;G;VVS2;61.5;57;4.32;4.36;2.67;671
0.31;Ideal;H;VVS1;61.2;58;4.35;4.38;2.67;671
0.31;Ideal;H;VVS1;62;55;4.34;4.37;2.7;671
0.31;Ideal;H;VVS1;60.9;56;4.4;4.42;2.69;671
0.31;Ideal;H;VVS1;61.3;56;4.36;4.39;2.68;671
0.37;Ideal;G;VS2;61.4;56;4.63;4.65;2.85;671
0.32;Ideal;D;VS2;62.1;53;4.42;4.44;2.75;671
0.32;Ideal;D;VS2;61.2;56;4.38;4.41;2.69;671
0.38;Ideal;H;SI1;62;54;4.66;4.72;2.91;671
0.41;Ideal;G;SI1;62.2;56;4.75;4.77;2.96;671
0.41;Very Good;G;SI1;62.8;58;4.72;4.74;2.97;671
0.41;Good;G;SI1;63.4;57;4.7;4.73;2.99;671
0.33;Very Good;G;VVS2;63;56;4.42;4.47;2.8;672
0.32;Very Good;G;VVS2;61.9;57;4.39;4.41;2.73;672
0.32;Very Good;G;VVS2;62.6;54;4.37;4.39;2.74;672
0.32;Very Good;G;VVS2;61.5;54;4.4;4.42;2.71;672
0.32;Very Good;G;VVS2;61.3;57;4.39;4.43;2.7;672
0.32;Very Good;H;VVS1;62.3;56;4.35;4.37;2.72;672
0.32;Very Good;H;VVS1;61.2;57;4.39;4.42;2.69;672
0.32;Very Good;H;VVS1;61.7;56;4.4;4.43;2.72;672
0.33;Very Good;E;VS2;63.1;57;4.38;4.43;2.78;672
0.38;Very Good;F;SI1;61.7;58;4.66;4.73;2.89;672
0.39;Very Good;E;SI2;59.1;56;4.76;4.82;2.83;672
0.45;Ideal;J;VS2;61.4;55;4.94;4.97;3.04;672
0.27;Ideal;G;IF;61;56;4.17;4.19;2.55;672
0.32;Ideal;H;VS1;62.1;55;4.4;4.39;2.73;672
0.32;Ideal;H;VS1;62.7;56;4.42;4.39;2.76;672
0.32;Premium;H;VS1;61.6;59;4.39;4.37;2.7;672
0.32;Premium;G;VS2;58.4;57;4.53;4.51;2.64;672
0.32;Premium;G;VS2;60.1;61;4.44;4.41;2.66;672
0.32;Ideal;G;VS2;62;57;4.41;4.37;2.72;672
0.32;Ideal;G;VS2;62.4;55;4.39;4.36;2.73;672
0.32;Ideal;G;VS2;62.1;56;4.4;4.36;2.72;672
0.32;Premium;E;SI1;60.4;61;4.42;4.39;2.66;672
0.32;Very Good;E;SI1;63.1;54;4.41;4.37;2.77;672
0.32;Premium;E;SI1;61.2;58;4.42;4.37;2.69;672
0.32;Very Good;E;SI1;63.5;56;4.38;4.34;2.77;672
0.32;Very Good;E;SI1;63.1;56;4.37;4.34;2.75;672
0.32;Very Good;E;SI1;63.3;55;4.36;4.33;2.75;672
0.32;Very Good;E;SI1;63.4;56;4.34;4.31;2.74;672
0.35;Premium;E;SI2;59.9;61;4.59;4.56;2.74;672
0.34;Premium;H;VVS1;61.2;58;4.48;4.51;2.75;672
0.4;Good;G;SI2;60.6;55.8;4.76;4.82;2.91;672
0.42;Very Good;D;SI2;62;59;4.78;4.83;2.98;672
0.42;Ideal;J;VVS2;61.7;54;4.83;4.86;2.99;673
0.29;Ideal;G;VVS1;60.2;56;4.29;4.33;2.59;673
0.29;Ideal;G;VVS1;61.5;56;4.25;4.28;2.62;673
0.29;Ideal;G;VVS1;62.4;56;4.22;4.24;2.64;673
0.32;Ideal;G;VS2;62.1;55;4.36;4.39;2.71;673
0.3;Ideal;E;VS2;61.5;55;4.3;4.34;2.66;673
0.3;Ideal;E;VS2;61.8;55;4.32;4.33;2.68;673
0.3;Ideal;F;VS1;61.9;55;4.28;4.3;2.66;673
0.3;Ideal;F;VS1;62.1;56;4.29;4.32;2.67;673
0.3;Ideal;F;VS1;62.4;56;4.3;4.32;2.68;673
0.3;Ideal;E;VS1;62;53;4.31;4.33;2.68;673
0.3;Ideal;E;VS1;61.1;58;4.3;4.34;2.64;673
0.4;Ideal;F;SI2;61.9;57;4.71;4.73;2.92;673
0.4;Ideal;E;SI1;62.2;54;4.74;4.78;2.96;673
0.29;Ideal;G;IF;60.6;57;4.28;4.31;2.6;673
0.29;Ideal;G;IF;61.3;55;4.25;4.28;2.61;673
0.29;Ideal;G;IF;62;56;4.23;4.27;2.63;673
0.3;Ideal;G;VS1;61.1;56;4.36;4.35;2.66;673
0.3;Ideal;G;VS1;61.4;55;4.38;4.32;2.67;673
0.3;Fair;G;VS1;64.4;61;4.2;4.16;2.69;673
0.3;Premium;F;VS2;61.4;55;4.37;4.32;2.67;673
0.3;Premium;F;VS2;58.8;60;4.41;4.37;2.58;673
0.3;Ideal;F;VS2;63;55;4.29;4.28;2.7;673
0.3;Premium;F;VS2;61.8;60;4.3;4.27;2.65;673
0.4;Very Good;G;SI1;61.7;61;4.63;4.68;2.87;673
0.36;Ideal;E;VS2;61.1;57;4.56;4.61;2.8;673
0.32;Premium;I;IF;60.3;58;4.41;4.45;2.67;673
0.32;Ideal;I;IF;60.8;54;4.44;4.47;2.71;673
0.31;Ideal;D;VS1;62;57;4.33;4.35;2.69;673
0.32;Ideal;I;IF;62.2;57;4.35;4.37;2.71;673
0.32;Very Good;I;IF;61.9;59;4.37;4.39;2.71;673
0.34;Very Good;H;VVS2;63.1;57;4.41;4.49;2.81;674
0.29;Very Good;E;VVS2;60.9;57;4.29;4.32;2.62;674
0.41;Very Good;E;SI1;60;58;4.79;4.88;2.9;674
0.41;Ideal;J;VS1;62;53.6;4.75;4.79;2.96;674
0.41;Ideal;J;VS1;62.2;54.5;4.75;4.76;2.96;674
0.41;Ideal;J;VS1;61.6;55.1;4.75;4.8;2.95;674
0.31;Very Good;F;VS1;61.2;55;4.35;4.37;2.67;675
0.31;Very Good;F;VS1;62;56;4.32;4.35;2.69;675
0.31;Very Good;F;VS1;60.9;56;4.37;4.38;2.66;675
0.31;Very Good;F;VS1;60.6;55;4.41;4.43;2.67;675
0.38;Ideal;I;VS2;61.4;55;4.66;4.69;2.87;675
0.39;Ideal;G;SI1;61;55;4.75;4.82;2.92;675
0.33;Ideal;I;IF;62;54;4.46;4.48;2.77;675
0.33;Ideal;I;IF;61.7;55;4.45;4.49;2.76;675
0.33;Ideal;I;IF;61.1;56;4.45;4.49;2.73;675
0.42;Fair;D;SI1;64.7;61;4.7;4.73;3.05;675
0.4;Premium;J;SI1;61.4;58;4.79;4.76;2.93;675
0.3;Very Good;G;VS2;63.5;55;4.25;4.22;2.69;675
0.3;Premium;E;SI1;62.4;58;4.28;4.24;2.66;675
0.3;Premium;E;SI1;62.7;60;4.28;4.24;2.67;675
0.3;Premium;E;SI1;62.5;59;4.3;4.28;2.68;675
0.3;Premium;E;SI1;60.6;58;4.34;4.3;2.62;675
0.3;Premium;E;SI1;59.5;58;4.42;4.39;2.62;675
0.3;Good;E;SI1;63.7;59;4.27;4.21;2.7;675
0.3;Premium;E;SI1;61.8;60;4.28;4.23;2.63;675
0.3;Premium;H;VS1;61.4;59;4.33;4.3;2.65;675
0.3;Premium;I;VVS2;61.8;58;4.33;4.28;2.66;675
0.3;Premium;I;VVS2;61.7;58;4.37;4.28;2.67;675
0.3;Premium;I;VVS2;61;60;4.36;4.3;2.64;675
0.3;Very Good;I;VVS2;60.1;63;4.31;4.28;2.58;675
0.3;Premium;I;VVS2;61.9;61;4.32;4.28;2.66;675
0.3;Premium;H;VS1;61;58;4.31;4.28;2.62;675
0.3;Ideal;H;VS1;62.9;54;4.31;4.28;2.7;675
0.3;Premium;H;VS1;61.3;58;4.32;4.29;2.64;675
0.3;Ideal;H;VS1;62.3;55;4.34;4.29;2.69;675
0.3;Premium;H;VS1;60.1;61;4.32;4.3;2.59;675
0.3;Ideal;H;VS1;61.6;57;4.33;4.3;2.66;675
0.3;Premium;H;VS1;60.4;61;4.34;4.3;2.61;675
0.3;Ideal;H;VS1;61.3;56;4.33;4.31;2.65;675
0.3;Ideal;H;VS1;62.1;54;4.35;4.32;2.69;675
0.3;Ideal;H;VS1;61.4;54;4.37;4.33;2.67;675
0.3;Very Good;H;VS1;63.3;56;4.3;4.26;2.71;675
0.3;Ideal;H;VS1;61.6;55;4.3;4.27;2.64;675
0.3;Premium;H;VS1;60.4;61;4.31;4.27;2.59;675
0.3;Premium;H;VS1;62.5;58;4.34;4.27;2.69;675
0.3;Ideal;H;VS1;62.2;57;4.3;4.28;2.67;675
0.3;Premium;H;VS1;62.6;59;4.3;4.26;2.68;675
0.3;Very Good;H;VS1;63.4;53;4.3;4.25;2.71;675
0.3;Premium;H;VS1;62.3;58;4.28;4.26;2.66;675
0.3;Good;H;VS1;63.9;55;4.28;4.26;2.73;675
0.3;Ideal;H;VS1;62.9;57;4.29;4.26;2.69;675
0.3;Premium;H;VS1;62;58;4.28;4.24;2.64;675
0.3;Very Good;H;VS1;63.2;56;4.29;4.25;2.7;675
0.3;Ideal;H;VS1;62.7;55;4.3;4.25;2.68;675
0.3;Premium;H;VS1;63;58;4.28;4.23;2.68;675
0.3;Premium;H;VS1;62.2;60;4.29;4.23;2.65;675
0.3;Very Good;H;VS1;63.1;57;4.26;4.24;2.68;675
0.3;Ideal;H;VS1;62.5;56;4.27;4.24;2.66;675
0.3;Premium;H;VS1;63;59;4.27;4.21;2.67;675
0.3;Very Good;H;VS1;63.3;57;4.25;4.22;2.68;675
0.3;Ideal;H;VS1;62.9;56;4.27;4.22;2.67;675
0.3;Premium;G;VS2;60.6;60;4.34;4.3;2.62;675
0.3;Premium;G;VS2;60.8;61;4.34;4.31;2.63;675
0.3;Ideal;G;VS2;61.7;56;4.35;4.31;2.67;675
0.3;Ideal;G;VS2;61.4;54;4.36;4.31;2.66;675
0.3;Premium;G;VS2;61.9;58;4.33;4.3;2.67;675
0.3;Good;G;VS2;63.9;55;4.28;4.27;2.73;675
0.3;Ideal;G;VS2;62.3;56;4.3;4.27;2.67;675
0.3;Ideal;G;VS2;62.5;53;4.3;4.27;2.68;675
0.3;Ideal;G;VS2;63;56;4.3;4.27;2.7;675
0.3;Ideal;G;VS2;61.3;56;4.3;4.28;2.63;675
0.3;Ideal;G;VS2;61.3;56;4.33;4.28;2.64;675
0.3;Premium;G;VS2;61.6;60;4.33;4.28;2.65;675
0.3;Ideal;G;VS2;63;55;4.31;4.29;2.71;675
0.3;Ideal;G;VS2;63;55;4.31;4.29;2.71;675
0.3;Premium;G;VS2;60.6;61;4.32;4.29;2.61;675
0.3;Premium;G;VS2;62.2;60;4.25;4.24;2.64;675
0.3;Very Good;G;VS2;63.1;57;4.28;4.24;2.69;675
0.3;Very Good;G;VS2;63.1;56;4.28;4.25;2.69;675
0.3;Very Good;G;VS2;63.5;54;4.28;4.25;2.71;675
0.3;Ideal;G;VS2;62.2;57;4.32;4.26;2.67;675
0.3;Very Good;E;SI1;63.1;53;4.32;4.27;2.71;675
0.3;Premium;E;SI1;61.9;58;4.33;4.27;2.66;675
0.3;Ideal;E;SI1;61.9;57;4.33;4.29;2.67;675
0.3;Premium;E;SI1;59.8;60;4.35;4.31;2.59;675
0.3;Premium;E;SI1;60.6;56;4.37;4.35;2.64;675
0.3;Very Good;E;SI1;63.2;56;4.3;4.27;2.71;675
0.3;Premium;E;SI1;61.3;60;4.31;4.27;2.63;675
0.3;Ideal;E;SI1;62.9;57;4.32;4.27;2.7;675
0.3;Premium;E;SI1;61.7;56;4.29;4.27;2.64;675
0.3;Premium;E;SI1;62.1;60;4.29;4.27;2.66;675
0.3;Ideal;E;SI1;62.9;57;4.3;4.25;2.69;675
0.3;Ideal;E;SI1;62.9;56;4.3;4.25;2.69;675
0.3;Very Good;E;SI1;63.2;57;4.3;4.25;2.7;675
0.3;Ideal;E;SI1;62.9;56;4.31;4.24;2.69;675
0.3;Good;E;SI1;63.8;55;4.28;4.25;2.72;675
0.3;Premium;E;SI1;62.5;60;4.27;4.24;2.66;675
0.3;Good;E;SI1;63.7;58;4.27;4.24;2.71;675
0.3;Premium;E;SI1;61.3;60;4.28;4.24;2.61;675
0.3;Good;E;SI1;63.6;57;4.24;4.22;2.69;675
0.3;Very Good;E;SI1;63.4;56;4.25;4.23;2.69;675
0.24;Premium;H;VVS1;60.8;59;4;4.02;2.44;432
0.24;Very Good;G;VVS1;62.3;59;3.92;3.95;2.45;432
0.31;Very Good;G;SI2;61.7;55;4.37;4.4;2.71;433
0.33;Ideal;H;SI2;61.1;57;4.46;4.48;2.73;433
0.33;Ideal;H;SI2;61.3;55;4.48;4.49;2.75;433
0.33;Ideal;H;SI2;61.4;55;4.47;4.49;2.75;433
0.23;Very Good;H;VVS1;61.6;56;3.94;3.97;2.43;434
0.28;Very Good;E;VS1;62.8;60;4.16;4.21;2.63;434
0.26;Ideal;H;VS2;62.1;55;4.08;4.1;2.54;434
0.26;Ideal;H;VS2;61.3;56;4.09;4.13;2.52;434
0.26;Ideal;I;VS1;62.1;55;4.11;4.13;2.56;434
0.32;Ideal;H;SI2;60.9;56;4.41;4.45;2.7;434
0.32;Ideal;H;SI1;61.5;55;4.41;4.43;2.72;434
0.23;Premium;H;VS1;59.4;61;4.05;4;2.39;434
0.33;Very Good;I;SI1;63;57;4.37;4.39;2.76;434
0.33;Premium;G;SI2;62.6;58;4.4;4.42;2.76;434
0.33;Very Good;J;VS1;62.8;58;4.38;4.41;2.76;434
0.33;Very Good;G;SI2;62.9;55;4.41;4.46;2.79;434
0.33;Very Good;G;SI2;59.4;59;4.5;4.52;2.68;434
0.33;Good;I;SI1;63.6;53;4.4;4.43;2.81;434
0.33;Ideal;G;SI2;61.9;56;4.41;4.45;2.74;434
0.33;Premium;F;SI2;62.3;58;4.4;4.43;2.75;434
0.33;Very Good;J;VS1;61.5;61;4.39;4.46;2.72;434
0.33;Premium;I;SI1;60.4;59;4.5;4.54;2.73;434
0.33;Ideal;J;VS1;62.1;55;4.41;4.44;2.75;434
0.33;Very Good;F;SI2;63;58;4.4;4.42;2.78;434
0.29;Ideal;J;VS1;61.8;56;4.23;4.26;2.62;435
0.31;Ideal;E;SI2;61.7;56;4.35;4.4;2.7;435
0.31;Very Good;E;SI2;60.8;61;4.39;4.43;2.68;435
0.31;Very Good;I;VS2;62.3;57;4.32;4.35;2.7;435
0.3;Ideal;E;SI1;61.6;57;4.32;4.29;2.65;675
0.3;Premium;E;SI1;62.3;58;4.32;4.29;2.68;675
0.3;Premium;E;SI1;60;60;4.38;4.36;2.62;675
0.33;Very Good;E;VS2;60.6;58;4.45;4.49;2.71;675
0.32;Very Good;G;VVS1;60.9;57;4.41;4.44;2.69;676
0.35;Very Good;G;VS1;61.5;60;4.51;4.57;2.79;676
0.35;Ideal;G;VVS2;61.9;57;4.49;4.52;2.79;676
0.31;Ideal;G;VVS1;60.2;58;4.37;4.43;2.65;676
0.32;Ideal;F;VS1;61.3;55;4.43;4.46;2.72;676
0.41;Good;F;SI1;58.4;58;4.91;4.96;2.88;676
0.39;Ideal;E;SI1;62;56;4.72;4.65;2.91;676
0.36;Very Good;E;VS2;60.4;58;4.58;4.62;2.78;677
0.31;Ideal;G;VVS2;62.5;53;4.37;4.4;2.74;677
0.31;Ideal;G;VVS2;61.2;54;4.38;4.41;2.69;677
0.31;Ideal;G;VVS2;62.1;54;4.37;4.39;2.72;677
0.4;Ideal;F;SI2;62.1;54;4.75;4.78;2.96;677
0.29;Ideal;E;SI1;60.4;54;4.32;4.36;2.62;677
0.39;Ideal;E;SI1;60.6;57;4.75;4.79;2.89;677
0.32;Premium;E;VS1;61.3;58;4.36;4.39;2.68;677
0.24;Ideal;F;VVS2;61;56;4.05;4.08;2.48;678
0.24;Ideal;F;VVS2;61.7;55;3.99;4.02;2.47;678
0.24;Ideal;F;VVS2;62;57;3.99;4.02;2.48;678
0.24;Ideal;F;VVS2;62.1;56;3.96;3.99;2.46;678
0.24;Ideal;E;VVS2;61.4;57;4;4.04;2.47;678
0.24;Ideal;E;VVS2;61.6;56;4.01;4.04;2.48;678
0.24;Ideal;F;VVS1;62;56;3.99;4.01;2.48;678
0.24;Ideal;F;VVS1;60.8;55;4.03;4.06;2.46;678
0.24;Ideal;F;VVS1;61.8;55;4;4.03;2.48;678
0.24;Ideal;E;VVS1;60.2;57;4.02;4.07;2.44;678
0.24;Ideal;E;VVS1;61.4;57;3.99;4.03;2.46;678
0.24;Ideal;F;IF;62.9;55;3.96;3.98;2.5;678
0.24;Ideal;F;IF;61.6;57;3.97;4;2.45;678
0.24;Ideal;F;IF;61;57;4.04;4.07;2.47;678
0.24;Ideal;F;IF;60.7;57;3.99;4.04;2.43;678
0.3;Good;G;VVS1;64;57;4.23;4.27;2.72;678
0.3;Good;G;VVS2;62.6;58;4.25;4.28;2.67;678
0.36;Ideal;G;VS1;62.3;57;4.55;4.57;2.84;678
0.4;Good;F;SI1;63.6;59;4.64;4.67;2.96;678
0.36;Very Good;G;VS1;60.6;60;4.57;4.61;2.78;678
0.26;Very Good;F;VVS1;60.8;58;4.11;4.18;2.52;679
0.39;Very Good;I;VS2;60.1;57;4.74;4.77;2.86;679
0.31;Very Good;F;VS1;61;57.5;4.37;4.39;2.67;679
0.31;Very Good;F;VS1;59.7;55;4.42;4.46;2.65;679
0.41;Very Good;F;SI1;62.3;60;4.73;4.78;2.96;679
0.43;Ideal;J;VS1;62.1;55;4.84;4.86;3.01;679
0.32;Ideal;G;VS1;62.4;56;4.37;4.38;2.73;679
0.4;Ideal;E;SI2;61.8;55.2;4.75;4.77;2.94;679
0.26;Good;F;VVS1;64;57;4.06;4.03;2.59;679
0.43;Premium;F;SI2;60.2;60;4.85;4.91;2.94;679
0.43;Very Good;F;SI2;60.5;59;4.88;4.91;2.96;679
0.3;Very Good;G;VVS1;61.9;55;4.31;4.32;2.67;680
0.3;Very Good;G;VVS1;61.1;57;4.33;4.37;2.66;680
0.38;Very Good;I;VS2;61.7;56;4.65;4.68;2.88;680
0.41;Very Good;F;SI1;63.6;57;4.72;4.75;3.01;680
0.41;Very Good;I;SI1;63.3;60;4.71;4.64;2.96;680
0.42;Ideal;J;VS2;61.3;57;4.79;4.86;2.96;680
0.38;Ideal;H;VS2;61.9;56;4.63;4.68;2.88;680
0.38;Ideal;H;SI1;61.5;56;4.67;4.69;2.88;680
0.38;Ideal;E;SI1;60.7;56;4.69;4.73;2.86;680
0.38;Good;E;SI1;58.9;58;4.73;4.77;2.8;680
0.23;Very Good;E;VVS2;63.3;56;3.92;3.88;2.47;680
0.23;Premium;E;VVS2;61.8;58;3.94;3.92;2.43;680
0.23;Premium;E;VVS2;60.9;60;3.99;3.96;2.42;680
0.23;Premium;E;VVS1;58.6;61;4.04;4.02;2.36;680
0.23;Premium;E;VVS1;61.3;60;4.01;3.95;2.44;680
0.23;Premium;E;VVS1;61.1;60;4.01;3.95;2.43;680
0.23;Premium;D;VVS2;60.4;59;4;3.95;2.4;680
0.45;Good;E;SI2;64.1;62;4.82;4.75;3.07;680
0.31;Very Good;E;VS2;62.9;56;4.29;4.33;2.71;680
0.31;Premium;E;VS2;61.6;59;4.32;4.35;2.67;680
0.31;Ideal;E;VS2;61.8;55;4.35;4.39;2.7;680
0.31;Very Good;E;VS2;61.8;59;4.3;4.37;2.68;680
0.31;Premium;E;VS2;62.7;58;4.31;4.33;2.71;680
0.31;Premium;E;VS2;62.6;58;4.29;4.33;2.7;680
0.31;Ideal;E;VS2;61.8;54;4.36;4.41;2.71;680
0.31;Ideal;E;VS2;61.9;55;4.36;4.39;2.71;680
0.31;Very Good;E;VS2;62.8;57;4.33;4.37;2.73;680
0.31;Ideal;E;VS2;61.6;57;4.35;4.38;2.69;680
0.31;Ideal;E;VS2;61.7;56;4.31;4.35;2.67;680
0.31;Ideal;E;VS2;61.6;56;4.37;4.4;2.7;680
0.31;Ideal;E;VS2;60.5;56;4.38;4.41;2.66;680
0.31;Premium;E;VS2;61;58;4.37;4.39;2.67;680
0.31;Ideal;E;VS2;61.5;55;4.37;4.41;2.7;680
0.31;Ideal;E;VS2;61.7;55;4.36;4.39;2.7;680
0.31;Ideal;E;VS2;62;56;4.34;4.37;2.7;680
0.31;Ideal;E;VS2;61.8;56;4.34;4.36;2.69;680
0.31;Ideal;F;VS1;62.1;56;4.32;4.35;2.69;680
0.31;Ideal;E;VS2;61.6;56;4.32;4.38;2.68;680
0.31;Premium;E;VS2;61.3;60;4.32;4.39;2.67;680
0.31;Premium;E;VS2;60.5;60;4.34;4.36;2.63;680
0.31;Ideal;E;VS2;60.8;54;4.39;4.4;2.67;680
0.31;Premium;E;VS2;60;59;4.35;4.39;2.62;680
0.31;Ideal;E;VS2;61.8;55;4.33;4.35;2.68;680
0.31;Ideal;E;VS2;61;54;4.37;4.41;2.68;680
0.31;Ideal;E;VS2;61.7;55;4.33;4.36;2.68;680
0.31;Ideal;E;VS2;61.3;56;4.34;4.37;2.67;680
0.31;Ideal;E;VS2;61.4;54;4.33;4.4;2.68;680
0.31;Ideal;E;VS2;61.8;54;4.34;4.37;2.69;680
0.31;Ideal;E;VS2;61;56;4.38;4.41;2.68;680
0.31;Ideal;E;VS2;61.5;56;4.34;4.37;2.68;680
0.31;Premium;E;VS2;60.3;58;4.37;4.42;2.65;680
0.31;Very Good;E;VS2;62.9;57;4.3;4.35;2.72;680
0.31;Very Good;E;VS2;62.6;56;4.3;4.33;2.7;680
0.31;Ideal;E;VS2;61.4;54;4.38;4.41;2.7;680
0.31;Ideal;E;VS2;61;56;4.34;4.38;2.66;680
0.31;Very Good;E;VS2;61.6;59;4.32;4.35;2.67;680
0.31;Very Good;E;VS2;61;59;4.33;4.39;2.66;680
0.31;Ideal;E;VS2;61.8;55;4.37;4.4;2.71;680
0.31;Ideal;E;VS2;62;55;4.33;4.35;2.69;680
0.31;Very Good;E;VS2;61.7;58;4.31;4.34;2.67;680
0.31;Ideal;E;VS2;60.9;57;4.34;4.36;2.65;680
0.31;Ideal;E;VS2;62.4;54;4.31;4.35;2.7;680
0.31;Ideal;F;VS1;60.6;56;4.39;4.42;2.67;680
0.31;Premium;F;VS1;61.8;60;4.35;4.39;2.7;680
0.31;Premium;E;VS2;60.8;58;4.35;4.37;2.65;680
0.31;Ideal;E;VS2;62;55;4.34;4.37;2.7;680
0.31;Ideal;E;VS2;61.9;55;4.34;4.38;2.7;680
0.31;Premium;E;VS2;60.6;59;4.36;4.39;2.65;680
0.31;Premium;E;VS2;61;59;4.35;4.37;2.66;680
0.31;Ideal;E;VS2;62.3;57;4.32;4.35;2.7;680
0.31;Ideal;E;VS2;61.9;55;4.34;4.39;2.7;680
0.33;Very Good;D;VS2;62.5;59;4.39;4.41;2.75;681
0.33;Very Good;G;VS1;61.3;57;4.47;4.49;2.75;681
0.33;Very Good;G;VS1;60.8;57;4.5;4.51;2.74;681
0.43;Very Good;F;SI2;61.6;59;4.8;4.84;2.97;681
0.32;Ideal;H;VVS1;61.6;54.9;4.4;4.43;2.72;681
0.33;Ideal;D;VS2;61.8;54;4.43;4.47;2.75;681
0.34;Ideal;G;VS1;62;55;4.47;4.5;2.78;681
0.39;Good;F;VS2;64.3;55;4.56;4.64;2.96;681
0.4;Good;H;SI1;60.2;63;4.7;4.73;2.84;681
0.33;Ideal;E;VS2;59.3;58;4.53;4.51;2.68;681
0.37;Premium;I;VVS1;61.6;59;4.62;4.66;2.86;681
0.37;Very Good;D;SI1;62.3;56;4.61;4.64;2.88;681
0.37;Ideal;D;SI1;61.5;57;4.6;4.63;2.84;681
0.37;Good;E;VS2;63.5;56;4.55;4.59;2.9;681
0.37;Very Good;D;SI1;62.2;58;4.58;4.62;2.86;681
0.37;Premium;D;SI1;61.9;59;4.62;4.65;2.87;681
0.37;Premium;D;SI1;60.4;59;4.62;4.68;2.81;681
0.37;Good;D;SI1;63.7;55;4.55;4.59;2.91;681
0.37;Very Good;D;SI1;61;62;4.61;4.64;2.82;681
0.37;Premium;I;VVS1;62.4;58;4.55;4.58;2.85;681
0.3;Very Good;D;VS1;59.7;58;4.39;4.32;2.6;681
0.37;Premium;D;SI1;62.7;58;4.55;4.58;2.86;681
0.27;Very Good;F;VVS2;61.3;57;4.14;4.18;2.54;682
0.27;Very Good;F;VVS2;61.8;57;4.15;4.17;2.57;682
0.27;Very Good;F;VVS2;61.8;56;4.19;4.2;2.6;682
0.27;Very Good;F;VVS2;61.2;57;4.14;4.17;2.54;682
0.27;Very Good;F;VVS1;61.8;56;4.15;4.17;2.57;682
0.3;Very Good;F;VVS1;62.5;56;4.27;4.31;2.68;682
0.27;Very Good;F;VVS1;61.8;56;4.17;4.19;2.58;682
0.27;Very Good;E;VVS1;61.3;57;4.15;4.18;2.55;682
0.27;Very Good;E;VVS1;62.3;56;4.16;4.19;2.6;682
0.23;Very Good;E;VVS1;59.9;55;3.99;4.13;2.43;682
0.4;Very Good;G;SI1;61.9;55;4.71;4.75;2.93;682
0.37;Ideal;G;VS2;60.3;56;4.67;4.7;2.83;682
0.33;Ideal;E;VS2;62.4;54;4.44;4.47;2.78;682
0.31;Ideal;E;VS1;60.5;60;4.37;4.39;2.65;682
0.42;Ideal;G;SI2;61.5;56;4.83;4.79;2.96;682
0.32;Ideal;E;SI1;61.5;55;4.4;4.44;2.72;682
0.3;Good;F;VVS1;61.1;61;4.29;4.32;2.63;682
0.38;Premium;I;VS2;62.4;56;4.65;4.58;2.88;682
0.4;Good;E;SI1;64.2;56;4.66;4.69;3;682
0.32;Very Good;F;VVS2;63.2;52;4.38;4.39;2.77;683
0.41;Ideal;I;VS2;61.5;55;4.79;4.83;2.96;683
0.39;Ideal;G;SI2;62;55;4.69;4.73;2.92;683
0.41;Ideal;H;SI1;61.2;56;4.77;4.81;2.93;683
0.31;Premium;D;VS1;59.6;58;4.38;4.41;2.62;683
0.31;Ideal;D;VS1;62;54;4.35;4.36;2.7;683
0.31;Ideal;D;VS1;61.8;55;4.34;4.36;2.69;683
0.31;Ideal;D;VS1;62.1;57;4.32;4.35;2.69;683
0.31;Ideal;D;VS1;60.5;55;4.39;4.43;2.67;683
0.41;Very Good;H;SI1;62.6;59;4.72;4.77;2.97;683
0.41;Good;H;SI1;63.8;56;4.69;4.74;3.01;683
0.41;Premium;D;SI2;62.3;58;4.74;4.77;2.96;683
0.41;Premium;H;SI1;61.7;60;4.71;4.75;2.92;683
0.41;Very Good;H;SI1;62.8;56;4.72;4.77;2.98;683
0.41;Premium;E;SI2;60;59;4.78;4.82;2.88;683
0.41;Premium;D;SI2;61.9;58;4.71;4.73;2.92;683
0.41;Very Good;E;SI2;62.8;57;4.7;4.73;2.96;683
0.41;Ideal;E;SI2;59.8;55;4.81;4.93;2.91;683
0.41;Very Good;H;SI1;60;61;4.77;4.83;2.88;683
0.41;Premium;E;SI2;61.3;59;4.8;4.85;2.96;683
0.41;Very Good;E;SI2;61.3;57;4.79;4.83;2.95;683
0.41;Ideal;H;SI1;61.2;57;4.76;4.78;2.92;683
0.41;Ideal;E;SI2;60.7;57;4.81;4.85;2.93;683
0.41;Premium;D;SI2;62;58;4.74;4.78;2.95;683
0.41;Very Good;H;SI1;62.9;58;4.72;4.73;2.97;683
0.41;Premium;D;SI2;62.3;58;4.73;4.77;2.96;683
0.41;Good;H;SI1;63.3;56;4.71;4.74;2.99;683
0.41;Ideal;D;SI2;62.3;57;4.75;4.78;2.97;683
0.41;Ideal;D;SI2;62.7;55;4.72;4.75;2.97;683
0.41;Very Good;E;SI2;62.9;58;4.72;4.75;2.98;683
0.41;Very Good;E;SI2;61.9;55;4.77;4.8;2.96;683
0.41;Very Good;H;SI1;62.9;55;4.75;4.82;3.01;683
0.41;Ideal;H;SI1;62.6;55;4.77;4.79;2.99;683
0.41;Very Good;E;SI2;62.9;58;4.74;4.77;2.99;683
0.41;Premium;D;SI2;62.4;60;4.71;4.77;2.96;683
0.41;Very Good;H;SI1;62.4;56;4.74;4.78;2.97;683
0.41;Premium;H;SI1;62;59;4.78;4.8;2.97;683
0.41;Premium;D;SI2;61.2;59;4.77;4.8;2.93;683
0.41;Very Good;D;SI2;62.7;58;4.75;4.78;2.99;683
0.41;Ideal;D;SI2;61;56;4.78;4.83;2.93;683
0.41;Ideal;D;SI2;62.6;55;4.76;4.8;2.99;683
0.41;Very Good;H;SI1;61.4;60;4.73;4.78;2.92;683
0.41;Premium;H;SI1;60.9;60;4.79;4.83;2.93;683
0.41;Premium;E;SI2;62.1;58;4.73;4.77;2.95;683
0.41;Premium;H;SI1;60.5;58;4.81;4.85;2.92;683
0.41;Ideal;E;SI2;61.9;57;4.76;4.8;2.96;683
0.4;Very Good;E;SI1;59.8;61;4.76;4.81;2.86;684
0.3;Ideal;F;VVS2;62.2;55;4.29;4.33;2.68;684
0.3;Ideal;F;VVS2;62.3;54;4.32;4.35;2.7;684
0.31;Ideal;G;VS2;61.1;55;4.39;4.41;2.69;684
0.36;Ideal;F;VS2;62;54;4.58;4.61;2.85;684
0.36;Ideal;H;SI1;61.4;56;4.56;4.59;2.81;684
0.4;Ideal;E;SI1;63.2;56;4.66;4.71;2.96;684
0.37;Good;H;SI1;64;55;4.57;4.53;2.91;684
0.37;Very Good;H;SI1;63.2;57;4.58;4.54;2.88;684
0.32;Premium;F;SI1;62.3;55;4.44;4.39;2.75;684
0.37;Ideal;H;SI1;59.7;56;4.71;4.67;2.8;684
0.32;Premium;F;SI1;60;59;4.45;4.42;2.66;684
0.32;Premium;F;SI1;59.3;58;4.5;4.47;2.66;684
0.32;Premium;F;SI1;62.7;57;4.4;4.37;2.75;684
0.32;Premium;J;IF;61.2;59;4.44;4.41;2.71;684
0.32;Ideal;J;IF;62.2;55;4.44;4.4;2.75;684
0.32;Ideal;J;IF;62.2;56;4.41;4.37;2.73;684
0.31;Ideal;D;SI1;62;56;4.39;4.35;2.71;684
0.31;Ideal;D;SI1;62.5;53;4.37;4.34;2.72;684
0.31;Ideal;D;SI1;61.2;57;4.38;4.34;2.67;684
0.31;Premium;D;SI1;60.6;59;4.39;4.35;2.65;684
0.31;Ideal;D;SI1;61.8;57;4.37;4.33;2.69;684
0.31;Good;D;SI1;63.8;57;4.33;4.29;2.75;684
0.39;Premium;I;SI2;61;58;4.75;4.7;2.88;684
0.32;Very Good;F;SI1;63.2;55;4.4;4.37;2.77;684
0.44;Good;E;SI2;63.2;59;4.8;4.85;3.05;684
0.3;Ideal;G;VVS2;62;57;4.29;4.32;2.67;684
0.3;Ideal;G;VVS1;61.7;57;4.31;4.34;2.67;684
0.3;Very Good;H;VVS1;63;54;4.27;4.3;2.7;684
0.3;Good;G;VVS2;63.2;57;4.24;4.27;2.69;684
0.36;Premium;E;VS2;62.5;58;4.52;4.57;2.84;684
0.3;Very Good;G;VVS2;63;57;4.28;4.32;2.71;684
0.3;Very Good;G;VVS2;62.3;59;4.25;4.29;2.66;684
0.3;Very Good;G;VVS2;61.8;59;4.22;4.26;2.62;684
0.3;Premium;H;VVS1;61.8;58;4.32;4.36;2.68;684
0.3;Premium;G;VVS2;62;60;4.25;4.33;2.66;684
0.3;Very Good;G;VVS2;62.7;56;4.24;4.31;2.68;684
0.3;Very Good;G;VVS2;61.3;58;4.28;4.34;2.64;684
0.3;Good;G;VVS2;63.3;57;4.23;4.27;2.69;684
0.3;Premium;G;VVS2;61.2;59;4.31;4.35;2.65;684
0.3;Good;G;VVS2;63.8;57;4.24;4.26;2.71;684
0.3;Ideal;G;VVS2;61.5;57;4.29;4.33;2.65;684
0.3;Very Good;H;VVS1;62.2;58;4.26;4.29;2.66;684
0.3;Very Good;G;VVS2;62.8;60;4.25;4.28;2.68;684
0.3;Very Good;G;VVS2;61.6;60;4.24;4.27;2.62;684
0.3;Good;H;VVS1;63.3;55;4.29;4.34;2.73;684
0.3;Very Good;H;VVS1;62.6;60;4.21;4.26;2.65;684
0.3;Ideal;G;VVS2;60.9;57;4.32;4.35;2.64;684
0.3;Very Good;H;VVS1;61.3;61;4.26;4.29;2.62;684
0.3;Very Good;H;VVS1;62;59;4.26;4.29;2.65;684
0.3;Good;G;VVS2;63.5;56;4.29;4.34;2.74;684
0.39;Very Good;G;SI1;62.4;58;4.67;4.72;2.93;684
0.3;Premium;G;VVS2;62.6;58;4.27;4.29;2.68;684
0.3;Very Good;G;VVS2;60.6;58;4.35;4.36;2.64;684
0.3;Ideal;G;VVS2;61.1;57;4.32;4.35;2.65;684
0.3;Very Good;H;VVS1;63;56;4.24;4.27;2.68;684
0.36;Ideal;E;VS2;61.7;57;4.55;4.59;2.82;684
0.3;Good;H;VVS1;63.3;60;4.22;4.25;2.68;684
0.3;Premium;G;VVS2;62;58;4.26;4.29;2.65;684
0.3;Ideal;G;VVS2;61.5;56;4.31;4.34;2.66;684
0.3;Very Good;H;VVS1;63;58;4.22;4.25;2.67;684
0.3;Good;G;VVS2;63.8;56;4.27;4.29;2.73;684
0.3;Ideal;H;VVS1;62;55;4.3;4.34;2.68;684
0.3;Good;G;VVS2;63.5;54;4.25;4.26;2.7;684
0.3;Ideal;H;VVS1;62.4;53;4.28;4.31;2.68;684
0.3;Ideal;H;VVS1;61.9;55;4.32;4.34;2.68;684
0.39;Very Good;G;SI1;61.7;57;4.77;4.7;2.92;684
0.3;Ideal;G;VVS2;61.5;55;4.3;4.32;2.65;684
0.3;Premium;G;VVS2;61.2;58;4.32;4.34;2.65;684
0.3;Good;G;VVS2;63.6;57;4.26;4.3;2.72;684
0.3;Very Good;G;VVS2;62.1;59;4.23;4.27;2.64;684
0.3;Very Good;G;VVS2;61.3;57;4.29;4.33;2.64;684
0.3;Premium;G;VVS2;61.9;59;4.25;4.28;2.64;684
0.3;Good;G;VVS2;63.2;57;4.23;4.28;2.69;684
0.3;Premium;G;VVS2;61;60;4.3;4.32;2.63;684
0.3;Very Good;H;VVS1;62.5;59;4.26;4.29;2.67;684
0.3;Premium;G;VVS2;60.8;58;4.34;4.38;2.65;684
0.3;Premium;G;VVS2;62.2;59;4.28;4.31;2.67;684
0.3;Good;E;VVS2;63.2;59;4.27;4.28;2.7;684
0.3;Good;H;VVS1;63.4;55;4.28;4.3;2.72;684
0.3;Very Good;G;VVS2;62.9;55;4.3;4.32;2.71;684
0.3;Premium;H;VVS1;62.7;59;4.29;4.32;2.7;684
0.3;Good;H;VVS1;63.3;59;4.22;4.28;2.69;684
0.3;Ideal;G;VVS2;62.7;57;4.26;4.29;2.68;684
0.3;Very Good;G;VVS2;62.9;55;4.24;4.28;2.68;684
0.3;Ideal;G;VVS2;62.2;55;4.29;4.33;2.68;684
0.3;Good;H;VVS1;63.4;57;4.27;4.31;2.72;684
0.3;Good;G;VVS2;63.1;56;4.2;4.23;2.66;684
0.3;Ideal;G;VVS2;60.6;57;4.33;4.35;2.63;684
0.3;Ideal;G;VVS2;62.7;57;4.26;4.32;2.69;684
0.3;Premium;H;VVS1;62.3;58;4.29;4.32;2.68;684
0.32;Very Good;G;VVS1;60.6;57;4.46;4.48;2.71;685
0.31;Very Good;E;SI2;61.2;61;4.36;4.37;2.67;435
0.31;Good;I;VS2;63.1;54;4.31;4.34;2.73;435
0.31;Good;H;SI1;63.6;57;4.28;4.31;2.73;435
0.31;Very Good;H;SI1;62.9;56;4.27;4.31;2.7;435
0.25;Very Good;F;VS1;61.2;59;4.02;4.05;2.47;435
0.25;Premium;E;VS1;61.5;60;4.02;4.04;2.48;435
0.31;Good;I;VS2;63.2;55;4.3;4.4;2.75;435
0.31;Premium;I;VS2;61.1;58;4.36;4.38;2.67;435
0.25;Premium;E;VS1;60.7;59;4.11;4.13;2.5;435
0.31;Very Good;I;VS2;60.8;60;4.37;4.42;2.67;435
0.31;Ideal;I;VS2;59.9;57;4.38;4.4;2.63;435
0.31;Very Good;I;VS2;60.7;61;4.32;4.34;2.63;435
0.31;Premium;I;VS2;59.9;60;4.41;4.44;2.65;435
0.31;Very Good;H;SI1;61.7;59;4.36;4.39;2.7;435
0.31;Premium;H;SI1;62.7;58;4.31;4.34;2.71;435
0.31;Ideal;E;SI2;60.1;57;4.41;4.44;2.66;435
0.31;Very Good;H;SI1;62.4;57;4.31;4.35;2.7;435
0.31;Premium;I;VS2;62.3;60;4.31;4.32;2.69;435
0.31;Premium;G;VS2;61.8;58;4.35;4.39;2.7;435
0.31;Premium;E;SI2;60.9;60;4.35;4.38;2.66;435
0.31;Very Good;H;SI1;58.7;60;4.43;4.47;2.61;435
0.31;Very Good;H;SI1;61;61;4.33;4.39;2.66;435
0.25;Good;F;VS1;63.6;57;4.01;4.04;2.56;435
0.31;Very Good;H;SI1;62.8;58;4.28;4.32;2.7;435
0.31;Premium;I;VS2;59.8;60;4.38;4.42;2.63;435
0.31;Ideal;E;SI2;61.3;55;4.34;4.37;2.67;435
0.31;Premium;I;VS2;60.8;58;4.34;4.37;2.65;435
0.31;Good;H;VS1;57.5;60;4.46;4.51;2.58;435
0.25;Very Good;E;VS2;63.3;56;4.01;4.05;2.55;436
0.25;Very Good;F;VS1;62.1;58;4;4.05;2.5;436
0.38;Very Good;F;VS2;61.3;57;4.67;4.7;2.87;685
0.31;Ideal;E;VS1;61.9;54.4;4.33;4.37;2.69;685
0.38;Ideal;E;SI1;62.1;55;4.64;4.67;2.89;685
0.31;Ideal;D;VS2;59.4;57;4.45;4.5;2.66;685
0.35;Very Good;D;VS2;62.8;58;4.47;4.51;2.82;685
0.41;Good;E;SI1;63.1;57;4.71;4.73;2.98;685
0.41;Ideal;I;VS1;61.9;55;4.78;4.82;2.97;685
0.41;Good;F;SI1;63.1;56;4.69;4.73;2.97;685
0.33;Ideal;E;VS1;60.6;57;4.49;4.52;2.73;686
0.42;Ideal;G;SI2;62.3;55;4.8;4.83;3;686
0.34;Premium;F;VS2;59.2;60;4.56;4.6;2.71;686
0.34;Ideal;F;VS2;62.1;55;4.47;4.51;2.79;686
0.34;Very Good;F;VS2;62.9;58;4.44;4.46;2.8;686
0.34;Ideal;F;VS2;61;57;4.48;4.5;2.74;686
0.34;Ideal;F;VS2;62.1;56;4.45;4.47;2.77;686
0.34;Premium;F;VS2;62.6;58;4.46;4.49;2.8;686
0.34;Ideal;F;VS2;62.1;56;4.47;4.51;2.79;686
0.34;Good;G;VS1;63.1;57;4.4;4.45;2.79;686
0.34;Premium;F;VS2;61.2;59;4.49;4.53;2.76;686
0.34;Ideal;F;VS2;62.6;54;4.46;4.48;2.8;686
0.34;Ideal;F;VS2;62.5;55;4.48;4.51;2.81;686
0.34;Ideal;F;VS2;61.6;57;4.47;4.53;2.77;686
0.34;Premium;F;VS2;62.6;59;4.44;4.48;2.79;686
0.34;Very Good;H;VVS2;62.7;59;4.43;4.47;2.79;686
0.34;Very Good;F;VS2;62.9;55;4.46;4.48;2.81;686
0.34;Ideal;H;VVS2;62.2;55;4.48;4.49;2.79;686
0.34;Premium;F;VS2;60.7;60;4.46;4.5;2.72;686
0.34;Very Good;F;VS2;62.3;57;4.44;4.48;2.78;686
0.34;Premium;F;VS2;61.2;59;4.47;4.52;2.75;686
0.34;Very Good;H;VVS2;63;55;4.44;4.48;2.81;686
0.34;Very Good;G;VS1;61.7;60;4.45;4.49;2.76;686
0.34;Ideal;H;VVS2;61.8;54;4.47;4.49;2.77;686
0.34;Very Good;H;VVS2;61.4;58;4.46;4.5;2.75;686
0.34;Very Good;G;VS1;60.4;61;4.48;4.53;2.72;686
0.39;Ideal;J;VVS2;62;54.5;4.67;4.7;2.9;687
0.31;Ideal;G;VVS2;61.3;56;4.37;4.41;2.69;687
0.31;Ideal;G;VVS2;61.5;56;4.38;4.4;2.7;687
0.31;Ideal;G;VVS2;61.8;54;4.36;4.38;2.7;687
0.31;Ideal;G;VVS2;61.8;56;4.37;4.4;2.71;687
0.31;Ideal;G;VVS2;60.9;56;4.4;4.43;2.69;687
0.31;Ideal;G;VVS2;62.2;54;4.35;4.39;2.72;687
0.31;Ideal;G;VVS2;62.1;54;4.38;4.41;2.73;687
0.31;Ideal;G;VVS2;62.4;54;4.37;4.38;2.73;687
0.31;Ideal;G;VVS2;60.8;56;4.41;4.44;2.69;687
0.3;Ideal;G;VVS2;62.5;53.8;4.26;4.3;2.68;687
0.33;Ideal;H;VVS1;61.4;53;4.5;4.55;2.78;687
0.31;Ideal;H;VVS1;61.6;55;4.37;4.4;2.7;687
0.31;Ideal;H;VVS1;61.9;55;4.38;4.41;2.72;687
0.31;Ideal;H;VVS1;62.6;53;4.35;4.41;2.74;687
0.31;Ideal;H;VVS1;61.6;55;4.37;4.4;2.7;687
0.31;Ideal;H;VVS1;62.3;54;4.37;4.4;2.73;687
0.31;Ideal;H;VVS1;62.2;54;4.34;4.37;2.71;687
0.31;Ideal;H;VVS1;62.3;53;4.35;4.38;2.72;687
0.31;Ideal;H;VVS1;62;54;4.34;4.37;2.7;687
0.31;Ideal;H;VVS1;61.4;54;4.4;4.43;2.71;687
0.24;Ideal;D;VS1;62.6;57;3.92;4;2.48;687
0.42;Good;G;SI1;63.1;56;4.75;4.79;3.01;687
0.4;Good;E;SI1;63.8;56;4.7;4.74;3.01;687
0.4;Good;E;SI1;63.7;57;4.66;4.69;2.98;687
0.4;Good;E;SI1;63.2;56;4.69;4.74;2.98;687
0.42;Very Good;G;SI1;61.6;61;4.79;4.82;2.96;687
0.4;Good;E;SI1;63.5;55;4.67;4.71;2.98;687
0.42;Premium;G;SI1;62.7;58;4.75;4.79;2.99;687
0.4;Good;F;SI1;63.6;56;4.63;4.68;2.96;687
0.42;Ideal;E;SI2;62.7;55.2;4.78;4.79;3;687
0.4;Very Good;E;SI1;61.4;58;4.77;4.81;2.94;687
0.4;Good;E;SI1;63.9;58;4.63;4.67;2.97;687
0.4;Good;I;VS1;63.5;55;4.67;4.71;2.98;687
0.4;Very Good;E;SI1;62.9;59;4.69;4.72;2.96;687
0.4;Premium;E;SI1;61;59;4.71;4.74;2.88;687
0.4;Very Good;E;SI1;62.2;62;4.66;4.69;2.91;687
0.4;Very Good;F;SI1;62.1;57;4.65;4.69;2.9;687
0.42;Very Good;G;SI1;63;55;4.77;4.81;3.02;687
0.4;Good;E;SI1;63.2;58;4.66;4.7;2.96;687
0.42;Very Good;G;SI1;60.6;62;4.82;4.85;2.93;687
0.4;Good;E;SI1;63.6;57;4.65;4.69;2.97;687
0.4;Very Good;E;SI1;62;61;4.67;4.71;2.91;687
0.4;Good;E;SI1;63.5;57;4.7;4.72;2.99;687
0.4;Good;E;SI1;63.2;56;4.65;4.69;2.95;687
0.4;Good;F;SI1;63.3;58;4.69;4.72;2.98;687
0.4;Very Good;E;SI1;60.8;62;4.72;4.76;2.88;687
0.4;Good;E;SI1;63.7;56;4.66;4.69;2.98;687
0.4;Very Good;F;SI1;62.9;58;4.69;4.72;2.96;687
0.4;Good;E;SI1;63.9;55;4.67;4.72;3;687
0.4;Good;E;SI1;63.3;56;4.68;4.74;2.98;687
0.4;Good;E;SI1;63.5;58;4.65;4.67;2.96;687
0.4;Good;F;SI1;63.1;58;4.66;4.69;2.95;687
0.4;Very Good;E;SI1;63;57;4.65;4.68;2.94;687
0.4;Very Good;E;SI1;61.7;60;4.68;4.72;2.9;687
0.34;Ideal;E;VS1;62;57;4.44;4.49;2.77;687
0.34;Ideal;D;VS2;61.6;55;4.48;4.54;2.78;687
0.34;Premium;D;VS2;59.3;59;4.55;4.59;2.71;687
0.3;Very Good;E;VVS2;62.5;61;4.23;4.28;2.66;688
0.28;Very Good;E;IF;59.6;55;4.24;4.31;2.55;688
0.32;Ideal;F;VS2;61.9;57;4.36;4.37;2.71;688
0.4;Ideal;F;SI2;61.8;53;4.77;4.74;2.94;688
0.41;Ideal;G;SI1;61.7;54;4.78;4.81;2.96;688
0.38;Ideal;G;SI1;61.2;58;4.64;4.67;2.85;688
0.23;Premium;D;VVS2;58.9;60;4.03;3.95;2.35;688
0.43;Very Good;E;SI2;61.8;60;4.83;4.85;2.99;688
0.41;Very Good;D;SI1;64.1;54;4.72;4.74;3.03;689
0.36;Ideal;H;VVS2;61.4;55;4.57;4.6;2.82;689
0.4;Ideal;E;SI2;62.2;53;4.73;4.76;2.95;689
0.36;Premium;G;SI1;61.8;59;4.57;4.55;2.82;689
0.36;Very Good;G;SI1;63.3;56;4.53;4.5;2.86;689
0.36;Premium;G;SI1;62;59;4.56;4.53;2.82;689
0.34;Premium;H;VS2;61.9;56;4.49;4.46;2.77;689
0.34;Ideal;H;VS2;60.5;56;4.58;4.54;2.76;689
0.34;Premium;H;VS2;59;59;4.61;4.55;2.7;689
0.34;Good;H;VS2;63.7;57;4.44;4.42;2.82;689
0.36;Ideal;G;SI1;62.7;55;4.59;4.54;2.86;689
0.36;Very Good;G;SI1;61.2;63;4.59;4.56;2.8;689
0.36;Premium;G;SI1;61.8;60;4.57;4.53;2.81;689
0.36;Premium;D;SI2;60.9;58;4.63;4.6;2.81;689
0.36;Premium;D;SI2;60;58;4.62;4.58;2.76;689
0.36;Ideal;D;SI2;62;56;4.6;4.56;2.84;689
0.36;Premium;D;SI2;61.2;59;4.59;4.56;2.8;689
0.36;Premium;D;SI2;61.5;60;4.6;4.54;2.81;689
0.36;Ideal;D;SI2;62.3;57;4.57;4.52;2.83;689
0.34;Ideal;I;VS1;62.6;56;4.47;4.44;2.79;689
0.34;Ideal;I;VS1;62.4;55;4.51;4.47;2.8;689
0.34;Premium;I;VS1;61;60;4.51;4.48;2.74;689
0.34;Premium;I;VS1;59.5;59;4.59;4.55;2.72;689
0.34;Ideal;H;VS2;62.2;56;4.53;4.48;2.8;689
0.34;Ideal;H;VS2;61.4;57;4.55;4.48;2.77;689
0.34;Ideal;H;VS2;62.5;54;4.54;4.49;2.82;689
0.34;Ideal;H;VS2;61.5;54;4.54;4.5;2.78;689
0.34;Premium;H;VS2;60.2;60;4.56;4.51;2.73;689
0.34;Premium;H;VS2;61.3;60;4.53;4.47;2.76;689
0.34;Premium;H;VS2;61.1;58;4.5;4.47;2.74;689
0.34;Premium;H;VS2;61.7;60;4.51;4.47;2.77;689
0.34;Very Good;H;VS2;63.2;55;4.5;4.46;2.83;689
0.34;Ideal;H;VS2;61.7;57;4.48;4.46;2.76;689
0.34;Premium;H;VS2;62.4;60;4.44;4.41;2.76;689
0.34;Very Good;H;VS2;63.1;56;4.46;4.41;2.8;689
0.34;Premium;H;VS2;61.9;60;4.46;4.42;2.75;689
0.34;Premium;H;VS2;62.6;60;4.46;4.42;2.78;689
0.34;Ideal;H;VS2;62.6;54;4.5;4.45;2.8;689
0.34;Very Good;H;VS2;63.3;56;4.45;4.39;2.8;689
0.34;Good;H;VS1;64;58;4.49;4.45;2.86;689
0.3;Good;D;VVS2;64.2;55;4.23;4.28;2.73;689
0.4;Premium;D;SI1;60.9;60;4.74;4.78;2.9;689
0.4;Very Good;D;SI1;63;59;4.69;4.7;2.96;690
0.42;Ideal;I;SI1;61.6;55;4.83;4.85;2.98;690
0.41;Ideal;F;SI1;62.2;54;4.78;4.8;2.98;690
0.4;Ideal;D;SI1;60.6;57;4.75;4.82;2.9;690
0.3;Very Good;G;VVS1;61.3;56;4.34;4.37;2.67;691
0.3;Very Good;G;VVS1;60.7;57;4.35;4.37;2.65;691
0.43;Very Good;I;SI2;61.5;54;4.86;4.89;3;691
0.3;Very Good;H;IF;62.3;56;4.3;4.33;2.68;691
0.44;Ideal;E;SI2;62;54;4.9;4.94;3.05;691
0.42;Ideal;F;SI1;61.6;56;4.81;4.83;2.97;691
0.33;Very Good;G;VVS2;61.9;56;4.46;4.49;2.77;692
0.33;Very Good;G;VVS2;61.4;55;4.46;4.5;2.75;692
0.33;Very Good;H;VVS1;62.5;55;4.43;4.47;2.78;692
0.31;Very Good;D;VS2;61.6;55;4.37;4.4;2.7;692
0.32;Ideal;G;VVS2;61.4;56;4.42;4.44;2.72;692
0.32;Ideal;H;VVS1;62.7;55;4.37;4.4;2.75;692
0.34;Ideal;E;VS2;62.5;55;4.45;4.48;2.79;692
0.33;Ideal;D;VS2;61.8;55;4.43;4.44;2.74;692
0.31;Ideal;D;VS2;62.8;54;4.32;4.34;2.72;692
0.31;Ideal;D;VS2;60.8;56;4.39;4.42;2.68;692
0.34;Ideal;F;VS1;61.1;57;4.51;4.55;2.77;692
0.31;Ideal;E;VS1;61.3;55;4.36;4.38;2.68;692
0.33;Ideal;E;VS1;61.5;56;4.45;4.5;2.75;692
0.31;Ideal;E;VS1;61.8;55;4.36;4.38;2.7;692
0.31;Ideal;E;VS1;61.1;54;4.37;4.4;2.68;692
0.4;Ideal;I;SI1;61.2;55;4.77;4.8;2.93;692
0.4;Ideal;G;SI1;62;55;4.72;4.76;2.94;692
0.31;Ideal;D;SI1;61.5;55;4.38;4.4;2.7;692
0.41;Premium;I;SI2;61.6;59;4.79;4.76;2.94;692
0.41;Very Good;I;SI2;63.5;57;4.72;4.7;2.99;692
0.37;Premium;E;VS2;61;59;4.6;4.65;2.82;692
0.41;Very Good;J;VS1;61.8;56;4.75;4.79;2.95;693
0.38;Very Good;G;VS1;61.9;54;4.65;4.69;2.89;693
0.3;Ideal;H;VS1;61.5;57;4.27;4.31;2.64;693
0.38;Ideal;F;SI1;62.5;53.7;4.64;4.66;2.91;693
0.38;Ideal;E;SI1;61.8;53.8;4.63;4.67;2.88;693
0.33;Premium;H;VS1;59;62;4.52;4.49;2.66;693
0.33;Premium;H;VS1;62.4;60;4.42;4.39;2.75;693
0.33;Premium;G;VS2;61.3;61;4.47;4.43;2.73;693
0.33;Premium;E;SI1;59.1;59;4.59;4.54;2.7;693
0.33;Very Good;E;SI1;63.1;56;4.45;4.42;2.8;693
0.27;Good;D;VVS2;64.3;55;4.14;4.09;2.65;693
0.33;Fair;F;VVS2;65.7;54;4.37;4.3;2.85;693
0.38;Ideal;F;VS2;61.2;57;4.64;4.67;2.85;693
0.38;Good;E;VS2;63.2;57;4.59;4.62;2.91;693
0.4;Very Good;E;VS2;63;59;4.66;4.68;2.94;693
0.33;Very Good;F;VVS2;63.5;54;4.42;4.37;2.79;694
0.3;Very Good;F;VVS2;62.4;57;4.25;4.27;2.66;694
0.4;Very Good;F;SI1;59.6;58;4.81;4.82;2.87;694
0.39;Very Good;G;SI1;62.5;55;4.68;4.7;2.93;694
0.4;Very Good;E;SI1;62.2;56;4.71;4.74;2.94;694
0.4;Very Good;D;SI1;63.8;54;4.68;4.75;3.01;694
0.3;Ideal;F;VVS2;61.8;55;4.33;4.35;2.68;694
0.3;Ideal;F;VVS2;61.6;53;4.35;4.39;2.69;694
0.3;Ideal;F;VVS2;61.5;55;4.33;4.35;2.67;694
0.3;Ideal;F;VVS2;61.4;56;4.32;4.35;2.66;694
0.3;Ideal;F;VVS2;62.1;57;4.25;4.28;2.65;694
0.3;Ideal;F;VVS2;61.7;56;4.32;4.34;2.67;694
0.3;Ideal;F;VVS2;62.1;57;4.27;4.29;2.66;694
0.3;Ideal;F;VVS2;61.5;58;4.3;4.35;2.66;694
0.3;Ideal;F;VVS2;61.8;57;4.28;4.33;2.66;694
0.3;Ideal;F;VVS2;62.5;56;4.28;4.33;2.69;694
0.3;Ideal;E;VS1;62.1;58;4.26;4.28;2.65;694
0.3;Ideal;E;VS1;62.5;56;4.27;4.31;2.68;694
0.3;Ideal;E;VS1;61.3;58;4.29;4.32;2.64;694
0.3;Ideal;E;VS1;61.9;58;4.27;4.29;2.65;694
0.44;Ideal;G;SI2;61.1;55;4.93;4.95;3.02;694
0.4;Ideal;F;SI1;62;57;4.72;4.76;2.94;694
0.4;Ideal;F;SI1;61.9;57;4.71;4.76;2.93;694
0.4;Ideal;F;SI1;62;54;4.76;4.79;2.96;694
0.4;Ideal;E;SI1;62.4;53;4.73;4.75;2.96;694
0.38;Ideal;E;SI1;61;56;4.68;4.69;2.86;694
0.4;Ideal;E;SI1;62.4;54;4.72;4.74;2.95;694
0.33;Premium;I;IF;62.1;58;4.39;4.43;2.74;694
0.33;Ideal;I;IF;62.1;55;4.41;4.44;2.75;694
0.33;Very Good;I;IF;59;61;4.49;4.56;2.67;694
0.44;Good;J;VS1;63.2;57;4.82;4.86;3.06;694
0.33;Ideal;I;IF;61.6;55;4.46;4.47;2.75;694
0.33;Ideal;I;IF;61.4;56;4.41;4.45;2.72;694
0.33;Very Good;I;IF;62;58;4.44;4.46;2.76;694
0.44;Very Good;J;VS1;61.9;57;4.83;4.9;3.01;694
0.44;Good;J;VS1;63.1;57;4.83;4.87;3.06;694
0.33;Ideal;I;IF;61.8;55;4.46;4.47;2.76;694
0.33;Ideal;I;IF;62.2;56;4.42;4.45;2.76;694
0.3;Very Good;F;VVS1;61.6;56;4.34;4.36;2.68;694
0.37;Very Good;H;VS1;59.8;59;4.66;4.7;2.8;695
0.4;Good;I;VS2;64.1;57;4.65;4.61;2.97;695
0.31;Ideal;F;VVS2;61.3;56;4.38;4.39;2.69;695
0.31;Ideal;E;VS2;59.8;57;4.43;4.46;2.65;695
0.32;Ideal;F;VS1;61.2;56.2;4.41;4.44;2.71;695
0.31;Ideal;F;VS1;61.8;56;4.33;4.36;2.68;695
0.31;Ideal;F;VS1;61.2;57;4.36;4.39;2.68;695
0.31;Ideal;F;VS1;61.6;56;4.33;4.36;2.68;695
0.31;Ideal;F;VS1;60.7;56;4.37;4.39;2.66;695
0.38;Ideal;G;SI1;60.6;57;4.71;4.76;2.87;695
0.38;Ideal;G;SI1;61.5;55;4.66;4.68;2.87;695
0.34;Ideal;I;IF;61.6;54;4.5;4.53;2.78;695
0.34;Ideal;I;IF;61.9;55;4.5;4.52;2.79;695
0.34;Ideal;I;IF;61.3;55;4.52;4.55;2.78;695
0.34;Ideal;I;IF;62.1;54;4.49;4.53;2.8;695
0.31;Premium;G;VS1;60.4;59;4.41;4.37;2.65;695
0.31;Ideal;G;VS1;61.9;56;4.38;4.34;2.7;695
0.31;Premium;G;VS1;62.1;58;4.36;4.31;2.69;695
0.31;Ideal;G;VS1;62.7;57;4.34;4.31;2.71;695
0.31;Fair;G;VS1;64.6;55;4.31;4.26;2.77;695
0.25;Very Good;D;VVS2;59.5;56;4.14;4.19;2.48;696
0.39;Very Good;I;VS2;60.2;61;4.74;4.79;2.87;696
0.32;Very Good;F;VS1;62.3;55;4.38;4.42;2.74;696
0.32;Very Good;F;VS1;61.3;55;4.41;4.44;2.71;696
0.33;Very Good;D;VS1;60.1;59;4.46;4.49;2.69;696
0.39;Very Good;H;SI1;58.4;63;4.8;4.85;2.82;696
0.32;Ideal;G;VS1;59.8;57.9;4.44;4.47;2.67;696
0.31;Ideal;D;VS1;61.6;54;4.33;4.37;2.68;696
0.43;Ideal;G;SI2;62.3;53;4.84;4.86;3.02;696
0.4;Ideal;E;SI1;61.9;57;4.74;4.76;2.94;696
0.43;Good;I;VS2;58;57;4.96;5.01;2.89;696
0.34;Good;F;VS1;60.6;63;4.46;4.59;2.74;696
0.37;Very Good;G;VS1;58.3;62;4.72;4.75;2.76;696
0.37;Very Good;F;VS2;59.2;61;4.63;4.69;2.76;696
0.37;Premium;F;VS2;60.5;59;4.62;4.67;2.81;696
0.37;Very Good;F;VS2;59.7;62;4.68;4.7;2.8;696
0.34;Very Good;E;VS2;62.7;56;4.48;4.51;2.82;696
0.34;Ideal;E;VS2;61.8;57;4.48;4.52;2.78;696
0.34;Good;E;VS2;63.8;56;4.44;4.49;2.85;696
0.3;Very Good;D;VS1;63.5;55;4.24;4.29;2.71;697
0.38;Ideal;H;SI1;61.2;56;4.7;4.74;2.89;697
0.39;Ideal;F;SI1;61.8;57;4.68;4.73;2.91;697
0.39;Ideal;F;SI1;60.1;58;4.74;4.78;2.86;697
0.34;Very Good;D;VS2;59.5;56;4.55;4.59;2.72;698
0.41;Very Good;G;SI1;62.4;56;4.75;4.77;2.97;698
0.32;Ideal;G;VVS2;61.3;55;4.4;4.44;2.71;698
0.32;Ideal;G;VVS2;61.2;58;4.39;4.43;2.7;698
0.33;Ideal;H;VVS1;60.2;60;4.49;4.52;2.71;698
0.32;Ideal;H;VVS1;61.4;55;4.4;4.46;2.72;698
0.39;Ideal;I;VS2;60.8;56;4.72;4.75;2.88;698
0.43;Ideal;F;SI2;61.6;55;4.87;4.9;3.01;698
0.39;Ideal;H;SI1;61.5;56;4.69;4.71;2.89;698
0.31;Ideal;G;VS2;61.4;57;4.45;4.35;2.7;698
0.31;Premium;G;VS2;59;60;4.41;4.37;2.59;698
0.31;Premium;G;VS2;61;56;4.37;4.35;2.66;698
0.31;Premium;G;VS2;60.9;58;4.38;4.35;2.66;698
0.31;Premium;E;SI1;58.3;60;4.51;4.48;2.62;698
0.31;Ideal;E;SI1;62.8;57;4.34;4.32;2.72;698
0.31;Premium;E;SI1;60.1;61;4.4;4.35;2.63;698
0.31;Very Good;E;SI1;63.1;54;4.34;4.31;2.73;698
0.31;Very Good;E;SI1;63.4;55;4.33;4.32;2.74;698
0.31;Very Good;E;SI1;63.4;55;4.32;4.29;2.73;698
0.31;Premium;E;SI1;62.7;58;4.33;4.31;2.71;698
0.31;Ideal;E;SI1;62.4;57;4.34;4.31;2.7;698
0.31;Premium;E;SI1;63;59;4.31;4.26;2.7;698
0.31;Good;E;SI1;63.7;57;4.31;4.29;2.74;698
0.31;Ideal;G;VS2;62.2;56;4.34;4.31;2.69;698
0.31;Premium;I;VVS2;59.4;59;4.44;4.41;2.63;698
0.31;Premium;I;VVS2;62.1;58;4.33;4.3;2.68;698
0.31;Premium;I;VVS2;61.6;59;4.33;4.31;2.66;698
0.31;Premium;I;VVS2;61.7;58;4.4;4.38;2.71;698
0.31;Ideal;I;VVS2;61.6;57;4.39;4.35;2.69;698
0.31;Premium;I;VVS2;62.2;57;4.37;4.34;2.71;698
0.25;Very Good;F;VS1;59.7;57;4.13;4.21;2.49;436
0.25;Very Good;F;VS1;59.6;56;4.13;4.16;2.47;436
0.25;Very Good;E;VS1;59.9;56;4.1;4.15;2.47;436
0.25;Very Good;D;VS1;63;59;3.97;4;2.51;436
0.25;Ideal;F;VS2;62.8;57;3.98;4.01;2.51;436
0.24;Ideal;G;VS1;62.3;57;3.99;4.02;2.49;436
0.25;Ideal;F;VS1;61.8;57;4.07;4.09;2.52;436
0.31;Ideal;G;SI2;62;54;4.38;4.42;2.73;436
0.31;Ideal;G;SI2;62.2;54;4.36;4.39;2.72;436
0.31;Ideal;G;SI2;61.9;55;4.37;4.39;2.71;436
0.31;Ideal;I;SI1;62.1;54;4.37;4.39;2.72;436
0.31;Ideal;I;SI1;61.9;56;4.33;4.36;2.69;436
0.31;Ideal;I;SI1;61.3;56;4.37;4.4;2.69;436
0.31;Ideal;I;SI1;60.8;56;4.38;4.41;2.67;436
0.31;Ideal;I;SI1;61.5;55;4.36;4.39;2.69;436
0.31;Ideal;I;SI1;62;53;4.37;4.4;2.72;436
0.31;Ideal;I;SI1;62.2;54;4.36;4.39;2.72;436
0.3;Ideal;I;VS2;61.3;58;4.3;4.31;2.64;438
0.3;Ideal;I;VS2;61.6;57;4.28;4.33;2.65;438
0.3;Ideal;I;VS2;61.5;58;4.28;4.31;2.64;438
0.3;Ideal;I;VS2;60.3;57;4.36;4.39;2.64;438
0.3;Ideal;I;VS2;61.4;58;4.29;4.31;2.64;438
0.3;Ideal;I;VS2;62.1;54;4.32;4.35;2.69;438
0.3;Ideal;I;VS2;62;55;4.3;4.35;2.68;438
0.3;Ideal;I;VS2;62.7;54;4.28;4.3;2.69;438
0.25;Ideal;G;VS1;62;54;4.06;4.07;2.52;438
0.25;Ideal;G;VS1;62.3;54;4.05;4.11;2.54;438
0.25;Ideal;G;VS1;62.6;53;4.01;4.07;2.53;438
0.25;Ideal;G;VS1;62.7;54;4.05;4.08;2.55;438
0.34;Ideal;F;SI2;61.9;57;4.5;4.52;2.79;438
0.31;Premium;H;VS1;59.7;58;4.43;4.41;2.64;698
0.31;Premium;H;VS1;59.9;60;4.45;4.4;2.65;698
0.31;Premium;H;VS1;59.9;59;4.4;4.38;2.63;698
0.31;Premium;H;VS1;61.4;56;4.39;4.37;2.69;698
0.31;Ideal;H;VS1;62;54;4.39;4.35;2.71;698
0.31;Ideal;H;VS1;61.1;57;4.39;4.35;2.67;698
0.31;Ideal;H;VS1;62.6;55;4.38;4.34;2.73;698
0.31;Premium;H;VS1;61.1;59;4.36;4.35;2.66;698
0.31;Ideal;H;VS1;61.7;57;4.38;4.34;2.69;698
0.31;Ideal;H;VS1;62.4;55;4.36;4.33;2.71;698
0.31;Ideal;H;VS1;61.6;56;4.36;4.34;2.68;698
0.31;Ideal;H;VS1;62.2;57;4.37;4.34;2.71;698
0.31;Premium;H;VS1;61.4;61;4.36;4.33;2.67;698
0.31;Premium;H;VS1;62.4;58;4.36;4.32;2.71;698
0.31;Premium;H;VS1;62.9;58;4.34;4.31;2.72;698
0.31;Very Good;H;VS1;63.1;57;4.34;4.31;2.73;698
0.31;Ideal;H;VS1;62.6;55;4.35;4.31;2.71;698
0.31;Ideal;H;VS1;61.7;57;4.34;4.32;2.67;698
0.31;Premium;H;VS1;61.8;61;4.36;4.32;2.68;698
0.31;Premium;H;VS1;62.8;58;4.31;4.29;2.7;698
0.31;Very Good;H;VS1;63.2;57;4.32;4.29;2.72;698
0.31;Good;H;VS1;63.6;55;4.32;4.29;2.74;698
0.31;Premium;H;VS1;62.6;60;4.32;4.3;2.7;698
0.31;Ideal;H;VS1;62.1;54;4.37;4.3;2.69;698
0.31;Premium;H;VS1;61.5;61;4.34;4.31;2.66;698
0.31;Premium;H;VS1;61.7;61;4.34;4.31;2.67;698
0.31;Good;H;VS1;64;59;4.28;4.25;2.73;698
0.31;Premium;H;VS1;62.4;58;4.34;4.28;2.69;698
0.31;Very Good;H;VS1;63.1;58;4.3;4.26;2.7;698
0.31;Ideal;G;VS2;59.1;57;4.48;4.45;2.64;698
0.31;Premium;G;VS2;59.2;60;4.47;4.42;2.63;698
0.31;Premium;G;VS2;59.8;60;4.43;4.4;2.64;698
0.31;Ideal;G;VS2;59.6;57;4.43;4.4;2.63;698
0.31;Ideal;G;VS2;61.6;55;4.39;4.37;2.7;698
0.31;Premium;G;VS2;59.9;59;4.4;4.38;2.63;698
0.31;Ideal;G;VS2;61.6;54;4.41;4.39;2.71;698
0.31;Ideal;G;VS2;61.7;55;4.37;4.35;2.69;698
0.31;Ideal;G;VS2;62.4;54;4.39;4.36;2.73;698
0.31;Ideal;G;VS2;61.4;56;4.36;4.34;2.67;698
0.31;Ideal;G;VS2;61.8;57;4.36;4.34;2.69;698
0.31;Ideal;G;VS2;62;57;4.37;4.34;2.7;698
0.31;Premium;G;VS2;62.4;59;4.38;4.34;2.72;698
0.31;Ideal;G;VS2;61.7;57;4.36;4.33;2.68;698
0.31;Premium;G;VS2;60.7;61;4.37;4.33;2.64;698
0.31;Ideal;G;VS2;61.4;57;4.37;4.33;2.67;698
0.31;Ideal;G;VS2;63;54;4.37;4.33;2.74;698
0.31;Very Good;G;VS2;63.1;58;4.35;4.3;2.73;698
0.31;Premium;G;VS2;61.5;60;4.34;4.31;2.66;698
0.31;Premium;G;VS2;61.7;59;4.34;4.31;2.67;698
0.31;Ideal;G;VS2;62.7;57;4.34;4.31;2.71;698
0.31;Ideal;G;VS2;62.9;57;4.34;4.31;2.72;698
0.31;Very Good;G;VS2;63.1;56;4.37;4.31;2.74;698
0.31;Premium;G;VS2;61.2;58;4.37;4.32;2.66;698
0.31;Premium;G;VS2;61.5;59;4.35;4.33;2.67;698
0.31;Premium;G;VS2;62.2;59;4.35;4.3;2.69;698
0.31;Premium;G;VS2;62.6;57;4.32;4.3;2.7;698
0.31;Ideal;G;VS2;62.4;55;4.32;4.3;2.69;698
0.31;Good;G;VS2;63.6;56;4.29;4.26;2.72;698
0.31;Ideal;G;VS2;62.9;56;4.34;4.28;2.71;698
0.31;Ideal;G;VS2;62.3;56;4.34;4.29;2.69;698
0.31;Very Good;G;VS2;63.4;59;4.32;4.29;2.73;698
0.31;Very Good;G;VS2;63.5;58;4.29;4.22;2.7;698
0.31;Premium;E;SI1;59.3;59;4.48;4.42;2.64;698
0.31;Premium;E;SI1;59.1;59;4.44;4.42;2.62;698
0.31;Very Good;E;SI1;63.1;55;4.36;4.33;2.74;698
0.31;Very Good;E;SI1;63.3;55;4.36;4.33;2.75;698
0.31;Ideal;E;SI1;62.7;54;4.36;4.35;2.73;698
0.31;Premium;E;SI1;59.2;60;4.42;4.36;2.6;698
0.31;Very Good;E;SI1;63.4;55;4.35;4.32;2.75;698
0.31;Very Good;E;SI1;63.3;55;4.35;4.31;2.74;698
0.31;Very Good;E;SI1;63.5;55;4.35;4.31;2.75;698
0.31;Premium;E;SI1;62.6;60;4.35;4.31;2.71;698
0.31;Ideal;E;SI1;62.7;57;4.32;4.29;2.7;698
0.31;Ideal;E;SI1;63;57;4.32;4.29;2.71;698
0.31;Premium;E;SI1;62.9;58;4.33;4.29;2.71;698
0.31;Premium;E;SI1;62;58;4.35;4.3;2.68;698
0.31;Very Good;E;SI1;63.4;55;4.33;4.31;2.74;698
0.31;Very Good;E;SI1;63.4;57;4.33;4.31;2.74;698
0.31;Very Good;E;SI1;63.1;57;4.35;4.3;2.73;698
0.31;Very Good;E;SI1;63.1;57;4.31;4.28;2.71;698
0.31;Very Good;E;SI1;63.5;57;4.32;4.28;2.73;698
0.31;Very Good;E;SI1;63.2;59;4.33;4.28;2.72;698
0.31;Very Good;E;SI1;63.2;59;4.31;4.24;2.7;698
0.31;Good;E;SI1;63.9;56;4.31;4.27;2.74;698
0.31;Good;E;SI1;63.6;57;4.3;4.28;2.73;698
0.31;Premium;I;VVS2;62.1;58;4.37;4.33;2.7;698
0.31;Premium;G;VS2;61.7;58;4.34;4.32;2.67;698
0.31;Premium;G;VS2;61.5;59;4.36;4.32;2.67;698
0.31;Premium;E;SI1;62.3;56;4.4;4.37;2.73;698
0.34;Ideal;E;VS1;59.1;57;4.55;4.58;2.7;698
0.34;Ideal;E;VS1;62.2;57;4.46;4.51;2.79;698
0.4;Very Good;G;SI1;62.9;57;4.69;4.72;2.96;699
0.34;Ideal;F;VS2;60.8;57;4.51;4.54;2.75;699
0.33;Ideal;G;VS1;61.1;55;4.5;4.52;2.75;699
0.33;Ideal;G;VS1;61.5;56;4.45;4.48;2.74;699
0.33;Ideal;G;VS1;61.6;57;4.46;4.49;2.75;699
0.33;Ideal;G;VS1;61.9;55;4.44;4.49;2.77;699
0.31;Ideal;F;VVS2;61.7;55;4.33;4.36;2.68;700
0.38;Ideal;I;VS1;62;54;4.67;4.72;2.91;700
0.38;Ideal;I;VS1;61.6;55;4.68;4.73;2.9;700
0.38;Premium;H;VS2;60.5;59;4.66;4.69;2.83;700
0.38;Premium;F;SI1;62.7;58;4.6;4.62;2.89;700
0.38;Premium;H;VS2;61.8;58;4.63;4.66;2.87;700
0.38;Very Good;H;VS2;60.6;58;4.68;4.7;2.84;700
0.42;Very Good;E;SI2;62.9;56;4.77;4.8;3.01;700
0.42;Very Good;H;SI1;62.1;59;4.78;4.81;2.98;700
0.38;Very Good;H;VS2;62.8;56;4.59;4.62;2.89;700
0.42;Ideal;H;SI1;62.7;56;4.76;4.78;2.99;700
0.38;Premium;I;VS1;61.3;60;4.62;4.65;2.84;700
0.42;Very Good;H;SI1;62.9;57;4.76;4.84;3.02;700
0.42;Ideal;H;SI1;62.2;57;4.78;4.8;2.98;700
0.38;Ideal;E;SI1;61.9;55;4.64;4.7;2.89;700
0.38;Very Good;H;VS2;63;56;4.57;4.61;2.89;700
0.42;Very Good;H;SI1;59.5;57;4.78;5.11;2.94;700
0.42;Ideal;E;SI2;62.4;55;4.77;4.81;2.99;700
0.42;Ideal;D;SI2;62.4;57;4.78;4.81;2.99;700
0.38;Very Good;E;SI1;61.2;59;4.64;4.67;2.85;700
0.42;Very Good;D;SI2;60;61;4.85;4.89;2.92;700
0.42;Good;H;SI1;63.1;57;4.76;4.78;3.01;700
0.42;Very Good;H;SI1;62;59;4.76;4.79;2.96;700
0.42;Premium;D;SI2;62.1;59;4.78;4.82;2.98;700
0.38;Premium;H;VS2;60.9;60;4.62;4.67;2.83;700
0.42;Ideal;H;SI1;62.4;57;4.76;4.79;2.98;700
0.42;Very Good;D;SI2;60.8;59;4.77;4.83;2.92;700
0.42;Good;H;SI1;63.2;58;4.77;4.79;3.02;700
0.38;Very Good;H;VS2;62.8;55;4.64;4.66;2.92;700
0.42;Premium;H;SI1;60.9;58;4.84;4.85;2.95;700
0.38;Premium;I;VS1;59.9;60;4.66;4.72;2.81;700
0.42;Premium;D;SI2;60.1;58;4.83;4.88;2.92;700
0.32;Very Good;F;VVS2;63.8;55;4.33;4.39;2.78;701
0.34;Very Good;G;VS1;61.2;57;4.5;4.54;2.76;701
0.38;Very Good;E;SI1;62.8;58;4.6;4.63;2.9;701
0.38;Very Good;D;SI1;61.3;57;4.67;4.7;2.87;701
0.4;Ideal;G;SI1;61.3;56;4.73;4.76;2.91;701
0.5;Fair;G;I1;64.6;60;5.04;4.96;3.23;701
0.41;Very Good;F;SI1;62.5;58;4.74;4.77;2.97;702
0.34;Ideal;E;VS2;61.5;56;4.48;4.5;2.76;702
0.34;Ideal;E;VS2;61.2;56;4.51;4.54;2.77;702
0.34;Ideal;E;VS1;62.8;56;4.46;4.49;2.81;702
0.33;Ideal;E;SI1;61.2;56;4.46;4.49;2.74;702
0.33;Ideal;E;SI1;61.6;55;4.47;4.49;2.76;702
0.33;Ideal;E;SI1;61.9;56;4.46;4.49;2.77;702
0.3;Good;E;VVS1;61.5;62;4.28;4.34;2.65;702
0.38;Very Good;H;SI2;63.4;57;4.63;4.58;2.92;702
0.4;Premium;I;SI2;60.5;58;4.82;4.76;2.9;702
0.32;Ideal;E;VS2;60.8;55;4.42;4.49;2.71;702
0.33;Ideal;G;VVS2;62.6;53;4.43;4.45;2.78;702
0.33;Ideal;H;VVS1;62.5;56;4.42;4.44;2.77;702
0.39;Very Good;D;VS2;62.2;58;4.63;4.69;2.9;702
0.33;Very Good;G;VVS2;61.5;62;4.39;4.43;2.71;702
0.32;Ideal;E;VS2;62.2;56;4.37;4.41;2.73;702
0.32;Ideal;F;VS1;61.9;56;4.36;4.4;2.71;702
0.32;Premium;E;VS2;61.7;58;4.38;4.41;2.71;702
0.32;Ideal;E;VS2;61.7;55;4.36;4.42;2.71;702
0.4;Premium;G;SI1;59.3;59;4.8;4.82;2.85;702
0.32;Ideal;E;VS2;62;57;4.39;4.41;2.73;702
0.32;Ideal;E;VS2;62;55;4.36;4.38;2.71;702
0.32;Ideal;E;VS2;61.4;56;4.4;4.43;2.71;702
0.32;Very Good;E;VS2;62.9;56;4.36;4.39;2.75;702
0.4;Very Good;G;SI1;62.7;59;4.67;4.71;2.94;702
0.32;Ideal;E;VS2;62;55;4.38;4.46;2.74;702
0.32;Ideal;E;VS2;62.1;56;4.4;4.43;2.74;702
0.32;Ideal;E;VS2;62;57;4.37;4.41;2.72;702
0.32;Ideal;E;VS2;61.9;55;4.42;4.43;2.74;702
0.4;Premium;G;SI1;62;59;4.71;4.74;2.93;702
0.32;Premium;E;VS2;62.6;58;4.36;4.4;2.74;702
0.32;Premium;E;VS2;61.2;59;4.4;4.43;2.7;702
0.32;Ideal;F;VS1;61.3;56;4.4;4.44;2.71;702
0.4;Premium;G;SI1;61.4;60;4.67;4.71;2.88;702
0.32;Premium;E;VS2;60.5;58;4.44;4.48;2.7;702
0.32;Ideal;E;VS2;61.8;55;4.4;4.43;2.73;702
0.32;Ideal;E;VS2;62.3;56;4.38;4.41;2.74;702
0.32;Ideal;E;VS2;62;55;4.39;4.41;2.73;702
0.32;Very Good;E;VS2;60.5;55;4.43;4.49;2.7;702
0.4;Very Good;G;SI1;62.8;60;4.66;4.7;2.94;702
0.32;Ideal;E;VS2;61.7;56;4.41;4.44;2.73;702
0.4;Very Good;G;SI1;59.2;61;4.78;4.81;2.84;702
0.32;Ideal;E;VS2;62.1;54;4.4;4.42;2.74;702
0.32;Ideal;E;VS2;62.3;57;4.41;4.42;2.75;702
0.4;Ideal;G;SI1;60.2;56;4.77;4.83;2.89;702
0.32;Ideal;E;VS2;62.2;55;4.37;4.38;2.72;702
0.32;Ideal;F;VS1;61.9;56;4.35;4.4;2.71;702
0.32;Ideal;E;VS2;62.1;56;4.38;4.41;2.73;702
0.32;Ideal;E;VS2;61.6;55;4.41;4.42;2.72;702
0.32;Ideal;E;VS2;62.6;53;4.37;4.38;2.74;702
0.32;Ideal;E;VS2;62.3;54;4.37;4.4;2.73;702
0.32;Ideal;E;VS2;61.9;56;4.35;4.4;2.71;702
0.32;Premium;E;VS2;61;59;4.44;4.45;2.71;702
0.32;Very Good;E;VS2;62.8;54;4.35;4.38;2.74;702
0.32;Ideal;E;VS2;62.1;55;4.39;4.43;2.74;702
0.32;Ideal;E;VS2;61.5;55;4.38;4.43;2.71;702
0.32;Ideal;E;VS2;62.2;55;4.36;4.38;2.72;702
0.4;Very Good;G;SI1;60;63;4.76;4.8;2.87;702
0.32;Premium;E;VS2;61.3;59;4.35;4.39;2.68;702
0.4;Premium;G;SI1;62;59;4.7;4.72;2.92;702
0.4;Very Good;G;SI1;61.1;61;4.7;4.76;2.89;702
0.32;Ideal;E;VS2;62.1;55;4.36;4.4;2.72;702
0.32;Ideal;E;VS2;62.7;55;4.36;4.38;2.74;702
0.32;Ideal;E;VS2;62.1;55;4.36;4.4;2.72;702
0.32;Premium;E;VS2;60.5;59;4.39;4.43;2.67;702
0.32;Ideal;E;VS2;61.3;57;4.42;4.45;2.72;702
0.4;Very Good;G;SI1;61.6;59;4.66;4.72;2.89;702
0.32;Ideal;E;VS2;62.1;55;4.4;4.42;2.74;702
0.32;Ideal;E;VS2;61.9;56;4.36;4.4;2.71;702
0.32;Very Good;E;VS2;62;54;4.37;4.41;2.72;702
0.39;Very Good;G;SI1;58.9;61;4.74;4.76;2.8;703
0.38;Ideal;H;VS2;62.2;54;4.64;4.68;2.9;703
0.41;Ideal;J;VS1;62.7;56;4.73;4.77;2.98;703
0.43;Ideal;J;VS1;61.7;58;4.8;4.84;2.98;703
0.38;Ideal;I;VS1;62.4;54.4;4.62;4.66;2.9;703
0.38;Ideal;I;VS1;62.3;53.4;4.65;4.69;2.91;703
0.38;Ideal;I;VS1;61.5;55.1;4.66;4.7;2.88;703
0.38;Ideal;I;VS1;61.9;54.1;4.64;4.71;2.89;703
0.38;Ideal;I;VS1;62.3;55;4.63;4.66;2.89;703
0.38;Ideal;I;VS1;61.7;55.4;4.67;4.7;2.89;703
0.38;Ideal;I;VS1;61.9;54.7;4.63;4.68;2.88;703
0.38;Ideal;I;VS1;61.5;53.9;4.66;4.7;2.89;703
0.3;Ideal;E;VS1;62.5;54;4.27;4.32;2.69;703
0.3;Ideal;E;VS1;62.2;53.8;4.3;4.33;2.68;703
0.41;Ideal;F;SI2;61.1;57;4.8;4.86;2.95;703
0.4;Ideal;F;SI1;61.6;55;4.72;4.76;2.92;703
0.37;Ideal;F;VS1;61;55;4.66;4.69;2.85;703
0.31;Very Good;E;VVS2;58.8;59;4.46;4.45;2.62;704
0.3;Very Good;F;VS1;59.8;59;4.3;4.43;2.61;704
0.3;Very Good;F;VS1;60.9;63;4.26;4.31;2.61;704
0.39;Very Good;F;SI1;60;57;4.76;4.8;2.86;704
0.4;Ideal;J;VVS1;62.4;54;4.73;4.75;2.96;704
0.4;Ideal;H;VS2;62.4;56;4.69;4.73;2.94;704
0.35;Ideal;E;VS2;62;56;4.49;4.51;2.79;704
0.27;Ideal;E;VS1;61.4;57;4.17;4.23;2.58;704
0.31;Ideal;D;VS1;62.1;56;4.3;4.36;2.69;704
0.42;Ideal;G;SI1;62.2;53;4.8;4.84;3;704
0.4;Fair;H;VS2;65.1;59;4.58;4.63;3;704
0.43;Premium;E;SI2;61;60;4.87;4.94;2.99;704
0.43;Good;G;SI1;63.6;55;4.79;4.83;3.06;704
0.43;Good;G;SI1;63.1;58;4.75;4.79;3.01;704
0.38;Very Good;G;VS2;61.6;59;4.65;4.7;2.88;705
0.38;Very Good;H;VS1;61.3;54;4.68;4.7;2.88;705
0.29;Very Good;D;SI2;59.7;56;4.37;4.4;2.62;705
0.36;Ideal;H;VVS2;61.3;55;4.62;4.64;2.84;705
0.25;Ideal;F;VVS2;61.7;56;4.06;4.07;2.51;705
0.25;Ideal;E;VVS2;61.7;56;4.05;4.07;2.5;705
0.25;Ideal;F;VVS1;62.3;56;4.01;4.03;2.5;705
0.25;Ideal;E;VVS1;61.5;55;4.09;4.12;2.52;705
0.4;Ideal;H;SI1;62.6;52;4.73;4.76;2.97;705
0.4;Ideal;H;SI1;62.1;55;4.73;4.77;2.95;705
0.4;Ideal;H;SI1;61.3;57;4.77;4.79;2.93;705
0.33;Ideal;F;SI1;60.6;56;4.49;4.46;2.71;705
0.33;Premium;F;SI1;62.8;58;4.42;4.4;2.77;705
0.33;Premium;F;SI1;60.9;59;4.45;4.42;2.7;705
0.33;Premium;F;SI1;59.9;61;4.47;4.44;2.67;705
0.41;Good;E;SI1;63.6;58;4.72;4.74;3.01;705
0.3;Very Good;G;VVS1;62.4;59;4.25;4.31;2.67;705
0.4;Very Good;E;VS2;62.5;56;4.66;4.72;2.93;705
0.41;Good;F;SI1;63.4;57;4.73;4.74;3;705
0.41;Good;F;SI1;63.3;58;4.71;4.74;2.99;705
0.41;Ideal;E;SI1;61.4;57;4.78;4.8;2.94;705
0.41;Good;E;SI1;63.2;58;4.68;4.72;2.97;705
0.41;Very Good;E;SI1;60.5;63;4.77;4.81;2.9;705
0.41;Good;F;SI1;63.1;59;4.7;4.75;2.98;705
0.41;Ideal;F;SI1;61.6;57;4.78;4.8;2.95;705
0.41;Very Good;E;SI1;59.3;61;4.8;4.84;2.86;705
0.41;Good;F;SI1;63.5;56;4.7;4.75;3;705
0.41;Good;F;SI1;63.7;58;4.71;4.74;3.01;705
0.41;Very Good;E;SI1;61.1;62;4.76;4.83;2.93;705
0.41;Ideal;E;SI1;61.8;56;4.77;4.78;2.95;705
0.41;Very Good;F;SI1;63;56;4.71;4.78;2.99;705
0.41;Premium;E;SI1;61.2;59;4.78;4.82;2.94;705
0.41;Very Good;E;SI1;61.5;61;4.75;4.78;2.93;705
0.41;Very Good;E;SI1;62.8;57;4.71;4.75;2.97;705
0.41;Very Good;E;SI1;62.8;58;4.72;4.77;2.98;705
0.41;Very Good;E;SI1;61.8;60;4.74;4.78;2.94;705
0.41;Good;E;SI1;63.1;57;4.73;4.78;3;705
0.41;Good;E;SI1;63.6;56;4.7;4.73;3;705
0.31;Ideal;F;VVS2;62.2;53;4.37;4.41;2.73;706
0.43;Ideal;J;VS1;61.9;55.5;4.81;4.84;2.99;706
0.32;Ideal;D;VS1;60.4;56;4.44;4.46;2.69;706
0.45;Ideal;E;SI2;61.5;55;4.92;4.97;3.04;706
0.45;Ideal;D;SI2;62;55;4.92;4.95;3.06;706
0.43;Good;F;SI1;60.7;61;4.86;4.89;2.96;706
0.32;Ideal;D;SI1;62.9;56;4.4;4.38;2.76;706
0.32;Ideal;D;SI1;62.9;56;4.4;4.38;2.76;706
0.32;Good;D;SI1;63.8;55;4.36;4.35;2.78;706
0.32;Good;D;SI1;63.7;55;4.33;4.31;2.75;706
0.32;Premium;D;SI1;62.2;60;4.37;4.34;2.71;706
0.35;Ideal;F;VS2;62.4;55;4.51;4.53;2.82;706
0.35;Ideal;G;VS1;62.6;54;4.52;4.56;2.84;706
0.35;Very Good;G;VS1;61.7;61;4.49;4.52;2.78;706
0.35;Premium;H;VVS2;61.9;58;4.5;4.54;2.8;706
0.35;Premium;H;VVS2;62.7;58;4.46;4.5;2.81;706
0.35;Very Good;H;VVS2;63;55;4.48;4.5;2.83;706
0.35;Ideal;G;VS1;60.6;56;4.57;4.6;2.78;706
0.35;Ideal;F;VS2;61.5;57;4.52;4.55;2.79;706
0.35;Very Good;G;VS1;62.9;58;4.48;4.49;2.82;706
0.35;Ideal;F;VS2;62.5;57;4.5;4.53;2.82;706
0.35;Ideal;F;VS2;61.4;54;4.54;4.58;2.8;706
0.35;Ideal;F;VS2;62.1;56;4.54;4.57;2.83;706
0.35;Ideal;H;VVS2;59.2;56;4.6;4.65;2.74;706
0.35;Premium;F;VS2;61.8;58;4.48;4.52;2.78;706
0.35;Premium;G;VS1;61.2;58;4.51;4.54;2.77;706
0.23;Very Good;G;VVS2;58.1;59;4.09;4.03;2.36;438
0.27;Very Good;G;VS2;61.5;57;4.18;4.22;2.58;439
0.27;Very Good;G;VS1;61.9;56;4.14;4.17;2.57;439
0.27;Very Good;G;VS1;61;54;4.19;4.21;2.56;439
0.27;Very Good;G;VS1;61.9;56;4.13;4.16;2.56;439
0.3;Ideal;J;VVS2;62.1;56;4.31;4.32;2.68;439
0.3;Ideal;J;VVS2;62.3;58;4.26;4.28;2.66;439
0.36;Ideal;I;SI2;62.1;54;4.56;4.58;2.84;439
0.36;Ideal;J;SI1;62.3;53;4.59;4.62;2.87;439
0.3;Ideal;I;SI1;60.4;59;4.33;4.35;2.62;439
0.23;Good;E;VVS1;59.9;65;3.93;3.95;2.36;439
0.3;Good;J;SI1;64;55;4.28;4.25;2.73;439
0.34;Ideal;H;SI1;61.4;55;4.51;4.55;2.78;440
0.26;Good;H;VVS2;63.4;55;4.05;4.06;2.57;440
0.26;Very Good;H;VVS2;59.8;61;4.15;4.18;2.49;440
0.31;Ideal;H;SI1;61.8;54;4.35;4.4;2.7;441
0.3;Good;J;VS2;64.1;58;4.26;4.23;2.72;441
0.32;Good;D;SI2;64.1;54;4.34;4.37;2.79;441
0.35;Premium;H;SI2;61.6;58;4.49;4.54;2.78;441
0.27;Very Good;G;VVS2;61.9;57;4.12;4.15;2.56;442
0.31;Very Good;I;VS2;61.5;55;4.34;4.36;2.68;442
0.23;Very Good;E;VS1;61.3;56;3.96;3.98;2.43;442
0.24;Ideal;H;VVS2;62.5;54;3.95;3.98;2.48;442
0.32;Ideal;J;VS1;62;54.7;4.39;4.42;2.73;442
0.24;Ideal;G;VS1;61.8;56;3.99;4.04;2.48;442
0.3;Ideal;H;SI1;62.4;53.7;4.29;4.31;2.68;442
0.23;Good;F;VS2;61;57;3.97;4.01;2.44;442
0.3;Very Good;I;VS1;61.8;63;4.26;4.29;2.64;442
0.3;Very Good;I;VS1;61.6;61;4.23;4.28;2.62;442
0.27;Very Good;J;VVS2;60.8;57;4.16;4.2;2.54;443
0.35;Ideal;F;VS2;61.5;57;4.52;4.56;2.79;706
0.35;Premium;F;VS2;62;59;4.51;4.55;2.81;706
0.35;Premium;F;VS2;62.1;60;4.45;4.51;2.78;706
0.35;Very Good;H;VVS2;62.5;58;4.48;4.51;2.81;706
0.35;Ideal;G;VS1;62.1;56;4.52;4.56;2.82;706
0.35;Very Good;G;VS1;62.5;55;4.51;4.55;2.83;706
0.35;Premium;F;VS2;61.4;59;4.53;4.56;2.79;706
0.35;Ideal;F;VS2;62.6;56;4.49;4.52;2.82;706
0.35;Ideal;F;VS2;60.8;57;4.52;4.56;2.76;706
0.35;Premium;F;VS2;61.9;58;4.48;4.54;2.79;706
0.35;Ideal;F;VS2;61.4;55;4.55;4.6;2.81;706
0.35;Ideal;G;VS1;61.9;55;4.52;4.53;2.8;706
0.35;Ideal;F;VS2;61.4;56;4.53;4.56;2.79;706
0.35;Premium;G;VS1;61.5;58;4.5;4.54;2.78;706
0.35;Ideal;F;VS2;62.1;57;4.53;4.55;2.82;706
0.35;Very Good;F;VS2;61.1;62;4.5;4.54;2.76;706
0.35;Very Good;G;VS1;61.2;56;4.53;4.56;2.78;706
0.35;Ideal;F;VS2;61.4;54;4.54;4.58;2.8;706
0.35;Ideal;G;VS1;60.5;57;4.55;4.58;2.76;706
0.35;Ideal;G;VS1;61.9;55;4.51;4.53;2.8;706
0.35;Premium;F;VS2;61.5;59;4.53;4.55;2.79;706
0.35;Ideal;F;VS2;62.2;55;4.48;4.53;2.8;706
0.35;Premium;G;VS1;62.3;59;4.49;4.53;2.81;706
0.35;Ideal;F;VS2;62.3;55;4.53;4.56;2.83;706
0.35;Ideal;F;VS2;62.4;57;4.5;4.51;2.81;706
0.35;Ideal;F;VS2;61.9;54;4.5;4.54;2.8;706
0.35;Ideal;F;VS2;60.5;57;4.52;4.6;2.76;706
0.35;Ideal;H;VVS2;62.5;57;4.48;4.54;2.82;706
0.35;Very Good;G;VS1;60.7;61;4.54;4.58;2.77;706
0.32;Ideal;G;VS1;61.3;55;4.45;4.43;2.72;707
0.28;Very Good;F;VVS2;62.6;55;4.18;4.2;2.62;707
0.28;Very Good;F;VVS2;61.6;56;4.2;4.23;2.59;707
0.28;Very Good;F;VVS2;61.1;57;4.24;4.27;2.6;707
0.28;Very Good;E;VVS2;61;57;4.22;4.25;2.58;707
0.31;Very Good;E;VVS2;60.5;56;4.39;4.47;2.68;707
0.28;Very Good;F;VVS1;61.5;56;4.24;4.27;2.61;707
0.28;Very Good;E;VVS1;62.1;57;4.17;4.21;2.6;707
0.3;Very Good;D;VS1;63.2;59;4.26;4.29;2.7;707
0.39;Ideal;H;VS2;62.3;55;4.67;4.7;2.92;707
0.41;Ideal;J;VS1;62.8;56;4.73;4.79;2.99;707
0.32;Ideal;D;VS1;61.1;56;4.44;4.47;2.72;707
0.35;Ideal;F;SI1;61.1;56;4.56;4.58;2.79;707
0.39;Ideal;F;SI1;61.3;56;4.73;4.77;2.91;707
0.31;Ideal;F;SI1;62.3;56;4.38;4.35;2.72;707
0.32;Ideal;F;VS2;62.6;57;4.41;4.37;2.75;707
0.35;Ideal;D;VS2;60.5;56;4.6;4.63;2.79;707
0.4;Very Good;F;SI1;61.5;60;4.77;4.7;2.91;707
0.4;Very Good;E;SI1;62.8;59;4.67;4.7;2.94;707
0.4;Very Good;E;SI1;62.9;58;4.71;4.74;2.97;707
0.4;Very Good;E;SI1;62.8;59;4.7;4.73;2.96;707
0.31;Ideal;H;VVS1;62.2;54;4.36;4.39;2.72;707
0.31;Premium;G;VVS2;61.8;58;4.32;4.36;2.68;707
0.31;Ideal;G;VVS2;60.8;56;4.38;4.4;2.67;707
0.31;Premium;G;VVS2;62.2;59;4.32;4.36;2.7;707
0.31;Very Good;H;VVS1;63;58;4.33;4.37;2.74;707
0.31;Premium;G;VVS2;60.5;58;4.39;4.43;2.67;707
0.31;Good;G;VVS2;63.1;57;4.3;4.32;2.72;707
0.31;Ideal;H;VVS1;61.5;54;4.36;4.39;2.69;707
0.31;Premium;H;VVS1;62.1;58;4.33;4.36;2.7;707
0.31;Ideal;G;VVS2;61.7;54;4.34;4.38;2.69;707
0.31;Ideal;G;VVS2;62.1;56;4.32;4.35;2.69;707
0.31;Good;G;VVS2;63.4;59;4.26;4.29;2.71;707
0.31;Ideal;H;VVS1;61.6;55;4.35;4.38;2.69;707
0.4;Ideal;E;SI1;62.5;57;4.7;4.74;2.95;707
0.32;Ideal;E;VS1;61.9;56;4.42;4.47;2.75;707
0.31;Very Good;G;VVS2;62.6;57;4.29;4.33;2.7;707
0.31;Very Good;G;VVS2;60;62;4.4;4.44;2.65;707
0.31;Ideal;G;VVS2;61.4;56;4.35;4.38;2.68;707
0.31;Premium;G;VVS2;61.5;58;4.31;4.34;2.66;707
0.31;Ideal;H;VVS1;62.2;56;4.34;4.37;2.71;707
0.31;Ideal;G;VVS2;62.4;56;4.31;4.35;2.7;707
0.31;Good;G;VVS2;63.3;57;4.28;4.31;2.72;707
0.31;Good;H;VVS1;63.3;56;4.3;4.32;2.73;707
0.31;Ideal;G;VVS2;62.7;57;4.31;4.34;2.71;707
0.31;Very Good;H;VVS1;61.9;58;4.32;4.34;2.68;707
0.31;Good;G;VVS2;63.2;58;4.26;4.32;2.71;707
0.31;Ideal;G;VVS2;61.9;55;4.33;4.36;2.69;707
0.31;Ideal;G;VVS2;62.4;56;4.33;4.36;2.71;707
0.31;Ideal;G;VVS2;62.7;57;4.31;4.33;2.71;707
0.31;Good;G;VVS2;63.8;56;4.24;4.28;2.72;707
0.31;Ideal;H;VVS1;61.5;56;4.34;4.38;2.68;707
0.31;Good;H;VVS1;63.3;58;4.28;4.32;2.72;707
0.31;Very Good;G;VVS2;62.1;56;4.27;4.33;2.67;707
0.31;Premium;H;VVS1;61.8;58;4.3;4.34;2.67;707
0.31;Premium;H;VVS1;62.6;58;4.29;4.33;2.7;707
0.31;Premium;H;VVS1;60.5;58;4.4;4.43;2.67;707
0.31;Ideal;H;VVS1;62.7;54;4.33;4.38;2.73;707
0.31;Ideal;G;VVS2;61.8;56;4.31;4.36;2.68;707
0.31;Very Good;G;VVS2;62.9;58;4.28;4.3;2.7;707
0.31;Good;H;VVS1;63.1;57;4.25;4.31;2.7;707
0.31;Ideal;H;VVS1;61.8;57;4.32;4.35;2.68;707
0.31;Premium;H;VVS1;60.6;59;4.36;4.38;2.65;707
0.31;Very Good;G;VVS2;62.9;58;4.27;4.31;2.7;707
0.41;Good;D;SI1;63.4;56;4.73;4.76;3.01;707
0.4;Very Good;D;SI1;60;56;4.82;4.85;2.9;708
0.32;Ideal;G;VVS2;61.6;55;4.4;4.43;2.72;708
0.32;Ideal;G;VVS2;62;54;4.39;4.42;2.73;708
0.32;Ideal;G;VVS2;62;56;4.41;4.43;2.74;708
0.32;Ideal;G;VVS2;62.1;54;4.4;4.42;2.74;708
0.32;Ideal;G;VVS2;61.6;56;4.42;4.44;2.73;708
0.32;Ideal;H;VVS1;61.2;56;4.44;4.48;2.73;708
0.32;Ideal;H;VVS1;61.6;54;4.42;4.45;2.73;708
0.32;Ideal;H;VVS1;61.9;54;4.4;4.42;2.73;708
0.32;Ideal;H;VVS1;61.3;56;4.41;4.43;2.71;708
0.32;Ideal;H;VVS1;62;54;4.39;4.42;2.73;708
0.32;Ideal;H;VVS1;62;55;4.42;4.45;2.75;708
0.43;Ideal;J;SI1;61.9;54;4.88;4.84;3.01;708
0.37;Premium;G;SI1;62.1;60;4.61;4.54;2.84;708
0.37;Premium;G;SI1;60;57;4.7;4.67;2.81;708
0.36;Very Good;F;VS2;63.1;57;4.53;4.51;2.85;708
0.31;Very Good;D;VS1;63.7;58;4.27;4.3;2.73;709
0.39;Very Good;G;SI1;61.7;59.4;4.65;4.7;2.88;709
0.45;Ideal;G;SI2;61.9;54;4.91;4.95;3.05;709
0.35;Ideal;I;VS1;60.9;57;4.59;4.54;2.78;709
0.3;Premium;D;SI1;62.6;59;4.27;4.23;2.66;709
0.3;Premium;D;SI1;63;58;4.27;4.24;2.68;709
0.3;Premium;D;SI1;62.6;56;4.29;4.24;2.67;709
0.3;Premium;D;SI1;62.5;58;4.31;4.27;2.68;709
0.3;Ideal;D;SI1;62;56;4.34;4.3;2.68;709
0.42;Premium;I;SI2;61.5;59;4.84;4.78;2.96;709
0.35;Premium;I;VS1;61.8;58;4.53;4.5;2.79;709
0.35;Premium;I;VS1;61.1;60;4.58;4.52;2.78;709
0.35;Premium;I;VS1;60.7;62;4.59;4.53;2.77;709
0.35;Ideal;I;VS1;61.6;56;4.58;4.54;2.81;709
0.35;Premium;H;VS2;61.8;56;4.58;4.54;2.82;709
0.35;Premium;H;VS2;59.6;62;4.62;4.57;2.74;709
0.3;Ideal;I;VVS1;61.9;57;4.35;4.31;2.68;709
0.3;Premium;I;VVS1;60.5;60;4.34;4.32;2.62;709
0.3;Ideal;I;VVS1;61.1;57;4.36;4.32;2.65;709
0.3;Premium;I;VVS1;62.2;58;4.31;4.28;2.67;709
0.3;Ideal;I;VVS1;62.4;56;4.32;4.3;2.69;709
0.3;Ideal;I;VVS1;62.1;56;4.33;4.3;2.68;709
0.3;Premium;I;VVS1;61.1;59;4.33;4.31;2.64;709
0.3;Ideal;I;VVS1;61.3;57;4.34;4.31;2.65;709
0.3;Very Good;I;VVS1;63.1;57;4.29;4.27;2.7;709
0.3;Ideal;I;VVS1;62.3;55;4.29;4.28;2.67;709
0.3;Premium;I;VVS1;62.8;59;4.29;4.24;2.68;709
0.3;Premium;I;VVS1;62.6;60;4.28;4.25;2.67;709
0.3;Premium;I;VVS1;61.2;60;4.29;4.27;2.62;709
0.3;Good;I;VVS1;63.8;56;4.26;4.23;2.71;709
0.3;Premium;I;VVS1;62.5;60;4.27;4.24;2.66;709
0.3;Ideal;D;SI1;61;56;4.37;4.35;2.66;709
0.3;Ideal;D;SI1;61.4;56;4.35;4.32;2.66;709
0.3;Ideal;D;SI1;61;54;4.35;4.34;2.65;709
0.3;Premium;D;SI1;59.7;59;4.37;4.34;2.6;709
0.3;Ideal;D;SI1;62.1;54;4.35;4.31;2.69;709
0.3;Ideal;D;SI1;61.9;54;4.34;4.32;2.68;709
0.3;Ideal;D;SI1;61.4;55;4.34;4.29;2.65;709
0.3;Premium;D;SI1;60.6;60;4.32;4.3;2.61;709
0.3;Ideal;D;SI1;61;56;4.33;4.3;2.63;709
0.3;Ideal;D;SI1;62.1;56;4.33;4.3;2.68;709
0.3;Ideal;D;SI1;61.6;56;4.34;4.3;2.66;709
0.3;Premium;D;SI1;61;60;4.35;4.3;2.64;709
0.3;Ideal;D;SI1;61.7;56;4.35;4.31;2.67;709
0.3;Premium;D;SI1;62.3;58;4.32;4.28;2.68;709
0.3;Premium;D;SI1;61.6;58;4.32;4.29;2.65;709
0.3;Ideal;D;SI1;62.5;57;4.32;4.29;2.69;709
0.3;Ideal;D;SI1;61;57;4.33;4.29;2.63;709
0.3;Ideal;D;SI1;62.2;55;4.33;4.29;2.68;709
0.3;Very Good;D;SI1;63.3;55;4.31;4.28;2.72;709
0.3;Ideal;D;SI1;61.6;57;4.32;4.28;2.65;709
0.3;Premium;D;SI1;62.2;58;4.31;4.28;2.67;709
0.3;Premium;D;SI1;62.2;58;4.31;4.28;2.67;709
0.3;Very Good;D;SI1;63.1;55;4.31;4.28;2.71;709
0.3;Premium;D;SI1;61.7;59;4.31;4.28;2.65;709
0.3;Ideal;D;SI1;61.9;56;4.31;4.28;2.66;709
0.3;Premium;D;SI1;62;60;4.29;4.26;2.65;709
0.3;Very Good;D;SI1;63.4;56;4.29;4.26;2.71;709
0.3;Good;D;SI1;63.8;57;4.29;4.27;2.73;709
0.3;Premium;D;SI1;61;61;4.29;4.27;2.61;709
0.3;Premium;D;SI1;62.1;58;4.28;4.25;2.65;709
0.3;Ideal;D;SI1;62.2;56;4.3;4.25;2.66;709
0.3;Ideal;D;SI1;62.5;57;4.28;4.26;2.67;709
0.3;Premium;D;SI1;62.5;59;4.28;4.26;2.67;709
0.3;Premium;D;SI1;62.4;60;4.26;4.23;2.65;709
0.3;Premium;D;SI1;62.7;60;4.26;4.23;2.66;709
0.3;Very Good;D;SI1;63.2;56;4.27;4.24;2.69;709
0.3;Premium;D;SI1;62.2;61;4.28;4.24;2.65;709
0.3;Very Good;D;SI1;63.3;59;4.25;4.22;2.68;709
0.3;Premium;D;SI1;62.3;59;4.25;4.22;2.64;709
0.3;Premium;D;SI1;61.7;60;4.28;4.25;2.63;709
0.3;Premium;F;VS1;61;60;4.3;4.22;2.6;709
0.35;Good;H;VS2;63.7;57;4.53;4.48;2.87;709
0.3;Premium;D;SI1;61.3;60;4.32;4.26;2.63;709
0.31;Very Good;E;VVS2;61.5;55;4.37;4.41;2.7;710
0.31;Very Good;G;VVS1;63;56;4.26;4.28;2.69;710
0.3;Very Good;G;VVS1;63.2;55;4.28;4.3;2.71;710
0.38;Very Good;H;VS2;61.6;56;4.68;4.71;2.89;710
0.42;Very Good;F;SI2;61.5;59;4.81;4.85;2.97;710
0.43;Ideal;J;VVS2;61.8;55;4.89;4.91;3.03;710
0.31;Ideal;E;VVS2;60.4;61;4.37;4.44;2.66;710
0.31;Ideal;E;VVS2;61.8;58;4.3;4.34;2.67;710
0.31;Ideal;G;VVS1;61.3;60;4.33;4.38;2.67;710
0.38;Ideal;G;SI1;61.6;54;4.68;4.71;2.89;710
0.38;Ideal;F;SI1;61.3;55;4.63;4.76;2.88;710
0.24;Premium;E;VVS1;60.7;58;4.03;4.01;2.44;710
0.24;Premium;D;VVS1;61.5;60;4;3.97;2.45;710
0.3;Premium;D;VS2;62.2;60;4.28;4.3;2.67;710
0.3;Ideal;D;VS2;62.5;55;4.3;4.31;2.69;710
0.3;Ideal;D;VS2;62.5;54;4.29;4.32;2.69;710
0.3;Ideal;D;VS2;62.3;54;4.3;4.33;2.69;710
0.3;Very Good;D;VS2;62.5;59;4.23;4.28;2.66;710
0.3;Very Good;D;VS2;62.9;58;4.23;4.26;2.67;710
0.3;Ideal;D;VS2;62.3;56;4.29;4.32;2.68;710
0.3;Premium;D;VS2;60.4;59;4.33;4.35;2.62;710
0.3;Premium;D;VS2;60.5;58;4.35;4.38;2.64;710
0.3;Ideal;D;VS2;60.8;57;4.31;4.34;2.63;710
0.3;Premium;D;VS2;61.9;58;4.28;4.32;2.66;710
0.3;Premium;D;VS2;61.7;58;4.3;4.32;2.66;710
0.3;Ideal;D;VS2;61.4;54;4.33;4.34;2.66;710
0.3;Premium;D;VS2;60.7;60;4.33;4.37;2.64;710
0.3;Ideal;D;VS2;61.6;57;4.3;4.33;2.66;710
0.3;Very Good;D;VS2;62.9;59;4.22;4.27;2.67;710
0.3;Very Good;D;VS2;62.9;56;4.24;4.28;2.68;710
0.3;Premium;D;VS2;60.6;59;4.28;4.36;2.62;710
0.3;Ideal;D;VS2;62.3;54;4.29;4.34;2.69;710
0.3;Ideal;E;VS1;60.8;57;4.33;4.36;2.64;710
0.3;Very Good;D;VS2;62.6;61;4.22;4.25;2.65;710
0.3;Ideal;D;VS2;61.3;57;4.32;4.36;2.66;710
0.3;Premium;D;VS2;60.9;58;4.32;4.35;2.64;710
0.3;Ideal;D;VS2;61.5;55;4.3;4.35;2.66;710
0.3;Ideal;D;VS2;60.8;57;4.33;4.38;2.65;710
0.3;Ideal;D;VS2;62.2;55;4.29;4.33;2.68;710
0.3;Very Good;D;VS2;62;59;4.22;4.27;2.63;710
0.3;Very Good;D;VS2;62.4;56;4.27;4.32;2.68;710
0.3;Premium;D;VS2;61;58;4.32;4.34;2.64;710
0.3;Ideal;D;VS2;61.7;55;4.33;4.36;2.68;710
0.3;Very Good;D;VS2;62.9;61;4.27;4.29;2.69;710
0.3;Ideal;D;VS2;61.8;55;4.32;4.36;2.68;710
0.3;Premium;D;VS2;61;60;4.29;4.33;2.63;710
0.3;Very Good;D;VS2;62.5;58;4.26;4.29;2.67;710
0.3;Premium;E;VS1;61.8;58;4.31;4.33;2.67;710
0.3;Ideal;D;VS2;60.9;57;4.32;4.35;2.64;710
0.3;Ideal;D;VS2;61;55;4.33;4.36;2.65;710
0.3;Ideal;D;VS2;61.4;55;4.32;4.34;2.66;710
0.3;Premium;D;VS2;61.1;59;4.26;4.31;2.62;710
0.3;Ideal;D;VS2;62.3;56;4.27;4.3;2.67;710
0.3;Very Good;D;VS2;62.8;57;4.25;4.29;2.68;710
0.3;Ideal;D;VS2;62.6;56;4.28;4.31;2.69;710
0.3;Very Good;D;VS2;62.8;57;4.29;4.31;2.7;710
0.3;Very Good;D;VS2;62.8;59;4.26;4.28;2.68;710
0.3;Very Good;D;VS2;60.3;60;4.28;4.31;2.59;710
0.3;Ideal;D;VS2;61.9;57;4.29;4.33;2.67;710
0.3;Ideal;D;VS2;62.2;54;4.28;4.31;2.67;710
0.3;Ideal;E;VS1;61.5;56;4.31;4.37;2.67;710
0.3;Ideal;E;VS1;61.7;57;4.28;4.31;2.65;710
0.3;Ideal;D;VS2;61.1;56;4.32;4.36;2.65;710
0.3;Very Good;E;VS1;61.9;60;4.26;4.3;2.65;710
0.3;Ideal;D;VS2;62;56;4.33;4.35;2.69;710
0.3;Very Good;D;VS2;62;58;4.29;4.32;2.67;710
0.3;Ideal;E;VS1;60.7;57;4.31;4.36;2.63;710
0.3;Ideal;D;VS2;61.8;55;4.3;4.34;2.67;710
0.3;Premium;D;VS2;62.3;58;4.29;4.32;2.68;710
0.3;Ideal;D;VS2;62;55;4.31;4.34;2.68;710
0.3;Premium;D;VS2;60.4;59;4.32;4.35;2.62;710
0.3;Premium;D;VS2;61.7;59;4.25;4.28;2.63;710
0.3;Premium;E;VS1;61.3;59;4.28;4.33;2.64;710
0.3;Premium;D;VS2;60.6;58;4.32;4.36;2.63;710
0.3;Ideal;D;VS2;62.5;57;4.25;4.29;2.67;710
0.3;Very Good;D;VS2;62.2;58;4.25;4.3;2.66;710
0.31;Very Good;F;VVS2;61.6;56;4.34;4.38;2.68;711
0.4;Very Good;G;SI1;61;56;4.77;4.8;2.92;711
0.44;Very Good;F;SI2;61.9;59;4.85;4.9;3.02;711
0.39;Ideal;F;SI1;61.8;55;4.66;4.71;2.9;711
0.41;Ideal;F;SI1;61.8;56;4.75;4.79;2.95;711
0.41;Ideal;F;SI1;62.6;54;4.74;4.78;2.98;711
0.41;Ideal;F;SI1;61.8;55;4.75;4.8;2.95;711
0.41;Ideal;E;SI1;61.5;55;4.78;4.81;2.95;711
0.35;Good;E;VS2;57.8;60;4.64;4.67;2.69;711
0.39;Very Good;I;VS2;59.6;57;4.77;4.82;2.86;712
0.29;Very Good;G;VS2;61.5;58;4.25;4.27;2.62;712
0.34;Ideal;F;VVS2;61.8;56;4.47;4.49;2.77;712
0.42;Very Good;I;SI1;61;55.8;4.83;4.86;2.96;712
0.3;Premium;D;VS1;61.9;58;4.28;4.32;2.66;712
0.34;Very Good;G;VVS2;60.4;57;4.53;4.56;2.74;713
0.33;Ideal;G;VVS2;62.3;56;4.43;4.47;2.77;713
0.33;Ideal;G;VVS2;61.9;55;4.41;4.44;2.74;713
0.33;Ideal;G;VVS2;61.5;55;4.47;4.51;2.76;713
0.33;Ideal;H;VVS1;61.8;55;4.42;4.44;2.74;713
0.32;Ideal;D;VS2;61.3;57;4.44;4.46;2.73;713
0.32;Ideal;D;VS2;61.1;56;4.42;4.45;2.71;713
0.32;Ideal;E;VS1;61.4;55;4.42;4.44;2.72;713
0.32;Ideal;E;VS1;61.1;56;4.42;4.45;2.71;713
0.31;Ideal;D;VS1;61.1;56;4.33;4.37;2.66;713
0.31;Ideal;D;VS1;61.6;55;4.3;4.33;2.66;713
0.31;Ideal;D;VS1;60.6;57;4.36;4.39;2.65;713
0.36;Ideal;D;SI1;61.9;55.7;4.57;4.59;2.84;713
0.38;Good;F;VS2;63.4;62;4.52;4.56;2.88;713
0.43;Premium;E;I1;58.4;62;5;4.94;2.9;713
0.5;Fair;F;I1;63.8;58;5.08;4.97;3.21;713
0.37;Very Good;I;VVS2;60.9;58;4.64;4.68;2.84;714
0.38;Ideal;H;VS1;62.1;55.4;4.63;4.68;2.89;714
0.32;Ideal;D;SI1;61.2;56;4.45;4.47;2.73;714
0.34;Premium;G;VS2;59.6;62;4.56;4.54;2.71;714
0.34;Good;G;VS2;57.5;61;4.66;4.6;2.66;714
0.34;Ideal;E;SI1;62.2;54;4.5;4.47;2.79;714
0.34;Very Good;E;SI1;63.4;55;4.46;4.44;2.82;714
0.34;Very Good;E;SI1;63.3;57;4.47;4.44;2.82;714
0.34;Very Good;E;SI1;63.5;55;4.47;4.44;2.83;714
0.29;Ideal;F;VVS2;61.1;58;4.26;4.28;2.61;715
0.31;Ideal;G;SI1;61.3;58;4.37;4.4;2.69;443
0.29;Very Good;H;VS1;62.2;56;4.24;4.27;2.64;444
0.29;Ideal;I;VS1;61.7;56;4.22;4.27;2.62;444
0.32;Premium;E;I1;60.9;58;4.42;4.38;2.68;444
0.27;Very Good;H;VVS2;61.2;58;4.16;4.2;2.56;445
0.26;Very Good;I;SI1;59.2;60;4.2;4.24;2.5;445
0.25;Ideal;H;VS1;61.5;56;4.05;4.08;2.5;445
0.25;Ideal;H;VS1;62.6;53;4.04;4.08;2.54;445
0.33;Very Good;I;SI1;61.4;58;4.46;4.5;2.75;445
0.33;Ideal;I;SI1;61.5;57;4.46;4.49;2.75;445
0.33;Premium;I;SI1;61.3;59;4.46;4.51;2.75;445
0.33;Ideal;I;SI1;62.7;56;4.4;4.44;2.77;445
0.33;Very Good;I;SI1;62.8;58;4.39;4.43;2.77;445
0.33;Good;I;SI1;63.6;57;4.39;4.42;2.8;445
0.33;Good;I;SI1;63.2;58;4.36;4.38;2.76;445
0.32;Ideal;G;SI1;62.6;55;4.38;4.41;2.75;445
0.23;Premium;F;VVS2;61.3;59;3.94;3.99;2.43;445
0.34;Good;E;SI2;63.1;56;4.46;4.51;2.83;445
0.35;Ideal;J;VS2;61.8;55;4.54;4.56;2.81;446
0.35;Ideal;J;VS2;61.4;55;4.55;4.57;2.8;446
0.31;Ideal;G;SI1;61.7;54;4.38;4.4;2.71;446
0.31;Ideal;G;SI1;61.2;55;4.37;4.39;2.68;446
0.36;Premium;F;SI2;60.3;59;4.62;4.57;2.77;446
0.31;Very Good;H;SI1;62.4;60;4.32;4.34;2.7;446
0.31;Very Good;H;SI1;61.1;55;4.35;4.39;2.67;446
0.31;Very Good;H;SI1;61.4;55;4.36;4.44;2.7;446
0.31;Good;H;SI1;63.6;57;4.32;4.33;2.75;446
0.31;Ideal;H;SI1;62.7;56;4.33;4.38;2.73;446
0.31;Very Good;H;SI1;62.3;55;4.34;4.36;2.71;446
0.31;Very Good;H;SI1;61.1;57;4.32;4.35;2.65;446
0.29;Ideal;F;VVS1;61.1;57;4.26;4.29;2.61;715
0.32;Ideal;D;SI1;62.1;54;4.4;4.45;2.75;715
0.32;Ideal;D;SI1;61.5;56;4.41;4.44;2.72;715
0.32;Ideal;D;SI1;60.9;55;4.45;4.48;2.72;715
0.32;Ideal;D;SI1;61.5;54;4.42;4.46;2.73;715
0.35;Ideal;I;IF;61.8;55;4.55;4.57;2.82;715
0.35;Ideal;I;IF;61.1;56;4.56;4.6;2.8;715
0.35;Ideal;I;IF;61.5;55;4.53;4.57;2.8;715
0.38;Very Good;G;VS2;59.7;62;4.66;4.68;2.79;715
0.39;Very Good;F;VS2;62.1;59;4.69;4.71;2.92;716
0.39;Ideal;G;SI2;60.9;56;4.78;4.74;2.9;716
0.31;Ideal;F;VVS2;61.2;56;4.4;4.43;2.7;716
0.43;Ideal;I;VS2;62;55;4.84;4.87;3.01;716
0.43;Ideal;I;VS2;61.9;54;4.87;4.88;3.02;716
0.43;Ideal;I;VS2;61.8;55;4.85;4.89;3.01;716
0.32;Ideal;E;VS2;61.5;56;4.43;4.45;2.73;716
0.32;Ideal;F;VS1;61.9;57;4.38;4.41;2.72;716
0.32;Ideal;F;VS1;61.9;56;4.39;4.43;2.73;716
0.32;Ideal;F;VS1;61;54;4.42;4.44;2.7;716
0.32;Ideal;F;VS1;61.6;57;4.39;4.42;2.71;716
0.32;Ideal;F;VS1;61.7;56;4.39;4.42;2.72;716
0.32;Ideal;F;VS1;61;56;4.45;4.48;2.72;716
0.43;Ideal;D;SI2;62.6;56;4.84;4.88;3.04;716
0.43;Premium;E;SI2;61.2;59;4.82;4.89;2.97;716
0.43;Ideal;H;SI1;62.5;57;4.79;4.84;3.01;716
0.43;Premium;E;SI2;60.8;58;4.86;4.88;2.96;716
0.43;Premium;D;SI2;62.6;58;4.79;4.82;3.01;716
0.43;Ideal;E;SI2;62.1;56;4.84;4.85;3.01;716
0.43;Ideal;D;SI2;61;57;4.81;4.86;2.95;716
0.43;Very Good;H;SI1;60.2;57;4.91;4.93;2.96;716
0.43;Ideal;E;SI2;61.9;57;4.83;4.86;3;716
0.43;Ideal;H;SI1;62.4;56;4.81;4.83;3.01;716
0.43;Premium;H;SI1;59;58;4.93;4.96;2.92;716
0.43;Ideal;H;SI1;62.3;56;4.83;4.86;3.02;716
0.43;Ideal;H;SI1;61.6;55;4.87;4.9;3.01;716
0.43;Premium;D;SI2;60.7;58;4.85;4.91;2.96;716
0.43;Very Good;E;SI2;62.7;55;4.83;4.87;3.04;716
0.43;Very Good;D;SI2;61.1;58;4.86;4.9;2.98;716
0.43;Very Good;H;SI1;61.5;58;4.8;4.86;2.97;716
0.35;Very Good;E;VS2;61.9;61;4.5;4.54;2.8;716
0.32;Very Good;F;VVS2;62;55;4.38;4.42;2.73;717
0.42;Very Good;F;SI1;63.1;56;4.77;4.8;3.02;717
0.45;Ideal;I;VS2;61.9;54;4.92;4.94;3.05;717
0.38;Ideal;E;VS2;61.5;56;4.65;4.69;2.87;717
0.31;Ideal;H;VS1;61.3;55;4.36;4.41;2.69;717
0.4;Very Good;F;SI1;61.7;62;4.71;4.76;2.92;717
0.42;Premium;G;SI1;62.7;59;4.72;4.75;2.97;717
0.4;Good;H;VS2;63.1;62;4.75;4.66;2.97;717
0.41;Very Good;D;SI1;63;57;4.64;4.7;2.94;717
0.41;Very Good;D;SI1;60.3;63;4.78;4.8;2.89;717
0.41;Good;D;SI1;63.1;57;4.68;4.73;2.97;717
0.41;Very Good;D;SI1;63;56;4.75;4.8;3.01;717
0.36;Ideal;E;VS2;61.3;56;4.59;4.61;2.82;718
0.3;Ideal;D;VS1;62.2;57;4.26;4.29;2.66;718
0.3;Ideal;D;VS1;61.6;54;4.34;4.36;2.68;718
0.36;Ideal;F;SI1;61.6;56;4.62;4.57;2.83;718
0.32;Ideal;G;VS1;62.3;55;4.41;4.39;2.74;718
0.32;Ideal;G;VS1;62.5;57;4.37;4.34;2.72;718
0.43;Good;E;SI1;63.4;56;4.77;4.79;3.03;718
0.35;Premium;E;VS1;62.2;58;4.47;4.5;2.79;718
0.39;Good;F;SI1;63.3;54;4.62;4.67;2.94;718
0.39;Very Good;J;VVS1;61.8;56;4.64;4.71;2.89;718
0.39;Good;H;VS2;63.1;58;4.63;4.66;2.93;718
0.39;Ideal;F;SI1;62.5;55;4.63;4.68;2.91;718
0.35;Ideal;E;VS1;61.5;57;4.52;4.55;2.79;718
0.39;Good;F;SI1;63.6;58;4.6;4.65;2.94;718
0.39;Very Good;J;VVS1;62.5;58;4.61;4.67;2.9;718
0.39;Very Good;J;VVS1;62.8;58;4.61;4.66;2.91;718
0.3;Very Good;D;VVS2;59.3;57;4.39;4.41;2.61;719
0.32;Ideal;D;VS2;61.3;56;4.4;4.44;2.71;719
0.39;Ideal;E;SI1;62.1;53;4.69;4.72;2.92;719
0.33;Ideal;I;IF;61.5;56;4.43;4.47;2.74;719
0.3;Good;D;VVS2;61.6;63;4.23;4.27;2.62;719
0.38;Good;F;VS2;60.3;61;4.68;4.71;2.83;719
0.47;Fair;F;SI2;67.6;57;4.81;4.72;3.23;719
0.41;Premium;G;SI1;61.5;59;4.75;4.78;2.93;719
0.41;Very Good;G;SI1;62.5;57;4.69;4.72;2.94;719
0.41;Premium;G;SI1;62.7;58;4.7;4.74;2.96;719
0.41;Premium;G;SI1;61.4;60;4.75;4.82;2.94;719
0.41;Very Good;G;SI1;62.7;55;4.77;4.8;3;719
0.41;Very Good;G;SI1;60.3;60;4.76;4.8;2.88;719
0.41;Premium;G;SI1;59.1;58;4.83;4.88;2.87;719
0.41;Premium;G;SI1;62.5;58;4.75;4.78;2.98;719
0.41;Premium;G;SI1;61.7;59;4.71;4.73;2.91;719
0.41;Premium;G;SI1;62.6;59;4.72;4.77;2.97;719
0.41;Premium;G;SI1;61.3;58;4.76;4.8;2.93;719
0.41;Premium;G;SI1;61.3;60;4.75;4.81;2.93;719
0.41;Very Good;G;SI1;62.9;56;4.7;4.75;2.97;719
0.41;Ideal;G;SI1;62.6;54;4.74;4.78;2.98;719
0.41;Premium;G;SI1;60.3;59;4.76;4.79;2.88;719
0.32;Premium;G;VS2;61.9;58;4.43;4.36;2.72;720
0.3;Ideal;G;VVS1;61.8;56;4.34;4.37;2.69;720
0.31;Ideal;E;VS2;62.5;54;4.33;4.37;2.72;720
0.34;Ideal;G;VS1;60.6;57;4.52;4.57;2.75;720
0.3;Ideal;D;VS1;62;57;4.27;4.31;2.66;720
0.32;Ideal;D;VS1;61.4;56;4.38;4.41;2.7;720
0.4;Good;H;SI2;63.8;57;4.7;4.67;2.99;720
0.32;Ideal;G;VS2;59.8;57;4.46;4.43;2.66;720
0.32;Ideal;G;VS2;60.3;57;4.46;4.43;2.68;720
0.32;Premium;G;VS2;59.9;57;4.51;4.47;2.69;720
0.32;Premium;G;VS2;62.3;60;4.4;4.37;2.73;720
0.32;Ideal;F;SI2;61.7;56;4.44;4.41;2.73;720
0.32;Premium;E;SI1;61.9;59;4.39;4.36;2.71;720
0.32;Premium;E;SI1;62.2;57;4.43;4.38;2.74;720
0.32;Ideal;E;SI1;61.8;55;4.45;4.42;2.74;720
0.32;Premium;E;SI1;60.1;60;4.47;4.42;2.67;720
0.32;Very Good;E;SI1;63.2;56;4.38;4.35;2.76;720
0.4;Good;H;SI2;63.7;59;4.69;4.64;2.97;720
0.32;Ideal;I;VVS2;63;57;4.37;4.33;2.74;720
0.32;Premium;I;VVS2;61.9;59;4.38;4.35;2.7;720
0.32;Premium;I;VVS2;62.1;59;4.38;4.35;2.71;720
0.32;Ideal;I;VVS2;62.6;54;4.41;4.37;2.75;720
0.32;Premium;I;VVS2;60.7;59;4.43;4.4;2.68;720
0.32;Ideal;I;VVS2;61.5;56;4.42;4.4;2.71;720
0.32;Ideal;H;VS1;60.2;56;4.49;4.44;2.69;720
0.32;Ideal;H;VS1;61.3;55;4.43;4.41;2.71;720
0.32;Ideal;H;VS1;61.1;56;4.46;4.44;2.72;720
0.32;Premium;H;VS1;60.2;58;4.47;4.43;2.68;720
0.32;Ideal;H;VS1;61.8;55;4.42;4.41;2.73;720
0.32;Premium;H;VS1;60.5;59;4.42;4.41;2.67;720
0.32;Premium;H;VS1;60.6;60;4.44;4.4;2.68;720
0.32;Ideal;H;VS1;63;57;4.39;4.37;2.76;720
0.32;Premium;H;VS1;61.7;58;4.41;4.37;2.71;720
0.32;Ideal;H;VS1;62.9;54;4.41;4.37;2.76;720
0.32;Premium;H;VS1;61.7;61;4.43;4.38;2.72;720
0.32;Premium;H;VS1;61.7;58;4.44;4.38;2.72;720
0.32;Ideal;H;VS1;61.5;57;4.42;4.4;2.71;720
0.32;Ideal;H;VS1;61.9;55;4.42;4.4;2.73;720
0.32;Ideal;H;VS1;63;55;4.42;4.4;2.78;720
0.32;Ideal;H;VS1;62.8;55;4.41;4.35;2.75;720
0.32;Ideal;H;VS1;63;57;4.35;4.32;2.73;720
0.32;Premium;H;VS1;61.3;60;4.38;4.33;2.67;720
0.32;Very Good;H;VS1;63.1;57;4.37;4.34;2.75;720
0.32;Premium;H;VS1;62.4;58;4.4;4.35;2.73;720
0.32;Premium;H;VS1;62.8;58;4.37;4.35;2.74;720
0.32;Premium;H;VS1;62.3;58;4.39;4.34;2.72;720
0.32;Premium;G;VS2;61;59;4.46;4.42;2.71;720
0.32;Premium;G;VS2;59.8;59;4.52;4.48;2.69;720
0.32;Premium;G;VS2;60.8;59;4.44;4.41;2.69;720
0.32;Premium;G;VS2;60.2;57;4.45;4.42;2.67;720
0.32;Premium;G;VS2;61.1;58;4.45;4.42;2.71;720
0.32;Ideal;G;VS2;61.4;55;4.46;4.4;2.72;720
0.32;Premium;G;VS2;60.5;58;4.42;4.41;2.67;720
0.32;Ideal;G;VS2;61.8;55;4.42;4.41;2.73;720
0.32;Ideal;G;VS2;61.8;55;4.43;4.41;2.73;720
0.32;Premium;G;VS2;61.5;60;4.42;4.4;2.71;720
0.32;Ideal;G;VS2;61.5;57;4.41;4.4;2.71;720
0.32;Premium;G;VS2;61.5;59;4.42;4.4;2.71;720
0.32;Ideal;G;VS2;61.6;57;4.41;4.39;2.71;720
0.32;Ideal;G;VS2;62;57;4.41;4.39;2.73;720
0.32;Premium;G;VS2;60.7;58;4.42;4.38;2.67;720
0.32;Ideal;G;VS2;61.8;57;4.42;4.38;2.72;720
0.32;Ideal;G;VS2;62.5;56;4.42;4.38;2.75;720
0.32;Ideal;G;VS2;61.4;57;4.4;4.39;2.7;720
0.32;Ideal;G;VS2;62;57;4.4;4.37;2.72;720
0.32;Premium;G;VS2;62;59;4.41;4.37;2.72;720
0.32;Ideal;G;VS2;61.7;57;4.4;4.38;2.71;720
0.32;Premium;G;VS2;61.2;59;4.41;4.38;2.69;720
0.32;Ideal;G;VS2;61.8;57;4.4;4.37;2.71;720
0.32;Premium;G;VS2;62.6;58;4.39;4.37;2.74;720
0.32;Ideal;G;VS2;61.4;56;4.39;4.37;2.69;720
0.32;Premium;G;VS2;62.3;58;4.41;4.36;2.73;720
0.32;Very Good;G;VS2;63.3;54;4.39;4.36;2.77;720
0.32;Premium;G;VS2;61.5;60;4.39;4.36;2.69;720
0.32;Premium;G;VS2;62.5;58;4.38;4.36;2.73;720
0.32;Premium;G;VS2;61.5;58;4.4;4.35;2.69;720
0.32;Premium;G;VS2;62.1;60;4.39;4.34;2.71;720
0.32;Premium;G;VS2;62;58;4.38;4.33;2.7;720
0.32;Premium;G;VS2;62.6;59;4.36;4.33;2.72;720
0.32;Premium;G;VS2;62.6;60;4.36;4.33;2.72;720
0.32;Premium;G;VS2;62.4;59;4.36;4.33;2.71;720
0.32;Premium;G;VS2;61.7;60;4.4;4.32;2.69;720
0.32;Premium;G;VS2;62.5;60;4.38;4.32;2.72;720
0.32;Very Good;G;VS2;63.1;57;4.35;4.3;2.73;720
0.32;Premium;G;VS2;62.8;58;4.35;4.31;2.72;720
0.32;Ideal;E;SI1;61.9;56;4.43;4.39;2.73;720
0.32;Premium;E;SI1;60.2;60;4.44;4.39;2.66;720
0.32;Premium;E;SI1;61.6;56;4.41;4.39;2.71;720
0.32;Premium;E;SI1;62.3;58;4.4;4.37;2.73;720
0.32;Very Good;E;SI1;63.4;55;4.36;4.35;2.76;720
0.32;Very Good;E;SI1;63.1;56;4.39;4.36;2.76;720
0.32;Premium;E;SI1;62.2;58;4.39;4.36;2.72;720
0.32;Premium;E;SI1;62.8;57;4.39;4.34;2.74;720
0.32;Very Good;E;SI1;63.3;56;4.35;4.34;2.75;720
0.45;Premium;J;SI2;60.9;57;4.95;4.9;3.05;720
0.5;Very Good;E;I1;63.1;61;5.04;4.97;3.16;720
0.3;Ideal;E;SI1;61.4;56;4.36;4.33;2.67;720
0.4;Good;D;SI1;63.1;61;4.67;4.71;2.96;720
0.4;Good;D;SI1;63.5;55;4.67;4.72;2.98;720
0.4;Very Good;D;SI1;63;57;4.66;4.7;2.95;720
0.4;Good;D;SI1;63.3;57;4.68;4.71;2.97;720
0.4;Very Good;D;SI1;60.3;62;4.7;4.75;2.85;720
0.4;Good;D;SI1;63.6;57;4.67;4.7;2.98;720
0.4;Very Good;D;SI1;63;57;4.66;4.7;2.95;720
0.4;Very Good;D;VS2;60.5;58;4.76;4.82;2.9;720
0.4;Good;D;SI1;63.1;57;4.69;4.73;2.97;720
0.4;Very Good;D;SI1;62.5;61;4.66;4.69;2.92;720
0.32;Very Good;F;VVS2;63;56;4.37;4.39;2.76;721
0.31;Very Good;E;VVS2;64.2;55;4.24;4.3;2.74;721
0.27;Very Good;D;VVS1;62.3;54;4.18;4.21;2.61;721
0.35;Very Good;D;VS2;62.6;56;4.48;4.5;2.81;721
0.38;Ideal;I;VVS2;62;55;4.64;4.69;2.89;721
0.3;Ideal;E;VVS2;62;55;4.31;4.34;2.68;721
0.38;Ideal;G;VS2;61;55;4.67;4.71;2.86;721
0.38;Ideal;G;VS2;59.5;58;4.75;4.77;2.83;721
0.38;Ideal;H;VS1;61.1;55;4.68;4.72;2.87;721
0.29;Ideal;G;IF;61.3;56;4.26;4.29;2.62;721
0.38;Good;H;VS1;64.4;57;4.54;4.59;2.94;721
0.35;Good;G;VS1;58.6;60.5;4.62;4.68;2.72;721
0.39;Premium;H;SI2;62.4;59;4.65;4.58;2.88;721
0.33;Ideal;I;VVS2;61;56;4.48;4.51;2.74;722
0.34;Ideal;G;VVS2;62;55;4.47;4.5;2.78;722
0.34;Ideal;H;VVS1;62.3;54;4.46;4.5;2.79;722
0.31;Ideal;E;VS1;61.6;55;4.39;4.41;2.71;722
0.31;Ideal;E;VS1;61.2;55;4.4;4.43;2.7;722
0.41;Ideal;H;SI1;62.4;53;4.78;4.81;2.99;722
0.41;Ideal;D;SI1;61.3;56;4.8;4.82;2.95;722
0.4;Fair;G;VS2;64.6;55;4.62;4.64;2.99;722
0.35;Ideal;E;VS2;63.5;54;4.48;4.43;2.83;722
0.33;Premium;G;VVS2;61.3;59;4.42;4.45;2.72;722
0.42;Very Good;F;SI1;60.6;61;4.83;4.87;2.94;722
0.42;Very Good;E;SI1;61.5;61;4.82;4.87;2.98;722
0.42;Very Good;E;SI1;59.8;61;4.85;4.89;2.91;722
0.42;Good;F;SI1;63.4;56;4.75;4.78;3.02;722
0.42;Good;F;SI1;63.4;56;4.76;4.8;3.03;722
0.42;Premium;E;SI1;61.5;58;4.78;4.84;2.96;722
0.42;Good;F;SI1;63.6;57;4.7;4.76;3.01;722
0.42;Premium;E;SI1;62;58;4.82;4.85;3;722
0.42;Premium;E;SI1;60;58;4.85;4.89;2.92;722
0.42;Good;F;SI1;63.3;56;4.75;4.79;3.02;722
0.42;Good;F;SI1;63.1;56;4.79;4.82;3.03;722
0.42;Very Good;J;VS2;60.9;58;4.81;4.85;2.94;723
0.42;Very Good;D;SI1;60.2;58;4.85;4.89;2.93;723
0.42;Ideal;J;VS1;62.7;57;4.75;4.79;2.99;723
0.34;Ideal;F;VS1;60.9;57;4.53;4.56;2.77;723
0.4;Ideal;G;SI2;62.5;53;4.75;4.79;2.98;723
0.38;Ideal;G;SI1;61;55;4.69;4.73;2.87;723
0.34;Ideal;E;SI1;60.4;57;4.53;4.55;2.74;723
0.43;Good;E;SI1;60.6;61;4.96;4.98;3.01;723
0.33;Ideal;E;VS2;61;57;4.43;4.46;2.71;723
0.33;Ideal;E;VS2;62.1;57;4.41;4.44;2.75;723
0.33;Ideal;E;VS2;60.3;57;4.51;4.54;2.73;723
0.33;Ideal;E;VS2;62.1;56;4.43;4.46;2.76;723
0.33;Premium;E;VS2;62;59;4.39;4.41;2.73;723
0.33;Ideal;E;VS2;62.3;56;4.46;4.47;2.78;723
0.33;Premium;E;VS2;60.7;58;4.47;4.49;2.72;723
0.33;Ideal;E;VS2;62.3;55;4.43;4.46;2.77;723
0.33;Ideal;E;VS2;62;56;4.46;4.48;2.77;723
0.33;Ideal;E;VS2;61.8;55;4.45;4.48;2.76;723
0.33;Very Good;E;VS2;62.8;56;4.41;4.45;2.78;723
0.33;Premium;E;VS2;60.6;60;4.43;4.48;2.7;723
0.33;Premium;E;VS2;61;60;4.42;4.47;2.71;723
0.33;Premium;E;VS2;61.1;59;4.45;4.49;2.73;723
0.33;Ideal;E;VS2;61.3;55;4.46;4.48;2.74;723
0.33;Premium;E;VS2;61;60;4.43;4.46;2.71;723
0.33;Ideal;E;VS2;60.6;55;4.48;4.5;2.72;723
0.33;Premium;E;VS2;61.5;59;4.42;4.46;2.73;723
0.33;Ideal;E;VS2;62.6;57;4.37;4.42;2.75;723
0.33;Premium;E;VS2;61.7;60;4.4;4.45;2.73;723
0.33;Ideal;E;VS2;61.9;56;4.4;4.45;2.74;723
0.33;Ideal;E;VS2;61.2;56;4.45;4.47;2.73;723
0.33;Ideal;E;VS2;62.3;57;4.4;4.43;2.75;723
0.33;Ideal;E;VS2;60.5;56;4.48;4.51;2.72;723
0.33;Ideal;E;VS2;61.9;54;4.42;4.47;2.75;723
0.33;Ideal;E;VS2;60.8;57;4.45;4.47;2.71;723
0.33;Ideal;E;VS2;62.4;55;4.4;4.42;2.75;723
0.33;Ideal;E;VS2;61.9;56;4.43;4.46;2.75;723
0.33;Ideal;E;VS2;61.1;56;4.45;4.48;2.73;723
0.33;Ideal;E;VS2;61.6;57;4.44;4.46;2.74;723
0.33;Ideal;E;VS2;62.3;57;4.37;4.43;2.74;723
0.4;Good;F;VS2;64.1;56;4.65;4.71;3;723
0.33;Ideal;E;VS2;61.5;57;4.41;4.47;2.73;723
0.33;Ideal;F;VS1;61.2;56;4.46;4.49;2.74;723
0.33;Ideal;E;VS2;62.1;56;4.4;4.45;2.75;723
0.33;Ideal;D;VS2;61.7;55;4.46;4.48;2.76;724
0.33;Good;F;VVS1;60.2;64;4.47;4.5;2.7;724
0.26;Very Good;F;VVS1;63.3;57;4.07;4.05;2.57;724
0.26;Ideal;E;VVS2;62.5;55;4.09;4.07;2.55;724
0.26;Premium;E;VVS2;61.7;61;4.12;4.08;2.53;724
0.26;Premium;E;VVS2;60.8;61;4.13;4.12;2.51;724
0.26;Premium;E;VVS2;58.9;61;4.19;4.16;2.46;724
0.26;Good;D;VVS2;63.6;56;4.09;4.06;2.59;724
0.34;Very Good;F;VVS2;59.6;60;4.54;4.59;2.72;724
0.43;Premium;G;SI1;62.6;59;4.8;4.82;3.01;724
0.3;Very Good;G;VVS1;60.7;56;4.32;4.35;2.63;725
0.31;Very Good;E;VVS1;60.4;61;4.34;4.4;2.64;725
0.31;Very Good;E;VVS1;62.5;59;4.3;4.34;2.7;725
0.35;Very Good;G;VS1;59.2;60;4.59;4.64;2.73;725
0.34;Very Good;D;VS1;59.8;57;4.54;4.59;2.73;725
0.4;Very Good;E;SI1;63;57;4.68;4.71;2.96;725
0.31;Ideal;E;VVS1;59.8;60;4.38;4.42;2.63;725
0.4;Ideal;H;VS2;61.4;55;4.76;4.78;2.93;725
0.4;Ideal;H;VS2;61.9;55;4.73;4.75;2.93;725
0.36;Ideal;G;VS1;61.5;58;4.59;4.61;2.83;725
0.32;Ideal;F;VS1;61.3;55;4.4;4.44;2.71;725
0.36;Ideal;G;SI1;61.8;55;4.58;4.61;2.84;725
0.31;Good;E;VVS1;60.9;61;4.32;4.35;2.64;725
0.3;Very Good;F;VS2;63.4;59;4.25;4.23;2.69;725
0.3;Premium;G;VS1;60.8;61;4.34;4.31;2.63;725
0.3;Premium;G;VS1;60.2;62;4.31;4.3;2.59;725
0.31;Good;H;SI1;63.1;57;4.31;4.34;2.73;446
0.31;Very Good;H;SI1;59;57;4.4;4.44;2.61;446
0.31;Very Good;H;SI1;60.5;60;4.33;4.4;2.64;446
0.31;Ideal;I;VS2;62.1;53.7;4.37;4.4;2.72;447
0.31;Ideal;I;VS2;62.3;53.8;4.32;4.36;2.7;447
0.26;Ideal;F;SI1;61.8;55;4.12;4.14;2.55;447
0.23;Good;F;VS2;63.8;57;3.93;3.84;2.48;447
0.3;Very Good;D;SI2;61.2;60;4.28;4.31;2.63;447
0.3;Very Good;D;SI2;61.4;59;4.26;4.31;2.63;447
0.3;Very Good;D;SI2;62.4;59;4.25;4.28;2.66;447
0.3;Very Good;G;SI1;61;57;4.31;4.34;2.64;447
0.34;Very Good;I;SI1;59.2;61;4.57;4.58;2.71;447
0.34;Very Good;I;SI1;61.3;61;4.45;4.49;2.74;447
0.34;Very Good;F;SI2;60;62;4.51;4.55;2.72;447
0.34;Premium;F;SI2;60;58;4.55;4.58;2.74;447
0.34;Very Good;J;VS1;61.7;58;4.41;4.47;2.74;447
0.34;Very Good;F;SI2;63;58;4.45;4.47;2.81;447
0.3;Very Good;G;SI1;62.6;57;4.25;4.34;2.69;447
0.3;Premium;D;SI2;60.9;58;4.29;4.32;2.62;447
0.3;Good;G;SI1;63.8;56;4.26;4.3;2.73;447
0.3;Very Good;G;SI1;59.8;57;4.32;4.37;2.6;447
0.34;Good;F;SI2;63.3;54;4.46;4.48;2.83;447
0.3;Good;D;SI2;63.3;57;4.26;4.3;2.71;447
0.34;Ideal;F;SI2;60.1;56;4.54;4.55;2.73;447
0.34;Premium;I;SI1;60.2;59;4.52;4.55;2.73;447
0.3;Very Good;G;SI1;60.1;62;4.35;4.37;2.62;447
0.3;Very Good;D;SI2;63;55;4.25;4.26;2.68;447
0.3;Premium;D;SI2;62.4;58;4.28;4.31;2.68;447
0.3;Ideal;D;SI2;61.1;55;4.32;4.35;2.65;447
0.3;Very Good;D;SI2;61;61;4.25;4.31;2.61;447
0.3;Premium;G;VS1;62;60;4.31;4.27;2.66;725
0.3;Very Good;G;VS1;63.3;56;4.31;4.28;2.72;725
0.3;Very Good;G;VS1;63.4;55;4.32;4.26;2.72;725
0.3;Very Good;G;VS1;63.5;58;4.26;4.21;2.69;725
0.34;Premium;F;VS1;60;59;4.59;4.55;2.74;725
0.41;Very Good;E;SI1;60.4;58;4.75;4.79;2.88;725
0.41;Very Good;E;SI1;61;61;4.74;4.77;2.9;725
0.44;Ideal;J;VVS2;62.1;55;4.88;4.91;3.04;726
0.38;Ideal;G;VS2;60.4;57;4.68;4.71;2.83;726
0.34;Ideal;F;VS2;61.5;55;4.53;4.57;2.8;726
0.34;Ideal;F;VS2;62.1;56;4.48;4.51;2.79;726
0.31;Ideal;E;VS1;62.1;54.2;4.31;4.35;2.69;726
0.4;Ideal;D;SI1;61.3;56;4.75;4.78;2.92;726
0.4;Ideal;D;SI1;61.3;57;4.74;4.79;2.92;726
0.43;Premium;I;SI2;59.8;59;4.94;4.9;2.94;726
0.36;Premium;G;VS1;62.2;59;4.53;4.57;2.83;726
0.36;Ideal;F;VS2;62;55;4.55;4.58;2.83;726
0.36;Premium;H;VVS2;60.6;58;4.58;4.6;2.78;726
0.36;Premium;G;VS1;61.7;59;4.55;4.59;2.82;726
0.36;Very Good;G;VS1;59.7;56;4.64;4.67;2.78;726
0.36;Very Good;G;VS1;62.9;57;4.56;4.6;2.88;726
0.36;Ideal;H;VVS2;62.3;57;4.52;4.57;2.83;726
0.36;Premium;G;VS1;59.7;59;4.61;4.64;2.76;726
0.36;Very Good;G;VS1;61.2;60;4.56;4.59;2.8;726
0.31;Ideal;G;VVS2;62;56;4.33;4.35;2.69;726
0.36;Premium;F;VS2;60.5;59;4.61;4.64;2.8;726
0.36;Ideal;F;VS2;60.9;57;4.58;4.61;2.8;726
0.36;Premium;F;VS2;61.4;58;4.56;4.6;2.81;726
0.36;Premium;F;VS2;60.5;60;4.55;4.61;2.77;726
0.36;Ideal;G;VS1;61.6;56;4.56;4.59;2.82;726
0.36;Premium;G;VS1;62.3;59;4.5;4.55;2.82;726
0.41;Very Good;D;SI2;63.8;57;4.71;4.73;3.01;727
0.4;Ideal;I;VS2;62.5;57;4.67;4.71;2.93;727
0.33;Ideal;H;VS1;60.9;56;4.46;4.5;2.73;727
0.38;Premium;J;VS2;60.5;60;4.68;4.64;2.82;727
0.34;Ideal;F;SI1;62.8;56;4.46;4.42;2.79;727
0.34;Premium;F;SI1;59.8;58;4.57;4.53;2.72;727
0.34;Premium;F;SI1;59.4;62;4.59;4.54;2.71;727
0.34;Premium;F;SI1;59.3;60;4.58;4.52;2.7;727
0.34;Ideal;F;SI1;63;54;4.5;4.48;2.83;727
0.5;Fair;G;I1;64.9;57;5.01;4.97;3.24;727
0.5;Fair;G;I1;65.2;56;4.95;4.89;3.21;727
0.36;Ideal;D;VS2;60;56;4.66;4.68;2.8;727
0.36;Premium;D;VS2;60.3;58;4.63;4.66;2.8;727
0.36;Ideal;E;VS1;62.7;57;4.55;4.58;2.86;727
0.36;Premium;E;VS1;61.5;59;4.57;4.6;2.82;727
0.33;Very Good;D;VS1;60.3;61;4.48;4.51;2.71;727
0.33;Ideal;D;VS1;61.1;57;4.46;4.48;2.73;727
0.37;Very Good;E;VS2;64;55;4.52;4.57;2.91;728
0.42;Very Good;E;SI1;61.4;54;4.83;4.87;2.98;728
0.4;Ideal;I;VVS2;61.9;56.4;4.72;4.74;2.93;728
0.3;Ideal;F;VVS2;61.9;54.1;4.31;4.33;2.67;728
0.32;Ideal;F;VVS2;61.4;57;4.41;4.45;2.72;728
0.33;Ideal;D;SI1;62;56;4.47;4.44;2.76;728
0.33;Very Good;D;SI1;63.1;55;4.46;4.42;2.8;728
0.33;Very Good;D;SI1;63.1;55;4.4;4.38;2.77;728
0.3;Very Good;D;VVS2;59;59;4.4;4.42;2.6;729
0.32;Ideal;E;VVS2;61.2;57;4.38;4.41;2.69;729
0.31;Ideal;F;VS1;61.1;57;4.34;4.36;2.66;729
0.39;Ideal;D;SI1;60.6;55;4.73;4.78;2.88;729
0.36;Premium;H;VS2;61;60;4.6;4.55;2.79;729
0.36;Premium;H;VS2;60;62;4.62;4.58;2.76;729
0.36;Ideal;I;VS1;60.5;57;4.59;4.56;2.77;729
0.36;Premium;I;VS1;60.9;61;4.61;4.58;2.8;729
0.36;Premium;I;VS1;60.3;60;4.64;4.58;2.78;729
0.36;Very Good;I;VS1;63.3;56;4.56;4.51;2.87;729
0.36;Premium;I;VS1;62;59;4.6;4.53;2.83;729
0.36;Ideal;I;VS1;62.1;57;4.58;4.54;2.83;729
0.36;Ideal;I;VS1;62.1;56;4.59;4.55;2.84;729
0.36;Very Good;H;VS2;63.5;54;4.59;4.55;2.9;729
0.36;Ideal;H;VS2;62.1;55;4.58;4.57;2.84;729
0.36;Ideal;H;VS2;62.1;55;4.61;4.57;2.85;729
0.36;Premium;H;VS2;60.9;59;4.62;4.58;2.8;729
0.36;Good;H;VS2;63.7;55;4.52;4.49;2.87;729
0.3;Fair;F;VS2;56.3;64;4.44;4.39;2.5;729
0.43;Very Good;G;SI2;61.3;56.2;4.87;4.89;2.99;729
0.45;Very Good;F;SI2;61.5;61;4.9;4.95;3.03;729
0.3;Ideal;E;VS1;61.6;57;4.3;4.33;2.66;729
0.41;Good;H;VS2;64.1;57;4.72;4.64;3;729
0.3;Very Good;F;VVS2;59.9;56;4.38;4.44;2.64;730
0.3;Very Good;F;VVS2;62.5;56;4.26;4.29;2.67;730
0.34;Very Good;F;VS2;61.5;58.2;4.49;4.51;2.77;730
0.34;Very Good;F;VS2;62.5;57.5;4.4;4.45;2.77;730
0.43;Very Good;I;VS1;60.9;55;4.89;4.99;3.01;730
0.33;Ideal;G;VVS2;61.3;56;4.46;4.48;2.74;730
0.33;Ideal;G;VVS2;61.7;55;4.46;4.49;2.76;730
0.33;Ideal;G;VVS2;61.6;54;4.44;4.49;2.75;730
0.33;Ideal;H;VVS1;61.7;55;4.48;4.5;2.77;730
0.33;Ideal;H;VVS1;61.6;55;4.45;4.48;2.75;730
0.33;Ideal;H;VVS1;62.1;53;4.47;4.51;2.79;730
0.33;Ideal;H;VVS1;62.1;53;4.48;4.5;2.79;730
0.33;Ideal;H;VVS1;61.5;55;4.44;4.47;2.74;730
0.33;Ideal;H;VVS1;61.7;55;4.48;4.5;2.77;730
0.33;Ideal;H;VVS1;62.1;55;4.46;4.5;2.78;730
0.33;Ideal;H;VVS1;61.5;56;4.46;4.49;2.75;730
0.32;Ideal;G;VVS2;60.6;57;4.41;4.43;2.68;730
0.32;Premium;G;VVS2;61.6;60;4.37;4.4;2.7;730
0.32;Very Good;G;VVS2;62;55;4.39;4.42;2.73;730
0.32;Ideal;H;VVS1;61.9;56;4.38;4.41;2.72;730
0.32;Ideal;G;VVS2;62.2;56;4.34;4.38;2.71;730
0.32;Premium;H;VVS1;61.4;58;4.37;4.42;2.7;730
0.32;Premium;H;VVS1;62.5;58;4.33;4.37;2.72;730
0.32;Ideal;G;VVS2;62.1;55;4.35;4.38;2.71;730
0.32;Premium;G;VVS2;61.2;59;4.39;4.44;2.7;730
0.32;Ideal;G;VVS2;61.4;55;4.4;4.43;2.71;730
0.32;Ideal;H;VVS1;62.2;56;4.37;4.38;2.72;730
0.32;Premium;G;VVS2;60.8;59;4.41;4.44;2.69;730
0.34;Ideal;D;VS2;60.8;57;4.52;4.56;2.76;730
0.34;Very Good;D;VS2;60;59;4.5;4.56;2.72;730
0.4;Good;H;VS2;59.4;64;4.75;4.82;2.84;730
0.32;Ideal;H;VVS1;61.6;55;4.4;4.43;2.72;730
0.32;Premium;G;VVS2;61.7;59;4.37;4.41;2.71;730
0.32;Premium;G;VVS2;60.2;60;4.42;4.45;2.67;730
0.32;Ideal;G;VVS2;61.3;56;4.43;4.44;2.72;730
0.32;Ideal;G;VVS2;61.8;55;4.41;4.43;2.73;730
0.32;Ideal;G;VVS2;61.7;57;4.41;4.44;2.73;730
0.32;Premium;G;VVS2;62.3;58;4.35;4.38;2.72;730
0.32;Ideal;H;VVS1;60.4;57;4.42;4.46;2.68;730
0.32;Ideal;G;VVS2;62.2;55;4.41;4.43;2.75;730
0.32;Very Good;G;VVS2;62.2;57;4.36;4.38;2.72;730
0.32;Ideal;G;VVS2;62.4;56;4.4;4.42;2.75;730
0.32;Very Good;H;VVS1;62.7;57;4.36;4.41;2.75;730
0.32;Ideal;H;VVS1;61.6;56;4.39;4.41;2.71;730
0.32;Premium;H;VVS1;61.4;58;4.38;4.41;2.7;730
0.32;Ideal;G;VVS2;62.6;57;4.34;4.38;2.73;730
0.32;Ideal;G;VVS2;61.6;55;4.41;4.42;2.72;730
0.32;Premium;H;VVS1;60.9;58;4.4;4.43;2.69;730
0.32;Very Good;G;VVS2;60.9;61;4.39;4.41;2.68;730
0.32;Ideal;G;VVS2;61.5;57;4.39;4.43;2.71;730
0.32;Ideal;G;VVS2;61.9;57;4.38;4.41;2.72;730
0.32;Very Good;H;VVS1;62.9;58;4.34;4.37;2.74;730
0.32;Ideal;G;VVS2;62.1;57;4.4;4.42;2.74;730
0.32;Ideal;G;VVS2;62;55;4.4;4.44;2.74;730
0.32;Ideal;G;VVS1;61.7;56;4.37;4.41;2.71;730
0.32;Ideal;H;VVS1;62.1;54;4.4;4.42;2.74;730
0.32;Very Good;H;VVS1;62.9;57;4.33;4.38;2.74;730
0.32;Ideal;G;VVS2;62.4;54;4.37;4.38;2.73;730
0.32;Ideal;G;VVS2;61.2;56;4.41;4.42;2.7;730
0.32;Ideal;H;VVS1;61.9;55;4.37;4.38;2.71;730
0.32;Very Good;G;VVS2;62.3;54;4.38;4.45;2.75;730
0.32;Ideal;G;VVS2;61.1;55;4.42;4.45;2.71;730
0.32;Very Good;G;VVS2;62.6;58;4.35;4.37;2.73;730
0.32;Premium;H;VVS1;61.5;59;4.37;4.41;2.7;730
0.29;Very Good;F;VVS1;60.5;57;4.31;4.34;2.61;731
0.29;Very Good;F;VVS1;62.1;55;4.26;4.28;2.65;731
0.43;Very Good;J;VS2;60.9;59;4.86;4.9;2.97;731
0.3;Ideal;E;VVS2;61.2;61;4.3;4.33;2.64;731
0.3;Ideal;E;VVS2;62.8;55;4.28;4.32;2.7;731
0.3;Ideal;E;VVS2;61.5;55;4.33;4.35;2.67;731
0.41;Ideal;J;SI2;62.5;54;4.78;4.79;2.99;731
0.4;Ideal;F;SI2;61;56;4.76;4.81;2.92;731
0.3;Ideal;F;VS1;61.3;55;4.36;4.32;2.66;731
0.3;Ideal;F;VS1;61;56;4.37;4.35;2.66;731
0.3;Good;F;VS1;63.7;56;4.28;4.26;2.72;731
0.3;Ideal;F;VS1;62.6;57;4.34;4.29;2.7;731
0.3;Ideal;F;VS1;61.7;56;4.34;4.32;2.67;731
0.3;Premium;F;VS1;61;58;4.36;4.33;2.65;731
0.3;Premium;E;VS2;61.7;60;4.31;4.28;2.65;731
0.45;Very Good;E;SI2;63.2;54;4.94;4.82;3.09;731
0.4;Premium;H;VS1;62.7;59;4.63;4.71;2.93;731
0.32;Ideal;G;VVS1;61.3;60;4.39;4.42;2.7;732
0.44;Ideal;I;VS2;61.9;54;4.91;4.95;3.05;732
0.31;Ideal;D;SI1;62.7;56;4.36;4.32;2.72;732
0.41;Good;J;VS2;64;59;4.71;4.64;2.99;732
0.31;Very Good;D;SI1;63.4;58;4.35;4.32;2.75;732
0.31;Premium;D;SI1;61.1;57;4.36;4.35;2.66;732
0.31;Ideal;D;SI1;61.1;56;4.38;4.36;2.67;732
0.31;Very Good;D;SI1;63.1;57;4.32;4.3;2.72;732
0.31;Very Good;D;SI1;63.5;58;4.3;4.27;2.72;732
0.31;Very Good;D;SI1;63.4;55;4.3;4.28;2.72;732
0.31;Very Good;D;SI1;63.5;57;4.32;4.28;2.73;732
0.41;Good;G;SI2;63.7;55;4.75;4.7;3.01;732
0.31;Ideal;I;VVS1;62.1;56;4.38;4.35;2.71;732
0.31;Ideal;I;VVS1;61.4;54;4.41;4.38;2.7;732
0.31;Ideal;I;VVS1;62;54;4.37;4.34;2.7;732
0.31;Premium;I;VVS1;61;58;4.39;4.33;2.66;732
0.31;Ideal;I;VVS1;62.8;55;4.36;4.33;2.73;732
0.31;Premium;I;VVS1;62.2;60;4.32;4.3;2.68;732
0.31;Very Good;I;VVS1;63.1;59;4.31;4.25;2.7;732
0.31;Premium;D;SI1;60.2;56;4.4;4.37;2.64;732
0.31;Ideal;D;SI1;61.2;55;4.49;4.37;2.71;732
0.31;Premium;D;SI1;60.9;60;4.39;4.38;2.67;732
0.31;Premium;D;SI1;60;61;4.43;4.41;2.65;732
0.31;Ideal;D;SI1;61;57;4.41;4.38;2.68;732
0.31;Premium;D;SI1;61.2;60;4.41;4.35;2.68;732
0.31;Ideal;D;SI1;62;55;4.38;4.36;2.71;732
0.31;Ideal;D;SI1;62.1;56;4.37;4.33;2.7;732
0.31;Ideal;D;SI1;62.3;55;4.37;4.33;2.71;732
0.31;Ideal;D;SI1;62.3;54;4.37;4.33;2.71;732
0.31;Premium;D;SI1;62.2;52;4.37;4.34;2.71;732
0.31;Ideal;D;SI1;62.2;55;4.37;4.34;2.71;732
0.31;Ideal;D;SI1;61.7;57;4.38;4.34;2.69;732
0.31;Premium;D;SI1;61.4;58;4.39;4.34;2.68;732
0.31;Ideal;D;SI1;61.4;55;4.38;4.35;2.68;732
0.31;Ideal;D;SI1;62.6;56;4.36;4.33;2.72;732
0.31;Ideal;D;SI1;61.9;57;4.36;4.33;2.69;732
0.31;Ideal;D;SI1;60.8;56;4.37;4.32;2.64;732
0.31;Premium;D;SI1;61.4;58;4.36;4.33;2.67;732
0.31;Ideal;D;SI1;62.4;56;4.35;4.33;2.71;732
0.31;Ideal;D;SI1;62.4;53;4.35;4.33;2.71;732
0.31;Ideal;D;SI1;61.5;56;4.35;4.33;2.67;732
0.31;Ideal;D;SI1;62.6;57;4.33;4.3;2.7;732
0.31;Premium;D;SI1;62;58;4.35;4.3;2.68;732
0.31;Ideal;D;SI1;62.9;56;4.34;4.31;2.72;732
0.31;Premium;D;SI1;61.7;59;4.35;4.31;2.67;732
0.31;Ideal;D;SI1;62.4;56;4.35;4.31;2.7;732
0.31;Good;D;SI1;63.7;54;4.35;4.31;2.76;732
0.31;Ideal;D;SI1;63;55;4.34;4.32;2.73;732
0.31;Ideal;D;SI1;63;54;4.35;4.32;2.73;732
0.31;Ideal;D;SI1;61.8;57;4.36;4.32;2.68;732
0.31;Premium;D;SI1;62.1;58;4.33;4.3;2.68;732
0.31;Ideal;D;SI1;62.6;57;4.32;4.3;2.7;732
0.31;Very Good;D;SI1;63.5;56;4.31;4.29;2.73;732
0.31;Very Good;D;SI1;63.5;56;4.31;4.29;2.73;732
0.31;Ideal;D;SI1;62.9;57;4.32;4.27;2.7;732
0.31;Good;D;SI1;63.9;54;4.3;4.27;2.74;732
0.31;Very Good;D;SI1;63.5;55;4.3;4.27;2.72;732
0.31;Ideal;D;SI1;61.8;56;4.37;4.34;2.69;732
0.3;Premium;D;VS1;61.2;59;4.34;4.29;2.64;732
0.35;Very Good;H;VVS1;61.1;56;4.54;4.57;2.78;733
0.26;Ideal;E;VVS2;61.3;57;4.12;4.15;2.53;733
0.32;Ideal;G;VVS1;61.3;55;4.46;4.38;2.71;733
0.26;Ideal;F;VVS1;60.3;56;4.15;4.17;2.51;733
0.31;Ideal;E;VS1;60.7;57;4.37;4.4;2.66;733
0.26;Ideal;F;IF;62;56;4.07;4.1;2.53;733
0.44;Good;H;SI1;63.5;57;4.82;4.85;3.07;733
0.44;Ideal;H;SI1;61.9;57;4.9;4.92;3.04;733
0.38;Very Good;D;SI1;58.9;61;4.75;4.79;2.81;733
0.38;Very Good;D;SI1;59.7;60;4.66;4.69;2.79;733
0.38;Premium;D;SI1;60.7;60;4.63;4.69;2.83;733
0.38;Premium;D;SI1;62.2;58;4.57;4.63;2.86;733
0.3;Ideal;G;VVS1;60.6;57;4.36;4.38;2.65;734
0.39;Ideal;E;VS2;61.4;55;4.76;4.81;2.94;734
0.4;Good;J;VS1;64;56;4.69;4.66;2.99;734
0.39;Very Good;G;VS2;59.8;61;4.72;4.75;2.83;734
0.39;Good;G;VS2;63.7;53;4.62;4.67;2.96;734
0.39;Very Good;G;VS2;60.4;61;4.71;4.73;2.85;734
0.31;Ideal;D;VS2;61.5;56;4.37;4.41;2.7;734
0.31;Very Good;D;VS2;62.9;55;4.31;4.34;2.72;734
0.31;Ideal;D;VS2;61.9;56;4.34;4.38;2.7;734
0.31;Premium;E;VS1;60.2;58;4.38;4.43;2.65;734
0.31;Premium;D;VS2;62.6;59;4.3;4.33;2.7;734
0.31;Premium;E;VS1;61.9;58;4.31;4.32;2.67;734
0.31;Ideal;D;VS2;62.5;56;4.29;4.32;2.69;734
0.31;Ideal;E;VS1;61.6;56;4.35;4.38;2.69;734
0.31;Ideal;D;VS2;62.7;57;4.3;4.34;2.71;734
0.31;Ideal;D;VS2;62;55;4.33;4.35;2.69;734
0.31;Premium;E;VS1;61;58;4.37;4.39;2.67;734
0.31;Ideal;D;VS2;61.5;56;4.35;4.36;2.68;734
0.31;Ideal;D;VS2;62.6;56;4.33;4.36;2.72;734
0.31;Ideal;D;VS2;62.5;56;4.31;4.36;2.71;734
0.31;Premium;E;VS1;60;59;4.38;4.42;2.64;734
0.31;Very Good;D;VS2;62.3;55;4.32;4.35;2.7;734
0.31;Ideal;D;VS2;61.3;57;4.37;4.4;2.69;734
0.31;Ideal;D;VS2;62.3;55;4.33;4.37;2.71;734
0.31;Premium;E;VS1;61.7;58;4.3;4.36;2.67;734
0.31;Ideal;D;VS2;61.2;55;4.36;4.46;2.7;734
0.31;Ideal;D;VS2;60.4;56;4.39;4.42;2.66;734
0.31;Premium;D;VS2;61.2;59;4.32;4.37;2.66;734
0.31;Ideal;D;VS2;62.5;56;4.34;4.36;2.72;734
0.31;Ideal;D;VS2;61.7;55;4.35;4.4;2.7;734
0.31;Ideal;E;VS1;61.8;56;4.34;4.37;2.69;734
0.31;Ideal;D;VS2;62.2;54;4.31;4.34;2.69;734
0.31;Ideal;E;VS1;61.6;57;4.32;4.35;2.67;734
0.31;Premium;E;VS1;61.1;58;4.34;4.37;2.66;734
0.31;Ideal;D;VS2;61.2;55;4.37;4.39;2.68;734
0.31;Ideal;D;VS2;62.1;54;4.34;4.36;2.7;734
0.31;Ideal;D;VS2;61.8;55;4.33;4.37;2.69;734
0.31;Ideal;D;VS2;61.8;56;4.32;4.36;2.68;734
0.31;Ideal;D;VS2;61.6;57;4.36;4.38;2.69;734
0.31;Ideal;D;VS2;62.2;56;4.32;4.33;2.69;734
0.31;Ideal;D;VS2;61.2;55;4.35;4.38;2.67;734
0.31;Ideal;E;VS1;60.9;57;4.39;4.41;2.68;734
0.31;Ideal;D;VS2;62.1;54;4.33;4.37;2.7;734
0.31;Very Good;D;VS2;61.8;57;4.36;4.41;2.71;734
0.31;Ideal;D;VS2;61.8;57;4.36;4.38;2.7;734
0.31;Ideal;E;VS1;61.9;56;4.32;4.34;2.68;734
0.31;Ideal;D;VS2;62.1;54;4.33;4.37;2.7;734
0.31;Ideal;D;VS2;62.1;55;4.31;4.32;2.68;734
0.31;Ideal;D;VS2;61.9;56;4.37;4.38;2.71;734
0.31;Ideal;D;VS2;59;57;4.44;4.48;2.63;734
0.31;Premium;D;VS2;62;59;4.32;4.36;2.69;734
0.31;Ideal;D;VS2;62.1;54;4.35;4.41;2.72;734
0.31;Ideal;D;VS2;62.2;57;4.31;4.34;2.69;734
0.31;Ideal;D;VS2;61.5;56;4.34;4.37;2.68;734
0.31;Ideal;D;VS2;61.6;55;4.36;4.37;2.69;734
0.31;Premium;E;VS1;60.5;59;4.36;4.37;2.64;734
0.31;Ideal;D;VS2;61.2;55;4.37;4.42;2.69;734
0.31;Ideal;D;VS2;61.5;56;4.35;4.37;2.68;734
0.31;Ideal;E;VS1;60.4;57;4.37;4.4;2.65;734
0.31;Ideal;E;VS1;61.8;56;4.33;4.34;2.68;734
0.31;Ideal;D;VS2;62.1;56;4.34;4.35;2.7;734
0.31;Ideal;E;VS1;61.7;56;4.37;4.41;2.71;734
0.31;Ideal;D;VS2;62.1;55;4.32;4.35;2.69;734
0.31;Ideal;D;VS2;62;55;4.36;4.38;2.71;734
0.31;Ideal;D;VS2;62.5;57;4.31;4.36;2.71;734
0.31;Premium;D;VS2;60.7;59;4.35;4.38;2.65;734
0.31;Ideal;D;VS2;60.7;56;4.35;4.38;2.65;734
0.31;Ideal;E;VS1;61.4;57;4.32;4.37;2.67;734
0.31;Premium;D;VS2;61.7;59;4.31;4.34;2.67;734
0.3;Very Good;D;SI2;62.9;58;4.26;4.29;2.69;447
0.3;Very Good;G;SI1;61.6;59;4.26;4.28;2.63;447
0.3;Premium;D;SI2;62.3;58;4.29;4.32;2.68;447
0.3;Ideal;D;SI2;60.2;56;4.37;4.4;2.64;447
0.3;Very Good;D;SI2;62.2;59;4.25;4.3;2.66;447
0.34;Very Good;I;SI1;61.8;57;4.46;4.51;2.77;447
0.34;Good;F;SI2;63.5;56;4.44;4.48;2.83;447
0.3;Ideal;D;SI2;62.1;57;4.3;4.33;2.68;447
0.34;Very Good;G;SI2;62.8;59;4.45;4.47;2.8;447
0.3;Very Good;G;SI1;62.8;56;4.28;4.32;2.7;447
0.3;Very Good;G;SI1;62.7;58;4.22;4.27;2.66;447
0.3;Good;D;SI2;63.4;56;4.26;4.29;2.71;447
0.3;Good;D;SI2;63.2;57;4.21;4.24;2.67;447
0.3;Very Good;D;SI2;61.8;58;4.29;4.32;2.66;447
0.34;Very Good;F;SI2;61.7;61;4.44;4.48;2.75;447
0.3;Very Good;G;SI1;58.8;60;4.35;4.39;2.57;447
0.3;Very Good;G;SI1;59.5;63;4.29;4.32;2.56;447
0.3;Very Good;G;SI1;59.7;60;4.35;4.39;2.61;447
0.34;Premium;I;SI1;62.7;58;4.4;4.43;2.77;447
0.34;Very Good;G;SI2;62.8;58;4.43;4.46;2.79;447
0.34;Good;I;SI1;63.7;54;4.43;4.48;2.84;447
0.3;Very Good;G;SI1;61.4;57;4.31;4.35;2.66;447
0.3;Very Good;G;SI1;62.9;59;4.24;4.28;2.68;447
0.3;Premium;D;SI2;60.2;60;4.32;4.35;2.61;447
0.28;Ideal;I;VS1;61.8;55;4.2;4.25;2.61;448
0.28;Ideal;I;VS1;62.5;54;4.18;4.23;2.63;448
0.28;Ideal;I;VS1;62.4;54;4.18;4.19;2.61;448
0.26;Ideal;H;VS1;62.6;56;4.07;4.09;2.55;448
0.26;Ideal;H;VS1;61.9;55;4.1;4.13;2.55;448
0.26;Ideal;H;VS1;62.1;56;4.13;4.15;2.56;448
0.31;Ideal;D;VS2;62.2;56;4.32;4.36;2.7;734
0.31;Ideal;D;VS2;62.2;55;4.31;4.34;2.69;734
0.31;Ideal;D;VS2;62.7;55;4.31;4.34;2.71;734
0.41;Very Good;G;SI1;60.4;58;4.77;4.84;2.9;735
0.34;Ideal;G;VVS2;62;56;4.46;4.48;2.77;735
0.3;Ideal;G;VVS1;60.9;56.8;4.34;4.38;2.65;735
0.3;Ideal;G;VVS1;62;54.9;4.3;4.33;2.68;735
0.3;Ideal;E;VS1;60.6;56;4.35;4.36;2.64;735
0.41;Ideal;D;SI1;62.3;56;4.74;4.79;2.97;735
0.36;Ideal;I;IF;61.8;55;4.58;4.61;2.84;735
0.36;Ideal;I;IF;62;55;4.59;4.61;2.85;735
0.36;Ideal;I;IF;61.9;54;4.57;4.6;2.84;735
0.41;Fair;I;VS1;65.3;58;4.62;4.66;3.03;735
0.42;Good;D;SI1;63.3;58;4.73;4.75;3;735
0.42;Very Good;D;SI1;63;59;4.77;4.79;3.01;735
0.3;Ideal;F;VVS2;61.1;57;4.3;4.34;2.64;736
0.3;Ideal;D;VS2;61.8;55;4.27;4.3;2.65;736
0.4;Ideal;I;VS1;61.5;59;4.72;4.75;2.91;736
0.4;Ideal;I;VS1;61.2;56;4.76;4.82;2.93;736
0.4;Ideal;I;VS1;61.9;57;4.73;4.74;2.93;736
0.3;Ideal;E;VS1;61.3;57;4.3;4.34;2.65;736
0.32;Ideal;D;VS1;61.8;56;4.39;4.41;2.72;736
0.4;Ideal;G;SI1;62.7;57;4.65;4.69;2.93;736
0.33;Ideal;D;SI1;61.9;55;4.45;4.47;2.76;736
0.33;Ideal;D;SI1;60.9;56;4.46;4.5;2.73;736
0.31;Very Good;D;VS1;62.3;56;4.33;4.37;2.71;736
0.29;Very Good;D;SI1;59.8;55;4.3;4.35;2.58;737
0.38;Ideal;I;VVS2;61.7;56;4.67;4.7;2.89;737
0.37;Ideal;E;VS2;61;56;4.62;4.66;2.83;737
0.42;Very Good;G;SI1;62.9;54;4.79;4.81;3.02;737
0.3;Premium;F;VVS2;61.6;58;4.28;4.35;2.66;737
0.4;Ideal;E;SI1;61.8;56;4.71;4.74;2.92;737
0.4;Premium;F;SI1;62.5;59;4.67;4.71;2.93;737
0.3;Premium;F;VVS2;61.1;59;4.29;4.32;2.63;737
0.4;Very Good;E;SI1;62;55;4.68;4.74;2.92;737
0.3;Premium;F;VVS2;61;59;4.3;4.33;2.63;737
0.4;Very Good;I;VS1;63;56;4.68;4.72;2.96;737
0.39;Good;I;VS1;63.1;58;4.68;4.61;2.93;737
0.4;Premium;F;SI1;62.5;59;4.67;4.71;2.93;737
0.4;Very Good;F;SI1;62.8;59;4.71;4.72;2.96;737
0.4;Very Good;F;SI1;62;56;4.72;4.77;2.94;737
0.3;Very Good;G;VVS1;59.8;62;4.33;4.36;2.6;737
0.4;Very Good;F;SI1;62.9;57;4.68;4.7;2.95;737
0.4;Premium;E;SI1;62.6;59;4.68;4.71;2.94;737
0.4;Very Good;F;SI1;62.7;57;4.68;4.7;2.94;737
0.4;Premium;E;SI1;61.3;59;4.69;4.74;2.89;737
0.4;Premium;F;SI1;61.2;58;4.71;4.74;2.89;737
0.4;Very Good;E;SI1;60.9;56;4.76;4.8;2.91;737
0.4;Premium;E;SI1;60.1;59;4.76;4.82;2.88;737
0.35;Ideal;I;IF;62.5;55;4.52;4.54;2.83;737
0.4;Ideal;E;SI1;62.2;55;4.71;4.75;2.94;737
0.4;Ideal;E;SI1;61.2;57;4.7;4.74;2.89;737
0.3;Very Good;G;VVS1;62.6;62;4.21;4.26;2.65;737
0.4;Very Good;F;SI1;62.2;57;4.67;4.72;2.92;737
0.4;Premium;E;SI1;62.2;58;4.71;4.74;2.94;737
0.4;Ideal;E;SI1;62;57;4.74;4.78;2.95;737
0.42;Good;G;SI1;63.2;57;4.77;4.79;3.02;737
0.4;Good;F;SI1;63.6;57;4.67;4.7;2.98;737
0.4;Very Good;E;SI1;62.8;59;4.64;4.69;2.93;737
0.3;Premium;F;VVS2;61.5;58;4.29;4.31;2.64;737
0.4;Ideal;E;SI1;60.5;57;4.77;4.81;2.9;737
0.4;Premium;F;SI1;62.3;60;4.7;4.74;2.94;737
0.4;Very Good;I;VS1;62.9;59;4.68;4.73;2.96;737
0.3;Premium;F;VVS2;61.4;59;4.31;4.36;2.66;737
0.4;Very Good;F;SI1;62.3;57;4.67;4.74;2.93;737
0.4;Ideal;E;SI1;62.7;57;4.69;4.72;2.95;737
0.42;Premium;G;SI1;61.7;58;4.76;4.8;2.95;737
0.4;Very Good;E;SI1;61.3;61;4.73;4.76;2.91;737
0.42;Very Good;G;SI1;62.5;56;4.8;4.83;3.01;737
0.4;Very Good;H;VS2;59.1;61;4.81;4.84;2.85;737
0.4;Good;E;SI1;63.5;56;4.67;4.72;2.98;737
0.3;Premium;G;VVS1;61.3;58;4.29;4.33;2.64;737
0.3;Very Good;F;VVS2;62.4;58;4.25;4.28;2.66;737
0.42;Very Good;G;SI1;62.2;58;4.73;4.75;2.95;737
0.4;Premium;F;SI1;62.6;59;4.68;4.74;2.95;737
0.3;Ideal;G;VVS1;61.4;56;4.32;4.34;2.66;737
0.4;Premium;E;SI1;60.9;60;4.75;4.77;2.9;737
0.4;Good;I;VS1;63.8;55;4.65;4.69;2.98;737
0.37;Very Good;E;VS1;63.7;56;4.54;4.6;2.91;738
0.36;Ideal;E;VS2;60.7;56;4.63;4.65;2.82;738
0.33;Ideal;E;VS2;61.3;55;4.46;4.5;2.75;738
0.33;Ideal;E;VS2;61.1;55;4.47;4.51;2.74;738
0.33;Ideal;E;VS2;60.5;55;4.52;4.56;2.74;738
0.33;Ideal;E;VS2;61.5;55;4.47;4.5;2.76;738
0.33;Ideal;F;VS1;61.6;55;4.46;4.47;2.76;738
0.33;Ideal;F;VS1;61.2;57;4.46;4.49;2.74;738
0.33;Ideal;F;VS1;62.1;55;4.43;4.46;2.76;738
0.37;Good;F;SI1;63.7;55;4.59;4.55;2.91;738
0.35;Fair;E;VVS2;66.2;61;4.4;4.36;2.9;738
0.35;Fair;E;VVS2;66.2;58;4.41;4.35;2.9;738
0.41;Good;D;SI1;63.2;57;4.73;4.77;3;738
0.41;Very Good;D;VS2;62.1;56;4.76;4.77;2.96;738
0.41;Good;D;SI1;63.3;55;4.74;4.77;3.01;738
0.41;Good;D;SI1;63.8;56;4.68;4.72;3;738
0.41;Very Good;D;SI1;59.2;62;4.82;4.85;2.86;738
0.41;Good;D;SI1;63.2;58;4.72;4.77;3;738
0.41;Good;D;SI1;63.4;55;4.68;4.72;2.98;738
0.33;Very Good;F;VVS2;61.1;56;4.46;4.48;2.73;739
0.34;Very Good;F;VS1;61.1;57;4.51;4.54;2.76;739
0.32;Ideal;F;VVS2;62.1;54;4.42;4.44;2.75;739
0.32;Ideal;E;VS1;62.2;54;4.39;4.42;2.74;739
0.33;Ideal;D;VS1;61.7;55;4.47;4.48;2.76;739
0.25;Ideal;F;IF;62.3;54;4.06;4.09;2.54;739
0.3;Good;E;VVS1;61.2;63;4.24;4.26;2.6;739
0.41;Good;G;SI1;64.2;57;4.67;4.71;3.01;739
0.35;Good;D;SI1;57.7;60;4.69;4.64;2.69;739
0.31;Premium;H;IF;60.8;59;4.36;4.39;2.66;739
0.43;Good;E;SI1;63.1;56;4.8;4.83;3.04;739
0.43;Good;E;SI1;63.4;57;4.81;4.84;3.06;739
0.43;Premium;E;SI1;61.5;60;4.78;4.85;2.96;739
0.43;Good;E;SI1;63.2;57;4.78;4.84;3.04;739
0.43;Good;F;SI1;63.6;53;4.79;4.83;3.06;739
0.43;Ideal;F;SI1;61.3;56;4.86;4.9;2.99;739
0.43;Premium;F;SI1;61.7;58;4.82;4.84;2.98;739
0.43;Good;F;SI1;63.8;57;4.8;4.82;3.07;739
0.36;Good;D;VS2;63.4;54;4.51;4.57;2.88;739
0.34;Very Good;G;VVS2;62.3;59;4.45;4.48;2.78;740
0.38;Very Good;E;VS2;61.2;56;4.67;4.71;2.87;740
0.34;Ideal;H;VVS1;62.2;54;4.48;4.53;2.8;740
0.39;Ideal;H;VS1;61.9;57;4.71;4.76;2.93;740
0.47;Ideal;J;SI1;61.9;55;5;5.05;3.11;740
0.31;Fair;F;VVS1;63.1;61;4.32;4.37;2.74;740
0.25;Premium;F;VVS2;62;59;4.04;3.99;2.49;740
0.25;Premium;F;VVS1;60.7;59;4.1;4.07;2.48;740
0.25;Premium;F;IF;61.1;58;4.1;4.08;2.5;740
0.25;Ideal;E;VVS2;61.6;57;4.1;4.08;2.52;740
0.25;Premium;E;VVS2;62;59;4.08;4.05;2.52;740
0.25;Ideal;E;VVS2;62.1;57;4.07;4.04;2.52;740
0.25;Premium;E;VVS2;61.5;59;4.04;4.02;2.48;740
0.25;Premium;E;VVS2;62.5;59;4.04;4.02;2.52;740
0.25;Premium;E;VVS2;62.5;59;4.05;4.02;2.52;740
0.25;Premium;E;VVS1;60.7;60;4.11;4.09;2.49;740
0.25;Very Good;E;VVS2;63.1;56;4.05;4;2.54;740
0.25;Ideal;E;VVS1;61.2;57;4.12;4.08;2.51;740
0.25;Premium;E;VVS1;62.9;58;4.03;4.01;2.53;740
0.25;Premium;E;VVS1;62.9;59;4.02;3.99;2.52;740
0.33;Premium;F;VS2;60;60;4.49;4.45;2.68;740
0.36;Very Good;F;VS2;61.3;59;4.55;4.6;2.79;741
0.4;Very Good;I;VS1;61.7;57;4.71;4.73;2.91;741
0.36;Very Good;G;VS1;61.8;56;4.57;4.6;2.84;741
0.33;Very Good;F;VS1;62.7;59;4.35;4.39;2.74;741
0.32;Ideal;F;VVS2;62.1;56;4.4;4.46;2.75;741
0.38;Ideal;H;VS2;62.2;57;4.61;4.66;2.89;741
0.37;Ideal;G;VS1;61.9;54;4.62;4.68;2.88;741
0.35;Ideal;G;VS1;61.3;54;4.58;4.63;2.83;741
0.4;Ideal;G;SI1;62.3;54;4.74;4.77;2.96;741
0.4;Ideal;G;SI1;62.5;54;4.74;4.77;2.97;741
0.3;Ideal;D;VVS2;59.5;56;4.38;4.42;2.62;741
0.3;Premium;D;VVS2;60.7;59;4.33;4.34;2.63;741
0.33;Ideal;E;VVS2;61;54;4.49;4.52;2.75;741
0.4;Ideal;D;SI1;62.5;55;4.71;4.73;2.95;741
0.33;Premium;E;VVS2;61.3;59;4.44;4.47;2.73;741
0.39;Very Good;G;VS1;61.7;62;4.65;4.69;2.88;741
0.3;Very Good;E;VVS2;62.5;56;4.28;4.3;2.68;742
0.36;Very Good;E;VVS2;60.2;59;4.6;4.64;2.78;742
0.33;Very Good;D;VS1;61.6;53;4.45;4.48;2.75;742
0.3;Very Good;D;VS1;62.2;58;4.25;4.27;2.65;742
0.3;Very Good;D;VS1;62.1;58;4.25;4.29;2.65;742
0.3;Ideal;E;VVS2;61.2;56;4.34;4.38;2.67;742
0.3;Ideal;E;VVS2;62;56;4.3;4.34;2.68;742
0.3;Ideal;E;VVS2;61.1;56;4.34;4.37;2.66;742
0.3;Ideal;E;VVS2;62.1;54;4.32;4.35;2.69;742
0.3;Ideal;E;VVS2;60.8;57;4.33;4.35;2.64;742
0.3;Ideal;E;VVS2;62.4;54;4.31;4.34;2.7;742
0.3;Ideal;E;VVS2;62.3;54;4.31;4.36;2.7;742
0.41;Ideal;I;VS2;62;57;4.74;4.77;2.95;742
0.36;Ideal;E;VS2;61.7;55;4.57;4.6;2.83;742
0.3;Ideal;D;VS1;60.8;58;4.31;4.34;2.63;742
0.34;Ideal;D;VS1;61.3;56;4.5;4.54;2.77;742
0.3;Ideal;D;VS1;62.8;57;4.27;4.3;2.69;742
0.3;Ideal;D;VS1;61.2;59;4.29;4.31;2.63;742
0.43;Ideal;F;SI2;60.7;57;4.88;4.91;2.97;742
0.31;Good;F;VVS1;63.6;61;4.21;4.25;2.69;742
0.3;Good;F;IF;60;63;4.3;4.36;2.6;742
0.4;Good;D;VS1;64;55;4.67;4.7;3;742
0.3;Very Good;E;VVS2;62.4;57;4.26;4.27;2.66;743
0.3;Very Good;G;IF;60.5;58;4.35;4.38;2.64;743
0.3;Fair;F;VVS2;65.5;61;4.19;4.15;2.73;743
0.3;Ideal;E;VVS2;62;55;4.3;4.34;2.68;743
0.35;Ideal;H;VVS1;62;53.9;4.5;4.53;2.8;743
0.31;Ideal;G;VVS1;61.8;55;4.35;4.39;2.7;743
0.41;Ideal;H;VS2;61.5;55;4.78;4.81;2.95;743
0.38;Ideal;G;VS2;61.6;55;4.67;4.71;2.89;743
0.38;Ideal;G;VS2;61.6;57;4.62;4.66;2.86;743
0.39;Good;G;VS2;60.3;60.6;4.7;4.71;2.84;743
0.33;Premium;G;VS2;61.4;60;4.45;4.41;2.72;743
0.33;Ideal;G;VS2;62.8;54;4.42;4.4;2.77;743
0.33;Very Good;E;SI1;63.3;56;4.43;4.41;2.8;743
0.33;Ideal;E;SI1;61.9;57;4.46;4.43;2.75;743
0.33;Premium;E;SI1;59.1;58;4.56;4.51;2.68;743
0.33;Good;E;SI1;63.8;55;4.38;4.36;2.79;743
0.33;Very Good;E;SI1;63.4;55;4.4;4.37;2.78;743
0.33;Premium;E;SI1;62.7;56;4.45;4.39;2.77;743
0.33;Ideal;I;VVS2;62.4;56;4.43;4.41;2.76;743
0.33;Premium;I;VVS2;61;59;4.44;4.41;2.7;743
0.33;Ideal;I;VVS2;62.4;57;4.44;4.41;2.76;743
0.33;Premium;I;VVS2;62.1;56;4.45;4.41;2.75;743
0.33;Premium;I;VVS2;62.2;59;4.47;4.41;2.76;743
0.33;Ideal;I;VVS2;62.7;54;4.45;4.42;2.78;743
0.33;Premium;I;VVS2;61;58;4.46;4.42;2.71;743
0.33;Premium;I;VVS2;61.5;58;4.45;4.43;2.73;743
0.33;Premium;I;VVS2;61.4;58;4.48;4.45;2.74;743
0.33;Good;I;VVS2;63.7;56;4.4;4.36;2.79;743
0.33;Premium;H;VS1;59.7;59;4.53;4.52;2.7;743
0.33;Ideal;H;VS1;60.2;57;4.54;4.5;2.72;743
0.33;Premium;H;VS1;59.2;58;4.55;4.5;2.68;743
0.33;Premium;H;VS1;60;61;4.52;4.48;2.7;743
0.33;Premium;H;VS1;59.5;59;4.53;4.48;2.68;743
0.33;Ideal;H;VS1;61.4;57;4.49;4.44;2.74;743
0.33;Ideal;H;VS1;61.7;54;4.47;4.45;2.75;743
0.33;Premium;H;VS1;61;59;4.5;4.45;2.73;743
0.33;Ideal;H;VS1;61.5;56;4.47;4.44;2.74;743
0.33;Ideal;H;VS1;61.9;56;4.48;4.44;2.76;743
0.33;Ideal;H;VS1;61.8;56;4.46;4.41;2.74;743
0.33;Premium;H;VS1;61.9;58;4.45;4.43;2.75;743
0.33;Premium;H;VS1;62.1;59;4.46;4.43;2.76;743
0.33;Ideal;H;VS1;62;55;4.46;4.44;2.76;743
0.33;Premium;H;VS1;60.2;62;4.47;4.44;2.68;743
0.33;Premium;H;VS1;62.9;59;4.4;4.35;2.75;743
0.33;Premium;H;VS1;61.5;58;4.46;4.39;2.72;743
0.33;Premium;G;VS2;59.4;61;4.53;4.49;2.68;743
0.33;Ideal;G;VS2;61.2;55;4.49;4.46;2.74;743
0.33;Premium;G;VS2;60.9;56;4.5;4.46;2.73;743
0.33;Ideal;G;VS2;61.2;55;4.52;4.46;2.75;743
0.33;Premium;G;VS2;60;58;4.49;4.47;2.69;743
0.33;Premium;G;VS2;59.3;61;4.51;4.49;2.67;743
0.33;Premium;G;VS2;60.6;61;4.49;4.46;2.71;743
0.33;Ideal;G;VS2;62.6;57;4.47;4.45;2.79;743
0.33;Premium;G;VS2;60.8;58;4.47;4.45;2.71;743
0.33;Ideal;G;VS2;62.2;56;4.47;4.44;2.77;743
0.33;Ideal;G;VS2;62;57;4.47;4.44;2.76;743
0.33;Ideal;G;VS2;61.6;55;4.46;4.43;2.74;743
0.33;Premium;G;VS2;61.1;59;4.47;4.43;2.72;743
0.33;Premium;G;VS2;61.3;59;4.46;4.44;2.73;743
0.33;Ideal;G;VS2;62.2;56;4.44;4.43;2.76;743
0.33;Premium;G;VS2;62.6;58;4.44;4.41;2.77;743
0.33;Premium;G;VS2;62;58;4.45;4.42;2.75;743
0.33;Premium;G;VS2;60.8;62;4.46;4.42;2.7;743
0.33;Ideal;G;VS2;62.3;55;4.47;4.42;2.77;743
0.33;Premium;G;VS2;62.1;56;4.44;4.41;2.75;743
0.33;Ideal;G;VS2;62.6;56;4.41;4.38;2.75;743
0.33;Ideal;G;VS2;62.5;57;4.41;4.39;2.75;743
0.33;Ideal;G;VS2;62.3;57;4.43;4.4;2.75;743
0.33;Premium;G;VS2;61.9;59;4.46;4.4;2.74;743
0.33;Premium;G;VS2;62.6;58;4.4;4.36;2.74;743
0.33;Premium;E;SI1;60.4;59;4.47;4.43;2.69;743
0.33;Premium;E;SI1;60.7;57;4.47;4.43;2.7;743
0.33;Premium;E;SI1;61.1;58;4.47;4.43;2.72;743
0.33;Premium;E;SI1;60.9;58;4.5;4.46;2.73;743
0.33;Premium;E;SI1;60.3;60;4.49;4.47;2.7;743
0.33;Premium;E;SI1;60.2;58;4.55;4.49;2.72;743
0.33;Ideal;E;SI1;62;54;4.43;4.41;2.74;743
0.33;Premium;E;SI1;62.2;59;4.43;4.41;2.75;743
0.33;Ideal;E;SI1;62.4;56;4.43;4.41;2.76;743
0.33;Ideal;E;SI1;62.5;55;4.45;4.42;2.77;743
0.33;Ideal;E;SI1;62.5;55;4.45;4.42;2.77;743
0.33;Ideal;E;SI1;63;54;4.42;4.38;2.77;743
0.33;Premium;E;SI1;62;60;4.43;4.38;2.73;743
0.33;Premium;E;SI1;60.6;60;4.44;4.41;2.68;743
0.42;Very Good;E;SI1;60;61;4.85;4.88;2.92;743
0.42;Ideal;E;SI1;62.1;55;4.79;4.81;2.98;743
0.32;Very Good;E;VVS2;62.4;56;4.34;4.38;2.72;744
0.38;Very Good;E;VS2;60.4;58;4.67;4.7;2.83;744
0.38;Ideal;I;VVS1;60.6;58;4.69;4.71;2.85;744
0.35;Ideal;E;VS2;61.6;57;4.53;4.56;2.8;744
0.35;Ideal;E;SI1;61.6;55;4.55;4.57;2.81;744
0.41;Ideal;D;SI1;61.7;56;4.77;4.8;2.95;744
0.41;Ideal;D;SI1;61.9;55;4.77;4.8;2.96;744
0.41;Ideal;D;SI1;63;53;4.74;4.79;3;744
0.41;Ideal;D;SI1;60.5;57;4.81;4.85;2.92;744
0.31;Good;F;VS2;64.2;59;4.3;4.23;2.74;744
0.31;Ideal;F;VS1;62.4;55;4.37;4.35;2.72;744
0.39;Ideal;G;VS2;60.7;54;4.74;4.77;2.89;745
0.39;Ideal;G;VS2;61.5;57;4.69;4.74;2.9;745
0.31;Ideal;E;VS2;60.9;57;4.36;4.38;2.66;745
0.32;Ideal;E;VS1;61.7;56;4.41;4.44;2.73;745
0.4;Ideal;G;SI2;60.4;56;4.78;4.82;2.9;745
0.37;Ideal;G;SI1;61.8;55;4.62;4.64;2.86;745
0.43;Ideal;F;SI1;61.4;55;4.88;4.92;3.01;745
0.34;Very Good;E;VS2;62.6;58;4.43;4.45;2.78;745
0.34;Ideal;E;VS2;62.5;55;4.46;4.5;2.8;745
0.34;Ideal;E;VS2;62.2;55;4.48;4.49;2.79;745
0.34;Ideal;E;VS2;62.1;55;4.47;4.49;2.78;745
0.34;Premium;E;VS2;60.9;60;4.49;4.51;2.74;745
0.34;Ideal;E;VS2;62.4;55;4.48;4.53;2.81;745
0.34;Ideal;F;VS1;62.2;56;4.44;4.47;2.77;745
0.34;Premium;E;VS2;61.1;60;4.45;4.48;2.73;745
0.34;Ideal;E;VS2;62.1;54;4.5;4.52;2.8;745
0.34;Ideal;E;VS2;62.4;54;4.48;4.49;2.8;745
0.34;Ideal;E;VS2;62.6;55;4.43;4.45;2.78;745
0.34;Ideal;F;VS1;62.1;57;4.49;4.53;2.8;745
0.34;Very Good;E;VS2;62.8;58;4.43;4.45;2.79;745
0.34;Very Good;E;VS2;58.8;59;4.56;4.59;2.69;745
0.34;Premium;E;VS2;61.9;58;4.43;4.45;2.75;745
0.34;Ideal;E;VS2;62.6;57;4.45;4.47;2.79;745
0.35;Ideal;F;VVS2;62.1;56;4.52;4.56;2.82;745
0.35;Very Good;H;VVS1;60.1;62;4.52;4.57;2.73;745
0.34;Premium;F;VS1;60.4;58;4.51;4.53;2.73;745
0.34;Ideal;E;VS2;62.4;56;4.45;4.49;2.79;745
0.34;Premium;E;VS2;61;59;4.48;4.51;2.74;745
0.26;Ideal;H;VS1;61.8;56;4.12;4.14;2.55;448
0.33;Ideal;H;SI2;61.2;54;4.45;4.5;2.74;448
0.24;Very Good;H;VVS2;61.3;57;4.01;4.04;2.46;449
0.24;Very Good;H;VVS2;61.4;57;4.02;4.04;2.47;449
0.24;Very Good;H;VVS2;61.9;57;3.97;4.01;2.47;449
0.24;Very Good;H;VVS2;61.5;56;3.99;4.01;2.46;449
0.24;Very Good;G;VVS2;62;56;4;4.03;2.49;449
0.24;Very Good;G;VVS2;62;57;4;4.03;2.49;449
0.24;Very Good;G;VVS2;62;56;3.99;4.03;2.48;449
0.24;Very Good;H;VVS1;61.3;56;4.01;4.04;2.46;449
0.24;Very Good;H;VVS1;62.3;56;3.99;4.02;2.49;449
0.27;Very Good;E;VS2;58.6;57;4.3;4.33;2.53;449
0.24;Very Good;H;IF;61.3;56;4.04;4.06;2.48;449
0.24;Ideal;H;VVS1;62.4;56;3.99;4.03;2.5;449
0.27;Ideal;H;VS1;62.2;56;4.12;4.15;2.57;449
0.32;Ideal;D;SI2;62.1;55;4.38;4.4;2.73;449
0.32;Ideal;G;SI1;61.8;55;4.4;4.43;2.73;449
0.23;Very Good;D;SI2;63.5;57;3.87;3.85;2.45;449
0.32;Premium;H;SI1;61.3;60;4.36;4.42;2.69;449
0.32;Very Good;H;SI1;61.9;59;4.38;4.41;2.72;449
0.32;Very Good;E;SI2;62.4;58;4.35;4.4;2.73;449
0.32;Ideal;I;VS2;62.2;57;4.39;4.42;2.74;449
0.32;Very Good;H;SI1;61.9;58;4.34;4.38;2.7;449
0.32;Ideal;I;VS2;62.5;55;4.38;4.39;2.74;449
0.32;Very Good;I;VS2;62.8;58;4.33;4.37;2.73;449
0.32;Premium;E;SI2;61.2;58;4.39;4.44;2.7;449
0.32;Ideal;E;SI2;62;55;4.36;4.41;2.72;449
0.32;Ideal;I;VS2;62.5;57;4.35;4.39;2.73;449
0.32;Ideal;I;VS2;62;57;4.36;4.41;2.72;449
0.32;Very Good;I;VS2;63;56;4.38;4.42;2.77;449
0.4;Very Good;H;VS2;62.1;56;4.72;4.75;2.94;746
0.46;Ideal;J;VS2;61.4;56;4.96;5;3.06;746
0.36;Ideal;G;VS1;61.3;56;4.6;4.64;2.83;746
0.36;Ideal;G;VS1;61.1;55;4.63;4.66;2.84;746
0.37;Ideal;F;SI1;61.6;56;4.61;4.65;2.85;746
0.39;Premium;G;SI2;62.7;54;4.71;4.64;2.93;746
0.39;Very Good;J;VS2;63.3;56;4.63;4.6;2.92;746
0.38;Ideal;I;SI1;62.3;56;4.63;4.58;2.87;746
0.38;Premium;I;SI1;60.2;60;4.68;4.65;2.81;746
0.38;Premium;I;SI1;60.5;58;4.72;4.67;2.84;746
0.39;Premium;J;VS2;61.3;60;4.68;4.65;2.86;746
0.39;Ideal;J;VS2;61.4;57;4.72;4.66;2.88;746
0.37;Very Good;G;VS1;59.2;61;4.63;4.7;2.76;746
0.4;Very Good;D;VS2;62.3;58;4.69;4.72;2.93;746
0.38;Very Good;F;VS1;61.4;61;4.66;4.69;2.87;746
0.37;Premium;F;VS2;60.6;58;4.63;4.67;2.82;746
0.37;Ideal;F;VS2;60.6;56;4.63;4.64;2.81;746
0.37;Premium;F;VS2;59.7;59;4.64;4.68;2.78;746
0.37;Premium;F;VS2;61.9;58;4.54;4.6;2.83;746
0.37;Very Good;F;VS2;61.2;60;4.59;4.63;2.82;746
0.37;Premium;F;VS2;61.9;59;4.57;4.61;2.84;746
0.37;Good;F;VS2;63.3;56;4.56;4.63;2.91;746
0.37;Premium;F;VS2;62.7;58;4.55;4.58;2.86;746
0.37;Good;G;VS1;63.1;56;4.57;4.59;2.89;746
0.37;Premium;G;VS1;61.4;58;4.58;4.61;2.82;746
0.37;Very Good;G;VS1;61.5;58;4.57;4.6;2.82;746
0.37;Ideal;F;VS2;61.1;57;4.63;4.67;2.84;746
0.37;Very Good;F;VS2;61;58;4.61;4.63;2.82;746
0.37;Very Good;H;VVS2;62.2;59;4.54;4.56;2.83;746
0.37;Premium;H;VVS2;61.3;58;4.6;4.63;2.83;746
0.37;Ideal;F;VS2;61.4;56;4.59;4.63;2.83;746
0.37;Premium;F;VS2;59.8;59;4.63;4.66;2.78;746
0.37;Premium;G;VS1;59.5;58;4.67;4.71;2.79;746
0.37;Premium;F;VS2;61.2;58;4.63;4.69;2.85;746
0.3;Ideal;G;VVS1;60.4;58;4.36;4.38;2.64;747
0.3;Ideal;G;VVS1;61.7;55;4.31;4.35;2.67;747
0.41;Ideal;I;VS2;61.5;55;4.8;4.82;2.96;747
0.35;Ideal;F;VS2;62.1;54;4.55;4.58;2.83;747
0.36;Ideal;E;VS2;61;54;4.6;4.64;2.82;747
0.36;Ideal;E;VS1;61.4;56;4.59;4.63;2.83;747
0.35;Ideal;E;VS1;62.3;57;4.51;4.55;2.82;747
0.37;Ideal;F;SI1;61.6;55;4.65;4.67;2.87;747
0.32;Very Good;E;VVS1;59;61;4.44;4.47;2.63;748
0.41;Good;H;SI1;64.3;54;4.72;4.68;3.02;748
0.45;Ideal;I;VS2;61.3;55;4.92;4.96;3.03;748
0.39;Ideal;G;SI1;61.3;54;4.73;4.77;2.91;748
0.29;Ideal;F;IF;61.9;56;4.27;4.3;2.65;748
0.35;Ideal;F;SI1;62.4;55;4.55;4.52;2.83;748
0.35;Premium;F;SI1;60.2;58;4.6;4.54;2.75;748
0.35;Ideal;F;SI1;62.2;56;4.52;4.48;2.8;748
0.35;Premium;F;SI1;61.7;58;4.54;4.51;2.79;748
0.35;Premium;F;SI1;62.3;58;4.53;4.49;2.81;748
0.35;Ideal;F;SI1;62.5;54;4.52;4.5;2.82;748
0.35;Good;F;SI1;63.6;54;4.52;4.51;2.87;748
0.35;Very Good;F;SI1;63.1;56;4.51;4.46;2.83;748
0.31;Very Good;E;VVS2;62.4;56;4.32;4.35;2.7;749
0.31;Very Good;G;VVS1;61.5;55;4.36;4.4;2.69;749
0.31;Ideal;E;VVS1;59.5;60;4.43;4.45;2.64;749
0.41;Good;F;VS2;59.7;63;4.8;4.85;2.88;749
0.31;Ideal;F;VS2;61.6;56;4.39;4.35;2.69;749
0.37;Premium;I;VS1;61.4;59;4.61;4.55;2.81;749
0.37;Good;H;VS2;63.7;55;4.56;4.54;2.9;749
0.37;Premium;H;VS2;59.5;61;4.67;4.64;2.77;749
0.31;Premium;G;VS1;58.2;61;4.45;4.42;2.58;749
0.31;Ideal;G;VS1;61.9;55;4.37;4.36;2.7;749
0.31;Premium;F;VS2;58.3;61;4.48;4.44;2.6;749
0.31;Premium;F;VS2;59.4;58;4.45;4.37;2.62;749
0.31;Ideal;F;VS2;60.8;57;4.41;4.38;2.67;749
0.31;Ideal;F;VS2;62.2;56;4.39;4.36;2.72;749
0.31;Premium;F;VS2;60.7;61;4.4;4.36;2.66;749
0.31;Ideal;F;VS2;61.6;56;4.38;4.35;2.69;749
0.31;Ideal;F;VS2;61.9;57;4.34;4.32;2.68;749
0.31;Very Good;F;VS2;63.5;55;4.32;4.31;2.74;749
0.31;Premium;F;VS2;63;57;4.33;4.27;2.71;749
0.31;Good;F;VS2;63.6;54;4.33;4.28;2.74;749
0.31;Good;F;VS2;63.7;59;4.31;4.26;2.73;749
0.37;Premium;H;VS2;61.4;58;4.64;4.61;2.84;749
0.31;Very Good;G;VS1;63.3;57;4.31;4.28;2.72;749
0.34;Ideal;D;VS1;60.7;57;4.51;4.55;2.75;749
0.34;Ideal;D;VS1;62.6;56;4.49;4.52;2.82;749
0.34;Ideal;D;VS1;61.4;56;4.5;4.53;2.77;749
0.38;Very Good;I;VS1;62;55;4.65;4.67;2.89;750
0.39;Ideal;I;VVS2;62;56;4.67;4.72;2.91;750
0.33;Ideal;F;VVS2;62.4;55;4.43;4.45;2.77;750
0.4;Good;I;VVS2;59.7;62;4.75;4.79;2.85;750
0.34;Ideal;D;SI1;62;55;4.53;4.5;2.8;750
0.34;Premium;D;SI1;62;58;4.47;4.43;2.76;750
0.41;Ideal;H;VS1;61.8;56;4.73;4.78;2.94;750
0.42;Very Good;G;SI1;62;54;4.8;4.82;2.98;751
0.4;Ideal;I;VVS2;62.6;54;4.69;4.73;2.95;751
0.34;Ideal;G;VVS2;62.4;53;4.49;4.52;2.81;751
0.3;Ideal;F;VVS2;61.6;55;4.3;4.33;2.66;751
0.34;Ideal;H;VVS1;61.6;53;4.5;4.52;2.78;751
0.34;Ideal;H;VVS1;61.1;56;4.51;4.56;2.77;751
0.38;Ideal;E;VS2;61.9;57;4.61;4.66;2.87;751
0.38;Very Good;I;VVS1;63.5;57;4.6;4.63;2.93;752
0.38;Very Good;F;VS2;59.7;57;4.73;4.79;2.84;752
0.24;Ideal;E;VVS1;60.9;56;4.01;4.04;2.45;752
0.39;Ideal;G;VS1;61.3;56;4.68;4.71;2.88;752
0.31;Ideal;D;VS1;60.5;57;4.39;4.41;2.66;752
0.38;Good;F;VS2;62.7;58;4.56;4.6;2.87;752
0.27;Premium;E;VVS2;61.8;59;4.18;4.14;2.57;752
0.27;Ideal;E;VVS1;62;56;4.19;4.16;2.59;752
0.27;Good;E;VVS1;63.9;57;4.1;4.07;2.61;752
0.27;Ideal;D;VVS2;61.5;56;4.18;4.15;2.56;752
0.27;Ideal;D;VVS1;61.7;57;4.2;4.16;2.58;752
0.33;Very Good;G;VVS2;61.2;57;4.42;4.44;2.71;752
0.33;Premium;G;VVS2;61;58;4.44;4.48;2.72;752
0.33;Ideal;G;VVS2;60.1;57;4.48;4.51;2.7;752
0.33;Premium;G;VVS2;62;59;4.41;4.46;2.75;752
0.33;Premium;G;VVS2;61.7;59;4.39;4.42;2.72;752
0.33;Ideal;G;VVS2;61.7;55;4.42;4.46;2.74;752
0.33;Ideal;H;VVS1;62.1;55;4.42;4.44;2.75;752
0.33;Premium;G;VVS2;59.5;60;4.52;4.55;2.7;752
0.3;Good;F;VVS1;63.7;59;4.17;4.24;2.68;752
0.33;Very Good;G;VVS2;60.9;57;4.43;4.5;2.72;752
0.33;Very Good;G;VVS2;61.9;58;4.39;4.43;2.73;752
0.33;Premium;G;VVS2;61.7;58;4.39;4.42;2.72;752
0.33;Ideal;G;VVS2;61.5;56;4.45;4.49;2.75;752
0.33;Very Good;G;VVS2;60.9;59;4.45;4.49;2.72;752
0.3;Very Good;D;VVS2;62.9;56;4.27;4.29;2.69;752
0.33;Premium;H;VVS1;61.4;59;4.42;4.44;2.72;752
0.31;Very Good;E;VVS1;60.3;57;4.41;4.44;2.67;752
0.33;Ideal;G;VVS2;61.7;56;4.42;4.46;2.74;752
0.33;Ideal;H;VVS1;61.7;56;4.46;4.48;2.76;752
0.33;Premium;G;VVS2;60.6;58;4.47;4.5;2.72;752
0.33;Ideal;H;VVS1;62.2;55;4.4;4.44;2.75;752
0.3;Good;D;VVS2;63.6;55;4.25;4.31;2.72;752
0.33;Very Good;G;VVS2;60;63;4.45;4.49;2.68;752
0.33;Ideal;G;VVS2;62.5;54;4.41;4.45;2.77;752
0.33;Very Good;G;VVS2;63;57;4.38;4.42;2.77;752
0.33;Very Good;G;VVS2;62.8;57;4.39;4.47;2.78;752
0.3;Premium;D;VVS2;62.4;58;4.26;4.3;2.67;752
0.33;Ideal;G;VVS2;62.7;55;4.41;4.46;2.78;752
0.36;Very Good;G;VVS2;61.7;56;4.56;4.58;2.82;753
0.36;Very Good;H;VVS1;62;55;4.57;4.6;2.84;753
0.3;Very Good;G;VVS1;62.5;56;4.25;4.29;2.67;753
0.41;Very Good;E;SI1;59.3;59;4.86;4.89;2.89;753
0.41;Ideal;I;VVS2;61.6;56;4.79;4.82;2.96;753
0.3;Ideal;G;VVS1;62.6;55;4.27;4.32;2.69;753
0.3;Ideal;G;VVS1;62.2;56;4.27;4.31;2.67;753
0.3;Ideal;G;VVS1;62.1;58;4.26;4.28;2.65;753
0.34;Ideal;D;VS2;61;58;4.49;4.53;2.75;753
0.41;Ideal;I;VS1;61.8;53;4.81;4.84;2.98;753
0.36;Ideal;E;VS1;61.5;55;4.58;4.66;2.84;753
0.41;Ideal;F;SI1;61.4;57;4.76;4.79;2.93;753
0.4;Premium;G;VS2;61.9;58;4.74;4.76;2.94;753
0.4;Premium;G;VS2;60.4;58;4.75;4.78;2.88;753
0.42;Very Good;F;SI1;60.6;58;4.81;4.89;2.94;753
0.41;Very Good;J;VVS2;63.1;60;4.67;4.71;2.96;754
0.31;Very Good;F;VVS2;62;56;4.36;4.39;2.71;754
0.31;Very Good;F;VVS2;62;55;4.34;4.38;2.7;754
0.3;Very Good;D;VVS2;63;56;4.29;4.31;2.71;754
0.3;Very Good;D;VVS2;63.2;55;4.27;4.3;2.71;754
0.42;Very Good;H;SI1;61.1;57;4.84;4.87;2.96;754
0.33;Ideal;G;VVS2;62;53.5;4.44;4.48;2.76;754
0.38;Ideal;H;VS1;62.4;53;4.67;4.69;2.92;754
0.35;Ideal;F;VS1;62.8;54;4.5;4.54;2.84;754
0.37;Ideal;I;IF;60.7;56;4.64;4.68;2.83;754
0.37;Ideal;I;IF;61.4;55;4.65;4.67;2.86;754
0.34;Good;E;VS2;57.8;64;4.6;4.61;2.66;754
0.41;Good;I;VS1;60.1;60.1;4.79;4.82;2.89;754
0.3;Ideal;F;VS1;61.5;55;4.35;4.33;2.67;754
0.43;Very Good;G;SI1;60.4;58;4.87;4.9;2.95;754
0.43;Very Good;G;SI1;62.3;59;4.79;4.81;2.99;754
0.43;Very Good;G;SI1;62.7;56;4.8;4.83;3.02;754
0.43;Very Good;G;SI1;62.9;55;4.83;4.87;3.05;754
0.31;Ideal;E;VS1;61.2;55;4.4;4.42;2.7;754
0.31;Very Good;H;VVS1;58.5;59;4.45;4.5;2.62;755
0.42;Very Good;H;VS2;62.1;54;4.81;4.84;2.99;755
0.3;Very Good;E;VS1;61.7;56;4.3;4.33;2.66;755
0.31;Ideal;E;VVS2;62.5;54;4.34;4.37;2.72;755
0.31;Ideal;E;VVS2;61.4;58;4.33;4.37;2.67;755
0.31;Ideal;E;VVS2;59.9;62;4.4;4.41;2.64;755
0.31;Ideal;E;VVS2;59.7;61;4.4;4.41;2.63;755
0.31;Ideal;G;VVS1;60.2;61;4.39;4.41;2.65;755
0.31;Ideal;G;VVS1;59;62;4.41;4.43;2.61;755
0.38;Very Good;G;SI1;61.8;53.7;4.67;4.69;2.9;755
0.41;Very Good;E;SI1;62.9;57;4.72;4.76;2.98;755
0.41;Very Good;E;SI1;62.9;57;4.73;4.78;2.99;755
0.41;Very Good;E;SI1;62.9;56;4.72;4.76;2.98;755
0.38;Very Good;G;SI1;62.1;54;4.64;4.67;2.9;755
0.38;Very Good;G;SI1;62;54.8;4.64;4.67;2.89;755
0.41;Very Good;F;SI1;62.6;55;4.74;4.78;2.98;755
0.41;Ideal;E;SI1;62.5;57;4.74;4.79;2.98;755
0.41;Ideal;E;SI1;62.1;54;4.76;4.81;2.97;755
0.41;Good;H;VS2;63.4;58;4.77;4.66;2.99;755
0.41;Very Good;E;SI1;62.8;59;4.74;4.75;2.98;755
0.41;Good;F;SI1;63.2;59;4.68;4.72;2.97;755
0.41;Premium;F;SI1;59.8;59;4.82;4.85;2.89;755
0.41;Ideal;F;SI1;62.7;57;4.7;4.74;2.96;755
0.41;Good;E;SI1;63.3;57;4.73;4.75;3;755
0.41;Premium;F;SI1;61.8;58;4.75;4.76;2.94;755
0.41;Premium;E;SI1;61;59;4.78;4.82;2.93;755
0.41;Ideal;E;SI1;62.5;55;4.73;4.77;2.97;755
0.41;Premium;E;SI1;61.3;58;4.76;4.8;2.93;755
0.41;Good;E;SI1;63.5;57;4.69;4.73;2.99;755
0.41;Ideal;E;SI1;62.6;57;4.72;4.73;2.96;755
0.41;Ideal;I;VS1;60.9;53;4.8;4.85;2.94;755
0.41;Very Good;F;SI1;62.9;56;4.71;4.73;2.97;755
0.41;Very Good;E;SI1;62.4;55;4.74;4.78;2.97;755
0.41;Good;F;SI1;63.9;56;4.68;4.74;3.01;755
0.41;Very Good;F;SI1;62.8;57;4.69;4.73;2.96;755
0.41;Very Good;E;SI1;61.4;56;4.77;4.81;2.94;755
0.41;Ideal;E;SI1;62.7;57;4.74;4.77;2.98;755
0.41;Premium;E;SI1;60.1;60;4.79;4.83;2.89;755
0.41;Good;E;SI1;63.9;58;4.7;4.72;3.01;755
0.41;Very Good;E;SI1;60.5;61;4.78;4.8;2.9;755
0.41;Good;F;SI1;63.3;57;4.69;4.72;2.98;755
0.41;Premium;E;SI1;62.4;58;4.75;4.77;2.97;755
0.41;Premium;F;SI1;61;60;4.77;4.81;2.92;755
0.41;Premium;E;SI1;60.2;60;4.78;4.82;2.89;755
0.41;Good;I;VS1;63.7;57;4.67;4.72;2.99;755
0.4;Very Good;F;SI1;62.1;60;4.66;4.7;2.91;756
0.35;Ideal;G;VVS2;61.8;55;4.54;4.56;2.81;756
0.35;Ideal;H;VVS1;62;55;4.52;4.54;2.81;756
0.32;Ideal;D;VS1;61.4;56;4.42;4.47;2.73;756
0.42;Ideal;G;SI1;60.7;57;4.81;4.89;2.95;756
0.32;Good;E;VS1;60.3;64;4.42;4.44;2.67;756
0.32;Good;E;VS1;59.5;64;4.42;4.45;2.64;756
0.32;Premium;D;SI1;61.3;60;4.43;4.41;2.71;756
0.32;Ideal;D;SI1;60.8;57;4.44;4.41;2.69;756
0.32;Premium;D;SI1;58.9;60;4.49;4.47;2.64;756
0.32;Ideal;D;SI1;62;55;4.47;4.37;2.74;756
0.32;Ideal;D;SI1;61.9;57;4.4;4.36;2.71;756
0.32;Premium;D;SI1;63;58;4.4;4.36;2.76;756
0.32;Ideal;D;SI1;62;57;4.4;4.37;2.72;756
0.32;Ideal;D;SI1;62.8;56;4.35;4.34;2.73;756
0.32;Very Good;D;SI1;63.3;57;4.39;4.36;2.77;756
0.32;Good;D;SI1;63.8;56;4.35;4.33;2.77;756
0.32;Ideal;D;SI1;62;57;4.42;4.38;2.73;756
0.4;Very Good;J;VS1;63.5;56;4.7;4.69;2.98;756
0.36;Premium;G;VS2;62.5;58;4.55;4.51;2.83;756
0.36;Premium;E;SI1;62.2;59;4.57;4.53;2.83;756
0.32;Premium;I;VVS1;60.1;61;4.45;4.4;2.66;756
0.32;Ideal;I;VVS1;61.9;55;4.4;4.39;2.72;756
0.32;Ideal;I;VVS1;61.7;55;4.4;4.39;2.71;756
0.32;Ideal;I;VVS1;62.5;55;4.4;4.37;2.74;756
0.32;Ideal;I;VVS1;62.4;55;4.38;4.34;2.72;756
0.32;Premium;I;VVS1;63;58;4.38;4.32;2.74;756
0.32;Ideal;D;SI1;59.3;55;4.53;4.51;2.68;756
0.32;Premium;D;SI1;58.3;58;4.54;4.49;2.63;756
0.32;Ideal;D;SI1;59.6;57;4.47;4.42;2.65;756
0.32;Premium;D;SI1;60.4;58;4.47;4.44;2.69;756
0.32;Premium;D;SI1;60.8;58;4.44;4.41;2.69;756
0.32;Ideal;D;SI1;61.4;57;4.42;4.41;2.71;756
0.32;Ideal;D;SI1;60.9;56;4.43;4.4;2.69;756
0.32;Premium;D;SI1;60.2;58;4.43;4.4;2.66;756
0.32;Premium;D;SI1;61.5;59;4.42;4.39;2.71;756
0.32;Ideal;D;SI1;61.5;56;4.42;4.39;2.71;756
0.32;Ideal;D;SI1;61.3;55;4.42;4.39;2.7;756
0.32;Ideal;D;SI1;62.5;54;4.41;4.39;2.75;756
0.32;Premium;D;SI1;62.3;55;4.42;4.38;2.74;756
0.32;Premium;D;SI1;60.9;60;4.41;4.39;2.68;756
0.32;Premium;D;SI1;61.4;58;4.42;4.38;2.7;756
0.32;Ideal;D;SI1;62.8;56;4.42;4.37;2.76;756
0.32;Ideal;D;SI1;62.6;55;4.39;4.36;2.74;756
0.32;Very Good;D;SI1;63.1;57;4.38;4.37;2.76;756
0.32;Very Good;D;SI1;63.3;57;4.38;4.37;2.77;756
0.32;Ideal;D;SI1;62.7;54;4.4;4.37;2.75;756
0.32;Ideal;D;SI1;61.3;57;4.41;4.37;2.69;756
0.32;Ideal;D;SI1;62.7;54;4.39;4.35;2.74;756
0.32;Very Good;D;SI1;63.2;54;4.38;4.36;2.76;756
0.32;Very Good;D;SI1;63.1;56;4.38;4.34;2.75;756
0.32;Good;D;SI1;63.7;55;4.38;4.35;2.78;756
0.32;Very Good;D;SI1;63.5;55;4.35;4.31;2.75;756
0.32;Premium;D;SI1;62.6;58;4.36;4.33;2.72;756
0.32;Ideal;D;SI1;62.7;57;4.37;4.34;2.73;756
0.32;Good;D;SI1;63.6;56;4.37;4.34;2.77;756
0.31;Ideal;E;VS2;62;56;4.38;4.36;2.71;756
0.45;Fair;G;SI1;68.6;57;4.73;4.5;3.19;756
0.44;Good;E;SI1;63.4;57;4.81;4.85;3.06;756
0.44;Good;F;SI1;63.8;54;4.8;4.85;3.08;756
0.42;Very Good;D;SI1;63;55;4.76;4.79;3.01;756
0.44;Good;E;SI1;63.2;53;4.84;4.87;3.07;756
0.42;Very Good;D;SI1;61.5;58;4.8;4.83;2.96;756
0.42;Very Good;D;SI1;60.2;57;4.85;4.89;2.93;756
0.42;Ideal;D;SI1;61.9;55;4.79;4.84;2.98;756
0.42;Very Good;D;SI1;63;57;4.77;4.81;3.02;756
0.38;Ideal;G;VS2;61.9;54.1;4.66;4.69;2.89;757
0.31;Ideal;F;VS2;61.6;55;4.36;4.38;2.69;757
0.31;Ideal;F;VS2;61.9;55;4.35;4.37;2.7;757
0.31;Ideal;F;VS2;61.6;55;4.38;4.39;2.7;757
0.31;Ideal;F;VS2;61.9;55;4.37;4.39;2.71;757
0.31;Fair;F;VVS2;56.9;59;4.45;4.48;2.54;757
0.34;Premium;E;VS1;58;60;4.63;4.61;2.68;757
0.37;Very Good;E;VS2;60.6;58;4.62;4.65;2.81;757
0.37;Premium;E;VS2;60.2;58;4.65;4.68;2.81;757
0.4;Ideal;I;VVS2;62;54;4.74;4.77;2.95;758
0.4;Ideal;I;VVS2;62;57;4.73;4.75;2.94;758
0.41;Good;D;SI1;56.5;63;4.98;4.94;2.8;758
0.34;Ideal;E;VS2;62.1;54.1;4.47;4.5;2.78;758
0.46;Ideal;F;SI2;61.5;54;4.98;5.01;3.07;758
0.46;Ideal;F;SI2;61.5;54;4.98;5.01;3.07;758
0.4;Ideal;J;IF;62.5;56;4.7;4.74;2.95;758
0.32;Ideal;D;VS2;61.6;56;4.37;4.4;2.7;758
0.32;Ideal;D;VS2;62;55;4.38;4.42;2.73;758
0.32;Ideal;D;VS2;62.4;57;4.34;4.38;2.72;758
0.32;Ideal;D;VS2;61.9;55;4.39;4.43;2.73;758
0.32;Ideal;E;VS1;61.7;57;4.39;4.42;2.72;758
0.32;Good;H;SI1;63.1;54;4.36;4.42;2.77;449
0.32;Very Good;I;VS2;61.1;57;4.39;4.42;2.69;449
0.32;Ideal;H;SI1;60.6;57;4.4;4.44;2.68;449
0.32;Premium;E;SI2;61.7;60;4.38;4.41;2.71;449
0.32;Good;H;SI1;63.1;55;4.34;4.37;2.75;449
0.32;Very Good;H;SI1;62.2;56;4.36;4.39;2.72;449
0.32;Very Good;I;VS2;63;55;4.34;4.39;2.75;449
0.32;Ideal;I;VS2;62.5;55;4.37;4.4;2.74;449
0.32;Ideal;I;VS2;61.5;56;4.4;4.41;2.71;449
0.32;Very Good;I;VS2;62.9;57;4.37;4.4;2.76;449
0.32;Ideal;I;VS2;60.3;56;4.44;4.45;2.68;449
0.32;Very Good;E;SI2;62.7;57;4.34;4.37;2.73;449
0.32;Good;I;VS2;63.2;56;4.32;4.38;2.75;449
0.32;Ideal;I;VS2;61.6;56;4.37;4.39;2.7;449
0.32;Premium;E;SI2;59.7;60;4.43;4.45;2.65;449
0.32;Very Good;I;VS2;63;57;4.33;4.37;2.74;449
0.32;Ideal;I;VS2;61.3;56;4.38;4.43;2.7;449
0.32;Premium;I;VS2;62.2;59;4.35;4.37;2.71;449
0.32;Good;I;VS2;63.4;55;4.33;4.37;2.76;449
0.32;Ideal;E;SI2;62.7;55;4.39;4.42;2.76;449
0.32;Premium;I;VS2;62.6;58;4.37;4.42;2.75;449
0.28;Very Good;H;VVS2;62.4;54;4.2;4.23;2.63;450
0.25;Ideal;I;VS2;62;57;4.02;4.06;2.5;450
0.32;Ideal;G;SI2;61.6;56;4.44;4.46;2.74;450
0.32;Ideal;G;SI2;61.8;55;4.4;4.43;2.73;450
0.32;Ideal;G;SI2;62.2;53;4.4;4.44;2.75;450
0.36;Ideal;F;SI2;62.2;55;4.57;4.59;2.85;450
0.33;Ideal;F;SI2;62.3;55;4.44;4.49;2.78;450
0.36;Ideal;F;SI2;61.2;56;4.61;4.64;2.83;450
0.32;Ideal;I;SI1;61.9;54;4.41;4.45;2.74;450
0.32;Ideal;D;VS2;61.1;56;4.39;4.41;2.69;758
0.32;Ideal;D;VS2;61;56;4.42;4.46;2.71;758
0.32;Ideal;D;VS2;61.9;55;4.41;4.44;2.74;758
0.32;Ideal;E;VS1;61.6;57;4.35;4.39;2.69;758
0.32;Very Good;D;VS2;62.5;57;4.34;4.39;2.73;758
0.32;Ideal;D;VS2;62.2;56;4.38;4.4;2.73;758
0.32;Premium;D;VS2;61.7;59;4.38;4.43;2.72;758
0.32;Ideal;D;VS2;62.7;54;4.36;4.38;2.74;758
0.32;Ideal;D;VS2;61.7;54;4.38;4.43;2.72;758
0.32;Ideal;D;VS2;61.9;57;4.37;4.39;2.71;758
0.32;Ideal;D;VS2;62.1;56;4.39;4.43;2.74;758
0.32;Very Good;D;VS2;62;57;4.38;4.42;2.73;758
0.32;Very Good;D;VS2;61.8;57;4.35;4.36;2.69;758
0.32;Ideal;D;VS2;61.3;56;4.37;4.41;2.69;758
0.32;Ideal;D;VS2;62.5;56;4.38;4.45;2.76;758
0.32;Ideal;E;VS1;61.5;56;4.38;4.4;2.7;758
0.32;Ideal;D;VS2;62.7;57;4.4;4.44;2.77;758
0.32;Ideal;D;VS2;62.6;57;4.37;4.41;2.75;758
0.32;Ideal;D;VS2;61;57;4.42;4.46;2.71;758
0.32;Premium;D;VS2;60.3;60;4.42;4.44;2.67;758
0.32;Ideal;D;VS2;62;55;4.37;4.41;2.72;758
0.32;Ideal;E;VS1;59.9;55;4.46;4.49;2.68;758
0.32;Ideal;D;VS2;62.2;55;4.37;4.41;2.73;758
0.32;Ideal;D;VS2;62.1;54;4.4;4.46;2.75;758
0.32;Ideal;E;VS1;61.7;56;4.39;4.42;2.72;758
0.32;Premium;D;VS2;61.7;58;4.34;4.38;2.69;758
0.32;Ideal;D;VS2;61.7;57;4.36;4.39;2.7;758
0.32;Ideal;D;VS2;62.2;56;4.36;4.39;2.72;758
0.32;Ideal;D;VS2;61.5;56;4.39;4.42;2.71;758
0.32;Ideal;D;VS2;62.6;55;4.37;4.39;2.74;758
0.36;Premium;I;IF;59.9;59;4.58;4.63;2.76;758
0.32;Ideal;D;VS2;61.5;56;4.41;4.44;2.72;758
0.32;Ideal;D;VS2;60.5;56;4.45;4.48;2.7;758
0.32;Ideal;D;VS2;62.3;57;4.39;4.41;2.74;758
0.32;Ideal;D;VS2;61.6;56;4.37;4.4;2.7;758
0.32;Ideal;E;VS1;61.8;55;4.4;4.43;2.73;758
0.32;Ideal;E;VS1;61.9;56;4.38;4.41;2.72;758
0.3;Very Good;E;VVS2;62.4;57;4.28;4.31;2.68;759
0.36;Very Good;D;VS2;64;56;4.49;4.51;2.88;759
0.31;Ideal;F;VVS2;61.9;56;4.32;4.37;2.69;759
0.31;Ideal;G;VVS1;62.4;54;4.31;4.34;2.7;759
0.37;Ideal;F;VS2;61.7;55;4.61;4.73;2.88;759
0.36;Ideal;F;VS2;61;56;4.61;4.64;2.82;759
0.38;Ideal;G;VS1;62.4;54;4.63;4.67;2.9;759
0.41;Ideal;G;SI1;61.4;56;4.81;4.83;2.96;759
0.41;Ideal;G;SI1;61.9;54;4.77;4.82;2.97;759
0.44;Premium;H;SI2;58.4;60;5.05;4.99;2.93;759
0.44;Premium;H;SI2;59.3;60;5.01;4.98;2.96;759
0.44;Premium;H;SI2;59.6;60;4.95;4.93;2.96;759
0.37;Very Good;D;VS2;60;57;4.7;4.76;2.84;760
0.35;Very Good;F;VS1;61.9;56;4.5;4.53;2.79;760
0.43;Very Good;D;SI1;62.9;56;4.78;4.83;3.02;760
0.27;Very Good;E;IF;59.7;56;4.26;4.28;2.55;760
0.27;Ideal;F;VVS2;62.7;55;4.1;4.12;2.58;760
0.27;Ideal;F;VVS2;62;55;4.14;4.16;2.57;760
0.27;Ideal;E;VVS2;60.2;55;4.24;4.27;2.56;760
0.27;Ideal;E;VVS2;61.9;56;4.16;4.19;2.58;760
0.27;Ideal;F;VVS1;62.5;56;4.1;4.14;2.57;760
0.42;Ideal;H;VS2;62.1;54;4.82;4.84;3;760
0.34;Ideal;E;VS2;61.8;54;4.49;4.5;2.78;760
0.34;Ideal;F;VS1;61.9;55;4.49;4.52;2.79;760
0.41;Ideal;E;SI2;61.2;56;4.81;4.84;2.95;760
0.42;Ideal;H;SI1;60.9;56;4.89;4.86;2.97;760
0.42;Ideal;F;SI1;61.6;56;4.81;4.85;2.98;760
0.27;Ideal;F;IF;61.3;57;4.16;4.2;2.56;760
0.27;Ideal;F;IF;61.8;55;4.14;4.21;2.57;760
0.27;Ideal;F;IF;61.4;57;4.17;4.19;2.57;760
0.27;Ideal;F;IF;63;55;4.13;4.16;2.61;760
0.41;Good;E;SI1;59.5;62;4.85;4.87;2.89;760
0.43;Ideal;F;SI1;62.5;56;4.82;4.84;3.02;760
0.43;Ideal;E;SI1;62.6;56;4.79;4.82;3.01;760
0.4;Very Good;G;VS1;60.4;57;4.76;4.77;2.88;760
0.42;Very Good;H;SI1;58.6;61;4.92;4.95;2.89;761
0.33;Ideal;G;VVS2;60.4;57;4.48;4.52;2.72;761
0.33;Ideal;F;VVS2;60.9;57;4.46;4.51;2.73;761
0.33;Ideal;F;VVS2;61.4;55;4.48;4.51;2.76;761
0.33;Ideal;F;VVS2;61.7;55;4.46;4.49;2.76;761
0.33;Ideal;F;VVS2;60.7;56;4.46;4.5;2.72;761
0.33;Ideal;F;VVS2;61.8;54;4.47;4.5;2.77;761
0.36;Ideal;G;VS1;60.6;57;4.58;4.62;2.79;761
0.3;Ideal;D;VS1;61;57;4.3;4.33;2.63;761
0.44;Ideal;F;SI1;61.4;56;4.89;4.94;3.02;761
0.42;Ideal;D;SI1;62.1;54;4.84;4.86;3.01;761
0.3;Premium;H;VVS1;61.3;58;4.32;4.3;2.64;761
0.31;Ideal;H;IF;60.8;57;4.38;4.4;2.67;761
0.31;Good;G;VVS1;58;62;4.42;4.47;2.58;761
0.31;Very Good;G;VVS1;62.8;57;4.3;4.33;2.71;761
0.31;Ideal;F;VVS2;61.2;56;4.37;4.39;2.68;761
0.31;Premium;H;IF;60.4;58;4.41;4.43;2.67;761
0.31;Very Good;G;VVS1;59.8;62;4.35;4.41;2.62;761
0.31;Ideal;F;VVS2;62.4;55;4.33;4.36;2.71;761
0.37;Ideal;E;VS2;61;56;4.64;4.67;2.84;762
0.3;Ideal;D;VS2;62.3;53.9;4.3;4.32;2.69;762
0.33;Premium;D;VS2;60.8;60;4.52;4.46;2.73;762
0.31;Very Good;E;VVS1;59.9;62;4.4;4.41;2.64;763
0.31;Very Good;E;VVS1;61.2;61;4.33;4.36;2.66;763
0.35;Very Good;D;VS1;60.9;58;4.54;4.56;2.77;763
0.37;Ideal;D;VS2;61.1;54;4.63;4.66;2.84;763
0.37;Ideal;D;VS2;62.3;55;4.59;4.62;2.87;763
0.41;Ideal;H;SI1;61.5;55;4.78;4.81;2.95;763
0.43;Ideal;G;SI1;62.2;54;4.84;4.88;3.02;763
0.3;Good;E;VVS1;57.8;60;4.45;4.48;2.58;763
0.3;Ideal;E;VVS1;62.5;54;4.29;4.32;2.69;763
0.32;Premium;H;IF;61.8;58;4.35;4.39;2.7;763
0.38;Very Good;G;VS1;62;57;4.65;4.68;2.89;764
0.45;Very Good;G;SI2;59.7;61;4.95;5;2.97;764
0.47;Very Good;J;SI1;62.4;58;4.94;4.99;3.1;764
0.36;Ideal;H;VVS1;62;54.8;4.57;4.59;2.84;764
0.3;Ideal;G;VVS1;61.8;57;4.32;4.36;2.68;764
0.3;Ideal;G;VVS1;62.1;57;4.27;4.29;2.66;764
0.3;Ideal;G;VVS1;62.2;57;4.3;4.32;2.68;764
0.3;Ideal;G;VVS1;61.5;57;4.28;4.31;2.64;764
0.3;Ideal;G;VVS1;62;58;4.27;4.31;2.66;764
0.3;Ideal;G;VVS1;61.9;57;4.28;4.31;2.66;764
0.3;Ideal;G;VVS1;61.7;54;4.32;4.34;2.67;764
0.3;Ideal;G;VVS1;61.7;57;4.31;4.35;2.67;764
0.3;Ideal;G;VVS1;61.7;57;4.32;4.34;2.67;764
0.3;Ideal;G;VVS1;61.8;56;4.32;4.36;2.68;764
0.3;Ideal;G;VVS1;61.1;57;4.32;4.35;2.65;764
0.3;Ideal;G;VVS1;62.7;54;4.3;4.34;2.71;764
0.3;Ideal;G;VVS1;61.4;58;4.31;4.35;2.66;764
0.3;Ideal;G;VVS1;62;54;4.35;4.36;2.7;764
0.3;Ideal;G;VVS1;62.3;54;4.32;4.35;2.7;764
0.3;Ideal;G;VVS1;62;58;4.28;4.3;2.66;764
0.3;Ideal;G;VVS1;61.4;57;4.32;4.35;2.66;764
0.3;Ideal;G;VVS1;62.2;57;4.28;4.3;2.67;764
0.3;Ideal;G;VVS1;61.6;58;4.31;4.32;2.66;764
0.3;Ideal;G;VVS1;61.9;54;4.33;4.36;2.69;764
0.3;Ideal;G;VVS1;61.5;55;4.33;4.35;2.67;764
0.4;Ideal;H;VS2;61.8;54.5;4.74;4.77;2.94;764
0.34;Ideal;F;VS1;61.1;55;4.53;4.57;2.78;764
0.34;Ideal;F;VS1;61.7;55;4.51;4.53;2.79;764
0.4;Ideal;F;SI2;61.5;56;4.75;4.78;2.93;764
0.41;Ideal;F;SI1;61.2;58;4.76;4.81;2.93;764
0.3;Ideal;H;IF;61.2;55;4.36;4.37;2.67;764
0.3;Ideal;H;IF;61.5;58;4.28;4.3;2.64;764
0.3;Ideal;H;IF;60.8;56;4.36;4.39;2.66;764
0.3;Ideal;H;IF;62.2;54;4.34;4.37;2.71;764
0.3;Ideal;H;IF;61.8;57;4.31;4.36;2.68;764
0.3;Ideal;H;IF;62.5;56;4.31;4.33;2.7;764
0.3;Ideal;H;IF;62.3;54;4.34;4.36;2.71;764
0.3;Ideal;H;IF;61.5;56;4.32;4.33;2.66;764
0.3;Ideal;H;IF;61.2;56;4.36;4.37;2.67;764
0.3;Ideal;H;IF;61.6;57;4.31;4.33;2.66;764
0.3;Ideal;H;IF;62.1;57;4.29;4.31;2.67;764
0.3;Ideal;H;IF;62;57;4.26;4.29;2.65;764
0.3;Ideal;H;IF;62;55;4.33;4.35;2.69;764
0.3;Ideal;H;IF;61.3;58;4.3;4.31;2.64;764
0.33;Good;F;VVS1;63.3;57;4.38;4.44;2.79;764
0.43;Very Good;E;SI2;59;60;4.9;4.96;2.91;765
0.33;Ideal;F;VS1;62.8;55;4.41;4.45;2.78;765
0.4;Ideal;J;VS2;62.9;57;4.75;4.7;2.97;765
0.3;Ideal;I;VVS2;63;57;4.27;4.24;2.68;765
0.34;Ideal;G;VS2;62.1;57;4.5;4.46;2.78;765
0.34;Premium;G;VS2;60.3;54;4.56;4.53;2.74;765
0.4;Good;J;VS2;64;57;4.7;4.67;3;765
0.4;Very Good;I;SI1;63.2;54;4.69;4.67;2.96;765
0.4;Ideal;I;SI1;61.6;56;4.74;4.68;2.9;765
0.4;Premium;I;SI1;59.8;57;4.83;4.8;2.88;765
0.4;Very Good;G;SI2;63.4;59;4.66;4.64;2.95;765
0.34;Ideal;G;VS2;61.8;56;4.52;4.48;2.78;765
0.34;Ideal;G;VS2;61.1;55;4.55;4.52;2.77;765
0.34;Ideal;G;VS2;61.5;55;4.5;4.47;2.76;765
0.34;Ideal;G;VS2;62.7;55;4.49;4.48;2.81;765
0.34;Premium;E;SI1;59.3;58;4.59;4.55;2.71;765
0.34;Premium;E;SI1;59.6;57;4.61;4.52;2.72;765
0.34;Good;E;SI1;63.9;56;4.48;4.44;2.85;765
0.34;Ideal;E;SI1;60.7;56;4.55;4.51;2.75;765
0.4;Premium;J;VS2;60.9;62;4.76;4.73;2.89;765
0.4;Premium;J;VS2;62.5;60;4.71;4.67;2.93;765
0.4;Good;I;SI1;63.9;57;4.7;4.66;2.99;765
0.4;Very Good;I;SI1;63.2;55;4.72;4.68;2.97;765
0.4;Very Good;G;SI2;63.1;59;4.7;4.65;2.95;765
0.4;Premium;G;SI2;61.9;61;4.74;4.69;2.92;765
0.4;Very Good;G;SI2;63.2;56;4.73;4.7;2.98;765
0.34;Very Good;I;VVS2;63.1;56;4.47;4.43;2.81;765
0.34;Premium;I;VVS2;61.5;60;4.49;4.45;2.75;765
0.34;Premium;I;VVS2;61.3;57;4.52;4.49;2.76;765
0.34;Premium;H;VS1;61.6;59;4.54;4.49;2.78;765
0.34;Premium;H;VS1;61.4;59;4.53;4.5;2.77;765
0.34;Premium;H;VS1;62.1;58;4.49;4.46;2.78;765
0.34;Ideal;H;VS1;62.1;57;4.51;4.48;2.79;765
0.34;Ideal;H;VS1;62.7;55;4.51;4.48;2.82;765
0.34;Premium;H;VS1;60.8;59;4.53;4.48;2.74;765
0.34;Premium;H;VS1;61.3;56;4.53;4.48;2.76;765
0.34;Ideal;H;VS1;62.5;57;4.46;4.43;2.78;765
0.34;Premium;H;VS1;62.2;58;4.48;4.43;2.77;765
0.34;Ideal;H;VS1;62.3;55;4.48;4.45;2.78;765
0.34;Ideal;H;VS1;62.7;57;4.48;4.45;2.8;765
0.34;Premium;H;VS1;60.6;60;4.49;4.45;2.71;765
0.34;Very Good;H;VS1;63.1;57;4.44;4.4;2.79;765
0.34;Premium;G;VS2;60.2;58;4.55;4.52;2.73;765
0.34;Premium;G;VS2;60.3;59;4.53;4.49;2.72;765
0.34;Ideal;G;VS2;61.9;55;4.53;4.49;2.79;765
0.34;Premium;G;VS2;61.1;60;4.53;4.51;2.76;765
0.34;Premium;G;VS2;61.3;58;4.53;4.51;2.77;765
0.34;Premium;G;VS2;60.2;58;4.56;4.51;2.73;765
0.34;Ideal;G;VS2;61;57;4.5;4.48;2.74;765
0.34;Ideal;G;VS2;61.4;57;4.51;4.48;2.76;765
0.34;Ideal;G;VS2;61.7;56;4.53;4.48;2.78;765
0.34;Ideal;G;VS2;61.3;55;4.51;4.49;2.76;765
0.34;Premium;G;VS2;60.3;58;4.53;4.49;2.72;765
0.34;Premium;G;VS2;61.8;58;4.5;4.47;2.77;765
0.34;Ideal;G;VS2;62;54;4.5;4.47;2.78;765
0.34;Ideal;G;VS2;62;56;4.5;4.47;2.78;765
0.34;Ideal;G;VS2;62.2;55;4.5;4.47;2.79;765
0.34;Ideal;G;VS2;61.5;57;4.51;4.47;2.76;765
0.34;Ideal;G;VS2;62.1;55;4.49;4.46;2.78;765
0.34;Premium;G;VS2;61.2;58;4.5;4.46;2.74;765
0.34;Ideal;G;VS2;62.5;57;4.5;4.46;2.8;765
0.34;Ideal;G;VS2;62.2;53;4.51;4.46;2.79;765
0.34;Premium;G;VS2;61.6;60;4.49;4.47;2.76;765
0.34;Ideal;G;VS2;61.5;56;4.5;4.47;2.76;765
0.34;Premium;G;VS2;61.6;58;4.51;4.45;2.76;765
0.34;Ideal;G;VS2;62.9;55;4.52;4.45;2.82;765
0.34;Ideal;G;VS2;62;55;4.48;4.46;2.77;765
0.34;Premium;G;VS2;61;58;4.49;4.46;2.73;765
0.34;Premium;G;VS2;62;59;4.47;4.43;2.76;765
0.34;Very Good;G;VS2;63.1;57;4.47;4.43;2.81;765
0.34;Premium;G;VS2;61.2;59;4.49;4.43;2.73;765
0.34;Ideal;G;VS2;62.2;57;4.47;4.44;2.77;765
0.34;Premium;G;VS2;61.2;62;4.48;4.44;2.73;765
0.34;Premium;E;SI1;59;60;4.62;4.56;2.71;765
0.34;Ideal;E;SI1;61.7;56;4.52;4.49;2.78;765
0.34;Ideal;E;SI1;61.4;54;4.53;4.5;2.77;765
0.34;Premium;E;SI1;60.3;57;4.56;4.53;2.74;765
0.34;Ideal;E;SI1;62.3;57;4.51;4.48;2.8;765
0.34;Ideal;E;SI1;61.4;55;4.54;4.48;2.77;765
0.34;Premium;E;SI1;60.7;60;4.51;4.48;2.73;765
0.34;Ideal;E;SI1;60.7;57;4.51;4.48;2.73;765
0.34;Ideal;E;SI1;61;57;4.51;4.48;2.74;765
0.34;Ideal;E;SI1;62.9;55;4.5;4.47;2.82;765
0.34;Ideal;E;SI1;62.1;55;4.51;4.47;2.79;765
0.34;Very Good;E;SI1;63.2;55;4.49;4.46;2.83;765
0.34;Premium;E;SI1;61.8;58;4.5;4.47;2.77;765
0.34;Very Good;E;SI1;63.3;56;4.44;4.41;2.8;765
0.34;Ideal;E;SI1;63;55;4.47;4.42;2.8;765
0.34;Premium;E;SI1;61.9;59;4.48;4.44;2.76;765
0.34;Ideal;E;SI1;61.8;56;4.48;4.45;2.76;765
0.34;Ideal;E;SI1;62.9;56;4.48;4.45;2.81;765
0.34;Ideal;E;SI1;62.2;55;4.49;4.45;2.78;765
0.34;Ideal;E;SI1;62.7;55;4.47;4.46;2.8;765
0.34;Ideal;E;SI1;62;57;4.48;4.46;2.77;765
0.34;Premium;G;VS2;62.4;59;4.47;4.41;2.77;765
0.31;Very Good;E;VVS2;61.1;55;4.39;4.41;2.69;766
0.31;Ideal;E;VVS2;61.4;56;4.36;4.4;2.69;766
0.31;Ideal;E;VVS2;61.7;56;4.37;4.38;2.7;766
0.3;Ideal;E;VVS2;61.9;59;4.27;4.3;2.65;766
0.3;Ideal;E;VVS2;62.2;57;4.28;4.31;2.67;766
0.3;Ideal;E;VVS2;61.5;58;4.29;4.3;2.64;766
0.3;Ideal;E;VVS2;61.9;55;4.3;4.33;2.67;766
0.3;Ideal;E;VVS2;61.9;58;4.28;4.32;2.66;766
0.3;Ideal;E;VVS2;61.9;58;4.27;4.29;2.65;766
0.3;Ideal;E;VVS2;62.3;57;4.29;4.31;2.68;766
0.3;Ideal;E;VVS2;61.6;58;4.28;4.33;2.65;766
0.3;Ideal;E;VVS2;62.1;57;4.27;4.3;2.66;766
0.3;Ideal;E;VVS2;62.3;56;4.28;4.32;2.68;766
0.3;Ideal;E;VVS2;62.3;57;4.29;4.32;2.68;766
0.3;Ideal;E;VVS2;61.6;56;4.32;4.35;2.67;766
0.3;Ideal;E;VVS2;62.3;56;4.3;4.34;2.69;766
0.31;Ideal;D;VS1;60.5;57;4.4;4.43;2.67;766
0.31;Ideal;D;VS1;61.6;55;4.37;4.4;2.7;766
0.38;Ideal;F;SI1;61.7;56;4.68;4.72;2.9;766
0.31;Ideal;F;IF;59.7;60;4.4;4.44;2.64;766
0.38;Ideal;I;VVS2;62.6;54;4.62;4.65;2.9;766
0.38;Ideal;G;VS2;62.2;56;4.62;4.64;2.88;766
0.38;Very Good;G;VS2;60.4;57;4.67;4.7;2.83;766
0.38;Very Good;G;VS2;59.9;58;4.72;4.77;2.84;766
0.38;Very Good;G;VS2;60.1;61;4.63;4.66;2.79;766
0.38;Premium;H;VS1;61.6;58;4.65;4.7;2.88;766
0.38;Very Good;G;VS2;60.8;61;4.65;4.66;2.83;766
0.38;Very Good;G;VS2;59.2;60;4.7;4.73;2.79;766
0.38;Premium;G;VS2;59.3;59;4.71;4.74;2.8;766
0.31;Ideal;D;VVS2;61.6;56;4.34;4.38;2.69;766
0.31;Ideal;D;VVS2;62.4;56;4.34;4.38;2.72;766
0.31;Ideal;D;VVS2;62;56;4.34;4.37;2.7;766
0.31;Ideal;D;VVS2;61.9;56;4.37;4.39;2.71;766
0.31;Premium;F;VVS1;59.4;58;4.41;4.45;2.63;766
0.31;Ideal;D;VVS2;61.9;57;4.31;4.35;2.68;766
0.36;Premium;F;VVS2;62.7;58;4.51;4.55;2.84;766
0.39;Very Good;J;VVS1;57.8;59;4.85;4.9;2.82;767
0.31;Very Good;F;VVS1;60.7;58;4.36;4.4;2.66;767
0.31;Ideal;E;VVS2;61.9;54;4.38;4.41;2.72;767
0.31;Ideal;E;VVS2;60.8;56;4.39;4.42;2.68;767
0.4;Ideal;F;VS2;62.3;54;4.74;4.77;2.96;767
0.36;Ideal;E;VS1;60.8;55;4.58;4.63;2.8;767
0.35;Ideal;E;VS2;62.1;56;4.52;4.53;2.81;767
0.35;Ideal;E;VS2;61.7;55;4.54;4.57;2.81;767
0.35;Ideal;E;VS2;62;57;4.51;4.55;2.81;767
0.35;Ideal;E;VS2;61.6;56;4.52;4.54;2.79;767
0.35;Premium;E;VS2;61.6;58;4.52;4.57;2.8;767
0.35;Ideal;E;VS2;61.6;55;4.49;4.54;2.78;767
0.35;Ideal;E;VS2;61.7;56;4.52;4.56;2.8;767
0.35;Very Good;E;VS2;62.1;59;4.46;4.49;2.78;767
0.35;Ideal;E;VS2;62.5;55;4.5;4.52;2.82;767
0.35;Ideal;E;VS2;62;55;4.52;4.54;2.81;767
0.35;Premium;E;VS2;59.2;58;4.59;4.63;2.73;767
0.35;Ideal;E;VS2;62.2;56;4.51;4.53;2.81;767
0.35;Premium;E;VS2;60.4;60;4.52;4.55;2.74;767
0.35;Very Good;E;VS2;58.9;59;4.59;4.64;2.72;767
0.3;Ideal;J;SI1;62.3;57;4.27;4.3;2.67;367
0.2;Premium;E;VS2;59.8;62;3.79;3.77;2.26;367
0.2;Premium;E;VS2;59;60;3.81;3.78;2.24;367
0.2;Premium;E;VS2;61.1;59;3.81;3.78;2.32;367
0.2;Premium;E;VS2;59.7;62;3.84;3.8;2.28;367
0.2;Ideal;E;VS2;59.7;55;3.86;3.84;2.3;367
0.2;Premium;F;VS2;62.6;59;3.73;3.71;2.33;367
0.2;Ideal;D;VS2;61.5;57;3.81;3.77;2.33;367
0.2;Very Good;E;VS2;63.4;59;3.74;3.71;2.36;367
0.2;Ideal;E;VS2;62.2;57;3.76;3.73;2.33;367
0.2;Premium;D;VS2;62.3;60;3.73;3.68;2.31;367
0.2;Premium;D;VS2;61.7;60;3.77;3.72;2.31;367
0.25;Ideal;H;VS2;61;55;4.09;4.11;2.5;367
0.3;Premium;J;VS2;62.2;58;4.28;4.3;2.67;368
0.3;Good;H;SI2;63.9;56;4.24;4.27;2.72;368
0.3;Very Good;J;VS2;61.6;61;4.28;4.33;2.65;368
0.3;Good;J;VS2;63.4;57;4.22;4.26;2.69;368
0.3;Premium;J;VS2;60.6;59;4.34;4.38;2.64;368
0.3;Premium;H;SI2;60.9;59;4.32;4.35;2.64;368
0.23;Very Good;G;VS2;62.8;53;3.91;3.93;2.46;369
0.23;Very Good;H;IF;63.9;55;3.89;3.9;2.49;369
0.23;Fair;G;VVS2;61.4;66;3.87;3.91;2.39;369
0.24;Very Good;F;SI1;61.6;57;4.02;4.05;2.48;370
0.26;Ideal;I;VS2;61.8;55;4.12;4.17;2.56;371
0.32;Ideal;I;SI2;61.7;55;4.39;4.42;2.72;371
0.27;Fair;E;VS1;66.4;58;3.99;4.02;2.66;371
0.31;Ideal;I;SI2;62;54.1;4.32;4.35;2.69;372
0.24;Very Good;D;VS2;61.4;60;3.98;4;2.45;373
0.23;Very Good;E;VS2;62.5;59;3.91;3.96;2.46;373
0.24;Very Good;F;VS1;62.5;55;3.94;3.97;2.47;373
0.32;Ideal;I;SI1;61.2;56;4.4;4.44;2.7;450
0.32;Ideal;I;SI1;60.5;58;4.43;4.49;2.7;450
0.3;Ideal;H;SI1;61.9;57;4.3;4.32;2.67;450
0.3;Ideal;H;SI1;62.4;55;4.3;4.32;2.69;450
0.3;Ideal;H;SI1;62.2;57;4.26;4.29;2.66;450
0.3;Ideal;H;SI1;61.3;58;4.3;4.34;2.65;450
0.3;Ideal;H;SI1;62.2;57;4.27;4.28;2.66;450
0.3;Ideal;H;SI1;62.2;57;4.26;4.29;2.66;450
0.3;Ideal;H;SI1;62.2;57;4.27;4.31;2.67;450
0.3;Ideal;H;SI1;62.2;57;4.27;4.28;2.66;450
0.3;Ideal;H;SI1;61.6;54;4.33;4.37;2.68;450
0.3;Ideal;H;SI1;60.9;58;4.31;4.33;2.63;450
0.3;Ideal;H;SI1;62.1;55;4.3;4.33;2.68;450
0.3;Ideal;H;SI1;62;56;4.29;4.32;2.67;450
0.3;Ideal;H;SI1;62.1;56;4.29;4.31;2.67;450
0.3;Very Good;I;SI2;63.3;56;4.3;4.26;2.71;450
0.3;Premium;J;SI1;62.7;59;4.27;4.21;2.66;450
0.3;Very Good;J;SI1;63.4;54;4.29;4.23;2.7;450
0.3;Good;J;SI1;63.8;56;4.26;4.23;2.71;450
0.33;Premium;J;VS2;59.6;61;4.53;4.49;2.69;450
0.25;Very Good;H;VVS1;60.1;62;4.08;4.11;2.46;450
0.25;Ideal;H;VVS1;62.5;56;4.03;4.06;2.53;450
0.25;Premium;H;VVS1;59.8;59;4.07;4.09;2.44;450
0.25;Very Good;G;VVS1;63.7;54;3.98;4.03;2.55;451
0.27;Ideal;H;VS2;61.7;56;4.13;4.17;2.56;451
0.33;Ideal;J;VS1;61.6;54;4.5;4.52;2.78;451
0.39;Ideal;J;SI2;62.6;54;4.64;4.69;2.92;451
0.37;Ideal;J;SI1;62.2;53;4.63;4.67;2.89;451
0.28;Very Good;E;VS1;59;60;4.26;4.32;2.53;452
0.28;Very Good;E;VS1;61.4;60;4.16;4.24;2.58;452
0.35;Ideal;E;VS2;61.5;55;4.52;4.56;2.79;767
0.35;Premium;F;VS1;60.7;58;4.54;4.58;2.77;767
0.35;Premium;E;VS2;60.7;60;4.55;4.58;2.77;767
0.35;Premium;E;VS2;60.9;59;4.54;4.56;2.77;767
0.35;Premium;E;VS2;59.5;58;4.59;4.62;2.74;767
0.35;Ideal;E;VS2;62.4;57;4.52;4.55;2.83;767
0.32;Ideal;E;VS2;61.8;54;4.43;4.4;2.73;768
0.32;Ideal;E;VS2;61.4;56;4.45;4.41;2.72;768
0.38;Ideal;I;VVS2;62;54.5;4.66;4.69;2.9;768
0.37;Ideal;I;VVS1;60.6;57;4.63;4.66;2.81;768
0.38;Ideal;G;VS2;61.5;54.4;4.65;4.7;2.88;768
0.38;Ideal;G;VS2;62.1;54.5;4.64;4.69;2.9;768
0.37;Ideal;E;VS2;60.1;59;4.64;4.68;2.8;768
0.38;Ideal;H;VS1;62.2;53.7;4.63;4.68;2.9;768
0.33;Ideal;E;VS1;61.7;54;4.45;4.47;2.75;768
0.26;Ideal;F;IF;60.9;55;4.15;4.23;2.55;768
0.32;Premium;E;VS2;61.6;59;4.43;4.4;2.72;768
0.32;Ideal;E;VS2;62.1;55;4.43;4.4;2.74;768
0.41;Very Good;F;SI1;61.9;55;4.78;4.81;2.97;769
0.4;Premium;F;SI1;61.7;59;4.75;4.72;2.92;769
0.32;Ideal;E;VS2;60.8;57;4.39;4.42;2.68;769
0.26;Very Good;E;VVS2;63.1;59;4.08;4.04;2.56;769
0.26;Ideal;F;VVS1;62.4;56;4.11;4.1;2.56;769
0.26;Ideal;F;VVS2;61.6;57;4.1;4.08;2.52;769
0.26;Ideal;F;VVS2;62.5;56;4.12;4.1;2.57;769
0.26;Ideal;F;VVS1;61.6;57;4.1;4.08;2.52;769
0.26;Ideal;E;VVS1;62;56;4.13;4.09;2.55;769
0.26;Premium;E;VVS1;61.7;59;4.14;4.1;2.54;769
0.26;Premium;E;VVS1;61.8;58;4.14;4.11;2.55;769
0.26;Ideal;E;VVS2;62.3;57;4.09;4.06;2.54;769
0.26;Ideal;E;VVS2;61.5;56;4.11;4.08;2.52;769
0.26;Ideal;E;VVS2;62;56;4.13;4.1;2.55;769
0.26;Ideal;E;VVS2;62.2;56;4.15;4.12;2.57;769
0.26;Ideal;E;VVS1;61.7;57;4.1;4.07;2.52;769
0.26;Premium;E;VVS1;62.9;58;4.08;4.06;2.56;769
0.26;Premium;E;VVS1;62.3;60;4.09;4.07;2.54;769
0.26;Ideal;D;VVS2;62.5;56;4.11;4.08;2.56;769
0.26;Ideal;D;VVS2;61.4;56;4.15;4.12;2.54;769
0.33;Very Good;E;VVS1;63.2;53;4.42;4.47;2.81;770
0.4;Very Good;H;VS1;61.8;53;4.76;4.78;2.95;770
0.4;Very Good;E;VS2;59.4;58;4.78;4.82;2.85;770
0.4;Ideal;I;VVS2;61.6;56;4.75;4.76;2.93;770
0.4;Ideal;I;VS2;61.7;57;4.73;4.77;2.93;770
0.4;Ideal;H;SI1;61.7;56;4.72;4.77;2.93;770
0.36;Premium;F;SI1;60.3;58;4.65;4.6;2.79;770
0.36;Ideal;F;SI1;60.1;56;4.67;4.62;2.79;770
0.36;Ideal;F;SI1;61.5;57;4.59;4.55;2.81;770
0.38;Premium;F;SI2;61;61;4.67;4.61;2.83;770
0.36;Ideal;F;SI1;61.5;56;4.62;4.59;2.83;770
0.36;Premium;F;SI1;61.5;58;4.6;4.54;2.81;770
0.36;Premium;F;SI1;61.6;60;4.61;4.54;2.82;770
0.36;Premium;F;SI1;61.1;59;4.59;4.55;2.79;770
0.36;Premium;F;SI1;61.1;59;4.62;4.58;2.81;770
0.36;Premium;F;SI1;61.9;59;4.54;4.51;2.8;770
0.36;Ideal;F;SI1;62;56;4.59;4.54;2.83;770
0.36;Premium;F;SI1;62.3;59;4.56;4.5;2.82;770
0.5;Premium;F;I1;60.5;60;5.15;5.07;3.1;770
0.31;Premium;G;VS1;59.9;59;4.44;4.41;2.65;770
0.38;Premium;J;VS1;62.1;60;4.64;4.6;2.87;770
0.42;Very Good;I;VVS2;61.7;55;4.81;4.85;2.98;771
0.41;Premium;E;SI2;60.6;60;4.83;4.8;2.92;771
0.42;Ideal;I;VS1;61.7;54;4.8;4.82;2.97;771
0.42;Ideal;I;VS1;61.5;55;4.83;4.86;2.98;771
0.42;Ideal;I;VS1;61.5;56;4.83;4.86;2.98;771
0.35;Ideal;E;VS1;61.6;55.1;4.54;4.58;2.81;771
0.33;Ideal;E;VS1;61.5;56.2;4.42;4.45;2.73;771
0.33;Ideal;E;VS1;62.3;53.8;4.42;4.44;2.76;771
0.41;Ideal;D;SI1;60.7;55;4.83;4.86;2.94;771
0.38;Good;G;VS2;58.8;62;4.68;4.71;2.76;771
0.35;Very Good;D;VS1;63;57;4.48;4.51;2.83;771
0.3;Fair;D;VVS2;65.2;59;4.2;4.18;2.73;772
0.4;Very Good;J;VVS1;61.2;55;4.75;4.8;2.92;772
0.32;Very Good;G;VVS1;61.4;55;4.41;4.45;2.72;772
0.32;Very Good;G;VVS1;60.6;56;4.44;4.47;2.7;772
0.4;Very Good;G;VS2;61.9;59;4.67;4.7;2.9;772
0.33;Very Good;E;VS2;59.8;59;4.5;4.53;2.7;772
0.33;Very Good;F;VS1;59.1;60;4.48;4.52;2.66;772
0.31;Ideal;G;VVS1;61.4;57;4.37;4.39;2.68;772
0.31;Ideal;G;VVS1;62.5;56;4.29;4.34;2.69;772
0.31;Ideal;G;VVS1;60.8;56;4.41;4.43;2.69;772
0.31;Ideal;G;VVS1;62.5;56;4.3;4.34;2.69;772
0.31;Ideal;G;VVS1;62.3;56;4.34;4.37;2.71;772
0.31;Ideal;G;VVS1;61.4;56;4.34;4.37;2.68;772
0.31;Ideal;G;VVS1;62.4;56;4.33;4.36;2.71;772
0.4;Ideal;E;SI1;60.6;56;4.77;4.78;2.9;772
0.31;Ideal;H;IF;62;56;4.36;4.39;2.71;772
0.31;Ideal;H;IF;61.4;57;4.36;4.39;2.68;772
0.41;Good;E;VS2;58.1;59;4.89;4.95;2.86;772
0.35;Premium;D;SI1;61.5;58;4.55;4.53;2.79;772
0.35;Very Good;D;SI1;63.3;56;4.53;4.5;2.86;772
0.35;Ideal;D;SI1;62.1;57;4.49;4.47;2.78;772
0.41;Premium;G;VS2;60.7;59;4.8;4.85;2.93;772
0.4;Premium;D;SI1;60.8;59;4.77;4.8;2.91;772
0.4;Ideal;D;SI1;62.1;56;4.7;4.74;2.93;772
0.4;Ideal;D;SI1;60.8;57;4.77;4.81;2.91;772
0.44;Premium;G;SI1;61.1;59;4.86;4.9;2.98;772
0.4;Very Good;D;SI1;61.4;56;4.72;4.83;2.93;772
0.44;Very Good;G;SI1;61.6;61;4.83;4.88;2.99;772
0.44;Premium;G;SI1;61.9;58;4.83;4.87;3;772
0.4;Ideal;D;SI1;59.6;57;4.77;4.82;2.86;772
0.44;Premium;G;SI1;61.9;59;4.82;4.87;3;772
0.4;Premium;D;SI1;61.3;60;4.71;4.75;2.9;772
0.4;Ideal;D;SI1;62;56;4.68;4.71;2.91;772
0.4;Premium;D;SI1;59.9;60;4.75;4.77;2.85;772
0.4;Premium;D;SI1;61.6;58;4.69;4.73;2.9;772
0.44;Ideal;G;SI1;62.7;57;4.82;4.85;3.03;772
0.44;Premium;G;SI1;60.1;60;4.86;4.95;2.95;772
0.4;Premium;D;SI1;61.7;58;4.7;4.74;2.91;772
0.44;Ideal;G;SI1;61.5;57;4.87;4.88;3;772
0.4;Ideal;D;SI1;61.8;55;4.74;4.78;2.94;772
0.44;Premium;G;SI1;61;60;4.88;4.93;2.99;772
0.4;Premium;D;SI1;61.1;58;4.74;4.75;2.9;772
0.34;Ideal;F;VVS2;61.5;56;4.47;4.5;2.76;773
0.35;Ideal;H;VVS1;60.9;57;4.55;4.58;2.78;773
0.35;Ideal;H;VVS1;61.6;55;4.55;4.57;2.81;773
0.35;Ideal;E;VS1;61.1;55;4.56;4.58;2.79;773
0.32;Premium;H;VVS2;62.2;58;4.38;4.33;2.71;773
0.32;Ideal;G;VS1;60.7;56;4.46;4.43;2.7;773
0.32;Premium;G;VS1;61.2;62;4.45;4.41;2.71;773
0.32;Ideal;G;VS1;61.9;55;4.42;4.4;2.73;773
0.32;Premium;F;VS2;59.5;60;4.48;4.46;2.66;773
0.32;Premium;F;VS2;58.8;62;4.48;4.43;2.62;773
0.32;Premium;F;VS2;59.7;62;4.43;4.38;2.63;773
0.32;Very Good;F;VS2;63.3;57;4.38;4.34;2.76;773
0.32;Ideal;F;VS2;63;57;4.37;4.33;2.74;773
0.32;Ideal;F;VS2;61.9;55;4.45;4.41;2.74;773
0.42;Very Good;H;VS2;62.9;56;4.72;4.79;2.99;773
0.42;Premium;F;SI1;60.8;58;4.83;4.87;2.95;773
0.42;Very Good;E;SI1;62.8;59;4.74;4.78;2.99;773
0.42;Very Good;E;SI1;62.5;55;4.8;4.83;3.01;773
0.42;Very Good;F;SI1;62.7;55;4.8;4.83;3.02;773
0.42;Very Good;F;SI1;62.9;57;4.73;4.77;2.99;773
0.42;Ideal;F;SI1;62;57;4.81;4.83;2.99;773
0.42;Ideal;E;SI1;62.6;57;4.81;4.84;3.02;773
0.42;Premium;F;SI1;60;59;4.85;4.88;2.92;773
0.42;Ideal;E;SI1;61.5;55;4.82;4.9;2.99;773
0.42;Ideal;H;VS2;62.5;57;4.76;4.81;2.99;773
0.42;Very Good;H;VS2;62.1;57;4.76;4.8;2.97;773
0.42;Ideal;E;SI1;61.3;57;4.79;4.81;2.94;773
0.42;Very Good;E;SI1;62.3;58;4.76;4.81;2.98;773
0.42;Premium;E;SI1;62.7;59;4.78;4.79;3;773
0.42;Good;E;SI1;63.4;56;4.74;4.82;3.03;773
0.42;Premium;E;SI1;61.6;59;4.83;4.85;2.98;773
0.42;Premium;F;SI1;61.8;58;4.81;4.84;2.98;773
0.42;Ideal;E;SI1;62.3;57;4.76;4.8;2.98;773
0.42;Ideal;F;SI1;60.9;55;4.84;4.88;2.96;773
0.42;Very Good;E;SI1;62.7;57;4.77;4.83;3.01;773
0.42;Premium;F;SI1;61.5;58;4.8;4.83;2.96;773
0.42;Ideal;F;SI1;60.6;57;4.84;4.9;2.95;773
0.42;Ideal;I;VS1;62;55;4.83;4.85;3;773
0.36;Ideal;D;VS2;62.5;55;4.55;4.57;2.85;773
0.43;Very Good;J;VVS2;63.6;56;4.78;4.85;3.06;774
0.37;Very Good;G;VVS2;59.9;55;4.71;4.75;2.83;774
0.37;Very Good;H;VVS1;61.9;55;4.6;4.66;2.86;774
0.43;Very Good;G;SI1;58.9;60;4.94;4.97;2.92;774
0.3;Very Good;G;IF;61.4;58;4.27;4.33;2.64;774
0.31;Ideal;D;VS1;61.1;55;4.37;4.4;2.68;774
0.31;Ideal;D;VS1;61.9;53;4.36;4.4;2.71;774
0.43;Ideal;F;VS1;61.9;56;4.84;4.85;3;774
0.43;Very Good;D;SI1;61;57;4.85;4.88;2.97;774
0.43;Good;D;SI1;63.8;55;4.79;4.8;3.06;774
0.43;Ideal;D;SI1;62.5;55;4.8;4.83;3.01;774
0.43;Good;D;SI1;63.4;55;4.78;4.84;3.05;774
0.43;Premium;D;SI1;61;58;4.83;4.88;2.96;774
0.43;Premium;D;SI1;61.2;60;4.8;4.84;2.95;774
0.38;Very Good;G;VS2;62.5;56;4.59;4.63;2.88;775
0.31;Ideal;F;VVS2;61.5;56;4.35;4.37;2.68;775
0.36;Ideal;F;VS1;60.7;59;4.59;4.61;2.79;775
0.3;Ideal;E;VS1;62.2;54;4.28;4.3;2.67;775
0.3;Ideal;E;VS1;60.5;55;4.35;4.38;2.64;775
0.41;Ideal;J;VS1;62.2;55;4.79;4.76;2.97;775
0.41;Premium;F;SI2;59;58;4.89;4.87;2.88;775
0.4;Good;D;SI2;64;56;4.7;4.64;2.99;775
0.41;Premium;E;SI1;60.4;59;4.8;4.75;2.88;775
0.34;Ideal;G;VVS2;61.1;57;4.48;4.52;2.75;775
0.34;Premium;H;VVS1;61.2;60;4.46;4.5;2.74;775
0.34;Very Good;G;VVS2;61.2;59;4.46;4.5;2.74;775
0.34;Ideal;G;VVS2;61.6;56;4.47;4.49;2.76;775
0.34;Good;H;VVS1;63.2;58;4.41;4.45;2.8;775
0.34;Very Good;H;VVS1;62.9;57;4.44;4.47;2.8;775
0.34;Ideal;H;VVS1;61.8;57;4.44;4.46;2.75;775
0.34;Premium;G;VVS2;61.6;58;4.44;4.49;2.75;775
0.34;Ideal;G;VVS2;62.1;55;4.44;4.48;2.77;775
0.34;Ideal;G;VVS2;61.9;57;4.44;4.48;2.76;775
0.34;Very Good;E;VVS2;62.7;59;4.41;4.43;2.77;775
0.34;Very Good;G;VVS2;61.4;59;4.47;4.52;2.76;775
0.3;Good;E;VVS1;63.5;57;4.23;4.27;2.7;775
0.34;Ideal;G;VVS2;62.6;54;4.44;4.47;2.79;775
0.34;Very Good;G;VVS2;61.7;56;4.47;4.51;2.77;775
0.34;Ideal;H;VVS1;62;54;4.46;4.48;2.77;775
0.41;Premium;J;VVS1;62.2;59;4.71;4.75;2.94;775
0.41;Ideal;J;VVS1;61.2;57;4.79;4.82;2.94;775
0.41;Very Good;J;VVS1;60.1;58;4.79;4.83;2.89;775
0.41;Ideal;J;VVS1;62;57;4.73;4.79;2.95;775
0.34;Premium;H;VVS1;61.1;59;4.48;4.52;2.75;775
0.34;Premium;H;VVS1;61.5;60;4.45;4.49;2.75;775
0.36;Ideal;G;VVS2;61.6;57;4.58;4.62;2.83;776
0.36;Ideal;G;VVS2;62.3;56;4.55;4.57;2.84;776
0.36;Ideal;D;VS2;62;54;4.6;4.62;2.86;776
0.3;Ideal;F;VS2;60.9;56;4.35;4.32;2.64;776
0.3;Good;G;VS1;63.6;54;4.31;4.25;2.72;776
0.3;Premium;G;VS1;62.2;59;4.28;4.24;2.65;776
0.3;Ideal;F;VS2;61.6;57;4.33;4.3;2.66;776
0.3;Ideal;H;VVS2;61.2;57;4.32;4.31;2.64;776
0.3;Ideal;H;VVS2;61.3;57;4.33;4.31;2.65;776
0.3;Ideal;H;VVS2;61.5;57;4.34;4.31;2.66;776
0.3;Ideal;H;VVS2;61.7;54;4.34;4.31;2.67;776
0.3;Ideal;H;VVS2;60.4;56;4.36;4.32;2.62;776
0.3;Ideal;H;VVS2;61.1;55;4.36;4.32;2.65;776
0.3;Premium;H;VVS2;60.6;58;4.35;4.33;2.63;776
0.3;Ideal;H;VVS2;61.3;56;4.35;4.33;2.66;776
0.3;Ideal;H;VVS2;61.5;56;4.35;4.33;2.67;776
0.3;Premium;H;VVS2;60.8;58;4.37;4.34;2.65;776
0.3;Premium;H;VVS2;62.1;52;4.31;4.29;2.67;776
0.3;Premium;H;VVS2;60.8;60;4.33;4.29;2.62;776
0.3;Premium;H;VVS2;61;61;4.32;4.3;2.63;776
0.3;Ideal;H;VVS2;61.6;55;4.34;4.3;2.66;776
0.3;Premium;H;VVS2;62;58;4.35;4.3;2.68;776
0.3;Good;H;VVS2;63.6;56;4.29;4.26;2.72;776
0.3;Premium;H;VVS2;62.4;58;4.3;4.26;2.67;776
0.3;Premium;H;VVS2;61.5;58;4.3;4.28;2.64;776
0.3;Premium;H;VVS2;62.9;57;4.31;4.28;2.7;776
0.3;Ideal;H;VVS2;62.1;56;4.32;4.28;2.67;776
0.3;Very Good;H;VVS2;63.1;60;4.28;4.24;2.69;776
0.3;Good;H;VVS2;63.6;55;4.28;4.24;2.71;776
0.3;Ideal;H;VVS2;62.6;55;4.28;4.25;2.67;776
0.3;Very Good;H;VVS2;63.5;55;4.28;4.25;2.71;776
0.3;Ideal;H;VVS2;62.2;57;4.29;4.26;2.66;776
0.3;Very Good;H;VVS2;63.4;57;4.24;4.21;2.68;776
0.3;Ideal;H;VVS2;62.8;57;4.25;4.22;2.66;776
0.3;Premium;H;VVS2;63;56;4.28;4.23;2.68;776
0.3;Good;H;VVS2;63.7;55;4.27;4.24;2.71;776
0.3;Premium;G;VS1;59.6;59;4.38;4.34;2.6;776
0.3;Ideal;G;VS1;59.9;56;4.41;4.37;2.63;776
0.3;Premium;G;VS1;61.8;59;4.37;4.34;2.69;776
0.3;Premium;G;VS1;61.4;58;4.35;4.32;2.66;776
0.3;Premium;G;VS1;60.3;62;4.33;4.3;2.6;776
0.3;Premium;G;VS1;61.4;60;4.33;4.3;2.65;776
0.3;Ideal;G;VS1;62;54;4.35;4.3;2.68;776
0.3;Ideal;G;VS1;61.8;55;4.33;4.31;2.67;776
0.3;Ideal;G;VS1;61.4;55;4.36;4.31;2.66;776
0.3;Ideal;G;VS1;61.9;56;4.34;4.29;2.67;776
0.3;Ideal;G;VS1;61.7;57;4.32;4.3;2.66;776
0.3;Premium;G;VS1;61.9;59;4.32;4.3;2.67;776
0.3;Premium;G;VS1;60;60;4.33;4.3;2.59;776
0.3;Premium;G;VS1;61.8;60;4.32;4.29;2.66;776
0.3;Ideal;G;VS1;62.5;57;4.32;4.29;2.69;776
0.3;Premium;G;VS1;61.3;58;4.33;4.29;2.64;776
0.3;Premium;G;VS1;61.7;56;4.33;4.29;2.66;776
0.3;Ideal;G;VS1;61.4;57;4.34;4.29;2.65;776
0.3;Premium;G;VS1;62.3;59;4.3;4.27;2.67;776
0.3;Good;G;VS1;63.6;55;4.31;4.27;2.73;776
0.3;Premium;G;VS1;62.9;58;4.32;4.27;2.7;776
0.3;Ideal;G;VS1;62.2;55;4.31;4.28;2.67;776
0.3;Premium;G;VS1;62.2;59;4.31;4.28;2.67;776
0.3;Ideal;G;VS1;62.9;57;4.31;4.28;2.7;776
0.3;Premium;G;VS1;61.2;59;4.32;4.28;2.63;776
0.3;Premium;G;VS1;61.9;59;4.32;4.28;2.66;776
0.3;Ideal;G;VS1;61.5;56;4.34;4.28;2.65;776
0.3;Ideal;G;VS1;61.8;54;4.32;4.29;2.66;776
0.3;Ideal;G;VS1;62.6;57;4.29;4.27;2.68;776
0.3;Premium;G;VS1;62.9;60;4.29;4.26;2.69;776
0.3;Good;G;VS1;63.6;55;4.29;4.26;2.72;776
0.3;Very Good;G;VS1;63.3;56;4.3;4.26;2.71;776
0.3;Premium;G;VS1;62.8;58;4.28;4.26;2.68;776
0.3;Premium;G;VS1;62.5;55;4.32;4.25;2.68;776
0.3;Premium;G;VS1;62.1;60;4.3;4.24;2.65;776
0.3;Very Good;G;VS1;63.1;59;4.27;4.25;2.69;776
0.3;Good;G;VS1;63.8;55;4.28;4.25;2.72;776
0.3;Ideal;G;VS1;62.8;57;4.29;4.25;2.68;776
0.3;Very Good;G;VS1;63.1;56;4.26;4.24;2.68;776
0.3;Very Good;G;VS1;63.1;58;4.28;4.24;2.69;776
0.3;Premium;G;VS1;62.8;59;4.27;4.23;2.67;776
0.3;Premium;G;VS1;62;60;4.28;4.23;2.64;776
0.3;Ideal;G;VS1;62.8;57;4.26;4.24;2.67;776
0.3;Very Good;G;VS1;63.4;58;4.25;4.23;2.69;776
0.3;Good;G;VS1;63.6;57;4.26;4.23;2.7;776
0.3;Premium;G;VS1;62.9;60;4.22;4.18;2.64;776
0.3;Premium;G;VS1;62.4;58;4.24;4.22;2.64;776
0.3;Ideal;F;VS2;62;55;4.33;4.31;2.68;776
0.3;Ideal;F;VS2;62;54;4.34;4.31;2.68;776
0.3;Ideal;F;VS2;60.7;56;4.34;4.32;2.63;776
0.3;Premium;F;VS2;60.7;58;4.35;4.32;2.63;776
0.3;Ideal;F;VS2;61.4;57;4.36;4.34;2.67;776
0.3;Ideal;F;VS2;60.4;56;4.37;4.34;2.63;776
0.3;Premium;F;VS2;60.6;60;4.39;4.36;2.65;776
0.3;Ideal;F;VS2;61.8;57;4.33;4.31;2.67;776
0.3;Ideal;F;VS2;62.3;57;4.33;4.3;2.69;776
0.3;Ideal;F;VS2;61.9;55;4.32;4.31;2.67;776
0.3;Premium;F;VS2;60.4;58;4.33;4.31;2.61;776
0.3;Ideal;F;VS2;61.1;56;4.33;4.31;2.64;776
0.3;Ideal;F;VS2;61.3;55;4.32;4.3;2.64;776
0.3;Ideal;F;VS2;62.9;57;4.33;4.29;2.71;776
0.3;Ideal;F;VS2;60.7;57;4.34;4.29;2.62;776
0.3;Premium;F;VS2;61.4;60;4.34;4.29;2.65;776
0.3;Ideal;F;VS2;61.8;56;4.31;4.3;2.66;776
0.3;Premium;F;VS2;62.5;58;4.32;4.29;2.69;776
0.3;Ideal;F;VS2;61.6;57;4.32;4.28;2.65;776
0.3;Premium;F;VS2;61.6;58;4.31;4.29;2.65;776
0.3;Ideal;F;VS2;62.8;56;4.31;4.29;2.7;776
0.28;Very Good;D;VS1;62.2;61;4.13;4.16;2.58;452
0.3;Premium;G;SI2;62.7;55;4.29;4.26;2.68;452
0.31;Ideal;I;VS2;62.1;54;4.35;4.38;2.71;452
0.31;Ideal;I;VS2;61.6;57;4.36;4.4;2.7;452
0.31;Ideal;I;VS2;61.6;55;4.37;4.4;2.7;452
0.31;Ideal;I;VS2;61.4;55;4.35;4.41;2.69;452
0.31;Ideal;I;VS2;61;57;4.37;4.38;2.67;452
0.31;Ideal;I;VS2;62;54;4.37;4.4;2.72;452
0.31;Ideal;I;VS2;62.3;54;4.37;4.4;2.73;452
0.31;Ideal;I;VS2;61.6;55;4.38;4.42;2.71;452
0.25;Ideal;D;SI1;61.5;55;4.09;4.14;2.52;452
0.23;Good;D;VVS2;61.8;65;3.9;3.93;2.42;452
0.43;Premium;H;I1;62;59;4.78;4.83;2.98;452
0.26;Very Good;E;VS2;62.1;56;4.11;4.13;2.56;452
0.26;Ideal;F;VS1;60.9;57;4.11;4.13;2.51;452
0.26;Very Good;E;VS2;60.4;58;4.15;4.19;2.52;452
0.26;Ideal;D;VS1;62;55;4.1;4.12;2.55;452
0.26;Premium;F;VS1;59.5;58;4.18;4.22;2.5;452
0.26;Premium;E;VS1;60.1;60;4.1;4.15;2.48;452
0.26;Ideal;F;VS1;62.3;56;4.08;4.1;2.55;452
0.26;Ideal;E;VS1;61.8;55;4.09;4.13;2.54;452
0.26;Premium;E;VS1;61.9;58;4.1;4.11;2.54;452
0.3;Very Good;I;VS2;60.5;55;4.34;4.37;2.63;453
0.26;Very Good;E;VS2;59.2;58;4.18;4.2;2.48;453
0.26;Very Good;E;VS2;63.2;56;4.06;4.1;2.58;453
0.26;Very Good;F;VS2;58.7;59;4.14;4.27;2.47;453
0.26;Very Good;F;VS2;59;59;4.19;4.25;2.49;453
0.26;Very Good;F;VS2;62.4;58;4.06;4.08;2.54;453
0.26;Very Good;F;VS2;62.9;59;4.04;4.07;2.55;453
0.26;Very Good;F;VS1;59.5;58;4.18;4.23;2.5;453
0.3;Premium;F;VS2;61.1;59;4.32;4.29;2.63;776
0.3;Premium;F;VS2;62.2;58;4.31;4.28;2.67;776
0.3;Ideal;F;VS2;62.5;55;4.31;4.27;2.68;776
0.3;Ideal;F;VS2;62.7;57;4.31;4.27;2.69;776
0.3;Ideal;F;VS2;62.8;55;4.33;4.27;2.7;776
0.3;Premium;F;VS2;61.4;60;4.3;4.27;2.63;776
0.3;Premium;F;VS2;61.5;60;4.29;4.26;2.63;776
0.3;Ideal;F;VS2;62.9;57;4.29;4.26;2.69;776
0.3;Ideal;F;VS2;62.1;55;4.31;4.26;2.66;776
0.3;Ideal;F;VS2;62.9;57;4.29;4.27;2.69;776
0.3;Premium;F;VS2;62.5;58;4.28;4.26;2.67;776
0.3;Premium;F;VS2;62.2;60;4.27;4.22;2.64;776
0.3;Premium;F;VS2;62.8;58;4.29;4.24;2.68;776
0.3;Premium;F;VS2;62.8;58;4.28;4.25;2.68;776
0.3;Premium;F;VS2;62.7;58;4.3;4.25;2.68;776
0.3;Fair;F;VS2;65.4;55;4.25;4.22;2.77;776
0.3;Ideal;G;VS1;61.5;57;4.34;4.31;2.66;776
0.3;Premium;G;VS1;61.7;60;4.28;4.24;2.63;776
0.3;Ideal;G;VS1;62.3;56;4.32;4.29;2.68;776
0.3;Ideal;F;VVS1;61.9;57;4.3;4.32;2.67;776
0.28;Very Good;D;VVS2;62.2;52;4.21;4.25;2.63;777
0.42;Very Good;I;VS1;62.1;57;4.78;4.8;2.98;777
0.26;Ideal;D;VVS2;61.4;55;4.1;4.17;2.54;777
0.35;Ideal;D;VS2;62.1;54;4.54;4.58;2.83;777
0.42;Ideal;G;SI1;62.2;53;4.85;4.86;3.02;777
0.41;Ideal;J;IF;62.1;54;4.78;4.81;2.98;777
0.44;Good;D;SI1;58.8;62;4.97;5;2.93;777
0.37;Ideal;E;SI1;61.4;56;4.65;4.6;2.84;777
0.31;Ideal;D;VVS2;60.9;57;4.38;4.42;2.68;777
0.31;Very Good;F;VVS1;59.2;62;4.34;4.41;2.59;777
0.31;Ideal;D;VVS2;61.9;55;4.36;4.39;2.71;777
0.31;Ideal;D;VVS2;60.1;56;4.43;4.46;2.67;777
0.3;Ideal;D;VS2;61.8;55;4.35;4.32;2.68;778
0.3;Ideal;D;VS2;59.5;56;4.41;4.37;2.61;778
0.3;Ideal;D;VS2;61;55;4.38;4.34;2.66;778
0.38;Premium;J;VVS2;60.5;59;4.72;4.69;2.84;778
0.42;Premium;E;SI2;61.8;61;4.84;4.8;2.98;778
0.32;Very Good;F;VVS2;62.5;55;4.39;4.42;2.75;778
0.32;Very Good;F;VVS2;62.3;57;4.38;4.41;2.73;778
0.31;Very Good;G;VVS1;58.8;59;4.44;4.47;2.62;778
0.33;Very Good;D;VS2;60;62;4.47;4.49;2.69;778
0.41;Very Good;H;SI1;58.1;61;4.91;4.97;2.87;778
0.31;Very Good;H;IF;61.3;55;4.37;4.4;2.69;778
0.31;Ideal;H;VVS2;61.3;56;4.37;4.4;2.69;778
0.31;Ideal;G;VVS1;62.3;53;4.37;4.42;2.74;778
0.31;Ideal;G;VVS1;61.6;54;4.36;4.38;2.69;778
0.43;Ideal;H;VS2;62.3;54;4.85;4.88;3.03;778
0.38;Ideal;G;VS2;61.2;55;4.69;4.72;2.88;778
0.35;Ideal;I;IF;62.7;55;4.51;4.55;2.84;778
0.38;Premium;I;VS1;60.1;60;4.72;4.66;2.82;778
0.39;Premium;E;SI2;60.7;62;4.74;4.72;2.87;778
0.3;Ideal;E;VS1;62.5;56;4.3;4.28;2.68;778
0.44;Premium;E;SI1;62.3;58;4.85;4.88;3.03;778
0.31;Very Good;F;VVS1;59.4;57;4.39;4.43;2.62;779
0.32;Ideal;E;VVS2;61.3;57;4.39;4.42;2.7;779
0.32;Ideal;E;VVS2;62.1;53;4.41;4.44;2.75;779
0.32;Ideal;E;VVS2;60.4;59;4.45;4.49;2.7;779
0.3;Ideal;E;VVS2;62.2;54.4;4.3;4.32;2.68;779
0.3;Ideal;E;VVS2;61.7;53.8;4.31;4.34;2.67;779
0.3;Ideal;E;VVS2;62.3;54.1;4.28;4.34;2.69;779
0.32;Ideal;E;VVS2;61.3;54;4.42;4.45;2.72;779
0.31;Ideal;D;VVS2;61.9;56;4.32;4.37;2.69;779
0.32;Ideal;G;VVS1;60.3;58;4.44;4.48;2.69;779
0.32;Ideal;G;VVS1;61.7;56;4.39;4.42;2.72;779
0.31;Ideal;F;VVS1;60.4;59;4.35;4.43;2.65;779
0.31;Good;F;VS1;63.9;55;4.3;4.27;2.74;779
0.37;Very Good;E;VVS2;61.2;55;4.63;4.68;2.85;779
0.41;Very Good;D;VS2;62.8;58;4.73;4.76;2.98;779
0.36;Very Good;D;VS2;62.4;58;4.48;4.53;2.81;780
0.43;Ideal;I;VS2;62.1;57;4.83;4.86;3.01;780
0.34;Ideal;D;VS1;61.4;57;4.49;4.54;2.77;780
0.32;Ideal;D;VS1;60.3;57;4.42;4.44;2.67;780
0.35;Ideal;D;SI1;61.5;56;4.54;4.57;2.8;780
0.35;Ideal;D;SI1;61.1;56;4.55;4.59;2.79;780
0.3;Good;F;IF;64.3;53;4.22;4.27;2.73;780
0.28;Premium;E;VVS2;58.7;60;4.34;4.31;2.54;780
0.28;Ideal;D;VVS1;61.7;57;4.23;4.2;2.6;780
0.33;Premium;I;VVS1;61.9;60;4.44;4.41;2.74;780
0.33;Premium;I;VVS1;61.7;61;4.45;4.43;2.74;780
0.33;Premium;I;VVS1;62.5;61;4.42;4.38;2.75;780
0.33;Premium;D;SI1;60.3;58;4.49;4.47;2.7;780
0.33;Premium;D;SI1;60;59;4.5;4.47;2.69;780
0.33;Ideal;D;SI1;62.5;54;4.44;4.43;2.77;780
0.33;Ideal;D;SI1;61.3;56;4.46;4.44;2.73;780
0.33;Premium;D;SI1;60.1;59;4.49;4.46;2.69;780
0.33;Ideal;D;SI1;62.8;56;4.43;4.39;2.77;780
0.33;Ideal;D;SI1;62.7;55;4.44;4.4;2.77;780
0.33;Premium;D;SI1;61.5;60;4.44;4.41;2.72;780
0.33;Ideal;D;SI1;62.4;54;4.44;4.41;2.76;780
0.33;Ideal;D;SI1;62.8;55;4.45;4.41;2.78;780
0.33;Premium;D;SI1;60.4;60;4.46;4.41;2.68;780
0.32;Ideal;E;VS2;61.4;57;4.46;4.4;2.72;780
0.32;Good;E;VS2;57;60;4.6;4.53;2.6;780
0.36;Very Good;F;VS1;61.3;54;4.63;4.65;2.84;781
0.32;Ideal;F;VS2;61.4;55;4.43;4.46;2.73;781
0.32;Ideal;F;VS2;61.4;55;4.42;4.44;2.72;781
0.33;Ideal;D;VS2;62.1;56;4.44;4.48;2.77;781
0.33;Ideal;D;VS2;62.1;54;4.43;4.46;2.76;781
0.33;Ideal;D;VS2;61.8;56;4.45;4.48;2.76;781
0.33;Premium;D;VS2;60.7;58;4.46;4.5;2.72;781
0.33;Very Good;D;VS2;62.8;54;4.43;4.46;2.79;781
0.33;Very Good;E;VS1;61.6;56;4.43;4.46;2.74;781
0.33;Ideal;D;VS2;62.3;57;4.41;4.45;2.76;781
0.33;Ideal;E;VS1;59.6;56;4.49;4.54;2.69;781
0.33;Ideal;D;VS2;60.9;55;4.47;4.5;2.73;781
0.33;Ideal;D;VS2;61.9;53;4.46;4.49;2.77;781
0.33;Premium;E;VS1;60.9;58;4.45;4.49;2.72;781
0.33;Ideal;D;VS2;62.3;56;4.43;4.46;2.77;781
0.33;Ideal;D;VS2;62.6;56;4.39;4.43;2.76;781
0.33;Ideal;D;VS2;61.8;56;4.4;4.44;2.73;781
0.33;Premium;E;VS1;61.6;58;4.41;4.45;2.73;781
0.33;Ideal;D;VS2;62.5;55;4.41;4.45;2.77;781
0.33;Ideal;E;VS1;60.2;57;4.48;4.52;2.71;781
0.33;Ideal;D;VS2;60.7;57;4.46;4.5;2.72;781
0.33;Ideal;E;VS1;62.6;57;4.4;4.42;2.76;781
0.33;Premium;E;VS1;61.5;59;4.42;4.46;2.73;781
0.33;Ideal;D;VS2;61.9;57;4.42;4.47;2.75;781
0.33;Ideal;E;VS1;62.7;57;4.38;4.45;2.77;781
0.33;Ideal;D;VS2;60.9;55;4.46;4.5;2.73;781
0.33;Ideal;E;VS1;60.6;57;4.5;4.54;2.74;781
0.33;Ideal;D;VS2;62.1;56;4.42;4.47;2.76;781
0.33;Ideal;D;VS2;62.5;56;4.43;4.46;2.78;781
0.33;Ideal;D;VS2;61.9;56;4.42;4.44;2.74;781
0.33;Premium;D;VS2;61.2;58;4.41;4.44;2.71;781
0.33;Ideal;D;VS2;62.1;55;4.43;4.46;2.76;781
0.36;Ideal;D;VS1;61.8;55;4.54;4.58;2.82;781
0.4;Very Good;I;VVS2;63.7;58;4.64;4.68;2.97;782
0.35;Ideal;F;VS1;61.9;55;4.53;4.58;2.82;782
0.36;Ideal;E;VS1;60.9;57;4.6;4.63;2.81;782
0.47;Ideal;H;SI2;62.4;53;4.98;5.02;3.12;782
0.47;Ideal;H;SI2;61.8;54;5.01;5.05;3.11;782
0.3;Very Good;F;VVS1;61.8;55;4.32;4.35;2.68;783
0.36;Ideal;H;VVS1;62;54;4.59;4.61;2.85;783
0.25;Ideal;E;VVS1;62.3;53;4.08;4.11;2.55;783
0.43;Ideal;H;SI1;61.9;55;4.84;4.88;3.01;783
0.32;Ideal;H;IF;61.9;54.2;4.38;4.42;2.72;783
0.4;Good;G;VS1;63.4;56;4.68;4.72;2.98;783
0.39;Very Good;H;VVS2;62.4;57;4.67;4.7;2.92;784
0.37;Very Good;E;VS1;63.5;59;4.55;4.59;2.9;784
0.34;Very Good;E;VS1;62.3;53;4.47;4.52;2.8;784
0.42;Very Good;D;SI1;62.3;58;4.8;4.83;3;784
0.34;Ideal;F;VVS2;61.7;55;4.49;4.52;2.78;784
0.47;Ideal;G;SI2;61.3;56;4.98;5.01;3.06;784
0.47;Ideal;G;SI2;62.4;55;4.96;5.01;3.11;784
0.4;Good;F;VS2;62.2;61;4.71;4.74;2.94;784
0.41;Good;J;VS2;64.3;55;4.7;4.66;3.01;784
0.41;Premium;J;VS2;61.9;59;4.74;4.69;2.92;784
0.41;Very Good;J;VS2;63.4;56;4.73;4.7;2.99;784
0.41;Good;I;SI1;63.8;57;4.7;4.67;2.99;784
0.41;Very Good;G;SI2;63.4;58;4.73;4.7;2.99;784
0.41;Good;G;SI2;63.6;54;4.74;4.7;3;784
0.41;Premium;G;SI2;61.4;58;4.8;4.75;2.93;784
0.41;Premium;F;SI2;60.9;58;4.82;4.8;2.93;784
0.41;Ideal;I;VVS1;62.3;53;4.77;4.79;2.98;785
0.44;Very Good;G;SI1;60.3;58;4.94;4.99;2.99;786
0.3;Ideal;E;VVS2;60.9;57;4.32;4.35;2.64;786
0.36;Ideal;F;VS2;60.5;57;4.61;4.65;2.8;786
0.31;Ideal;G;IF;62.8;56;4.34;4.39;2.74;786
0.31;Premium;H;VVS1;61.8;59;4.36;4.32;2.68;786
0.31;Good;H;VVS1;63.7;56;4.33;4.3;2.75;786
0.32;Ideal;F;VVS2;61.2;57;4.4;4.43;2.7;786
0.4;Good;D;VS2;63.5;56;4.66;4.72;2.98;786
0.32;Ideal;G;VVS1;61.8;56;4.39;4.41;2.72;786
0.32;Ideal;F;VVS2;62.1;54;4.41;4.44;2.75;786
0.32;Ideal;F;VVS2;61.9;57;4.36;4.39;2.71;786
0.32;Very Good;F;VVS2;61.8;60;4.36;4.41;2.71;786
0.32;Ideal;F;VVS2;62;55;4.39;4.41;2.73;786
0.4;Good;D;VS2;63.2;57;4.65;4.71;2.96;786
0.4;Very Good;F;VS1;62.2;55;4.68;4.74;2.93;786
0.28;Very Good;F;IF;59.8;56;4.27;4.29;2.56;787
0.39;Ideal;I;VVS2;62.3;54;4.66;4.69;2.91;787
0.28;Ideal;F;VVS2;62.6;55;4.2;4.23;2.64;787
0.28;Ideal;F;VVS2;61.8;56;4.18;4.22;2.6;787
0.28;Ideal;F;VVS2;61.5;57;4.19;4.24;2.59;787
0.28;Ideal;F;VVS2;62.2;53;4.22;4.23;2.63;787
0.28;Ideal;F;VVS2;62.6;54;4.21;4.22;2.64;787
0.28;Ideal;E;VVS2;60.8;55;4.26;4.29;2.6;787
0.28;Ideal;E;VVS1;60.6;55;4.28;4.3;2.6;787
0.28;Ideal;E;VVS1;61.2;54;4.24;4.26;2.6;787
0.39;Ideal;G;VS2;62.2;53.9;4.66;4.69;2.9;787
0.38;Ideal;D;VS2;60.8;57;4.66;4.68;2.84;787
0.34;Ideal;D;VS1;61.2;58;4.45;4.5;2.74;787
0.47;Ideal;H;SI1;61.1;55;5.04;5.07;3.09;787
0.28;Ideal;F;IF;62.6;53;4.18;4.19;2.62;787
0.28;Ideal;F;IF;61.4;57;4.22;4.25;2.6;787
0.28;Ideal;F;IF;61.9;56;4.18;4.21;2.59;787
0.41;Ideal;H;SI2;61.7;56;4.8;4.77;2.95;787
0.41;Ideal;H;SI2;60.8;57;4.84;4.8;2.93;787
0.46;Good;F;SI2;64;57;4.88;4.83;3.11;787
0.3;Premium;G;VS1;62.5;59;4.32;4.25;2.68;787
0.37;Premium;G;VVS2;62.2;58;4.56;4.6;2.85;787
0.33;Very Good;H;IF;62.9;58;4.38;4.43;2.77;787
0.33;Very Good;H;IF;61.7;59;4.43;4.45;2.74;787
0.3;Good;D;VVS2;63.5;58;4.23;4.31;2.71;787
0.39;Very Good;G;VS2;62.4;56;4.64;4.68;2.91;787
0.39;Good;G;VS2;63.3;57;4.61;4.65;2.93;787
0.39;Very Good;H;VS1;61.7;57;4.65;4.68;2.88;787
0.39;Premium;G;VS2;61.2;60;4.68;4.73;2.88;787
0.39;Good;G;VS2;63.4;57;4.63;4.67;2.95;787
0.39;Very Good;I;VVS2;63;56;4.62;4.68;2.93;787
0.39;Very Good;G;VS2;60.4;61;4.67;4.7;2.83;787
0.39;Premium;G;VS2;62.3;59;4.65;4.69;2.91;787
0.39;Good;G;VS2;63.8;59;4.66;4.59;2.95;787
0.41;Very Good;H;VS1;61.5;55;4.8;4.82;2.96;788
0.42;Very Good;F;SI1;62.3;56;4.78;4.81;2.99;788
0.41;Ideal;I;VVS2;61.6;55;4.78;4.8;2.95;788
0.39;Ideal;H;VS2;61.6;56;4.68;4.71;2.89;788
0.41;Ideal;G;SI1;61.2;56;4.8;4.84;2.95;788
0.35;Ideal;H;VS1;62;56;4.56;4.54;2.82;788
0.35;Ideal;I;VVS2;62.3;57;4.53;4.49;2.81;788
0.35;Premium;H;VS1;61.3;59;4.57;4.54;2.79;788
0.35;Premium;H;VS1;62.6;59;4.5;4.45;2.8;788
0.35;Premium;H;VS1;62.6;58;4.52;4.49;2.82;788
0.35;Premium;H;VS1;61.7;59;4.53;4.51;2.79;788
0.35;Ideal;E;SI1;60.9;55;4.57;4.53;2.77;788
0.35;Premium;E;SI1;59.7;60;4.58;4.53;2.72;788
0.35;Ideal;E;SI1;61;57;4.57;4.54;2.78;788
0.35;Premium;E;SI1;61.2;58;4.59;4.53;2.79;788
0.35;Ideal;E;SI1;62.3;56;4.56;4.53;2.83;788
0.35;Premium;E;SI1;60.7;59;4.57;4.52;2.76;788
0.35;Ideal;E;SI1;61.2;57;4.56;4.52;2.78;788
0.35;Premium;E;SI1;60.8;60;4.57;4.51;2.76;788
0.35;Premium;E;SI1;61.1;59;4.56;4.5;2.77;788
0.35;Premium;E;SI1;62.7;57;4.52;4.47;2.82;788
0.35;Premium;E;SI1;62.9;58;4.52;4.48;2.83;788
0.35;Premium;E;SI1;61.9;58;4.52;4.49;2.79;788
0.3;Premium;E;VS2;62.6;62;4.25;4.21;2.65;788
0.35;Very Good;H;VS1;60.8;63;4.57;4.54;2.77;788
0.35;Ideal;F;VS1;62.4;57;4.49;4.52;2.81;788
0.39;Good;F;VS2;63.3;55;4.63;4.66;2.94;788
0.31;Premium;D;VS1;59.7;58;4.4;4.45;2.64;788
0.31;Ideal;E;VVS2;61.5;59;4.36;4.39;2.69;789
0.31;Ideal;G;VVS1;60.9;55;4.4;4.43;2.69;789
0.31;Ideal;G;VVS1;62.1;55;4.34;4.39;2.71;789
0.31;Ideal;G;VVS1;61.5;55;4.39;4.42;2.71;789
0.31;Ideal;G;VVS1;62;54;4.38;4.39;2.72;789
0.31;Ideal;G;VVS1;61.3;56;4.37;4.41;2.69;789
0.31;Ideal;G;VVS1;61.8;54;4.39;4.41;2.72;789
0.31;Ideal;G;VVS1;62.5;54;4.36;4.38;2.73;789
0.31;Ideal;G;VVS1;61.8;54;4.38;4.42;2.72;789
0.31;Ideal;G;VVS1;62.3;54;4.37;4.4;2.73;789
0.31;Ideal;G;VVS1;62.2;55;4.33;4.38;2.71;789
0.31;Ideal;G;VVS1;62;56;4.38;4.4;2.72;789
0.31;Ideal;G;VVS1;60.2;58;4.37;4.4;2.64;789
0.31;Ideal;G;VVS1;61.9;55;4.38;4.41;2.72;789
0.31;Ideal;G;VVS1;61.9;54;4.38;4.41;2.72;789
0.31;Ideal;G;VVS1;62.5;54;4.34;4.37;2.72;789
0.31;Ideal;G;VVS1;61.9;54;4.35;4.37;2.7;789
0.31;Ideal;G;VVS1;62;55;4.34;4.37;2.7;789
0.31;Ideal;G;VVS1;61.6;55;4.38;4.42;2.71;789
0.31;Ideal;G;VVS1;62.1;55;4.33;4.36;2.7;789
0.31;Ideal;G;VVS1;62;53;4.35;4.39;2.71;789
0.31;Ideal;G;VVS1;61.6;57;4.34;4.36;2.68;789
0.31;Ideal;G;VVS1;61;57;4.38;4.4;2.68;789
0.31;Ideal;G;VVS1;61.7;54;4.36;4.39;2.7;789
0.31;Ideal;G;VVS1;62.6;53;4.37;4.38;2.74;789
0.31;Ideal;G;VVS1;61;56;4.36;4.4;2.67;789
0.31;Ideal;G;VVS1;61.5;54;4.36;4.39;2.69;789
0.31;Ideal;G;VVS1;62.1;53;4.36;4.4;2.72;789
0.38;Ideal;F;VS2;62.1;53.8;4.66;4.67;2.9;789
0.43;Ideal;I;VS1;62.2;53;4.86;4.91;3.04;789
0.43;Ideal;G;SI1;62.6;56;4.79;4.82;3.01;789
0.31;Ideal;H;IF;61.3;56;4.37;4.41;2.69;789
0.31;Ideal;H;IF;61.4;56;4.39;4.41;2.7;789
0.31;Ideal;H;IF;61.3;56;4.39;4.42;2.7;789
0.31;Ideal;H;IF;61.8;57;4.32;4.35;2.68;789
0.31;Ideal;H;IF;62;54;4.38;4.4;2.72;789
0.31;Ideal;H;IF;62.3;55;4.32;4.35;2.7;789
0.31;Ideal;H;IF;61.2;56;4.36;4.4;2.68;789
0.31;Ideal;H;IF;62.2;54;4.38;4.4;2.73;789
0.31;Ideal;H;IF;62.2;54;4.38;4.4;2.73;789
0.36;Very Good;E;VS2;61.3;60;4.55;4.59;2.8;789
0.3;Premium;G;VVS1;61.8;59;4.28;4.33;2.66;789
0.3;Premium;E;VVS2;60.1;59;4.32;4.37;2.61;789
0.3;Ideal;E;VVS2;60.2;57;4.37;4.4;2.64;789
0.3;Ideal;E;VVS2;61.6;57;4.29;4.32;2.65;789
0.3;Ideal;G;VVS1;62.6;54;4.25;4.28;2.67;789
0.36;Very Good;E;VS2;62.1;59;4.55;4.59;2.84;789
0.3;Ideal;H;IF;60.8;56;4.35;4.37;2.65;789
0.3;Ideal;E;VVS2;61.7;57;4.31;4.34;2.67;789
0.3;Very Good;G;VVS1;62.8;58;4.27;4.3;2.69;789
0.3;Very Good;E;VVS2;61.4;60;4.25;4.28;2.62;789
0.36;Ideal;F;VS1;61.9;56;4.56;4.59;2.83;789
0.3;Very Good;G;VVS1;62.7;59;4.22;4.27;2.66;789
0.3;Ideal;H;IF;61.5;56;4.31;4.34;2.66;789
0.3;Ideal;G;VVS1;62.3;55;4.29;4.31;2.68;789
0.3;Good;G;VVS1;63.3;55;4.26;4.3;2.71;789
0.3;Ideal;E;VVS2;61.7;55;4.28;4.31;2.65;789
0.3;Ideal;G;VVS1;62;55;4.31;4.34;2.68;789
0.3;Ideal;G;VVS1;61.3;56;4.3;4.34;2.65;789
0.3;Ideal;E;VVS2;61.9;57;4.28;4.32;2.66;789
0.3;Very Good;G;VVS1;62.9;57;4.26;4.3;2.69;789
0.3;Very Good;E;VVS2;60.8;60;4.27;4.31;2.61;789
0.36;Very Good;E;VS2;62.3;58;4.51;4.55;2.82;789
0.3;Premium;G;VVS1;60.5;59;4.33;4.36;2.63;789
0.3;Premium;G;VVS1;60.7;58;4.34;4.36;2.64;789
0.36;Ideal;F;VS1;62.5;57;4.53;4.56;2.84;789
0.36;Ideal;F;VS1;60.1;57;4.62;4.67;2.79;789
0.3;Very Good;E;VVS2;61.3;59;4.3;4.32;2.64;789
0.3;Ideal;G;VVS1;62.3;54;4.31;4.33;2.69;789
0.26;Very Good;F;VS1;61.7;58;4.1;4.14;2.54;453
0.26;Very Good;F;VS1;60.5;59;4.12;4.18;2.51;453
0.26;Very Good;E;VS1;63;59;4.03;4.06;2.55;453
0.26;Very Good;E;VS1;60.7;59;4.09;4.12;2.49;453
0.31;Ideal;J;VVS2;62.2;54;4.36;4.39;2.72;453
0.31;Ideal;J;VVS2;61.8;54;4.38;4.39;2.71;453
0.26;Ideal;F;VS2;62.1;57;4.06;4.12;2.54;453
0.33;Ideal;G;SI1;61.8;54;4.46;4.5;2.77;453
0.28;Ideal;F;SI1;62.3;54;4.21;4.23;2.63;453
0.26;Good;F;VS1;58;58;4.2;4.25;2.45;453
0.31;Premium;J;SI1;59.4;62;4.43;4.39;2.62;453
0.31;Premium;J;SI1;58.1;62;4.47;4.44;2.59;453
0.3;Ideal;H;VS2;61.7;57;4.28;4.32;2.65;454
0.3;Ideal;H;VS2;61.4;57;4.33;4.36;2.67;454
0.3;Ideal;I;VS1;61.5;58;4.28;4.31;2.64;454
0.25;Ideal;G;VS1;62.7;56;4.01;4.04;2.52;454
0.25;Ideal;G;VS1;62.5;55;4;4.02;2.51;454
0.34;Ideal;E;SI2;62.4;54;4.49;4.52;2.81;454
0.34;Ideal;E;SI2;61.3;55;4.49;4.52;2.76;454
0.34;Ideal;E;SI2;61.4;55;4.5;4.52;2.77;454
0.32;Ideal;D;SI2;61.7;55;4.39;4.42;2.72;454
0.37;Premium;J;VS2;60.7;60;4.65;4.68;2.83;454
0.37;Premium;J;VS2;61.1;60;4.6;4.63;2.82;454
0.35;Good;E;SI2;64;55;4.45;4.49;2.86;454
0.25;Very Good;I;VVS2;61.6;56;4.06;4.09;2.51;455
0.28;Ideal;G;SI1;61.2;54;4.22;4.27;2.6;455
0.26;Ideal;F;VS2;62.1;54;4.09;4.12;2.55;456
0.26;Ideal;F;VS2;62.3;56;4.1;4.12;2.56;456
0.33;Ideal;J;VS1;61.9;54.3;4.45;4.47;2.76;456
0.26;Ideal;G;VS1;62.1;54;4.1;4.14;2.56;456
0.36;Very Good;E;VS2;62.8;56;4.51;4.54;2.84;789
0.3;Very Good;G;VVS1;62.1;61;4.27;4.3;2.66;789
0.36;Ideal;E;VS2;62.6;56;4.52;4.56;2.84;789
0.36;Premium;F;VS1;60.7;58;4.57;4.62;2.79;789
0.36;Ideal;E;VS2;60.8;56;4.6;4.64;2.81;789
0.3;Ideal;G;VVS1;61.7;57;4.3;4.32;2.66;789
0.3;Premium;G;VVS1;62.6;58;4.27;4.29;2.68;789
0.36;Premium;E;VS2;60.3;59;4.58;4.64;2.78;789
0.3;Good;G;VVS1;63.5;57;4.23;4.27;2.7;789
0.3;Good;G;VVS1;63.5;57;4.24;4.27;2.7;789
0.3;Premium;H;IF;60.4;60;4.3;4.34;2.61;789
0.36;Premium;E;VS2;61.3;60;4.54;4.59;2.8;789
0.36;Very Good;E;VS2;59.8;62;4.56;4.61;2.74;789
0.3;Very Good;G;VVS1;62.4;57;4.27;4.29;2.67;789
0.36;Ideal;E;VS2;62.1;55;4.54;4.58;2.83;789
0.3;Good;G;VVS1;63.2;58;4.23;4.25;2.68;789
0.3;Premium;E;VVS2;61.5;60;4.28;4.31;2.64;789
0.3;Good;G;VVS1;63.1;58;4.28;4.31;2.71;789
0.36;Ideal;E;VS2;61.7;55;4.57;4.63;2.84;789
0.3;Ideal;E;VVS2;61.4;57;4.32;4.34;2.66;789
0.3;Ideal;E;VVS2;61.8;56;4.33;4.35;2.68;789
0.36;Premium;E;VS2;59.3;59;4.6;4.68;2.75;789
0.3;Ideal;G;VVS1;62.6;54;4.31;4.32;2.7;789
0.36;Very Good;E;VS2;60.3;62;4.56;4.59;2.76;789
0.3;Very Good;H;IF;62.9;58;4.26;4.29;2.69;789
0.36;Ideal;E;VS2;61.1;56;4.6;4.63;2.82;789
0.3;Ideal;E;VVS2;61.8;56;4.31;4.33;2.67;789
0.3;Very Good;G;VVS1;61.9;59;4.28;4.31;2.66;789
0.36;Premium;E;VS2;61.8;58;4.52;4.57;2.81;789
0.3;Good;G;VVS1;63.4;56;4.27;4.31;2.72;789
0.3;Very Good;G;VVS1;62.1;56;4.29;4.31;2.67;789
0.3;Very Good;E;VVS2;61.4;58;4.25;4.28;2.62;789
0.3;Ideal;H;IF;61.8;55;4.3;4.31;2.66;789
0.3;Ideal;G;VVS1;62.2;57;4.27;4.31;2.67;789
0.3;Very Good;G;VVS1;60.6;61;4.33;4.35;2.63;789
0.3;Ideal;H;IF;62.1;55;4.27;4.3;2.66;789
0.36;Ideal;E;VS2;61.9;56;4.56;4.59;2.83;789
0.3;Very Good;E;VVS2;61.9;59;4.27;4.32;2.66;789
0.36;Ideal;E;VS2;61.9;56;4.55;4.56;2.82;789
0.36;Ideal;E;VS2;61.2;56;4.6;4.62;2.82;789
0.3;Premium;E;VVS2;61.8;58;4.26;4.29;2.64;789
0.3;Ideal;E;VVS2;61.9;57;4.28;4.31;2.66;789
0.31;Premium;E;VVS1;61.8;59;4.31;4.33;2.67;789
0.31;Premium;E;VVS1;62;59;4.3;4.34;2.68;789
0.36;Ideal;E;VS2;61.2;56;4.59;4.63;2.82;789
0.3;Premium;G;VVS1;60.7;59;4.33;4.37;2.64;789
0.36;Very Good;E;VS2;62.8;55;4.49;4.56;2.84;789
0.3;Good;G;VVS1;63.1;56;4.25;4.28;2.69;789
0.3;Premium;E;VVS2;61.4;59;4.32;4.34;2.66;789
0.36;Premium;E;VS2;62;58;4.54;4.56;2.82;789
0.3;Premium;G;VVS1;61.7;58;4.26;4.3;2.64;789
0.3;Ideal;G;VVS1;61.7;55;4.32;4.34;2.67;789
0.3;Very Good;F;VVS1;61;57;4.33;4.36;2.65;790
0.39;Very Good;G;VS1;60.3;59;4.71;4.77;2.86;790
0.35;Very Good;E;VS1;59.7;59;4.59;4.62;2.75;790
0.32;Ideal;E;VVS2;61.6;55;4.42;4.45;2.73;790
0.32;Ideal;E;VVS2;62;54;4.41;4.43;2.74;790
0.4;Ideal;I;VVS1;61.4;58;4.72;4.76;2.91;790
0.4;Ideal;I;VVS1;63;55;4.7;4.73;2.97;790
0.3;Ideal;F;VVS1;62.4;57;4.25;4.28;2.66;790
0.4;Ideal;F;VS2;62.6;56;4.71;4.72;2.95;790
0.35;Ideal;D;VS2;62.5;56;4.51;4.55;2.83;790
0.34;Ideal;E;VS1;61.2;55;4.51;4.54;2.77;790
0.34;Ideal;E;VS1;61.6;55;4.5;4.52;2.78;790
0.32;Ideal;D;VS1;62.2;54;4.41;4.43;2.75;790
0.45;Ideal;H;SI1;61.3;55;4.96;4.99;3.05;790
0.43;Ideal;G;SI1;61.5;57;4.84;4.87;2.98;790
0.3;Fair;G;VVS1;58.6;66;4.36;4.41;2.57;790
0.39;Very Good;J;VS1;63.5;58;4.64;4.59;2.93;790
0.39;Very Good;J;VS1;63.1;56;4.7;4.62;2.94;790
0.39;Premium;J;VS1;61;62;4.71;4.66;2.86;790
0.39;Premium;J;VS1;61.6;59;4.71;4.67;2.89;790
0.3;Ideal;D;VS2;62.4;55;4.32;4.3;2.69;790
0.3;Ideal;D;VS2;62.3;56;4.31;4.29;2.68;790
0.32;Ideal;D;VVS2;61.7;55;4.39;4.42;2.72;790
0.32;Ideal;D;VVS2;62.2;56;4.37;4.41;2.73;790
0.42;Very Good;F;VS2;60.1;61;4.84;4.88;2.92;790
0.32;Very Good;D;VVS2;60.1;58;4.41;4.44;2.66;791
0.42;Very Good;I;VS1;60.4;60;4.82;4.88;2.93;791
0.4;Very Good;E;VS2;63.8;55;4.66;4.71;2.99;791
0.4;Very Good;E;VS2;60.4;63;4.68;4.72;2.84;791
0.4;Very Good;E;VS2;63;58;4.7;4.73;2.97;791
0.4;Very Good;G;VS1;60.8;59;4.75;4.83;2.91;791
0.31;Ideal;E;VVS2;61.6;55;4.37;4.4;2.7;791
0.31;Ideal;E;VVS2;61.4;57;4.37;4.39;2.69;791
0.31;Ideal;E;VVS2;62.4;53;4.33;4.35;2.71;791
0.31;Ideal;E;VVS2;61.3;55;4.35;4.39;2.68;791
0.31;Ideal;E;VVS2;62;54;4.36;4.41;2.72;791
0.31;Ideal;E;VVS2;62;54;4.38;4.4;2.72;791
0.38;Ideal;I;VVS1;61.6;56;4.68;4.71;2.89;791
0.37;Premium;F;SI1;62.4;59;4.6;4.56;2.86;791
0.37;Premium;F;SI1;60.3;58;4.66;4.62;2.8;791
0.37;Premium;F;SI1;62.5;58;4.57;4.52;2.84;791
0.37;Premium;F;SI1;61.6;59;4.67;4.62;2.86;791
0.37;Premium;F;SI1;62.3;59;4.61;4.57;2.86;791
0.37;Premium;F;SI1;61.5;59;4.62;4.59;2.83;791
0.37;Ideal;F;SI1;62.4;54;4.63;4.6;2.88;791
0.41;Ideal;D;SI1;62.6;57;4.74;4.78;2.98;791
0.41;Ideal;D;SI1;62.7;56;4.73;4.78;2.98;791
0.41;Premium;D;SI1;62.1;59;4.74;4.76;2.95;791
0.41;Ideal;D;SI1;62.3;55;4.77;4.79;2.98;791
0.41;Ideal;D;SI1;60.3;57;4.82;4.86;2.92;791
0.41;Ideal;D;SI1;61.7;54;4.78;4.79;2.95;791
0.41;Good;D;SI1;63.1;59;4.7;4.71;2.97;791
0.41;Ideal;D;SI1;61.6;55;4.78;4.8;2.95;791
0.41;Ideal;D;SI1;61.4;56;4.77;4.8;2.94;791
0.41;Premium;D;SI1;61;59;4.76;4.78;2.91;791
0.41;Ideal;D;SI1;62.2;57;4.7;4.76;2.94;791
0.41;Very Good;D;SI1;62.9;58;4.7;4.75;2.97;791
0.41;Ideal;D;SI1;61;57;4.78;4.8;2.92;791
0.41;Premium;D;SI1;61.4;58;4.76;4.78;2.93;791
0.41;Ideal;D;SI1;60.8;57;4.8;4.84;2.93;791
0.41;Premium;D;SI1;59.6;59;4.82;4.85;2.88;791
0.41;Premium;D;SI1;60.5;60;4.77;4.81;2.9;791
0.32;Very Good;E;VS1;61.1;59.8;4.43;4.45;2.71;792
0.35;Very Good;D;VS1;63.9;55;4.49;4.53;2.88;792
0.4;Ideal;G;VS2;62.5;54;4.72;4.75;2.96;792
0.4;Ideal;G;VS2;62.3;54;4.73;4.77;2.96;792
0.4;Ideal;G;VS2;62.4;54;4.74;4.75;2.96;792
0.33;Ideal;E;VS2;61.7;55;4.45;4.47;2.75;792
0.4;Ideal;H;VS1;61.2;55;4.75;4.79;2.92;792
0.33;Ideal;E;VS2;62.5;55;4.46;4.41;2.77;792
0.41;Premium;D;VS2;62.6;59;4.74;4.75;2.97;792
0.43;Ideal;F;SI1;61.8;56;4.84;4.87;3;792
0.43;Ideal;E;SI1;61.5;56;4.85;4.9;3;792
0.43;Premium;E;SI1;60.2;60;4.89;4.94;2.96;792
0.43;Ideal;F;SI1;61.7;54;4.86;4.9;3.01;792
0.43;Ideal;F;SI1;61.6;57;4.8;4.85;2.97;792
0.43;Very Good;F;SI1;62.4;56;4.81;4.84;3.01;792
0.43;Premium;F;SI1;60.5;60;4.84;4.88;2.94;792
0.43;Very Good;F;SI1;62.9;59;4.79;4.84;3.03;792
0.43;Premium;F;SI1;62.6;58;4.77;4.81;3;792
0.43;Very Good;F;SI1;62.4;57;4.79;4.82;3;792
0.43;Premium;F;SI1;61.3;60;4.83;4.86;2.97;792
0.43;Very Good;F;SI1;62.9;60;4.77;4.8;3.01;792
0.43;Very Good;H;VS2;61.9;55;4.8;4.95;3.02;792
0.43;Very Good;F;SI1;62.5;56;4.82;4.85;3.02;792
0.43;Very Good;E;SI1;62.9;56;4.8;4.83;3.03;792
0.43;Very Good;F;SI1;61.6;59;4.83;4.87;2.99;792
0.43;Ideal;E;SI1;62.3;57;4.78;4.82;2.99;792
0.43;Very Good;E;SI1;62.4;56;4.79;4.83;3;792
0.39;Very Good;E;VS2;60.9;58;4.72;4.77;2.89;793
0.32;Premium;F;VVS2;61.8;59;4.42;4.38;2.72;793
0.36;Very Good;D;VS1;62.8;55;4.52;4.55;2.85;793
0.4;Premium;H;VS1;61.8;59.2;4.72;4.74;2.92;793
0.4;Premium;H;VS1;62.7;58.5;4.7;4.74;2.96;793
0.39;Very Good;E;VS2;62.7;59;4.64;4.68;2.92;794
0.39;Ideal;H;VVS2;62;55;4.68;4.7;2.91;794
0.38;Ideal;H;VVS2;61.6;56;4.67;4.72;2.89;794
0.36;Ideal;G;VVS2;61.5;55;4.58;4.62;2.83;794
0.36;Ideal;G;VVS2;61.8;54;4.59;4.61;2.84;794
0.36;Ideal;G;VVS2;61.7;54;4.59;4.62;2.84;794
0.36;Ideal;H;VVS1;61.5;56;4.57;4.6;2.82;794
0.36;Ideal;H;VVS1;61.8;56;4.6;4.63;2.85;794
0.38;Ideal;G;VS1;61.5;57;4.66;4.71;2.88;794
0.3;Ideal;G;IF;62.6;56;4.29;4.32;2.69;794
0.36;Ideal;D;SI1;60.6;56;4.63;4.58;2.79;794
0.36;Very Good;D;SI1;63.2;56;4.56;4.52;2.87;794
0.36;Ideal;D;SI1;62.8;57;4.54;4.51;2.84;794
0.45;Fair;F;SI1;66.8;59;4.79;4.63;3.16;794
0.45;Fair;F;SI1;57.9;66;5.08;4.98;2.91;794
0.37;Premium;D;VS2;60.5;59;4.66;4.69;2.83;794
0.33;Very Good;G;VVS1;61.2;57;4.47;4.5;2.74;795
0.33;Very Good;G;VVS1;61.2;57;4.4;4.44;2.71;795
0.33;Very Good;G;VVS1;61.8;55;4.44;4.48;2.76;795
0.44;Very Good;I;VS2;62.5;57;4.85;4.88;3.04;795
0.34;Very Good;F;VS1;61.1;60;4.46;4.51;2.74;795
0.33;Very Good;H;IF;61.7;55;4.45;4.48;2.75;795
0.35;Ideal;F;VVS2;61.6;58;4.5;4.53;2.78;795
0.35;Ideal;F;VVS2;61.9;54;4.55;4.59;2.83;795
0.3;Ideal;E;VS2;61.8;55;4.34;4.36;2.69;795
0.3;Ideal;E;VS2;61.4;56;4.32;4.34;2.66;795
0.3;Ideal;G;VS1;61.8;56;4.32;4.35;2.68;795
0.3;Ideal;F;VS1;61.8;55;4.32;4.36;2.68;795
0.43;Ideal;G;SI1;61.8;55;4.85;4.89;3.01;795
0.43;Ideal;G;SI1;62;55;4.84;4.87;3.01;795
0.41;Premium;D;SI2;59.9;60;4.8;4.78;2.87;795
0.4;Very Good;G;SI1;62.6;55.3;4.69;4.71;2.93;795
0.32;Ideal;G;VVS1;62.3;56;4.38;4.41;2.73;796
0.32;Ideal;G;VVS1;61.4;57;4.4;4.44;2.71;796
0.32;Ideal;G;VVS1;61.1;55;4.46;4.48;2.73;796
0.38;Ideal;F;VS2;62;54;4.64;4.69;2.89;796
0.39;Ideal;E;VS2;61.4;56;4.68;4.74;2.89;796
0.32;Ideal;H;IF;61.6;56;4.4;4.43;2.72;796
0.27;Ideal;F;IF;61.8;55;4.16;4.19;2.58;796
0.3;Good;F;IF;58.8;61;4.35;4.39;2.57;796
0.3;Premium;H;VVS1;60.7;58;4.38;4.35;2.65;796
0.43;Premium;D;SI1;62.4;60;4.79;4.82;3;796
0.41;Very Good;J;VS1;63.2;59;4.7;4.67;2.96;797
0.33;Premium;G;VS1;60.3;58;4.52;4.5;2.72;797
0.33;Premium;G;VS1;61.6;57;4.51;4.42;2.75;797
0.32;Very Good;F;VS1;60;62;4.44;4.49;2.68;798
0.4;Very Good;F;SI1;63.3;57;4.68;4.73;2.98;798
0.42;Very Good;G;SI1;61.9;55;4.78;4.88;2.99;798
0.31;Ideal;G;VVS1;60.5;57;4.39;4.43;2.67;798
0.37;Ideal;G;VS1;60.9;57;4.65;4.68;2.84;798
0.4;Fair;G;VS1;57.1;64;4.88;4.9;2.79;798
0.4;Very Good;E;SI2;63.1;57;4.72;4.7;2.97;798
0.4;Premium;E;SI2;58.7;59;4.82;4.78;2.82;798
0.4;Good;E;SI2;64.2;57;4.7;4.68;3.01;798
0.4;Very Good;E;SI2;63.5;56;4.71;4.68;2.98;798
0.4;Good;E;SI2;63.9;57;4.71;4.65;2.99;798
0.4;Ideal;D;SI2;61.3;56;4.77;4.72;2.91;798
0.4;Very Good;D;SI2;63.1;57;4.75;4.72;2.99;798
0.4;Good;D;SI2;63.8;54;4.73;4.7;3.01;798
0.4;Premium;D;SI2;63;59;4.69;4.64;2.94;798
0.4;Good;D;SI2;63.9;53;4.71;4.68;3;798
0.4;Very Good;D;SI2;63.1;56;4.67;4.65;2.94;798
0.4;Very Good;D;SI2;63.4;59;4.7;4.67;2.97;798
0.35;Ideal;G;VVS2;61;57;4.54;4.58;2.78;798
0.35;Premium;H;VVS1;59.9;59;4.57;4.61;2.75;798
0.35;Ideal;H;VVS1;61.5;57;4.53;4.54;2.79;798
0.35;Very Good;G;VVS2;62.4;56;4.47;4.53;2.81;798
0.35;Ideal;G;VVS2;62.1;56;4.47;4.51;2.79;798
0.42;Ideal;G;VVS2;62;56;4.79;4.83;2.98;798
0.35;Ideal;H;VVS1;62.3;55;4.51;4.55;2.82;798
0.35;Very Good;H;VVS1;62.6;57;4.45;4.47;2.79;798
0.35;Premium;H;VVS1;60.6;60;4.51;4.57;2.75;798
0.35;Premium;H;VVS1;61.2;60;4.51;4.54;2.77;798
0.35;Very Good;G;VVS2;62.8;58;4.44;4.48;2.8;798
0.35;Very Good;G;VVS2;62.2;58;4.49;4.54;2.81;798
0.35;Very Good;H;VVS1;61.2;60;4.5;4.55;2.77;798
0.35;Ideal;H;VVS1;61.7;56;4.53;4.55;2.8;798
0.35;Premium;H;VVS1;62.1;58;4.46;4.52;2.79;798
0.39;Very Good;G;VS1;62.7;58;4.63;4.69;2.92;798
0.42;Ideal;G;SI1;62;54;4.85;4.82;3;799
0.27;Premium;E;VVS2;59;59;4.27;4.24;2.51;799
0.27;Ideal;E;VVS2;62.2;55;4.17;4.12;2.58;799
0.27;Ideal;E;VVS2;62.1;57;4.15;4.13;2.57;799
0.27;Premium;E;VVS1;60.6;58;4.2;4.18;2.54;799
0.27;Ideal;E;VVS2;61.8;57;4.16;4.12;2.56;799
0.27;Ideal;E;VVS2;63;56;4.14;4.12;2.6;799
0.27;Ideal;E;VVS2;62;55;4.14;4.12;2.56;799
0.27;Ideal;E;VVS2;62.5;57;4.13;4.1;2.57;799
0.27;Ideal;E;VVS1;62.3;56;4.17;4.15;2.59;799
0.27;Ideal;D;VVS2;62.6;56;4.15;4.13;2.59;799
0.27;Ideal;D;VVS1;61.9;57;4.18;4.15;2.58;799
0.27;Premium;D;VVS2;62.2;59;4.12;4.08;2.55;799
0.27;Ideal;D;VVS2;62.3;57;4.15;4.13;2.58;799
0.27;Ideal;D;VVS1;62.2;56;4.15;4.12;2.57;799
0.3;Fair;E;VS1;64.5;56;4.26;4.2;2.73;799
0.3;Premium;F;VS1;59.8;60;4.39;4.31;2.6;799
0.3;Ideal;G;IF;62.4;55;4.3;4.32;2.69;799
0.41;Very Good;G;VS2;61.4;57;4.76;4.81;2.94;800
0.32;Ideal;F;VVS2;62.1;55;4.37;4.39;2.72;800
0.32;Ideal;F;VVS2;61.2;57;4.42;4.44;2.71;800
0.32;Ideal;F;VVS2;60.9;56;4.44;4.46;2.71;800
0.32;Ideal;F;VVS2;61.2;55;4.43;4.46;2.72;800
0.38;Ideal;I;VVS1;62.4;54.8;4.64;4.66;2.9;800
0.4;Ideal;H;VS2;61.6;57;4.71;4.74;2.91;800
0.36;Ideal;D;VS2;61.8;55;4.58;4.61;2.84;800
0.31;Ideal;E;VS1;62;55;4.35;4.38;2.7;800
0.31;Ideal;E;VS1;61.7;53;4.36;4.39;2.7;800
0.31;Ideal;E;VS1;61.3;55;4.4;4.43;2.7;800
0.43;Ideal;G;SI2;61.1;55;4.92;4.9;3;800
0.38;Ideal;F;VS2;62;56;4.63;4.66;2.88;800
0.38;Very Good;F;VS2;60.9;56;4.67;4.72;2.86;800
0.38;Premium;F;VS2;60.5;59;4.67;4.72;2.84;800
0.38;Ideal;G;VS1;62.5;56;4.64;4.58;2.88;800
0.38;Very Good;F;VS2;61.9;59;4.61;4.66;2.87;800
0.38;Ideal;F;VS2;62.1;57;4.61;4.67;2.88;800
0.38;Very Good;F;VS2;62.8;57;4.58;4.62;2.89;800
0.4;Premium;E;VS1;61.5;58;4.73;4.76;2.92;800
0.38;Ideal;F;VS2;62.2;57;4.6;4.63;2.87;800
0.33;Very Good;F;VVS2;61.6;57;4.44;4.46;2.74;801
0.33;Very Good;F;VVS2;61.2;55;4.45;4.47;2.73;801
0.41;Very Good;F;SI1;62.4;60;4.73;4.75;2.96;801
0.41;Ideal;G;VS2;60.7;56;4.77;4.82;2.91;801
0.36;Ideal;E;VS2;61.5;56.2;4.56;4.6;2.82;801
0.36;Ideal;D;SI1;61.6;56;4.59;4.6;2.83;801
0.32;Good;E;VVS1;59.4;61;4.45;4.48;2.65;801
0.32;Good;E;VS2;58.8;63;4.48;4.54;2.65;801
0.31;Premium;F;VVS1;59.7;59;4.45;4.49;2.67;801
0.31;Ideal;F;VVS1;61.9;55;4.37;4.42;2.72;801
0.31;Ideal;G;IF;62;54;4.35;4.39;2.71;801
0.31;Ideal;E;VVS1;62.4;56;4.35;4.37;2.72;801
0.33;Ideal;E;VVS2;61.4;55;4.46;4.5;2.75;802
0.33;Ideal;E;VVS2;61;57;4.46;4.49;2.73;802
0.3;Ideal;D;VVS2;59.4;60;4.39;4.47;2.63;802
0.33;Ideal;G;VVS1;61.8;59;4.45;4.48;2.76;802
0.33;Ideal;G;VVS1;60.4;58;4.5;4.51;2.72;802
0.32;Ideal;G;VVS1;62.1;54;4.4;4.43;2.74;802
0.3;Ideal;F;VVS1;61.8;54;4.33;4.37;2.69;802
0.3;Ideal;F;VVS1;62;55;4.3;4.34;2.68;802
0.3;Ideal;F;VVS1;62.4;54;4.31;4.35;2.7;802
0.3;Ideal;F;VVS1;61.2;55;4.33;4.36;2.66;802
0.3;Ideal;F;VVS1;62.1;55;4.31;4.35;2.69;802
0.3;Ideal;F;VVS1;61.9;56;4.29;4.33;2.67;802
0.3;Ideal;F;VVS1;58;60;4.34;4.37;2.64;802
0.34;Ideal;D;VS2;61.9;55;4.49;4.52;2.79;802
0.39;Ideal;G;VS1;61.8;55;4.72;4.76;2.93;802
0.31;Premium;F;VS2;61.2;58;4.37;4.35;2.67;802
0.31;Ideal;F;VS2;62.1;57;4.36;4.34;2.7;802
0.31;Premium;F;VS2;59.7;60;4.42;4.39;2.63;802
0.31;Premium;F;VS2;59;59;4.47;4.44;2.63;802
0.31;Ideal;G;VS1;61.3;56;4.38;4.36;2.68;802
0.31;Premium;H;VVS2;61.2;60;4.39;4.37;2.68;802
0.31;Ideal;H;VVS2;61.5;56;4.37;4.35;2.68;802
0.31;Premium;H;VVS2;61.4;59;4.38;4.35;2.68;802
0.31;Ideal;H;VVS2;62.3;55;4.37;4.36;2.72;802
0.26;Ideal;G;VS1;61.4;56;4.12;4.16;2.54;456
0.32;Ideal;E;SI2;61.3;56;4.42;4.45;2.72;456
0.33;Ideal;I;SI1;62;53.5;4.46;4.5;2.78;456
0.3;Good;G;VS2;63.5;58;4.24;4.29;2.71;456
0.25;Very Good;G;VVS1;59.4;63;4.07;4.11;2.43;457
0.34;Very Good;I;VS2;61.6;56;4.47;4.51;2.76;457
0.3;Very Good;H;VS2;62.6;57;4.25;4.28;2.67;457
0.3;Ideal;H;VS2;62.1;55;4.3;4.33;2.68;457
0.3;Ideal;H;VS2;62;57;4.27;4.31;2.66;457
0.3;Ideal;I;VS1;62.3;55;4.3;4.34;2.69;457
0.3;Ideal;I;VS1;62.5;54;4.3;4.34;2.7;457
0.3;Ideal;I;VS1;62;57;4.26;4.29;2.65;457
0.31;Ideal;H;SI1;61.5;56.5;4.34;4.36;2.67;457
0.31;Good;I;VS1;63.9;55;4.28;4.3;2.74;457
0.31;Very Good;H;VS2;58.9;61;4.43;4.46;2.62;457
0.23;Very Good;E;VVS2;61.4;55;3.92;3.99;2.43;458
0.23;Very Good;D;VVS2;62.4;53;3.94;3.95;2.46;458
0.23;Very Good;D;VVS1;59.7;58;3.97;4.04;2.39;458
0.28;Very Good;D;VS1;60.5;58;4.23;4.26;2.57;458
0.23;Good;F;VVS1;58.1;52;4.03;4.1;2.36;458
0.23;Good;E;VVS1;60.6;65;3.95;3.97;2.4;458
0.28;Good;E;VS1;63.1;55;4.15;4.18;2.63;458
0.31;Very Good;F;SI1;58.8;59;4.44;4.5;2.63;459
0.27;Ideal;I;VVS2;62.1;55;4.17;4.2;2.6;459
0.36;Ideal;J;VS2;61.5;55;4.6;4.63;2.84;459
0.27;Ideal;G;VS2;61.4;55;4.19;4.21;2.58;459
0.25;Ideal;G;VS2;61.4;57;4.08;4.1;2.51;459
0.25;Ideal;G;VS2;61.8;58;4.04;4.08;2.51;459
0.32;Ideal;G;SI2;61.6;56;4.4;4.43;2.72;459
0.34;Very Good;I;SI1;60.4;56;4.54;4.56;2.75;459
0.31;Ideal;H;VVS2;62.2;55;4.36;4.35;2.71;802
0.31;Ideal;H;VVS2;62.5;55;4.37;4.34;2.72;802
0.31;Premium;H;VVS2;60.6;60;4.38;4.34;2.64;802
0.31;Premium;H;VVS2;61.2;59;4.38;4.34;2.67;802
0.31;Ideal;H;VVS2;62.4;56;4.38;4.34;2.72;802
0.31;Premium;H;VVS2;61.9;58;4.36;4.33;2.69;802
0.31;Ideal;H;VVS2;61.8;56;4.36;4.34;2.69;802
0.31;Ideal;H;VVS2;61.1;56;4.37;4.33;2.66;802
0.31;Ideal;H;VVS2;62.6;56;4.37;4.32;2.72;802
0.31;Premium;H;VVS2;61.4;58;4.37;4.32;2.67;802
0.31;Ideal;H;VVS2;62.4;57;4.36;4.32;2.71;802
0.31;Ideal;H;VVS2;62.4;57;4.36;4.32;2.71;802
0.31;Ideal;H;VVS2;62.2;57;4.36;4.32;2.7;802
0.31;Premium;H;VVS2;61.4;58;4.35;4.32;2.66;802
0.31;Premium;H;VVS2;62.3;60;4.36;4.31;2.7;802
0.31;Premium;H;VVS2;62.4;59;4.35;4.31;2.7;802
0.31;Good;H;VVS2;63.7;55;4.32;4.28;2.74;802
0.31;Good;H;VVS2;63.6;56;4.33;4.28;2.74;802
0.31;Very Good;H;VVS2;63.4;56;4.32;4.29;2.73;802
0.31;Premium;H;VVS2;62.6;60;4.33;4.29;2.7;802
0.31;Ideal;H;VVS2;62.8;57;4.33;4.3;2.71;802
0.31;Premium;H;VVS2;61.9;58;4.33;4.3;2.67;802
0.31;Premium;H;VVS2;62.4;58;4.31;4.28;2.68;802
0.31;Premium;H;VVS2;62.6;58;4.31;4.28;2.69;802
0.31;Premium;G;VS1;59.5;59;4.47;4.4;2.64;802
0.31;Ideal;G;VS1;61.5;56;4.43;4.39;2.71;802
0.31;Ideal;G;VS1;61;55;4.43;4.39;2.69;802
0.31;Premium;G;VS1;61.2;60;4.39;4.37;2.68;802
0.31;Ideal;G;VS1;61.4;56;4.37;4.36;2.68;802
0.31;Premium;G;VS1;59.6;61;4.38;4.35;2.6;802
0.31;Premium;G;VS1;61.2;59;4.37;4.35;2.67;802
0.31;Ideal;G;VS1;62.4;55;4.35;4.33;2.71;802
0.31;Ideal;G;VS1;62.1;55;4.36;4.33;2.7;802
0.31;Ideal;G;VS1;62.1;55;4.37;4.33;2.7;802
0.31;Ideal;G;VS1;62.5;57;4.37;4.34;2.72;802
0.31;Premium;G;VS1;62.4;59;4.34;4.32;2.7;802
0.31;Premium;G;VS1;61.8;59;4.35;4.32;2.68;802
0.31;Premium;G;VS1;62.2;56;4.36;4.32;2.7;802
0.31;Premium;G;VS1;60.8;61;4.35;4.33;2.64;802
0.31;Premium;G;VS1;62.1;58;4.35;4.31;2.69;802
0.31;Premium;G;VS1;62.1;58;4.36;4.31;2.69;802
0.31;Premium;G;VS1;61.2;60;4.33;4.3;2.64;802
0.31;Premium;G;VS1;62.9;58;4.35;4.3;2.72;802
0.31;Premium;G;VS1;62.4;58;4.34;4.31;2.7;802
0.31;Ideal;G;VS1;62.9;57;4.32;4.3;2.71;802
0.31;Premium;G;VS1;63;57;4.32;4.28;2.71;802
0.31;Very Good;G;VS1;63.2;57;4.33;4.28;2.72;802
0.31;Very Good;G;VS1;63.2;56;4.32;4.29;2.72;802
0.31;Very Good;G;VS1;63.3;56;4.33;4.29;2.73;802
0.31;Good;G;VS1;63.8;57;4.33;4.29;2.75;802
0.31;Very Good;G;VS1;63.1;59;4.29;4.27;2.7;802
0.31;Premium;G;VS1;62.8;58;4.3;4.27;2.69;802
0.31;Good;G;VS1;63.7;56;4.3;4.27;2.73;802
0.31;Very Good;G;VS1;63.2;56;4.29;4.28;2.71;802
0.31;Premium;F;VS2;61.4;58;4.4;4.36;2.69;802
0.31;Ideal;F;VS2;60.8;56;4.41;4.38;2.67;802
0.31;Premium;F;VS2;59.3;60;4.41;4.39;2.61;802
0.31;Premium;F;VS2;61.6;58;4.38;4.35;2.69;802
0.31;Ideal;F;VS2;61.9;54;4.38;4.35;2.7;802
0.31;Ideal;F;VS2;62.3;55;4.38;4.35;2.72;802
0.31;Ideal;F;VS2;62;56;4.39;4.35;2.71;802
0.31;Ideal;F;VS2;61.6;55;4.37;4.36;2.69;802
0.31;Ideal;F;VS2;60.8;57;4.39;4.36;2.66;802
0.31;Ideal;F;VS2;62.1;53;4.39;4.34;2.71;802
0.31;Premium;F;VS2;61.5;56;4.41;4.34;2.69;802
0.31;Premium;F;VS2;60.8;60;4.37;4.34;2.65;802
0.31;Ideal;F;VS2;61.5;56;4.37;4.34;2.68;802
0.31;Premium;F;VS2;61.7;58;4.38;4.34;2.69;802
0.31;Premium;F;VS2;62.3;60;4.35;4.32;2.7;802
0.31;Ideal;F;VS2;61.8;56;4.37;4.33;2.69;802
0.31;Ideal;F;VS2;62.3;55;4.37;4.33;2.71;802
0.31;Ideal;F;VS2;62.8;57;4.36;4.34;2.73;802
0.31;Very Good;F;VS2;63.4;56;4.34;4.31;2.74;802
0.31;Ideal;F;VS2;61.9;55;4.35;4.31;2.68;802
0.31;Premium;F;VS2;62;58;4.37;4.31;2.69;802
0.31;Premium;F;VS2;61.4;55;4.34;4.32;2.66;802
0.31;Premium;F;VS2;61.4;62;4.34;4.32;2.66;802
0.31;Premium;F;VS2;61.3;59;4.34;4.31;2.65;802
0.31;Ideal;F;VS2;62.4;56;4.34;4.31;2.7;802
0.31;Premium;F;VS2;62.4;58;4.34;4.31;2.7;802
0.31;Ideal;F;VS2;62.3;57;4.34;4.3;2.69;802
0.31;Premium;F;VS2;62.7;59;4.34;4.3;2.71;802
0.31;Ideal;F;VS2;62.7;57;4.34;4.3;2.71;802
0.31;Premium;F;VS2;61.8;59;4.33;4.31;2.67;802
0.31;Ideal;F;VS2;62.9;56;4.32;4.3;2.71;802
0.31;Ideal;F;VS2;62.3;55;4.33;4.3;2.69;802
0.31;Premium;F;VS2;62.3;59;4.33;4.3;2.69;802
0.31;Ideal;F;VS2;61.3;57;4.34;4.3;2.65;802
0.31;Premium;F;VS2;62;60;4.34;4.3;2.68;802
0.31;Ideal;F;VS2;62.6;55;4.33;4.29;2.7;802
0.31;Ideal;F;VS2;62.6;57;4.33;4.29;2.7;802
0.31;Premium;F;VS2;62.3;59;4.34;4.29;2.69;802
0.31;Very Good;F;VS2;63.4;56;4.32;4.29;2.73;802
0.31;Good;F;VS2;63.9;56;4.32;4.29;2.75;802
0.31;Premium;F;VS2;62.9;58;4.31;4.27;2.7;802
0.31;Premium;F;VS2;62.9;59;4.32;4.27;2.7;802
0.31;Ideal;F;VS2;62.6;57;4.33;4.27;2.69;802
0.31;Ideal;F;VS2;62.8;56;4.32;4.28;2.7;802
0.31;Premium;F;VS2;59.7;58;4.48;4.43;2.66;802
0.31;Ideal;F;VS2;61.9;55;4.39;4.37;2.71;802
0.33;Ideal;E;VS1;60;57;4.5;4.47;2.69;802
0.31;Premium;G;VS1;62.2;58;4.38;4.34;2.71;802
0.31;Premium;G;VS1;62;59;4.3;4.28;2.66;802
0.32;Ideal;F;VVS1;61.5;56;4.39;4.42;2.71;803
0.31;Ideal;D;VS2;60.7;57;4.37;4.4;2.66;803
0.33;Ideal;D;VS2;60.7;56;4.48;4.5;2.73;803
0.36;Ideal;F;VS1;61.5;55;4.57;4.61;2.82;803
0.36;Ideal;F;VS1;61.3;54;4.63;4.65;2.84;803
0.36;Ideal;F;VS1;61.3;55;4.59;4.61;2.82;803
0.36;Ideal;F;VS1;60.8;56;4.61;4.64;2.81;803
0.43;Ideal;E;SI1;61.2;56.2;4.87;4.89;2.99;803
0.42;Premium;I;SI1;62.6;58;4.8;4.76;2.99;803
0.34;Premium;D;SI1;60.2;60;4.54;4.5;2.72;803
0.34;Premium;D;SI1;62.8;58;4.48;4.44;2.8;803
0.34;Very Good;D;SI1;63.1;57;4.46;4.44;2.81;803
0.34;Ideal;D;SI1;62.3;57;4.48;4.44;2.78;803
0.42;Premium;I;SI1;61.2;60;4.82;4.78;2.94;803
0.34;Premium;I;VVS1;61.9;58;4.52;4.43;2.77;803
0.34;Premium;I;VVS1;62.6;58;4.47;4.45;2.79;803
0.34;Premium;I;VVS1;60.5;59;4.54;4.48;2.73;803
0.34;Premium;I;VVS1;62.4;59;4.44;4.4;2.76;803
0.34;Premium;D;SI1;59.7;59;4.57;4.54;2.72;803
0.34;Premium;D;SI1;59.6;59;4.57;4.55;2.72;803
0.34;Ideal;D;SI1;61.5;53;4.53;4.51;2.78;803
0.34;Ideal;D;SI1;60.6;56;4.54;4.51;2.74;803
0.34;Ideal;D;SI1;60.1;57;4.56;4.52;2.73;803
0.34;Ideal;D;SI1;61.2;57;4.51;4.48;2.75;803
0.34;Premium;D;SI1;59.6;61;4.53;4.5;2.69;803
0.34;Premium;D;SI1;59.8;61;4.53;4.5;2.7;803
0.34;Ideal;D;SI1;60.4;57;4.53;4.51;2.73;803
0.34;Ideal;D;SI1;61.3;57;4.5;4.44;2.74;803
0.34;Ideal;D;SI1;62.7;56;4.48;4.45;2.8;803
0.34;Ideal;D;SI1;62.8;55;4.5;4.45;2.81;803
0.34;Premium;D;SI1;61.2;58;4.49;4.47;2.74;803
0.34;Ideal;D;SI1;62;56;4.5;4.47;2.78;803
0.34;Premium;D;SI1;62.7;59;4.45;4.42;2.78;803
0.34;Premium;D;SI1;62.4;58;4.46;4.42;2.77;803
0.34;Premium;D;SI1;62;59;4.48;4.42;2.76;803
0.34;Premium;D;SI1;62;56;4.47;4.43;2.76;803
0.45;Premium;G;SI2;62;62;4.96;4.86;3.05;803
0.34;Ideal;I;VVS1;61.8;56;4.5;4.47;2.77;803
0.37;Premium;D;VS1;60.2;60;4.63;4.68;2.8;803
0.32;Ideal;D;VVS2;61.2;56;4.39;4.43;2.7;803
0.31;Ideal;D;VS2;62.1;54;4.4;4.36;2.72;804
0.31;Ideal;E;VS1;60.2;56;4.44;4.39;2.66;804
0.32;Very Good;D;VVS2;61.1;59;4.39;4.42;2.69;804
0.43;Very Good;F;VS2;62.5;60;4.81;4.86;3.02;804
0.31;Ideal;D;VVS2;61.2;56;4.35;4.37;2.67;804
0.32;Ideal;D;VVS2;60.3;58;4.43;4.46;2.68;804
0.4;Ideal;G;VS2;62.6;56;4.69;4.74;2.95;804
0.33;Ideal;F;VS2;61.1;56;4.47;4.5;2.74;804
0.33;Premium;E;VS2;61.9;58;4.47;4.42;2.75;804
0.32;Ideal;E;VS2;62;55;4.41;4.37;2.72;804
0.31;Ideal;D;VS2;61.6;55;4.4;4.37;2.7;804
0.31;Ideal;D;VS2;60.2;56;4.46;4.41;2.67;804
0.31;Ideal;E;VS1;61.4;56;4.38;4.35;2.68;804
0.39;Very Good;I;VVS1;61.3;58;4.74;4.78;2.92;805
0.31;Ideal;D;VVS2;61.2;59;4.37;4.39;2.68;805
0.39;Ideal;I;VVS1;60.8;56;4.76;4.78;2.9;805
0.38;Ideal;E;VS2;62;54.2;4.66;4.68;2.89;805
0.34;Ideal;D;VS2;60.6;57;4.51;4.53;2.74;805
0.34;Very Good;D;VS2;62.9;56;4.44;4.5;2.81;805
0.34;Ideal;E;VS1;61.2;57;4.45;4.51;2.74;805
0.34;Ideal;E;VS1;62.4;55;4.44;4.47;2.78;805
0.34;Ideal;D;VS2;62;54;4.48;4.52;2.79;805
0.34;Ideal;E;VS1;61;57;4.49;4.52;2.75;805
0.34;Premium;D;VS2;62.1;58;4.45;4.5;2.78;805
0.34;Ideal;E;VS1;62.1;56;4.48;4.5;2.79;805
0.34;Ideal;E;VS1;62.2;55;4.49;4.52;2.8;805
0.34;Ideal;D;VS2;62.1;55;4.46;4.49;2.78;805
0.34;Ideal;D;VS2;62.3;55;4.45;4.48;2.78;805
0.34;Ideal;E;VS1;61.8;56;4.47;4.51;2.78;805
0.34;Ideal;D;VS2;61.3;57;4.47;4.5;2.75;805
0.34;Very Good;D;VS2;62.9;55;4.43;4.47;2.8;805
0.34;Ideal;E;VS1;62;56;4.48;4.52;2.79;805
0.34;Ideal;E;VS1;61.2;57;4.45;4.5;2.74;805
0.34;Ideal;D;VS2;62.4;53;4.49;4.52;2.81;805
0.34;Ideal;D;VS2;61.4;56;4.5;4.53;2.77;805
0.34;Premium;D;VS2;60.4;60;4.51;4.56;2.74;805
0.34;Premium;D;VS2;59.3;58;4.52;4.55;2.69;805
0.34;Ideal;D;VS2;62.5;57;4.4;4.47;2.77;805
0.34;Ideal;E;VS1;61.8;57;4.47;4.5;2.77;805
0.34;Ideal;D;VS2;62;55;4.45;4.48;2.77;805
0.34;Ideal;D;VS2;62;55;4.45;4.49;2.77;805
0.34;Premium;E;VS1;59.9;58;4.54;4.58;2.73;805
0.34;Ideal;E;VS1;60.8;57;4.49;4.53;2.74;805
0.34;Ideal;D;VS2;60.8;57;4.5;4.52;2.74;805
0.33;Very Good;G;VVS2;59.7;59;4.48;4.53;2.69;806
0.35;Ideal;F;VVS2;61.3;55;4.57;4.6;2.81;806
0.33;Ideal;G;VVS1;60.9;56.7;4.47;4.49;2.73;806
0.33;Ideal;E;VS1;61.5;54;4.46;4.49;2.75;806
0.33;Ideal;H;IF;61.8;55.2;4.44;4.47;2.76;806
0.32;Premium;F;VVS2;62.2;59;4.41;4.34;2.72;806
0.6;Premium;H;I1;60.1;60;5.51;5.44;3.29;806
0.42;Ideal;I;VS2;61;54;4.84;4.87;2.96;807
0.35;Ideal;G;VS2;61.3;56;4.55;4.58;2.8;807
0.44;Ideal;I;VS1;61.1;56;4.92;4.96;3.02;807
0.44;Ideal;I;VS1;61.8;55;4.89;4.92;3.03;807
0.46;Ideal;G;SI2;61.1;57;4.97;5.01;3.05;807
0.46;Ideal;H;SI1;61.7;55;4.99;5.02;3.09;807
0.29;Premium;E;VVS1;60.9;61;4.27;4.23;2.59;807
0.36;Premium;F;VS2;62;59;4.56;4.51;2.81;807
0.36;Ideal;F;VS2;61.5;55;4.6;4.57;2.82;807
0.43;Ideal;D;SI1;61.6;56;4.82;4.86;2.98;807
0.4;Ideal;I;VVS2;62;56;4.74;4.77;2.95;807
0.4;Ideal;I;VVS2;62.4;55;4.7;4.73;2.94;807
0.4;Very Good;G;VS2;62.9;56;4.69;4.72;2.96;807
0.4;Ideal;G;VS2;62.3;57;4.7;4.71;2.93;807
0.4;Very Good;H;VS1;62.7;56;4.71;4.73;2.96;807
0.4;Premium;H;VS1;62.6;58;4.66;4.73;2.94;807
0.4;Good;H;VS1;63.4;58;4.74;4.66;2.98;807
0.4;Ideal;G;VS2;61.2;57;4.73;4.78;2.91;807
0.4;Premium;H;VS1;62.4;60;4.69;4.74;2.94;807
0.4;Good;G;VS2;63.8;59;4.64;4.57;2.94;807
0.4;Very Good;H;VS1;62.6;58;4.68;4.71;2.94;807
0.4;Good;G;VS2;63.5;56;4.68;4.7;2.98;807
0.4;Very Good;G;VS2;62.8;61;4.63;4.67;2.92;807
0.4;Ideal;H;VS1;61.8;56;4.74;4.78;2.94;807
0.4;Premium;H;VS1;62.6;58;4.68;4.71;2.94;807
0.31;Very Good;F;VVS1;61.3;56;4.35;4.37;2.67;808
0.39;Very Good;E;VS2;60;56;4.76;4.81;2.87;808
0.32;Ideal;E;VVS2;61;55;4.43;4.45;2.71;808
0.38;Ideal;D;VS2;60.7;56;4.69;4.74;2.86;808
0.32;Ideal;D;VS2;61.5;55;4.43;4.45;2.73;808
0.35;Ideal;I;IF;61.8;53;4.55;4.57;2.81;808
0.32;Very Good;D;VVS2;60;57;4.45;4.49;2.68;809
0.46;Very Good;F;SI2;61.5;56;4.98;5.01;3.07;809
0.38;Ideal;I;VVS2;63.4;53;4.61;4.63;2.93;809
0.32;Ideal;D;VVS2;61.6;54;4.41;4.46;2.73;809
0.32;Ideal;F;VVS1;61.7;56;4.37;4.42;2.71;809
0.37;Ideal;G;VS2;60.5;56;4.65;4.68;2.82;809
0.41;Ideal;F;VS2;61.7;54;4.79;4.81;2.96;809
0.38;Good;D;VS2;64.1;55;4.58;4.62;2.95;809
0.37;Ideal;G;VS1;61;55;4.66;4.68;2.85;810
0.41;Ideal;G;SI2;60.9;56;4.84;4.81;2.94;810
0.36;Ideal;E;SI1;61.6;56;4.59;4.56;2.82;810
0.36;Ideal;E;SI1;61.9;56;4.58;4.53;2.82;810
0.36;Ideal;E;SI1;62.4;55;4.55;4.52;2.83;810
0.36;Premium;H;VS1;60.8;59;4.62;4.59;2.8;810
0.36;Premium;H;VS1;61.6;59;4.57;4.52;2.8;810
0.4;Very Good;J;VS1;63.2;57;4.73;4.7;2.98;810
0.4;Ideal;J;VS1;62.6;55;4.75;4.71;2.96;810
0.4;Premium;J;VS1;60.7;60;4.79;4.76;2.9;810
0.4;Premium;J;VS1;59.7;59;4.83;4.79;2.87;810
0.4;Premium;J;VS1;63;58;4.7;4.66;2.95;810
0.4;Very Good;J;VS1;63.4;58;4.64;4.61;2.93;810
0.4;Premium;F;SI2;62.6;60;4.68;4.65;2.92;810
0.36;Ideal;H;VS1;61.8;57;4.6;4.56;2.83;810
0.36;Premium;H;VS1;60.5;59;4.63;4.6;2.79;810
0.36;Premium;E;SI1;60.9;60;4.61;4.56;2.79;810
0.36;Premium;E;SI1;61.3;56;4.62;4.58;2.82;810
0.36;Ideal;E;SI1;61.4;57;4.59;4.56;2.81;810
0.36;Ideal;E;SI1;62.1;56;4.59;4.56;2.84;810
0.36;Ideal;E;SI1;62.4;55;4.58;4.55;2.85;810
0.36;Premium;E;SI1;60.8;59;4.59;4.56;2.78;810
0.36;Very Good;E;SI1;63.1;58;4.54;4.49;2.85;810
0.36;Ideal;E;SI1;62.9;56;4.57;4.52;2.86;810
0.36;Ideal;E;SI1;62;57;4.57;4.53;2.82;810
0.3;Very Good;I;IF;63.3;57;4.3;4.23;2.7;810
0.3;Premium;I;IF;60.5;59;4.34;4.32;2.62;810
0.3;Very Good;I;IF;63.3;56;4.26;4.21;2.68;810
0.36;Fair;F;VS1;55.3;67;4.79;4.72;2.63;810
0.44;Premium;H;VS2;61.3;58;4.88;4.91;3;810
0.42;Ideal;D;SI1;61.7;56;4.79;4.83;2.97;810
0.33;Premium;G;VVS1;61.5;59;4.42;4.46;2.73;810
0.33;Ideal;F;VVS2;62.2;56;4.43;4.45;2.76;810
0.42;Ideal;D;SI1;62.4;57;4.77;4.84;3;810
0.44;Ideal;F;SI1;61;57;4.89;4.91;2.99;810
0.33;Ideal;F;VVS2;61.3;56;4.44;4.46;2.73;810
0.42;Ideal;D;SI1;62;55;4.83;4.84;3;810
0.44;Very Good;E;SI1;62.9;58;4.85;4.88;3.06;810
0.42;Premium;D;SI1;59.8;59;4.86;4.91;2.92;810
0.33;Ideal;F;VVS2;61.9;56;4.42;4.46;2.75;810
0.44;Very Good;I;VS1;62.8;56;4.83;4.88;3.05;810
0.42;Very Good;D;SI1;62.8;58;4.76;4.79;3;810
0.33;Ideal;G;VVS1;62.3;55;4.42;4.44;2.76;810
0.44;Ideal;E;SI1;61.1;56;4.9;4.92;3;810
0.42;Ideal;D;SI1;61.8;57;4.77;4.81;2.96;810
0.42;Ideal;D;SI1;61.5;56;4.81;4.85;2.97;810
0.42;Very Good;D;SI1;60.8;59;4.82;4.85;2.94;810
0.44;Very Good;E;SI1;62.2;60;4.79;4.86;3;810
0.42;Ideal;D;SI1;61.9;56;4.82;4.84;2.99;810
0.44;Ideal;E;SI1;62.6;56;4.84;4.9;3.05;810
0.37;Ideal;H;VVS1;62.3;56;4.56;4.59;2.85;810
0.44;Premium;E;SI1;62.3;59;4.84;4.88;3.03;810
0.42;Ideal;D;SI1;61.9;57;4.77;4.82;2.97;810
0.42;Ideal;D;SI1;62.3;57;4.77;4.8;2.98;810
0.42;Premium;D;SI1;61.9;59;4.76;4.81;2.96;810
0.42;Premium;D;SI1;62.1;59;4.77;4.79;2.97;810
0.42;Premium;D;SI1;61.1;60;4.79;4.83;2.94;810
0.33;Very Good;F;VVS2;62.5;59;4.4;4.47;2.77;810
0.33;Ideal;F;VVS2;61.4;56;4.44;4.49;2.74;810
0.41;Very Good;I;VVS2;61.3;60;4.77;4.82;2.94;811
0.41;Ideal;G;VS2;61.7;54;4.78;4.81;2.96;811
0.37;Ideal;E;VS2;62.7;56;4.55;4.6;2.87;811
0.37;Premium;E;VS2;61;59;4.59;4.63;2.81;811
0.37;Premium;E;VS2;60.3;58;4.63;4.66;2.8;811
0.37;Ideal;E;VS2;61.9;53;4.62;4.65;2.87;811
0.37;Premium;E;VS2;61.5;58;4.61;4.66;2.85;811
0.37;Ideal;E;VS2;62.5;56;4.58;4.61;2.87;811
0.34;Ideal;I;SI1;61.9;57;4.49;4.52;2.79;459
0.34;Ideal;I;SI1;60.2;57;4.5;4.54;2.72;459
0.34;Very Good;I;SI1;62.8;57;4.43;4.45;2.79;459
0.34;Premium;I;SI1;60;58;4.51;4.55;2.72;459
0.34;Ideal;I;SI1;62.3;55;4.42;4.47;2.77;459
0.34;Ideal;I;SI1;62.4;56;4.45;4.49;2.79;459
0.34;Very Good;I;SI1;61.7;56;4.51;4.54;2.79;459
0.34;Ideal;I;SI1;61.9;57;4.44;4.48;2.76;459
0.33;Very Good;G;SI2;60;56;4.52;4.55;2.73;460
0.25;Ideal;F;VS2;62.2;54;4.03;4.07;2.52;460
0.25;Ideal;G;VS1;62.3;53;4.02;4.07;2.52;460
0.35;Good;F;SI2;63.8;56;4.45;4.48;2.85;460
0.35;Very Good;F;SI2;62.8;55;4.48;4.53;2.83;460
0.35;Premium;J;VS1;62.2;58;4.49;4.54;2.81;460
0.24;Very Good;E;VS2;61.7;57;3.99;4.02;2.47;461
0.24;Very Good;F;VS2;61.3;54;4.02;4.07;2.47;461
0.24;Very Good;F;VS1;61;57;4.01;4.04;2.45;461
0.24;Very Good;E;VS1;62.4;56;3.96;3.97;2.47;461
0.31;Ideal;J;VVS1;62.4;54;4.32;4.35;2.7;461
0.31;Ideal;I;VS1;61.9;54;4.33;4.36;2.69;461
0.32;Ideal;G;SI1;61.4;55;4.4;4.46;2.72;461
0.32;Ideal;G;SI1;61.3;57;4.42;4.45;2.72;461
0.3;Ideal;F;SI1;62.3;56;4.27;4.3;2.67;461
0.3;Ideal;F;SI1;62.5;57;4.27;4.31;2.68;461
0.32;Premium;H;SI1;62.3;60;4.36;4.4;2.73;461
0.32;Premium;H;SI1;62;58;4.38;4.39;2.72;461
0.32;Very Good;H;SI1;63;59;4.33;4.37;2.74;461
0.32;Good;H;SI1;63.1;58;4.33;4.36;2.74;461
0.32;Good;H;SI1;63.7;55;4.3;4.33;2.75;461
0.32;Very Good;H;SI1;62.6;55;4.37;4.38;2.74;461
0.37;Very Good;E;VS2;59.5;59;4.64;4.71;2.78;811
0.37;Very Good;E;VS2;61.8;59;4.56;4.6;2.83;811
0.37;Very Good;E;VS2;61.1;57;4.63;4.66;2.84;811
0.37;Ideal;E;VS2;62;57;4.6;4.63;2.86;811
0.37;Ideal;E;VS2;62.6;56;4.56;4.61;2.87;811
0.37;Very Good;E;VS2;58.9;61;4.66;4.68;2.75;811
0.37;Ideal;F;VS1;61.7;56;4.61;4.63;2.85;811
0.37;Ideal;E;VS2;61.6;57;4.61;4.65;2.85;811
0.37;Ideal;F;VS1;61.1;57;4.61;4.65;2.83;811
0.37;Very Good;E;VS2;62.3;59;4.56;4.59;2.85;811
0.37;Ideal;E;VS2;61.5;56;4.59;4.62;2.83;811
0.37;Ideal;E;VS2;61.2;57;4.58;4.64;2.82;811
0.37;Ideal;E;VS2;62.3;56;4.56;4.59;2.85;811
0.37;Very Good;E;VS2;63;58;4.53;4.58;2.87;811
0.37;Premium;E;VS2;59.1;60;4.66;4.68;2.76;811
0.3;Ideal;E;VVS2;61;56;4.33;4.39;2.66;812
0.38;Premium;E;SI2;61.6;57;4.65;4.61;2.85;812
0.38;Premium;D;SI2;61.1;58;4.68;4.62;2.84;812
0.38;Ideal;D;SI2;61.1;56;4.71;4.65;2.86;812
0.38;Premium;D;SI2;62.1;55;4.65;4.62;2.88;812
0.38;Premium;I;VS2;62.5;58;4.61;4.58;2.87;812
0.38;Premium;I;VS2;61.7;59;4.64;4.6;2.85;812
0.38;Premium;I;VS2;61.5;58;4.62;4.61;2.84;812
0.38;Premium;I;VS2;61.8;59;4.64;4.61;2.86;812
0.38;Premium;I;VS2;60.2;58;4.75;4.69;2.84;812
0.38;Premium;H;SI1;59.7;60;4.68;4.66;2.79;812
0.38;Premium;H;SI1;61.2;62;4.66;4.62;2.84;812
0.38;Very Good;H;SI1;63.3;57;4.62;4.58;2.91;812
0.38;Premium;D;SI2;59.2;61;4.72;4.67;2.78;812
0.38;Ideal;E;SI2;61.2;57;4.71;4.67;2.87;812
0.44;Very Good;I;VS1;61.9;57;4.86;4.89;3.01;813
0.34;Ideal;G;VVS1;60.4;56;4.52;4.55;2.74;813
0.3;Ideal;E;VVS1;61;56;4.34;4.38;2.66;813
0.32;Ideal;E;VVS1;60.9;56;4.41;4.43;2.69;813
0.38;Ideal;E;VS2;61.5;55;4.67;4.7;2.88;813
0.44;Ideal;G;SI1;61.1;56;4.92;4.94;3.01;813
0.3;Ideal;G;IF;61.8;55;4.33;4.35;2.68;813
0.4;Fair;E;VS2;64.7;58;4.63;4.67;3.01;813
0.43;Premium;F;SI2;58.3;62;4.97;4.91;2.88;813
0.41;Very Good;G;VS2;61.4;59.2;4.76;4.78;2.93;813
0.31;Good;E;IF;64.2;60;4.22;4.28;2.73;813
0.3;Very Good;E;VVS2;60.7;55;4.35;4.36;2.65;814
0.3;Very Good;F;VVS1;61.1;57;4.31;4.33;2.64;814
0.3;Very Good;F;VVS1;62.6;56;4.27;4.29;2.68;814
0.4;Very Good;E;VS2;59.1;60;4.81;4.84;2.85;814
0.31;Good;F;VS1;56.7;60;4.57;4.5;2.57;814
0.31;Fair;E;VS2;54.2;63;4.61;4.51;2.47;814
0.31;Ideal;F;VVS2;60.2;55;4.43;4.45;2.67;814
0.33;Ideal;E;VVS2;60.9;56;4.45;4.48;2.72;814
0.33;Ideal;E;VVS2;61.2;56;4.46;4.5;2.74;814
0.33;Ideal;E;VVS2;61.2;56;4.44;4.48;2.73;814
0.3;Ideal;D;VVS2;61.7;57;4.33;4.36;2.68;814
0.3;Ideal;D;VVS2;62;53;4.33;4.35;2.69;814
0.3;Ideal;D;VVS2;61.9;55;4.28;4.31;2.66;814
0.3;Ideal;D;VVS2;61.6;58;4.29;4.32;2.65;814
0.3;Ideal;D;VVS2;61.7;55;4.33;4.36;2.68;814
0.3;Ideal;D;VVS2;61.6;57;4.31;4.32;2.66;814
0.3;Ideal;D;VVS2;62.4;54;4.3;4.32;2.69;814
0.3;Ideal;D;VVS2;60.7;58;4.3;4.33;2.62;814
0.3;Ideal;D;VVS2;62.1;57;4.27;4.3;2.66;814
0.3;Ideal;D;VVS2;62.2;55;4.32;4.33;2.69;814
0.32;Ideal;G;VVS1;61.2;55;4.41;4.44;2.71;814
0.32;Ideal;G;VVS1;61.4;57;4.39;4.41;2.7;814
0.32;Ideal;G;VVS1;61.9;55;4.43;4.46;2.75;814
0.32;Ideal;G;VVS1;61.2;55;4.41;4.44;2.71;814
0.32;Ideal;G;VVS1;61.7;56;4.4;4.42;2.72;814
0.32;Ideal;G;VVS1;61.6;55;4.43;4.47;2.74;814
0.32;Ideal;G;VVS1;61.4;57;4.42;4.44;2.72;814
0.32;Ideal;G;VVS1;61.1;55;4.43;4.45;2.71;814
0.32;Ideal;G;VVS1;61.1;55;4.45;4.48;2.73;814
0.32;Ideal;G;VVS1;62.2;53;4.42;4.45;2.76;814
0.32;Ideal;G;VVS1;61.2;56;4.42;4.44;2.71;814
0.32;Ideal;G;VVS1;61.8;55;4.4;4.43;2.73;814
0.32;Ideal;G;VVS1;61.8;54;4.41;4.43;2.73;814
0.32;Ideal;G;VVS1;61.8;54;4.4;4.43;2.73;814
0.3;Ideal;F;VVS1;61.8;57;4.3;4.34;2.67;814
0.3;Ideal;F;VVS1;62.2;57;4.28;4.31;2.67;814
0.3;Ideal;F;VVS1;61.6;58;4.27;4.3;2.64;814
0.3;Ideal;F;VVS1;62.6;55;4.28;4.31;2.69;814
0.3;Ideal;F;VVS1;61.6;55;4.33;4.37;2.68;814
0.3;Ideal;F;VVS1;62.5;57;4.26;4.29;2.67;814
0.3;Ideal;F;VVS1;61.9;54;4.35;4.37;2.7;814
0.3;Ideal;F;VVS1;62.1;54;4.32;4.35;2.69;814
0.3;Ideal;F;VVS1;61.5;58;4.3;4.32;2.65;814
0.3;Ideal;F;VVS1;61.9;58;4.26;4.3;2.65;814
0.3;Ideal;F;VVS1;62.5;55;4.26;4.29;2.67;814
0.3;Ideal;F;VVS1;61.7;58;4.26;4.3;2.64;814
0.3;Ideal;F;VVS1;61.1;56;4.33;4.38;2.66;814
0.3;Ideal;F;VVS1;62;58;4.26;4.29;2.65;814
0.3;Ideal;F;VVS1;62.2;56;4.28;4.3;2.67;814
0.3;Ideal;F;VVS1;61.9;56;4.3;4.33;2.67;814
0.3;Ideal;F;VVS1;61.9;57;4.3;4.32;2.67;814
0.3;Ideal;F;VVS1;62.2;56;4.27;4.31;2.67;814
0.32;Ideal;H;IF;61.2;56;4.4;4.42;2.7;814
0.32;Ideal;H;IF;61.8;55;4.42;4.45;2.74;814
0.32;Ideal;H;IF;61.1;56;4.45;4.48;2.73;814
0.32;Ideal;H;IF;61.2;57;4.41;4.44;2.71;814
0.32;Ideal;H;IF;61.6;55;4.41;4.42;2.72;814
0.32;Ideal;H;IF;62.6;54;4.38;4.4;2.75;814
0.32;Ideal;H;IF;62;55;4.39;4.42;2.73;814
0.32;Ideal;H;IF;61.6;54;4.41;4.49;2.74;814
0.32;Ideal;H;IF;61.4;55;4.42;4.47;2.73;814
0.32;Ideal;H;IF;62.2;54;4.37;4.41;2.73;814
0.32;Ideal;H;IF;62.1;54;4.41;4.45;2.75;814
0.4;Good;D;VS2;64.4;56;4.62;4.67;2.99;814
0.26;Ideal;F;VVS1;62.7;55;4.1;4.07;2.56;814
0.26;Ideal;E;VVS1;61.7;56;4.11;4.09;2.53;814
0.26;Premium;E;VVS1;60.9;59;4.12;4.09;2.5;814
0.42;Premium;E;SI2;58.5;60;4.94;4.91;2.88;814
0.47;Premium;I;SI2;61.5;62;5.01;4.95;3.06;814
0.3;Premium;E;VS1;60.2;57;4.37;4.3;2.61;814
0.3;Premium;E;VS1;61.4;59;4.32;4.28;2.64;814
0.32;Premium;E;VVS1;60.8;59;4.43;4.45;2.7;814
0.32;Ideal;E;VVS1;62.5;56;4.38;4.42;2.75;814
0.3;Good;E;VVS2;59.8;64;4.34;4.29;2.58;814
0.32;Ideal;D;VS1;61.4;57;4.4;4.43;2.71;814
0.46;Very Good;F;SI2;62.6;58;4.88;4.96;3.08;815
0.29;Very Good;F;IF;59.9;56;4.35;4.37;2.61;815
0.37;Ideal;G;VVS2;61.6;55;4.62;4.66;2.86;815
0.29;Ideal;E;VVS2;61.9;56;4.22;4.24;2.62;815
0.31;Ideal;D;VVS2;62.4;54;4.35;4.37;2.72;815
0.31;Ideal;D;VVS2;61.7;54;4.38;4.43;2.72;815
0.37;Ideal;H;VVS1;61.4;55;4.64;4.67;2.86;815
0.37;Ideal;H;VVS1;61.9;54;4.63;4.65;2.87;815
0.37;Ideal;H;VVS1;62;53;4.63;4.66;2.88;815
0.31;Ideal;F;VVS1;62.3;54;4.38;4.39;2.73;815
0.31;Ideal;F;VVS1;62;55;4.33;4.35;2.69;815
0.29;Ideal;F;VVS1;61.7;55;4.25;4.28;2.63;815
0.4;Ideal;H;VS1;61.1;57;4.74;4.78;2.91;815
0.29;Ideal;E;IF;61.9;57;4.25;4.29;2.64;815
0.38;Premium;D;SI1;59.1;58;4.77;4.74;2.81;815
0.32;Very Good;E;VVS2;61.6;54;4.43;4.46;2.74;816
0.34;Good;E;VS2;57;61;6.65;4.61;2.64;816
0.32;Ideal;E;VVS2;61.2;56;4.39;4.43;2.7;816
0.32;Ideal;E;VVS2;61.5;56;4.43;4.45;2.73;816
0.32;Ideal;E;VVS2;62.2;53;4.39;4.42;2.74;816
0.39;Ideal;G;VS2;62;57;4.68;4.74;2.92;816
0.34;Ideal;E;VS1;62.2;54.2;4.44;4.47;2.78;816
0.4;Good;G;VS2;59.6;63;4.77;4.81;2.85;816
0.31;Premium;E;VS1;61;60;4.37;4.35;2.66;816
0.31;Premium;E;VS1;61.9;56;4.37;4.32;2.69;816
0.4;Premium;G;SI1;58.3;62;4.86;4.81;2.82;816
0.31;Premium;D;VS2;62.5;52;4.4;4.37;2.74;816
0.31;Premium;D;VS2;61.7;58;4.37;4.32;2.68;816
0.34;Fair;F;VS2;64.7;55;4.52;4.41;2.89;816
0.34;Ideal;E;VS2;59.8;56;4.55;4.54;2.72;816
0.31;Ideal;D;VS2;62.1;55;4.38;4.32;2.7;816
0.31;Ideal;G;VVS1;62.5;57;4.31;4.36;2.71;816
0.31;Ideal;G;VVS1;62.5;55;4.33;4.34;2.71;816
0.31;Ideal;H;IF;60;57;4.39;4.41;2.64;816
0.31;Premium;E;VVS2;61.9;58;4.35;4.38;2.7;816
0.31;Ideal;E;VVS2;61;56;4.39;4.43;2.69;816
0.39;Ideal;I;VS1;62.5;54;4.67;4.7;2.92;816
0.31;Very Good;G;VVS1;63;58;4.29;4.32;2.71;816
0.31;Very Good;G;VVS1;62.5;57;4.3;4.4;2.72;816
0.31;Very Good;G;VVS1;60.4;59;4.37;4.41;2.65;816
0.31;Good;G;VVS1;63.5;57;4.3;4.33;2.74;816
0.31;Ideal;E;VVS2;61.7;56;4.33;4.36;2.68;816
0.31;Premium;G;VVS1;61.1;58;4.32;4.35;2.65;816
0.31;Ideal;E;VVS2;61.6;57;4.33;4.37;2.68;816
0.31;Very Good;E;VVS2;60.8;55;4.38;4.43;2.68;816
0.31;Ideal;H;IF;61.8;56;4.36;4.38;2.7;816
0.31;Premium;G;VVS1;60.7;58;4.37;4.4;2.66;816
0.31;Ideal;G;VVS1;61.9;55;4.3;4.36;2.68;816
0.31;Ideal;G;VVS1;61.2;56;4.34;4.38;2.67;816
0.31;Premium;E;VVS2;61.4;58;4.33;4.36;2.67;816
0.31;Premium;E;VVS2;61.3;60;4.33;4.35;2.66;816
0.31;Ideal;E;VVS2;60.8;57;4.36;4.39;2.66;816
0.31;Very Good;G;VVS1;59.9;62;4.35;4.37;2.61;816
0.31;Premium;G;VVS1;62.1;59;4.34;4.39;2.71;816
0.31;Good;G;VVS1;63.4;57;4.32;4.36;2.75;816
0.31;Ideal;G;VVS1;59.5;56;4.41;4.43;2.63;816
0.31;Ideal;G;VVS1;60.6;57;4.38;4.4;2.66;816
0.31;Premium;G;VVS1;62.2;59;4.3;4.32;2.68;816
0.31;Premium;H;IF;61;58;4.34;4.38;2.66;816
0.31;Good;G;VVS1;63.1;56;4.33;4.35;2.74;816
0.31;Ideal;G;VVS1;61.6;56;4.35;4.39;2.69;816
0.31;Ideal;G;VVS1;60.8;56;4.36;4.39;2.66;816
0.31;Very Good;G;VVS1;62.1;59;4.32;4.35;2.69;816
0.31;Premium;G;VVS1;61.2;59;4.32;4.34;2.65;816
0.31;Premium;G;VVS1;61.4;58;4.32;4.35;2.66;816
0.31;Premium;E;VVS2;60.4;59;4.34;4.37;2.63;816
0.31;Ideal;G;VVS1;61.7;57;4.34;4.38;2.69;816
0.31;Premium;G;VVS1;59.5;60;4.39;4.41;2.62;816
0.31;Premium;G;VVS1;60.5;60;4.33;4.4;2.64;816
0.31;Very Good;G;VVS1;62.8;53;4.34;4.36;2.73;816
0.31;Very Good;G;VVS1;62.6;61;4.28;4.31;2.69;816
0.31;Ideal;G;VVS1;62.5;54;4.33;4.37;2.72;816
0.31;Ideal;H;IF;62.1;54;4.33;4.37;2.7;816
0.31;Premium;H;IF;61.7;58;4.33;4.36;2.68;816
0.31;Ideal;E;VVS2;61.6;55;4.35;4.38;2.69;816
0.31;Premium;G;VVS1;60.2;59;4.38;4.43;2.65;816
0.31;Ideal;G;VVS1;60.7;57;4.37;4.4;2.66;816
0.31;Very Good;E;VVS2;61.4;60;4.34;4.36;2.67;816
0.39;Very Good;I;VVS2;62.7;58;4.65;4.67;2.92;817
0.36;Ideal;F;VVS2;61.4;56;4.58;4.61;2.82;817
0.25;Ideal;F;VVS1;61.3;58;4.04;4.08;2.49;817
0.38;Ideal;G;VS1;62.3;55;4.63;4.68;2.9;817
0.36;Ideal;E;VS1;61.8;56;4.55;4.58;2.82;817
0.3;Ideal;D;VS1;61.9;54.1;4.28;4.33;2.67;817
0.37;Premium;G;VS1;58.4;59;4.76;4.69;2.76;817
0.43;Very Good;G;VS1;58.4;60;4.95;4.98;2.9;817
0.38;Very Good;D;VS2;58.5;59;4.76;4.82;2.8;818
0.43;Ideal;G;SI1;61.7;55;4.89;4.87;3.01;818
0.41;Premium;E;SI2;59.5;62;4.84;4.8;2.87;818
0.41;Ideal;E;SI2;63;57;4.73;4.7;2.97;818
0.41;Very Good;E;SI2;63.4;58;4.75;4.71;3;818
0.41;Premium;E;SI2;62.8;58;4.73;4.69;2.96;818
0.41;Very Good;E;SI2;63.3;56;4.73;4.69;2.98;818
0.41;Very Good;E;SI2;63.5;55;4.73;4.69;2.99;818
0.41;Very Good;E;SI2;63.2;58;4.72;4.68;2.97;818
0.41;Good;E;SI2;63.8;57;4.75;4.68;3.01;818
0.41;Premium;D;SI2;62.3;61;4.75;4.72;2.95;818
0.41;Very Good;D;SI2;63.1;54;4.75;4.72;2.99;818
0.41;Fair;E;SI2;64.7;55;4.7;4.67;3.03;818
0.37;Very Good;E;VS1;62.8;55;4.61;4.63;2.9;818
0.37;Good;E;VS1;63.3;56;4.58;4.61;2.91;818
0.4;Very Good;H;VS1;61.3;59;4.79;4.74;2.92;818
0.34;Very Good;E;VVS2;61.6;58;4.5;4.53;2.78;819
0.34;Very Good;G;VVS1;61.7;56;4.49;4.51;2.78;819
0.34;Very Good;G;VVS1;60.9;57;4.53;4.56;2.76;819
0.36;Ideal;F;VS1;61.6;56;4.62;4.64;2.85;819
0.3;Premium;G;VVS2;60.4;60;4.34;4.3;2.61;819
0.3;Very Good;H;VVS1;63.1;54;4.34;4.28;2.72;819
0.3;Premium;H;VVS1;61.1;61;4.3;4.27;2.62;819
0.3;Ideal;H;VVS1;62.6;56;4.28;4.25;2.67;819
0.3;Very Good;G;VVS2;59.7;63;4.37;4.34;2.6;819
0.3;Ideal;G;VVS2;62.2;54;4.33;4.29;2.68;819
0.3;Ideal;G;VVS2;62.9;55;4.31;4.28;2.7;819
0.3;Premium;G;VVS2;62.9;58;4.29;4.26;2.69;819
0.3;Fair;G;VVS2;64.4;58;4.21;4.17;2.7;819
0.4;Ideal;G;VS1;62.3;57;4.68;4.73;2.93;819
0.37;Very Good;D;VS1;61.1;58;4.66;4.7;2.86;820
0.35;Ideal;G;VVS2;61.8;55;4.53;4.56;2.81;820
0.39;Ideal;I;VVS1;62.5;53.1;4.68;4.7;2.93;820
0.33;Ideal;G;VVS1;61.4;55;4.46;4.48;2.74;820
0.33;Ideal;G;VVS1;62.4;56;4.41;4.45;2.76;820
0.4;Ideal;J;SI1;61.2;56;4.77;4.81;2.93;820
0.33;Ideal;H;IF;61.6;55;4.44;4.47;2.74;820
0.4;Good;G;VS1;59.6;61;4.8;4.86;2.88;820
0.27;Premium;F;IF;61.7;57;4.21;4.12;2.57;820
0.36;Very Good;G;VS1;60.7;57.1;4.57;4.65;2.79;821
0.32;Ideal;H;VVS1;61.3;57;4.41;4.43;2.71;821
0.31;Ideal;F;VS1;61.2;56;4.4;4.42;2.7;821
0.31;Ideal;F;VS1;61.4;55;4.39;4.4;2.7;821
0.31;Ideal;F;IF;62.3;57;4.25;4.29;2.66;821
0.4;Premium;E;SI2;60.5;59;4.78;4.74;2.88;821
0.34;Premium;G;VS1;62.2;55;4.52;4.48;2.8;821
0.36;Very Good;G;VVS1;62.8;57;4.52;4.55;2.85;821
0.39;Ideal;F;VS2;60;57;4.7;4.76;2.84;821
0.39;Very Good;F;VS2;58.8;59;4.8;4.83;2.83;821
0.36;Ideal;G;VVS2;62.3;56;4.53;4.56;2.83;821
0.39;Premium;I;VVS1;61.5;59;4.67;4.7;2.88;821
0.39;Very Good;F;VS2;62.4;58;4.61;4.65;2.89;821
0.39;Very Good;F;VS2;58.4;62;4.76;4.79;2.79;821
0.36;Ideal;H;VVS1;62.3;56;4.54;4.57;2.84;821
0.36;Very Good;G;VVS2;61.9;58;4.54;4.6;2.83;821
0.4;Very Good;G;VS1;61.8;58;4.69;4.72;2.91;822
0.38;Ideal;F;VS2;61.3;57;4.65;4.68;2.86;822
0.33;Ideal;D;VS2;61.1;56;4.5;4.54;2.76;822
0.41;Very Good;G;VS1;60.5;56;4.83;4.85;2.93;823
0.39;Premium;F;SI1;60.1;59;4.77;4.74;2.86;823
0.37;Ideal;D;SI1;61.1;57;4.63;4.64;2.83;823
0.4;Good;H;VVS2;59.1;61;4.79;4.82;2.84;823
0.42;Ideal;G;VS1;61;56;4.82;4.86;2.95;823
0.42;Ideal;H;VVS2;62;57;4.79;4.82;2.98;823
0.33;Ideal;F;VVS2;61.1;55;4.46;4.48;2.73;824
0.33;Ideal;F;VVS2;60.7;57;4.48;4.51;2.73;824
0.33;Ideal;F;VVS2;61.4;57;4.43;4.46;2.73;824
0.36;Ideal;I;VVS1;61.7;56;4.59;4.62;2.84;824
0.41;Ideal;I;VS1;61.9;55;4.79;4.81;2.97;824
0.41;Ideal;F;SI1;61.4;56;4.77;4.8;2.94;824
0.41;Ideal;E;SI1;61.2;55;4.8;4.84;2.95;824
0.31;Ideal;G;VS1;61;56;4.4;4.35;2.67;824
0.34;Very Good;F;VVS2;61.9;57;4.48;4.52;2.78;825
0.34;Very Good;F;VVS2;61;56;4.51;4.53;2.76;825
0.36;Very Good;F;VS1;59.9;58.6;4.62;4.66;2.77;825
0.36;Very Good;F;VS1;60.1;59;4.62;4.66;2.78;825
0.4;Ideal;G;VS2;60.9;58;4.76;4.79;2.91;825
0.45;Ideal;I;VS1;61.6;54;4.95;4.99;3.06;825
0.45;Ideal;I;VS1;61.9;54;4.95;4.97;3.07;825
0.45;Ideal;I;VS1;62.1;55;4.9;4.92;3.05;825
0.32;Ideal;E;VS1;61.5;55;4.43;4.45;2.73;825
0.32;Ideal;E;VS1;61.8;56;4.4;4.43;2.73;825
0.32;Ideal;E;VS1;61;54;4.44;4.46;2.72;825
0.32;Ideal;E;VS1;61.1;55;4.44;4.46;2.72;825
0.32;Ideal;E;VS1;62.3;54;4.37;4.4;2.73;825
0.28;Ideal;F;IF;62;53;4.23;4.29;2.64;825
0.3;Good;D;VVS1;63.3;61;4.21;4.23;2.67;825
0.37;Good;D;VS1;62.1;54;4.67;4.73;2.92;825
0.42;Premium;D;VS2;61.3;58;4.8;4.83;2.95;825
0.34;Ideal;E;VVS2;62.3;55;4.49;4.53;2.81;826
0.3;Ideal;E;VVS1;59.5;60;4.36;4.38;2.6;826
0.3;Ideal;E;VVS1;60;60;4.37;4.39;2.63;826
0.3;Ideal;E;VVS1;62.4;55;4.32;4.34;2.7;826
0.3;Ideal;E;VVS1;62.6;54;4.28;4.31;2.69;826
0.3;Ideal;E;VVS1;62.3;55;4.29;4.32;2.68;826
0.4;Ideal;I;VS1;60.9;56;4.76;4.8;2.91;826
0.3;Ideal;G;IF;62.6;54;4.3;4.33;2.7;826
0.34;Good;G;VVS2;58;61;4.56;4.58;2.65;826
0.32;Premium;H;SI1;60.9;60;4.4;4.43;2.69;461
0.32;Good;H;SI1;63.5;57;4.34;4.39;2.77;461
0.32;Very Good;H;SI1;61.8;56;4.4;4.43;2.73;461
0.32;Good;H;SI1;63.4;55;4.36;4.38;2.77;461
0.28;Very Good;I;VS1;60.9;57;4.22;4.25;2.58;462
0.26;Ideal;H;VS1;62.2;55;4.06;4.11;2.54;462
0.28;Ideal;H;VS1;62.2;54;4.19;4.23;2.62;462
0.23;Good;F;VVS2;61.2;62;3.95;3.99;2.43;462
0.25;Good;D;VVS2;64.6;56;3.97;3.99;2.57;462
0.23;Good;E;VVS1;62.8;62;3.9;3.93;2.46;462
0.31;Very Good;G;SI1;61.5;59;4.34;4.38;2.68;462
0.31;Premium;G;SI1;62.1;58;4.33;4.36;2.7;462
0.31;Good;D;SI2;63.7;58;4.27;4.3;2.73;462
0.31;Very Good;D;SI2;61.8;60;4.33;4.37;2.69;462
0.31;Very Good;D;SI2;62.9;54;4.3;4.35;2.72;462
0.31;Very Good;D;SI2;62.8;53;4.35;4.37;2.74;462
0.31;Good;D;SI2;63.6;54;4.31;4.34;2.75;462
0.31;Very Good;G;SI1;62.8;55;4.32;4.38;2.73;462
0.31;Ideal;G;SI1;62.2;55;4.36;4.38;2.72;462
0.31;Premium;G;SI1;61.8;60;4.32;4.35;2.68;462
0.31;Very Good;D;SI2;62.5;55;4.3;4.34;2.7;462
0.31;Very Good;D;SI2;62.7;59;4.3;4.35;2.71;462
0.31;Premium;D;SI2;62.1;59;4.31;4.35;2.69;462
0.31;Premium;D;SI2;60.1;58;4.38;4.4;2.64;462
0.31;Very Good;G;SI1;63;58;4.3;4.34;2.72;462
0.31;Premium;D;SI2;60.1;60;4.38;4.41;2.64;462
0.31;Good;G;SI1;63.2;54;4.31;4.33;2.73;462
0.31;Ideal;D;SI2;62.1;57;4.32;4.34;2.69;462
0.31;Good;G;SI1;63.6;57;4.29;4.33;2.74;462
0.31;Ideal;G;SI1;62.2;55;4.35;4.36;2.71;462
0.31;Good;E;VVS1;59;59;4.4;4.42;2.6;826
0.51;Premium;E;I1;58;60;5.29;5.23;3.05;826
0.4;Good;F;VS2;63.4;54.4;4.68;4.73;2.99;826
0.31;Very Good;D;VVS1;61.1;56;4.35;4.42;2.68;826
0.38;Very Good;J;IF;60.9;61;4.66;4.73;2.86;827
0.33;Ideal;H;VVS2;61.3;56;4.43;4.47;2.73;827
0.28;Ideal;D;VVS2;61.1;55;4.23;4.28;2.6;827
0.4;Good;D;VS2;61.2;62;4.7;4.75;2.89;827
0.41;Good;F;VS1;64.4;57;4.67;4.71;3.02;827
0.41;Good;E;VS1;62.8;58;4.67;4.7;2.94;827
0.35;Very Good;D;SI1;63.3;57;4.53;4.51;2.86;827
0.35;Ideal;D;SI1;62.3;55;4.56;4.52;2.83;827
0.35;Ideal;D;SI1;60.7;57;4.57;4.53;2.76;827
0.35;Premium;D;SI1;60.2;57;4.61;4.56;2.76;827
0.35;Ideal;D;SI1;61.6;57;4.55;4.54;2.8;827
0.35;Premium;D;SI1;61.8;59;4.56;4.54;2.81;827
0.35;Premium;D;SI1;61;60;4.58;4.54;2.78;827
0.35;Premium;D;SI1;60.1;61;4.59;4.56;2.75;827
0.35;Ideal;D;SI1;60.8;55;4.59;4.56;2.78;827
0.35;Ideal;D;SI1;61.6;55;4.56;4.53;2.8;827
0.35;Premium;D;SI1;62.1;58;4.54;4.51;2.81;827
0.35;Ideal;D;SI1;62.3;55;4.54;4.51;2.82;827
0.35;Premium;D;SI1;60.9;58;4.55;4.52;2.76;827
0.35;Ideal;D;SI1;62.3;57;4.52;4.5;2.81;827
0.35;Ideal;D;SI1;61.6;56;4.53;4.49;2.78;827
0.35;Ideal;D;SI1;62.7;56;4.51;4.49;2.82;827
0.35;Ideal;D;SI1;63;57;4.52;4.46;2.83;827
0.35;Ideal;D;SI1;61.3;57;4.57;4.54;2.79;827
0.38;Ideal;F;SI2;60.6;56;4.73;4.7;2.86;827
0.5;Fair;F;I1;57.5;66;5.3;5.17;3.01;827
0.41;Ideal;I;VVS2;61.6;57;4.76;4.78;2.94;827
0.41;Very Good;G;VS2;60.9;61;4.74;4.75;2.89;827
0.41;Good;I;VVS2;63.5;57;4.72;4.76;3.01;827
0.41;Very Good;G;VS2;59.8;61;4.78;4.82;2.87;827
0.32;Ideal;F;VVS1;61.1;56;4.42;4.45;2.71;827
0.41;Premium;G;VS2;59.8;58;4.8;4.84;2.88;827
0.41;Premium;G;VS2;59.2;58;4.8;4.83;2.85;827
0.41;Ideal;G;VS2;61.4;54;4.77;4.84;2.95;827
0.41;Ideal;G;VS2;62.1;57;4.72;4.78;2.95;827
0.41;Premium;G;VS2;60.8;59;4.78;4.8;2.91;827
0.41;Premium;I;VVS2;62.4;60;4.7;4.73;2.94;827
0.41;Very Good;G;VS2;59.9;59;4.82;4.86;2.9;827
0.41;Premium;G;VS2;59.7;59;4.81;4.84;2.88;827
0.41;Ideal;H;VS1;62.7;56;4.73;4.77;2.98;827
0.41;Premium;G;VS2;62.4;58;4.72;4.76;2.96;827
0.41;Premium;G;VS2;62.6;58;4.71;4.74;2.96;827
0.41;Ideal;G;VS2;62.7;56;4.71;4.76;2.97;827
0.41;Premium;G;VS2;61.8;59;4.72;4.76;2.93;827
0.41;Premium;G;VS2;61.4;59;4.75;4.79;2.93;827
0.41;Ideal;G;VS2;62.4;55;4.73;4.76;2.96;827
0.41;Premium;G;VS2;60.9;58;4.8;4.83;2.93;827
0.41;Ideal;G;VS2;62.7;55;4.75;4.79;2.99;827
0.41;Premium;G;VS2;61.9;59;4.73;4.77;2.94;827
0.41;Ideal;G;VS2;59.8;57;4.81;4.85;2.89;827
0.41;Very Good;G;VS2;61;56;4.81;4.83;2.94;827
0.41;Premium;G;VS2;62.6;59;4.73;4.76;2.97;827
0.41;Premium;G;VS2;61.5;58;4.8;4.82;2.96;827
0.41;Good;I;VVS2;63.9;55;4.71;4.74;3.02;827
0.41;Ideal;G;VS2;62.7;56;4.74;4.77;2.98;827
0.41;Good;J;IF;63.5;54;4.7;4.75;3;827
0.41;Very Good;I;VVS2;62.9;58;4.71;4.74;2.97;827
0.41;Very Good;G;VS2;62.9;59;4.7;4.75;2.97;827
0.41;Ideal;G;VS2;60.9;57;4.79;4.84;2.93;827
0.41;Ideal;G;VS2;62.4;54;4.78;4.81;2.99;827
0.41;Ideal;H;VS1;61.9;56;4.75;4.78;2.95;827
0.41;Premium;G;VS2;61.6;58;4.73;4.78;2.93;827
0.41;Ideal;G;VS2;61.4;55;4.75;4.8;2.93;827
0.41;Very Good;H;VS1;62;56;4.74;4.78;2.95;827
0.41;Very Good;G;VS2;61.3;57;4.76;4.8;2.93;827
0.41;Very Good;H;VS1;62.8;59;4.73;4.64;2.94;827
0.41;Ideal;I;VVS2;61.7;56;4.77;4.8;2.95;827
0.41;Premium;H;VS1;62.6;60;4.75;4.77;2.98;827
0.41;Very Good;G;VS2;61.7;61;4.7;4.74;2.91;827
0.41;Premium;G;VS2;61.8;58;4.75;4.77;2.94;827
0.41;Ideal;G;VS2;62.5;56;4.72;4.75;2.96;827
0.41;Ideal;I;VVS2;62.3;56;4.73;4.77;2.96;827
0.41;Good;I;VVS2;63.1;56;4.72;4.75;2.99;827
0.41;Ideal;G;VS2;62.7;56;4.72;4.76;2.97;827
0.41;Premium;I;VVS2;59.9;58;4.81;4.87;2.9;827
0.41;Ideal;G;VS2;62.5;54;4.75;4.78;2.98;827
0.41;Premium;I;VVS2;62.1;58;4.76;4.78;2.96;827
0.41;Premium;G;VS2;61.4;59;4.75;4.79;2.93;827
0.41;Good;J;IF;63.6;54;4.72;4.75;3.01;827
0.41;Ideal;G;VS2;62.2;57;4.71;4.74;2.94;827
0.34;Ideal;E;VS1;62.4;54;4.45;4.49;2.79;827
0.32;Ideal;E;VVS1;62.2;55;4.37;4.41;2.73;827
0.32;Ideal;E;VVS1;61.6;56;4.37;4.43;2.71;827
0.41;Ideal;H;VS1;61.8;56;4.77;4.81;2.96;827
0.36;Ideal;F;VVS2;61.5;55;4.59;4.62;2.83;828
0.31;Ideal;D;VVS2;61.8;54;4.36;4.38;2.7;828
0.31;Ideal;D;VVS2;61.5;56;4.39;4.43;2.71;828
0.32;Ideal;F;VVS1;61;56;4.42;4.47;2.71;828
0.33;Ideal;F;VVS1;60.6;59;4.45;4.5;2.71;828
0.31;Ideal;F;VVS1;62.1;54;4.35;4.38;2.71;828
0.31;Ideal;F;VVS1;62.4;55;4.33;4.36;2.71;828
0.31;Ideal;F;VVS1;62;55;4.34;4.37;2.7;828
0.44;Ideal;J;VS2;62.3;54;4.89;4.86;3.04;828
0.39;Ideal;F;VS2;62.1;53;4.73;4.77;2.95;828
0.32;Ideal;D;VS2;61;56;4.41;4.44;2.7;828
0.4;Ideal;I;VS1;62;54;4.72;4.75;2.94;828
0.36;Ideal;E;VS1;62;55;4.58;4.6;2.85;828
0.47;Fair;E;SI1;65.2;59;4.75;4.82;3.12;828
0.28;Ideal;F;IF;62.4;55;4.2;4.17;2.61;828
0.28;Premium;E;VVS2;60.1;59;4.26;4.22;2.55;828
0.28;Ideal;E;VVS1;62;56;4.23;4.19;2.61;828
0.28;Ideal;E;VVS2;62.4;56;4.2;4.16;2.61;828
0.28;Ideal;E;VVS2;62.1;56;4.21;4.19;2.61;828
0.28;Ideal;E;VVS2;60.3;57;4.25;4.21;2.55;828
0.28;Premium;E;VVS1;62.9;52;4.21;4.18;2.64;828
0.28;Premium;E;VVS1;61.1;60;4.21;4.17;2.56;828
0.28;Premium;E;VVS1;61.3;60;4.21;4.18;2.57;828
0.32;Ideal;G;VS1;60.8;57;4.42;4.39;2.68;828
0.32;Good;F;VS2;63.6;57;4.37;4.34;2.77;828
0.32;Premium;H;VVS2;61;58;4.44;4.41;2.7;828
0.32;Premium;H;VVS2;61.6;55;4.44;4.42;2.73;828
0.32;Premium;H;VVS2;60.2;60;4.48;4.45;2.69;828
0.32;Premium;H;VVS2;62.3;58;4.37;4.33;2.71;828
0.32;Very Good;H;VVS2;63.4;56;4.37;4.34;2.76;828
0.32;Premium;H;VVS2;62.1;58;4.39;4.34;2.71;828
0.32;Ideal;H;VVS2;62.9;57;4.39;4.36;2.75;828
0.32;Ideal;H;VVS2;61.9;55;4.39;4.37;2.71;828
0.32;Ideal;H;VVS2;61.7;56;4.42;4.37;2.71;828
0.32;Ideal;H;VVS2;61.8;55;4.42;4.38;2.72;828
0.32;Ideal;H;VVS2;61.8;55;4.42;4.38;2.72;828
0.32;Ideal;H;VVS2;62;55;4.42;4.39;2.73;828
0.32;Ideal;H;VVS2;61.2;56;4.43;4.4;2.7;828
0.32;Premium;G;VS1;59.2;59;4.47;4.45;2.64;828
0.32;Ideal;G;VS1;61.3;55;4.46;4.42;2.72;828
0.32;Ideal;G;VS1;60.5;56;4.44;4.42;2.68;828
0.32;Ideal;G;VS1;61.2;56;4.44;4.42;2.71;828
0.32;Ideal;G;VS1;61.8;55;4.45;4.42;2.74;828
0.32;Premium;G;VS1;62.1;56;4.43;4.4;2.74;828
0.32;Premium;G;VS1;60.6;60;4.44;4.4;2.68;828
0.32;Premium;G;VS1;62.1;55;4.44;4.41;2.75;828
0.32;Ideal;G;VS1;61.2;56;4.45;4.41;2.71;828
0.32;Ideal;G;VS1;62.1;55;4.42;4.4;2.74;828
0.32;Ideal;G;VS1;61.2;57;4.43;4.4;2.7;828
0.32;Premium;G;VS1;61.3;62;4.42;4.39;2.7;828
0.32;Premium;G;VS1;61;59;4.43;4.39;2.69;828
0.32;Ideal;G;VS1;61.7;55;4.43;4.39;2.72;828
0.32;Ideal;G;VS1;61.9;55;4.43;4.39;2.73;828
0.32;Ideal;G;VS1;61.6;57;4.42;4.38;2.71;828
0.32;Ideal;G;VS1;62.8;54;4.41;4.38;2.76;828
0.32;Ideal;G;VS1;61.6;56;4.42;4.38;2.71;828
0.32;Ideal;G;VS1;62.1;55;4.41;4.38;2.73;828
0.32;Premium;G;VS1;61.7;58;4.41;4.38;2.71;828
0.32;Ideal;G;VS1;62.9;57;4.4;4.37;2.76;828
0.32;Ideal;G;VS1;61.7;55;4.41;4.37;2.71;828
0.32;Ideal;G;VS1;62;56;4.41;4.37;2.72;828
0.32;Ideal;G;VS1;63;55;4.38;4.35;2.75;828
0.32;Ideal;G;VS1;62;56;4.39;4.35;2.71;828
0.32;Premium;G;VS1;62.4;58;4.4;4.35;2.73;828
0.32;Premium;G;VS1;61.4;58;4.4;4.36;2.69;828
0.32;Premium;G;VS1;62.1;58;4.39;4.37;2.72;828
0.32;Ideal;G;VS1;62.3;54;4.39;4.37;2.73;828
0.32;Ideal;G;VS1;62.3;56;4.39;4.37;2.73;828
0.32;Very Good;G;VS1;63.2;55;4.39;4.37;2.77;828
0.32;Ideal;G;VS1;61.3;57;4.4;4.37;2.69;828
0.32;Ideal;G;VS1;62.3;55;4.4;4.37;2.73;828
0.32;Premium;G;VS1;62.8;58;4.39;4.34;2.74;828
0.32;Premium;G;VS1;61.8;60;4.36;4.35;2.69;828
0.32;Premium;G;VS1;62.8;59;4.37;4.33;2.73;828
0.32;Premium;F;VS2;59.4;58;4.48;4.44;2.65;828
0.32;Ideal;F;VS2;61.1;57;4.47;4.44;2.72;828
0.32;Premium;F;VS2;59.5;61;4.46;4.42;2.64;828
0.32;Premium;F;VS2;60.7;58;4.45;4.41;2.69;828
0.32;Ideal;F;VS2;61.9;56;4.44;4.41;2.74;828
0.32;Premium;F;VS2;60.8;58;4.44;4.41;2.69;828
0.32;Ideal;F;VS2;61.2;56;4.44;4.41;2.71;828
0.32;Premium;F;VS2;59.7;59;4.44;4.41;2.64;828
0.32;Ideal;F;VS2;60.3;55;4.45;4.4;2.67;828
0.32;Ideal;F;VS2;61.3;56;4.43;4.41;2.71;828
0.32;Ideal;F;VS2;62.4;55;4.43;4.41;2.76;828
0.32;Ideal;F;VS2;61.1;57;4.44;4.4;2.7;828
0.32;Premium;F;VS2;61.2;59;4.42;4.4;2.7;828
0.32;Ideal;F;VS2;61.5;56;4.42;4.4;2.71;828
0.32;Ideal;F;VS2;61.5;55;4.42;4.4;2.71;828
0.32;Premium;F;VS2;60.2;59;4.43;4.4;2.66;828
0.32;Ideal;F;VS2;61.6;57;4.43;4.4;2.72;828
0.32;Ideal;F;VS2;61.6;55;4.43;4.4;2.72;828
0.32;Premium;F;VS2;60.6;59;4.44;4.4;2.68;828
0.32;Ideal;F;VS2;61.7;55;4.41;4.4;2.72;828
0.32;Premium;F;VS2;61.5;58;4.42;4.39;2.71;828
0.32;Premium;F;VS2;61.1;58;4.42;4.39;2.69;828
0.32;Premium;F;VS2;61.4;60;4.42;4.38;2.7;828
0.32;Ideal;F;VS2;62.6;55;4.41;4.38;2.75;828
0.32;Premium;F;VS2;61.7;58;4.41;4.38;2.71;828
0.32;Ideal;F;VS2;62.4;54;4.4;4.38;2.74;828
0.32;Premium;F;VS2;61;61;4.41;4.38;2.68;828
0.32;Ideal;F;VS2;62.3;56;4.4;4.37;2.73;828
0.32;Ideal;F;VS2;62.5;56;4.38;4.36;2.73;828
0.32;Ideal;F;VS2;61.9;56;4.39;4.37;2.71;828
0.32;Ideal;F;VS2;61.3;57;4.4;4.37;2.69;828
0.32;Premium;F;VS2;61.3;60;4.4;4.37;2.69;828
0.32;Premium;F;VS2;62.1;59;4.41;4.35;2.72;828
0.32;Ideal;F;VS2;62.2;55;4.37;4.35;2.71;828
0.32;Ideal;F;VS2;62.4;56;4.37;4.35;2.72;828
0.32;Ideal;F;VS2;62.1;57;4.38;4.35;2.71;828
0.32;Ideal;F;VS2;62.8;57;4.36;4.33;2.73;828
0.32;Ideal;F;VS2;62.4;57;4.38;4.34;2.72;828
0.32;Ideal;F;VS2;62.8;53;4.38;4.34;2.74;828
0.32;Very Good;F;VS2;63.4;57;4.36;4.32;2.75;828
0.32;Very Good;F;VS2;63.2;58;4.35;4.32;2.74;828
0.3;Ideal;F;VS2;60.5;56;4.37;4.33;2.63;828
0.32;Ideal;G;VS1;61.2;56;4.43;4.39;2.7;828
0.32;Premium;G;VS1;62.5;60;4.35;4.29;2.7;828
0.32;Ideal;F;VS2;62.5;56;4.4;4.37;2.74;828
0.44;Premium;G;VS2;60.6;58;4.9;4.96;2.99;828
0.4;Very Good;J;IF;62.7;60;4.64;4.7;2.93;828
0.4;Very Good;J;IF;62.2;61;4.68;4.71;2.92;828
0.4;Ideal;J;IF;62.4;56;4.71;4.74;2.95;828
0.33;Ideal;F;VVS1;62.1;56;4.43;4.46;2.76;828
0.4;Ideal;J;IF;62.6;56;4.71;4.75;2.96;828
0.32;Premium;D;VS2;58.8;59;4.52;4.49;2.65;829
0.44;Very Good;F;SI1;62.8;59;4.88;4.91;3.07;829
0.42;Very Good;I;SI1;63.5;54;4.76;4.72;3.01;829
0.33;Premium;E;VS2;62;60;4.46;4.41;2.75;829
0.32;Ideal;F;VVS2;60.4;57;4.46;4.47;2.7;829
0.33;Ideal;F;VVS1;62;59;4.42;4.45;2.75;829
0.41;Ideal;H;VS1;61.6;57;4.77;4.81;2.95;829
0.42;Ideal;G;SI2;60.7;57;4.87;4.84;2.95;829
0.34;Ideal;E;VS2;62;56;4.48;4.46;2.77;829
0.34;Ideal;E;VS2;62.2;57;4.46;4.42;2.76;829
0.47;Fair;E;SI1;67.9;56;4.84;4.65;3.24;829
0.35;Ideal;E;VS1;62.3;56;4.5;4.52;2.81;829
0.35;Ideal;D;VS2;62.5;55;4.5;4.55;2.83;829
0.35;Ideal;D;VS2;61.8;56;4.51;4.55;2.8;829
0.35;Ideal;D;VS2;62.3;55;4.52;4.54;2.82;829
0.35;Premium;D;VS2;61.9;58;4.51;4.6;2.82;829
0.35;Very Good;E;VS1;62.3;60;4.5;4.52;2.81;829
0.35;Ideal;D;VS2;60.6;56;4.54;4.57;2.76;829
0.35;Ideal;D;VS2;61.9;55;4.5;4.54;2.8;829
0.35;Premium;D;VS2;60.4;58;4.53;4.58;2.75;829
0.35;Ideal;D;VS2;60.7;56;4.56;4.6;2.78;829
0.35;Ideal;D;VS2;61.8;55;4.53;4.56;2.81;829
0.35;Premium;D;VS2;62;58;4.54;4.56;2.82;829
0.35;Ideal;D;VS2;61.6;56;4.53;4.56;2.8;829
0.35;Ideal;D;VS2;62.4;57;4.51;4.56;2.83;829
0.35;Ideal;E;VS1;61.6;57;4.5;4.53;2.78;829
0.35;Premium;E;VS1;60.8;58;4.55;4.58;2.78;829
0.35;Ideal;D;VS2;61.3;56;4.54;4.56;2.79;829
0.35;Ideal;D;VS2;60.9;57;4.51;4.55;2.76;829
0.35;Ideal;E;VS1;61.2;56;4.53;4.55;2.78;829
0.35;Ideal;E;VS1;61.9;56;4.51;4.53;2.8;829
0.35;Ideal;D;VS2;62;55;4.47;4.53;2.79;829
0.45;Good;E;SI1;63.9;57;4.81;4.86;3.09;829
0.35;Ideal;D;VS2;62.4;55;4.48;4.52;2.81;829
0.35;Premium;D;VS2;59.7;58;4.57;4.61;2.74;829
0.35;Ideal;D;VS2;61.5;56;4.53;4.55;2.79;829
0.31;Very Good;F;VVS1;61.8;59;4.33;4.36;2.69;830
0.35;Ideal;F;VVS2;62.5;56;4.51;4.55;2.83;830
0.42;Ideal;H;VS1;61.8;55;4.82;4.85;2.99;830
0.3;Ideal;G;IF;62.3;52.8;4.29;4.33;2.69;830
0.3;Ideal;G;IF;62;54.4;4.3;4.32;2.67;830
0.46;Fair;H;VS2;65.6;58;4.8;4.84;3.16;830
0.41;Ideal;J;VS1;60.2;57;4.85;4.81;2.91;830
0.41;Premium;J;VS1;62;55;4.77;4.74;2.95;830
0.41;Premium;J;VS1;61.3;59;4.78;4.74;2.92;830
0.41;Premium;J;VS1;62.1;58;4.79;4.75;2.96;830
0.41;Ideal;J;VS1;62.1;56;4.79;4.75;2.96;830
0.41;Ideal;J;VS1;62.7;57;4.75;4.72;2.97;830
0.41;Premium;J;VS1;60.8;61;4.79;4.72;2.89;830
0.41;Good;J;VS1;63.7;56;4.71;4.68;2.99;830
0.41;Premium;F;SI2;60.8;58;4.83;4.78;2.92;830
0.45;Premium;I;SI2;60.1;59;4.96;4.92;3.02;830
0.39;Good;E;VS2;63.1;56;4.63;4.69;2.94;830
0.43;Premium;D;SI1;60.1;58;4.89;4.93;2.95;830
0.43;Ideal;D;SI1;61.5;56;4.82;4.87;2.98;830
0.43;Premium;D;SI1;61.1;59;4.83;4.89;2.97;830
0.43;Premium;D;SI1;61.2;58;4.83;4.87;2.97;830
0.3;Very Good;G;IF;61.4;59;4.27;4.3;2.63;831
0.45;Ideal;G;SI1;61.6;54;4.96;4.98;3.06;831
0.38;Very Good;D;SI1;62.2;53.8;4.65;4.69;2.9;831
0.3;Very Good;F;VVS1;61.6;59;4.29;4.33;2.66;832
0.3;Very Good;F;VVS1;62.2;56;4.28;4.3;2.67;832
0.39;Very Good;F;VS2;60.1;56;4.77;4.82;2.88;832
0.36;Very Good;D;VS1;59;57;4.71;4.74;2.79;832
0.38;Ideal;H;VVS2;62.2;54.6;4.62;4.66;2.89;832
0.38;Ideal;H;VVS2;62.5;53.4;4.63;4.66;2.9;832
0.38;Ideal;H;VVS2;62.1;53.9;4.64;4.69;2.9;832
0.38;Ideal;H;VVS2;62.3;53.3;4.65;4.69;2.91;832
0.38;Ideal;G;VS1;61.3;55.8;4.65;4.71;2.87;832
0.44;Premium;F;SI2;62.8;60;4.86;4.82;3.04;832
0.33;Ideal;F;VVS2;62.4;56;4.41;4.43;2.76;832
0.41;Very Good;E;VS2;62.7;58;4.68;4.73;2.95;833
0.35;Very Good;G;IF;62.1;56;4.54;4.57;2.82;833
0.37;Premium;F;VS1;62.7;51;4.65;4.57;2.89;833
0.42;Ideal;I;SI1;61.8;55;4.81;4.83;2.98;833
0.41;Fair;G;VVS2;64.7;56;4.68;4.72;3.04;833
0.37;Ideal;G;VS2;61.3;57;4.64;4.6;2.83;833
0.37;Premium;E;SI1;59.9;59;4.7;4.68;2.81;833
0.37;Premium;H;VS1;60.9;60;4.63;4.6;2.81;833
0.37;Premium;G;VS2;60.1;59;4.68;4.64;2.8;833
0.37;Premium;G;VS2;60.7;57;4.69;4.64;2.83;833
0.37;Premium;G;VS2;59.3;60;4.71;4.67;2.78;833
0.37;Premium;G;VS2;61.2;57;4.63;4.59;2.82;833
0.37;Ideal;G;VS2;61.5;56;4.64;4.59;2.84;833
0.37;Ideal;G;VS2;62.2;57;4.64;4.59;2.87;833
0.37;Premium;G;VS2;61.3;60;4.63;4.6;2.83;833
0.37;Ideal;G;VS2;60.8;57;4.66;4.61;2.82;833
0.31;Very Good;G;SI1;58.8;62;4.39;4.42;2.59;462
0.31;Very Good;G;SI1;63;56;4.3;4.34;2.72;462
0.31;Very Good;G;SI1;61.7;55;4.37;4.38;2.7;462
0.31;Very Good;D;SI2;61.5;60;4.31;4.34;2.66;462
0.31;Ideal;D;SI2;61.3;56;4.36;4.41;2.69;462
0.31;Good;D;SI2;63.1;54;4.33;4.38;2.75;462
0.31;Very Good;G;SI1;62.4;55;4.31;4.34;2.7;462
0.31;Ideal;D;SI2;62.3;56;4.35;4.38;2.72;462
0.31;Ideal;D;SI2;62;56;4.33;4.35;2.69;462
0.31;Ideal;D;SI2;62.6;57;4.27;4.35;2.7;462
0.31;Good;G;SI1;63.2;57;4.27;4.3;2.71;462
0.31;Very Good;D;SI2;62.9;59;4.28;4.31;2.7;462
0.31;Good;D;SI2;63.9;57;4.28;4.33;2.75;462
0.31;Very Good;G;SI1;60.4;58;4.39;4.42;2.66;462
0.31;Good;D;SI2;63.7;55;4.32;4.35;2.76;462
0.31;Premium;G;SI1;60.7;60;4.34;4.36;2.64;462
0.31;Premium;G;SI1;62.6;58;4.29;4.34;2.7;462
0.31;Premium;G;SI1;61.4;58;4.31;4.35;2.66;462
0.31;Good;G;SI1;63.1;59;4.29;4.33;2.72;462
0.31;Very Good;G;SI1;61.9;56;4.34;4.38;2.7;462
0.27;Very Good;E;VS1;62.3;54;4.17;4.21;2.61;463
0.33;Ideal;G;SI2;61.4;54;4.44;4.48;2.74;463
0.33;Ideal;G;SI2;61.2;56;4.48;4.51;2.75;463
0.33;Ideal;G;SI2;61.7;55;4.46;4.48;2.76;463
0.33;Ideal;I;SI1;61;57;4.45;4.47;2.72;463
0.33;Ideal;I;SI1;61.3;56;4.44;4.47;2.73;463
0.33;Very Good;E;SI2;60;59;4.47;4.49;2.69;463
0.33;Premium;E;SI2;59.7;58;4.48;4.53;2.69;463
0.33;Premium;I;VS2;60.6;58;4.44;4.47;2.7;463
0.33;Very Good;H;SI1;63;56;4.41;4.42;2.78;463
0.37;Premium;G;VS2;62.8;60;4.59;4.55;2.87;833
0.37;Premium;G;VS2;61.2;60;4.63;4.58;2.82;833
0.37;Premium;E;SI1;60.6;54;4.68;4.63;2.82;833
0.37;Premium;E;SI1;59.3;58;4.75;4.73;2.81;833
0.37;Ideal;E;SI1;61.9;56;4.6;4.57;2.84;833
0.37;Premium;E;SI1;61.8;58;4.64;4.59;2.85;833
0.37;Ideal;E;SI1;62.7;54;4.6;4.55;2.87;833
0.38;Premium;G;VS1;61;58;4.67;4.71;2.86;833
0.38;Premium;G;VS1;60.6;58;4.64;4.67;2.82;833
0.38;Premium;G;VS1;61.9;59;4.63;4.67;2.88;833
0.38;Premium;G;VS1;61.9;58;4.62;4.66;2.87;833
0.38;Ideal;G;VS1;61.8;56;4.64;4.65;2.87;833
0.38;Premium;H;VVS2;62;58;4.62;4.64;2.87;833
0.38;Ideal;H;VVS2;61.4;57;4.63;4.65;2.85;833
0.38;Very Good;G;VS1;61.9;56;4.63;4.68;2.88;833
0.38;Ideal;G;VS1;60.8;56;4.66;4.71;2.85;833
0.44;Very Good;J;VVS2;63.6;58;4.8;4.83;3.06;834
0.32;Very Good;F;VVS1;62.8;60;4.32;4.34;2.72;834
0.41;Very Good;G;VS2;60.5;56;4.81;4.85;2.92;834
0.32;Ideal;D;VVS2;61.7;57;4.39;4.42;2.72;834
0.38;Ideal;H;SI1;61.2;56;4.68;4.63;2.85;834
0.39;Ideal;I;VS2;62.9;57;4.68;4.64;2.93;834
0.39;Premium;H;SI1;62;60;4.71;4.65;2.9;834
0.39;Premium;E;SI2;63;61;4.65;4.62;2.92;834
0.41;Very Good;E;VS1;62.8;56;4.72;4.77;2.98;834
0.41;Very Good;E;VS1;62.8;60;4.72;4.77;2.98;834
0.3;Ideal;D;VS1;62.2;56;4.31;4.27;2.67;835
0.3;Ideal;D;VS1;61;57;4.32;4.31;2.63;835
0.35;Very Good;D;VVS2;60;58;4.57;4.59;2.75;835
0.41;Very Good;G;VS2;62.7;60;4.71;4.75;2.96;835
0.38;Very Good;F;VS1;60.4;60;4.7;4.74;2.85;835
0.36;Ideal;E;VS1;61.4;54;4.59;4.63;2.83;835
0.36;Ideal;E;VS1;61.8;54;4.56;4.6;2.83;835
0.36;Ideal;E;VS1;61.8;55;4.58;4.61;2.84;835
0.6;Premium;H;I1;62.1;62;5.33;5.27;3.3;835
0.35;Very Good;E;VVS1;63;59;4.44;4.48;2.81;835
0.3;Very Good;G;IF;58.4;62;4.4;4.43;2.58;835
0.34;Very Good;G;VVS1;59;62;4.56;4.6;2.7;835
0.34;Ideal;E;VVS2;62.3;57;4.44;4.48;2.78;835
0.38;Ideal;I;VVS2;62;55;4.65;4.67;2.89;836
0.41;Good;G;SI1;64.3;54;4.72;4.68;3.02;836
0.41;Ideal;G;SI2;61;57;4.82;4.79;2.93;836
0.41;Premium;H;SI2;62.2;56;4.8;4.72;2.96;836
0.3;Very Good;E;VVS2;60;55;4.36;4.41;2.63;837
0.32;Ideal;F;VVS2;60.8;58;4.39;4.43;2.68;837
0.32;Ideal;E;VVS2;60.9;55;4.41;4.43;2.69;837
0.32;Ideal;E;VVS2;60.8;56;4.43;4.45;2.7;837
0.3;Ideal;E;VVS2;61.1;55;4.34;4.37;2.66;837
0.3;Ideal;E;VVS2;61.4;55;4.32;4.34;2.66;837
0.3;Ideal;E;VVS2;61.1;57;4.34;4.36;2.65;837
0.3;Ideal;E;VVS2;61.3;54;4.34;4.37;2.67;837
0.31;Ideal;I;IF;62.2;54;4.39;4.36;2.72;837
0.31;Ideal;I;IF;61.3;57;4.4;4.34;2.68;837
0.31;Premium;E;VVS2;60.5;57;4.41;4.39;2.66;837
0.4;Very Good;E;SI1;62.2;54.4;4.72;4.76;2.95;837
0.31;Ideal;E;VVS2;61.6;56;4.35;4.39;2.69;837
0.43;Very Good;I;VVS2;60.5;59;4.86;4.89;2.95;838
0.41;Very Good;D;SI1;63;59;4.73;4.76;2.99;838
0.33;Very Good;H;IF;61.2;56;4.46;4.5;2.74;838
0.34;Ideal;E;VVS2;61.8;56;4.48;4.52;2.78;838
0.34;Ideal;E;VVS2;60.8;58;4.51;4.53;2.75;838
0.34;Ideal;E;VVS2;60.9;56;4.52;4.54;2.76;838
0.33;Ideal;G;VVS1;61.6;55;4.46;4.47;2.75;838
0.33;Ideal;G;VVS1;61.8;55;4.47;4.5;2.77;838
0.33;Ideal;G;VVS1;61.7;54;4.46;4.49;2.76;838
0.33;Ideal;G;VVS1;60.9;57;4.49;4.51;2.74;838
0.33;Ideal;G;VVS1;61.7;55;4.44;4.48;2.75;838
0.33;Ideal;G;VVS1;61.7;55;4.48;4.5;2.77;838
0.33;Ideal;G;VVS1;61.1;56;4.47;4.5;2.74;838
0.33;Ideal;G;VVS1;62;55;4.45;4.49;2.77;838
0.3;Ideal;E;VVS1;61.5;58;4.28;4.31;2.64;838
0.3;Ideal;E;VVS1;61.6;56;4.3;4.34;2.66;838
0.3;Ideal;E;VVS1;61.2;58;4.28;4.31;2.63;838
0.3;Ideal;E;VVS1;61.6;55;4.34;4.36;2.68;838
0.3;Ideal;E;VVS1;62.1;56;4.3;4.33;2.68;838
0.3;Ideal;E;VVS1;62.8;54;4.27;4.3;2.69;838
0.3;Ideal;E;VVS1;62.6;54;4.3;4.33;2.7;838
0.3;Ideal;E;VVS1;61.2;57;4.32;4.34;2.65;838
0.3;Ideal;E;VVS1;61.6;56;4.31;4.32;2.66;838
0.34;Ideal;D;VS1;61.1;55;4.52;4.55;2.77;838
0.42;Ideal;F;SI1;61.6;55;4.85;4.83;2.98;838
0.42;Ideal;F;SI1;61.9;54;4.87;4.83;3;838
0.44;Ideal;D;SI1;61.6;56;4.9;4.93;3.03;838
0.33;Ideal;H;IF;61.6;55;4.48;4.51;2.77;838
0.33;Ideal;H;IF;61.1;56;4.47;4.5;2.74;838
0.33;Ideal;H;IF;61.4;54;4.47;4.49;2.75;838
0.33;Ideal;H;IF;62.1;54;4.44;4.48;2.77;838
0.33;Ideal;H;IF;61.8;54;4.47;4.49;2.77;838
0.33;Ideal;H;IF;62;55;4.46;4.48;2.77;838
0.42;Good;H;SI1;63.6;57;4.79;4.74;3.03;838
0.42;Premium;E;SI2;58.8;60;4.9;4.86;2.87;838
0.42;Premium;E;SI2;60.1;58;4.91;4.87;2.94;838
0.42;Very Good;D;SI2;63.2;57;4.77;4.75;3.01;838
0.42;Very Good;D;SI2;63.1;56;4.8;4.74;3.01;838
0.38;Premium;F;SI1;62;58;4.63;4.6;2.86;838
0.38;Ideal;E;SI1;61.4;57;4.67;4.64;2.86;838
0.43;Premium;H;SI2;62.8;58;4.85;4.83;3.04;839
0.41;Very Good;H;VVS2;61.3;54;4.75;4.87;2.95;839
0.37;Ideal;F;VVS2;60.7;57;4.67;4.69;2.84;839
0.37;Ideal;F;VVS2;60;59;4.64;4.66;2.79;839
0.35;Ideal;H;VVS1;60.5;57;4.58;4.59;2.77;839
0.39;Ideal;E;VS2;60.5;56;4.75;4.77;2.88;839
0.39;Ideal;E;VS2;60.9;55;4.73;4.76;2.89;839
0.35;Ideal;F;VS1;60.9;56;4.52;4.56;2.77;839
0.31;Ideal;G;IF;61.6;56;4.37;4.4;2.7;839
0.41;Very Good;G;VS1;58.9;60;4.84;4.87;2.86;839
0.33;Ideal;D;VS1;61;56;4.45;4.47;2.72;839
0.3;Very Good;E;VVS2;62.9;55;4.25;4.27;2.68;840
0.38;Very Good;G;VS1;63.5;59;4.58;4.61;2.92;840
0.33;Ideal;E;VVS2;62.1;54;4.45;4.47;2.77;840
0.31;Ideal;D;VVS2;62.2;54;4.34;4.38;2.71;840
0.31;Ideal;D;VVS2;61.6;54;4.37;4.4;2.7;840
0.31;Ideal;F;VVS1;61.6;55;4.36;4.4;2.7;840
0.31;Ideal;F;VVS1;61.4;56;4.37;4.4;2.69;840
0.31;Ideal;F;VVS1;61.1;55;4.38;4.39;2.68;840
0.31;Ideal;F;VVS1;62.4;54;4.33;4.35;2.71;840
0.31;Ideal;F;VVS1;62;55;4.34;4.37;2.7;840
0.31;Ideal;F;VVS1;62.2;54;4.36;4.39;2.72;840
0.31;Ideal;F;VVS1;62.1;54;4.37;4.39;2.72;840
0.31;Ideal;F;VVS1;62;54;4.37;4.41;2.72;840
0.31;Ideal;F;VVS1;62.3;54;4.34;4.36;2.71;840
0.31;Ideal;F;VVS1;62;54;4.36;4.38;2.71;840
0.31;Ideal;F;VVS1;61;56;4.39;4.43;2.69;840
0.31;Ideal;F;VVS1;62;54;4.34;4.37;2.7;840
0.31;Ideal;F;VVS1;62.2;53;4.35;4.37;2.71;840
0.38;Ideal;G;VS2;61.5;57;4.66;4.68;2.87;840
0.35;Ideal;E;VS1;62;53.6;4.53;4.55;2.81;840
0.31;Ideal;G;IF;61.5;57;4.35;4.37;2.68;840
0.4;Fair;G;SI1;64.7;55;4.68;4.65;3.02;840
0.4;Very Good;G;SI1;63.1;56;4.75;4.72;2.99;840
0.4;Premium;G;SI1;59.6;61;4.76;4.74;2.83;840
0.4;Very Good;G;SI1;63.4;58;4.71;4.66;2.97;840
0.4;Very Good;G;SI1;63.2;58;4.7;4.61;2.94;840
0.4;Very Good;G;SI1;63.3;58;4.69;4.66;2.96;840
0.4;Ideal;I;VS2;61.4;58;4.78;4.73;2.92;840
0.5;Premium;E;I1;60.7;61;5.14;5.05;3.09;840
0.5;Premium;E;I1;61.4;60;5.18;5.03;3.14;840
0.32;Very Good;D;VVS2;61.9;54;4.43;4.46;2.75;841
0.33;Very Good;F;VVS1;60.1;56;4.53;4.56;2.73;841
0.32;Ideal;D;VVS2;62.3;54;4.42;4.44;2.76;841
0.32;Ideal;F;VVS1;61.7;56;4.38;4.41;2.71;841
0.48;Ideal;G;SI2;62;54;5.04;5.06;3.13;841
0.48;Ideal;I;SI1;61.9;53;5.06;5.08;3.14;841
0.48;Ideal;I;SI1;62.5;54;5.04;5.07;3.16;841
0.41;Ideal;D;SI2;62.6;57;4.77;4.72;2.97;841
0.35;Very Good;G;VVS1;61.2;57;4.55;4.58;2.79;842
0.35;Very Good;F;VS1;60.3;58.6;4.56;4.59;2.76;842
0.32;Ideal;E;VS1;59.5;57;4.49;4.45;2.66;842
0.32;Ideal;D;VS2;61.8;55;4.43;4.41;2.73;842
0.32;Premium;D;VS2;62.9;59;4.39;4.36;2.75;842
0.32;Ideal;G;VVS1;61.9;56;4.39;4.4;2.72;842
0.32;Very Good;G;VVS1;61.9;58;4.36;4.39;2.71;842
0.4;Ideal;F;VS2;60.6;55;4.78;4.82;2.91;842
0.32;Very Good;G;VVS1;60.9;61;4.37;4.4;2.67;842
0.4;Ideal;F;VS2;62.7;56;4.73;4.77;2.98;842
0.32;Premium;H;IF;61.2;58;4.37;4.39;2.68;842
0.4;Premium;F;VS2;62.1;58;4.71;4.76;2.94;842
0.4;Premium;I;VVS1;60.8;58;4.76;4.78;2.9;842
0.32;Ideal;H;IF;60.9;56;4.41;4.42;2.69;842
0.32;Premium;G;VVS1;62.6;58;4.38;4.41;2.75;842
0.32;Ideal;G;VVS1;61.1;57;4.41;4.43;2.7;842
0.32;Premium;E;VVS2;61.1;58;4.42;4.45;2.71;842
0.4;Premium;I;VVS1;62.7;59;4.67;4.71;2.94;842
0.4;Premium;F;VS2;62.6;58;4.68;4.72;2.94;842
0.32;Ideal;E;VVS2;62.3;56;4.37;4.4;2.73;842
0.4;Premium;F;VS2;60.7;60;4.75;4.8;2.9;842
0.32;Ideal;E;VVS2;61.5;57;4.4;4.41;2.71;842
0.32;Ideal;G;VVS1;61.4;55;4.42;4.44;2.72;842
0.32;Ideal;G;VVS1;61.1;53;4.4;4.44;2.7;842
0.4;Premium;F;VS2;61;59;4.71;4.76;2.89;842
0.4;Very Good;F;VS2;62.9;57;4.69;4.72;2.96;842
0.4;Ideal;F;VS2;62;57;4.68;4.74;2.92;842
0.32;Ideal;E;VVS2;62;55;4.38;4.4;2.72;842
0.4;Premium;F;VS2;61;58;4.72;4.79;2.9;842
0.32;Very Good;G;VVS1;58.1;59;4.49;4.53;2.62;842
0.32;Premium;E;VVS2;61.5;58;4.36;4.42;2.7;842
0.4;Good;I;VVS1;63.3;57;4.67;4.71;2.97;842
0.32;Ideal;G;VVS1;62.4;55;4.37;4.38;2.73;842
0.32;Ideal;E;VVS2;62.3;56;4.37;4.4;2.73;842
0.4;Premium;F;VS2;59.7;58;4.79;4.83;2.87;842
0.32;Ideal;G;VVS1;62.4;56;4.36;4.39;2.73;842
0.4;Premium;I;VVS1;59.5;59;4.76;4.79;2.84;842
0.4;Premium;F;VS2;59.3;59;4.79;4.83;2.85;842
0.32;Ideal;E;VVS2;61.6;57;4.4;4.43;2.72;842
0.4;Ideal;I;VVS1;60.5;57;4.76;4.79;2.89;842
0.4;Good;I;VVS1;63.5;57;4.65;4.68;2.96;842
0.32;Premium;E;VVS2;59.9;58;4.45;4.5;2.68;842
0.4;Good;I;VVS1;63.9;56;4.64;4.68;2.98;842
0.4;Premium;F;VS2;61.6;58;4.75;4.8;2.94;842
0.32;Ideal;E;VVS2;60.8;57;4.42;4.46;2.7;842
0.32;Ideal;G;VVS1;60.2;56;4.45;4.49;2.69;842
0.4;Very Good;I;VVS1;61.5;58;4.7;4.76;2.91;842
0.32;Ideal;G;VVS1;60.8;56;4.37;4.44;2.68;842
0.32;Ideal;G;VVS1;62;57;4.38;4.42;2.73;842
0.32;Ideal;G;VVS1;62.2;55;4.38;4.4;2.73;842
0.37;Very Good;E;VVS2;59.3;58;4.68;4.73;2.79;843
0.42;Very Good;H;VS2;59;57;4.92;4.95;2.91;843
0.41;Ideal;I;VVS2;62.4;57;4.68;4.75;2.94;843
0.32;Ideal;E;VVS2;61.9;54;4.41;4.44;2.74;843
0.32;Ideal;E;VVS2;61.4;54;4.44;4.45;2.73;843
0.4;Ideal;F;VS2;62.6;54;4.73;4.78;2.98;843
0.42;Ideal;F;SI1;60.8;54;4.83;4.94;2.97;843
0.43;Very Good;G;VS2;61;56;4.87;4.89;2.98;844
0.46;Very Good;D;SI2;62;60;4.89;4.92;3.04;844
0.34;Ideal;G;VVS1;61.5;56;4.47;4.5;2.75;844
0.34;Ideal;G;VVS1;60.5;55;4.53;4.56;2.75;844
0.3;Ideal;E;VVS1;62;57;4.29;4.32;2.67;844
0.53;Ideal;I;SI2;61.8;55;5.22;5.26;3.24;844
0.38;Ideal;F;SI1;60.9;55;4.7;4.72;2.87;844
0.38;Ideal;F;SI1;60.4;57;4.7;4.74;2.85;844
0.38;Ideal;E;SI1;61.1;55;4.69;4.73;2.88;844
0.34;Ideal;H;IF;61.6;55;4.51;4.55;2.78;844
0.3;Ideal;G;IF;62.2;55;4.3;4.32;2.68;844
0.3;Ideal;G;IF;61;56;4.34;4.37;2.65;844
0.3;Ideal;G;IF;61.8;57;4.28;4.31;2.65;844
0.3;Premium;F;VS1;61.5;59;4.33;4.31;2.66;844
0.3;Ideal;F;VS1;62;55;4.34;4.3;2.68;844
0.3;Premium;E;VS2;61.7;61;4.31;4.28;2.65;844
0.3;Premium;E;VS2;61.6;58;4.33;4.31;2.66;844
0.3;Premium;F;VS1;61.9;59;4.3;4.26;2.65;844
0.3;Ideal;F;VS1;61.4;56;4.37;4.33;2.67;844
0.3;Premium;F;VS1;60.5;60;4.31;4.29;2.6;844
0.3;Ideal;E;VS2;61.5;55;4.4;4.32;2.68;844
0.3;Premium;E;VS2;62.1;58;4.31;4.29;2.67;844
0.3;Premium;E;VS2;60;58;4.4;4.37;2.63;844
0.3;Premium;E;VS2;59.2;59;4.41;4.37;2.6;844
0.3;Premium;E;VS2;59.1;58;4.39;4.37;2.59;844
0.3;Premium;E;VS2;60;60;4.4;4.36;2.63;844
0.3;Ideal;E;VS2;60.2;57;4.38;4.36;2.63;844
0.3;Ideal;E;VS2;61;56;4.36;4.33;2.65;844
0.3;Premium;E;VS2;59.9;59;4.38;4.33;2.61;844
0.3;Premium;E;VS2;61.8;58;4.36;4.31;2.68;844
0.3;Ideal;E;VS2;61.4;55;4.34;4.32;2.66;844
0.3;Premium;E;VS2;61.7;58;4.34;4.32;2.67;844
0.3;Ideal;E;VS2;62.1;55;4.35;4.32;2.69;844
0.3;Ideal;E;VS2;61.8;55;4.35;4.33;2.68;844
0.3;Ideal;E;VS2;61.6;55;4.33;4.31;2.66;844
0.3;Ideal;E;VS2;61.8;56;4.33;4.31;2.67;844
0.3;Ideal;E;VS2;61.5;55;4.34;4.31;2.66;844
0.3;Ideal;E;VS2;62;56;4.34;4.31;2.68;844
0.3;Ideal;E;VS2;61.2;55;4.35;4.31;2.65;844
0.3;Ideal;E;VS2;61.8;57;4.34;4.3;2.67;844
0.3;Ideal;E;VS2;62;56;4.34;4.3;2.68;844
0.3;Ideal;E;VS2;62.3;56;4.34;4.3;2.69;844
0.3;Ideal;E;VS2;62;55;4.35;4.3;2.68;844
0.3;Ideal;E;VS2;61.7;55;4.32;4.3;2.66;844
0.3;Ideal;E;VS2;61.8;56;4.34;4.3;2.67;844
0.3;Premium;E;VS2;60.4;58;4.34;4.3;2.61;844
0.3;Ideal;E;VS2;62.1;55;4.33;4.3;2.68;844
0.3;Premium;E;VS2;60.7;59;4.33;4.3;2.62;844
0.3;Ideal;E;VS2;62.6;56;4.33;4.29;2.7;844
0.3;Ideal;E;VS2;61.5;56;4.33;4.29;2.65;844
0.3;Premium;E;VS2;61.9;59;4.33;4.29;2.67;844
0.3;Ideal;E;VS2;62.4;57;4.33;4.29;2.69;844
0.3;Ideal;E;VS2;62.6;54;4.33;4.29;2.7;844
0.3;Ideal;E;VS2;61.5;55;4.33;4.29;2.65;844
0.3;Ideal;E;VS2;62.8;56;4.32;4.28;2.7;844
0.3;Ideal;E;VS2;61.8;56;4.32;4.29;2.66;844
0.3;Ideal;E;VS2;62.3;57;4.32;4.29;2.68;844
0.3;Ideal;E;VS2;61.3;57;4.33;4.29;2.64;844
0.3;Ideal;E;VS2;62.3;56;4.32;4.28;2.68;844
0.3;Premium;E;VS2;62.3;58;4.32;4.28;2.68;844
0.3;Ideal;E;VS2;62.6;54;4.31;4.28;2.69;844
0.3;Premium;E;VS2;61.9;61;4.32;4.28;2.66;844
0.3;Ideal;E;VS2;62.1;55;4.32;4.28;2.67;844
0.3;Premium;E;VS2;62;59;4.31;4.27;2.66;844
0.3;Ideal;E;VS2;62.2;56;4.3;4.28;2.67;844
0.3;Ideal;E;VS2;62.5;56;4.3;4.28;2.68;844
0.3;Ideal;E;VS2;61.5;55;4.31;4.28;2.64;844
0.3;Ideal;E;VS2;62;55;4.31;4.27;2.66;844
0.3;Ideal;E;VS2;61.6;56;4.3;4.27;2.64;844
0.3;Ideal;E;VS2;62.3;57;4.3;4.27;2.67;844
0.3;Premium;E;VS2;62.6;58;4.3;4.26;2.68;844
0.3;Premium;E;VS2;62.5;58;4.31;4.26;2.68;844
0.3;Premium;E;VS2;62.1;59;4.29;4.27;2.66;844
0.3;Premium;E;VS2;62;58;4.29;4.26;2.65;844
0.3;Premium;E;VS2;62.4;59;4.3;4.26;2.67;844
0.3;Ideal;E;VS2;62;55;4.3;4.25;2.65;844
0.3;Ideal;E;VS2;62.1;56;4.31;4.25;2.66;844
0.3;Premium;E;VS2;61.8;58;4.28;4.26;2.64;844
0.3;Ideal;E;VS2;62.4;56;4.28;4.25;2.66;844
0.3;Premium;E;VS2;62.6;58;4.28;4.25;2.67;844
0.3;Premium;E;VS2;62.8;59;4.26;4.24;2.67;844
0.3;Premium;E;VS2;62.2;60;4.28;4.24;2.65;844
0.3;Ideal;E;VS2;62.4;57;4.29;4.24;2.66;844
0.3;Premium;E;VS2;62;60;4.26;4.23;2.63;844
0.3;Ideal;E;VS2;62.4;57;4.26;4.24;2.65;844
0.3;Premium;E;VS2;62.9;58;4.24;4.22;2.66;844
0.3;Premium;E;VS2;62.9;58;4.27;4.22;2.67;844
0.47;Good;E;SI2;56.5;62;5.17;5.09;2.9;844
0.37;Ideal;F;SI1;60.2;53;4.74;4.7;2.84;844
0.3;Premium;E;VS2;62.5;59;4.3;4.27;2.68;844
0.3;Ideal;E;VS2;62.6;56;4.34;4.29;2.7;844
0.3;Ideal;E;VS2;62.4;56;4.33;4.26;2.68;844
0.37;Ideal;E;VVS2;62.2;56;4.6;4.63;2.87;844
0.37;Ideal;E;VVS2;61.8;54;4.6;4.63;2.85;844
0.37;Very Good;G;VVS2;59.1;60;4.69;4.71;2.78;844
0.37;Premium;E;VVS2;60.9;59;4.61;4.65;2.82;844
0.37;Very Good;E;VVS2;59.7;61;4.67;4.71;2.8;844
0.41;Good;G;VVS1;63.6;56;4.72;4.74;3.01;844
0.33;Very Good;I;VS2;62.6;58;4.34;4.42;2.74;463
0.33;Ideal;I;VS2;61.5;57;4.42;4.49;2.74;463
0.33;Ideal;I;VS2;62.4;56;4.39;4.43;2.75;463
0.33;Premium;I;VS2;62;60;4.41;4.46;2.75;463
0.33;Very Good;I;VS2;61;61;4.43;4.46;2.71;463
0.33;Premium;I;VS2;61.1;59;4.4;4.44;2.7;463
0.3;Ideal;J;VVS1;60.4;57;4.36;4.38;2.64;464
0.3;Ideal;J;VVS1;61.8;56;4.31;4.33;2.67;464
0.34;Ideal;J;VS1;62;54;4.52;4.55;2.81;464
0.27;Ideal;H;VS1;61.2;54;4.2;4.23;2.58;464
0.27;Ideal;H;VS1;62.3;56;4.15;4.17;2.59;464
0.29;Ideal;H;VS1;62.4;54;4.23;4.26;2.65;464
0.31;Ideal;H;SI1;61.1;57;4.38;4.42;2.69;464
0.31;Ideal;H;SI1;61.5;55;4.39;4.42;2.71;464
0.31;Ideal;H;SI1;61.3;56;4.36;4.39;2.68;464
0.31;Ideal;H;SI1;61.8;54;4.34;4.36;2.69;464
0.31;Ideal;H;SI1;62.4;55;4.31;4.35;2.7;464
0.31;Ideal;H;SI1;62.1;54;4.37;4.39;2.72;464
0.31;Ideal;H;SI1;61.1;56;4.35;4.39;2.67;464
0.23;Very Good;F;VVS2;60.4;61;3.92;3.96;2.38;465
0.23;Very Good;F;VVS2;61.3;60;3.98;4.01;2.45;465
0.23;Very Good;F;VVS2;61;59;3.93;3.97;2.41;465
0.23;Very Good;E;VVS2;62.7;59;3.93;3.95;2.47;465
0.23;Very Good;E;VVS2;58;60;4.04;4.07;2.35;465
0.23;Very Good;E;VVS2;61.8;59;3.92;3.95;2.43;465
0.23;Very Good;E;VVS2;60.2;57;3.99;4.05;2.42;465
0.23;Very Good;E;VVS2;61.1;58;3.95;4.01;2.43;465
0.23;Very Good;F;VVS1;60.1;57;4;4.02;2.41;465
0.23;Very Good;E;VVS1;62.2;59;3.92;3.96;2.45;465
0.3;Ideal;H;SI1;61.7;56;4.33;4.35;2.68;465
0.41;Very Good;I;VVS1;63.5;58;4.7;4.75;3;845
0.4;Very Good;D;VS2;63.3;58;4.63;4.66;2.94;845
0.4;Very Good;D;VS2;62.4;60;4.66;4.67;2.91;845
0.35;Premium;G;VS1;62.6;56;4.52;4.49;2.82;845
0.35;Very Good;D;VS1;59.9;56;4.61;4.64;2.77;846
0.34;Ideal;F;VVS2;62;54.2;4.47;4.49;2.78;846
0.32;Ideal;E;VS2;61.3;55;4.41;4.43;2.71;846
0.32;Ideal;E;VS2;61.3;55;4.43;4.47;2.73;846
0.32;Ideal;E;VS2;61.1;56;4.46;4.48;2.73;846
0.32;Ideal;E;VS2;60.9;56;4.45;4.48;2.72;846
0.37;Ideal;F;VS1;61.1;56;4.64;4.65;2.84;846
0.27;Ideal;E;VVS1;61.7;57;4.16;4.14;2.56;846
0.31;Ideal;G;VVS2;62.7;57;4.35;4.32;2.72;846
0.31;Good;F;VVS2;63.6;55;4.33;4.29;2.74;846
0.31;Ideal;H;VVS1;61.6;57;4.35;4.32;2.67;846
0.3;Premium;F;IF;61.6;58;4.3;4.34;2.66;846
0.41;Premium;D;VS2;61.8;58;4.76;4.79;2.95;846
0.41;Very Good;H;VVS2;63.1;58;4.71;4.74;2.98;847
0.41;Very Good;I;VVS1;63.1;58;4.68;4.74;2.97;847
0.38;Very Good;D;VS2;61;58;4.7;4.75;2.88;847
0.4;Very Good;F;VS1;61.2;58;4.74;4.86;2.94;847
0.41;Good;G;VS1;63.3;62;4.67;4.71;2.97;847
0.39;Good;F;VS1;62.8;61;4.63;4.67;2.92;847
0.42;Premium;H;VS1;61.2;60;4.77;4.84;2.94;847
0.42;Premium;G;VS2;60.6;59;4.78;4.85;2.92;847
0.42;Ideal;G;VS2;62.2;56;4.8;4.82;2.99;847
0.42;Ideal;G;VS2;60.8;57;4.82;4.85;2.94;847
0.42;Premium;H;VS1;61.6;58;4.79;4.82;2.96;847
0.42;Very Good;G;VS2;60.1;61;4.81;4.84;2.9;847
0.42;Ideal;H;VS1;62;57;4.8;4.82;2.98;847
0.42;Premium;G;VS2;59.5;59;4.83;4.89;2.89;847
0.42;Ideal;G;VS2;62.1;56;4.79;4.84;2.99;847
0.42;Ideal;G;VS2;62.4;54;4.78;4.83;3;847
0.42;Ideal;G;VS2;61.7;57;4.8;4.83;2.97;847
0.42;Premium;G;VS2;62;58;4.77;4.81;2.97;847
0.42;Ideal;H;VS1;61.4;56;4.82;4.85;2.97;847
0.42;Premium;G;VS2;61.9;58;4.77;4.82;2.97;847
0.42;Ideal;H;VS1;62.4;57;4.76;4.79;2.98;847
0.42;Premium;G;VS2;60.6;58;4.83;4.88;2.94;847
0.42;Ideal;G;VS2;61.6;56;4.82;4.83;2.97;847
0.42;Ideal;G;VS2;62.2;54;4.8;4.82;2.99;847
0.42;Very Good;G;VS2;60.1;61;4.79;4.86;2.9;847
0.42;Very Good;G;VS2;62.6;57;4.76;4.8;2.99;847
0.42;Ideal;G;VS2;61.2;56;4.8;4.84;2.95;847
0.42;Ideal;G;VS2;61.8;56;4.81;4.84;2.98;847
0.42;Premium;H;VS1;61.7;59;4.76;4.83;2.96;847
0.42;Premium;G;VS2;59.8;58;4.86;4.9;2.92;847
0.3;Ideal;D;VS1;62;54;4.34;4.3;2.68;848
0.3;Premium;D;VS1;59.4;60;4.38;4.34;2.59;848
0.33;Very Good;E;VVS1;61.6;53;4.46;4.5;2.76;848
0.34;Ideal;F;VVS2;61.3;56;4.52;4.56;2.78;848
0.43;Ideal;I;VVS1;61.6;54;4.88;4.92;3.02;848
0.43;Ideal;F;VS2;61.4;54;4.9;4.93;3.02;848
0.3;Good;D;VVS1;64.3;57;4.27;4.32;2.76;848
0.3;Premium;D;VS1;60.7;58;4.36;4.34;2.64;848
0.3;Ideal;D;VS1;61.8;56;4.34;4.3;2.67;848
0.3;Premium;D;VS1;59.7;58;4.39;4.32;2.6;848
0.41;Ideal;E;VS2;62.2;56;4.75;4.8;2.97;848
0.4;Very Good;I;VVS1;60.8;58;4.75;4.83;2.91;849
0.39;Ideal;I;VVS2;60.8;56;4.74;4.76;2.89;849
0.35;Ideal;E;VVS2;61;57;4.54;4.58;2.78;849
0.35;Ideal;E;VVS2;62.6;53;4.52;4.55;2.84;849
0.4;Ideal;I;VVS1;61;56;4.79;4.81;2.93;849
0.35;Ideal;G;VVS1;61.7;55;4.54;4.57;2.81;849
0.31;Good;G;VVS1;57.5;62;4.47;4.54;2.59;849
0.44;Very Good;D;SI1;62.9;58;4.82;4.85;3.04;849
0.44;Premium;D;SI1;61.9;59;4.86;4.9;3.02;849
0.4;Very Good;E;VVS2;63;55;4.72;4.74;2.98;849
0.43;Very Good;I;VVS2;62.8;58;4.8;4.82;3.02;850
0.4;Very Good;D;VS2;63.2;57;4.66;4.71;2.96;850
0.4;Very Good;D;VS2;63.6;55;4.68;4.72;2.99;850
0.4;Very Good;D;VS2;62.3;60;4.66;4.68;2.91;850
0.4;Very Good;D;VS2;59.3;58;4.8;4.85;2.86;850
0.4;Very Good;D;VS2;63.5;57;4.62;4.67;2.95;850
0.3;Very Good;G;IF;62.3;55;4.31;4.33;2.69;850
0.3;Ideal;G;VVS2;61.8;57;4.31;4.33;2.67;850
0.43;Ideal;H;VS1;61.2;56;4.87;4.9;2.99;850
0.33;Ideal;E;VS1;62.3;56;4.41;4.45;2.75;850
0.33;Ideal;E;VS1;60.9;57;4.47;4.5;2.73;850
0.33;Ideal;E;VS1;61.1;56;4.45;4.48;2.73;850
0.46;Ideal;I;SI1;61.9;55;4.97;4.98;3.08;850
0.3;Ideal;G;IF;61.7;53;4.33;4.36;2.68;850
0.3;Ideal;G;IF;62.2;56;4.26;4.29;2.66;850
0.44;Very Good;D;VS2;62.8;58;4.79;4.86;3.03;850
0.37;Ideal;G;VS2;61.6;55;4.63;4.65;2.86;851
0.46;Ideal;J;VS1;62.6;53.9;4.92;4.95;3.09;851
0.46;Ideal;F;SI2;62.1;54.7;4.95;4.98;3.08;851
0.35;Good;E;VS1;59.4;55;4.6;4.62;2.74;851
0.36;Very Good;D;SI1;63.4;57;4.57;4.55;2.89;851
0.36;Premium;D;SI1;60.1;57;4.66;4.62;2.79;851
0.36;Ideal;D;SI1;62.1;56;4.58;4.53;2.83;851
0.42;Ideal;J;VS1;60.9;57;4.86;4.83;2.95;851
0.42;Ideal;F;SI2;62.1;56;4.83;4.8;2.99;851
0.36;Ideal;D;SI1;59.5;56;4.68;4.63;2.77;851
0.36;Ideal;D;SI1;60.3;56;4.65;4.61;2.79;851
0.36;Premium;D;SI1;60.4;58;4.64;4.6;2.79;851
0.36;Premium;D;SI1;59.6;58;4.65;4.61;2.76;851
0.36;Premium;D;SI1;61.4;58;4.59;4.56;2.81;851
0.36;Ideal;D;SI1;61.5;56;4.64;4.56;2.83;851
0.36;Ideal;D;SI1;61.2;57;4.63;4.59;2.82;851
0.36;Ideal;D;SI1;62.5;56;4.57;4.55;2.85;851
0.36;Ideal;D;SI1;62;56;4.61;4.55;2.84;851
0.36;Ideal;D;SI1;61.6;56;4.58;4.54;2.81;851
0.36;Ideal;D;SI1;62.7;57;4.59;4.54;2.86;851
0.36;Ideal;D;SI1;62.7;57;4.59;4.54;2.86;851
0.36;Very Good;D;SI1;63.1;55;4.59;4.54;2.88;851
0.36;Premium;D;SI1;61.5;59;4.55;4.52;2.79;851
0.3;Premium;D;VS2;62;62;4.27;4.24;2.64;851
0.5;Premium;F;I1;61.9;58;5.15;5.05;3.15;851
0.5;Fair;E;SI2;58;67;5.26;5.17;3.02;851
0.3;Premium;E;VS1;60.6;62;4.3;4.28;2.6;851
0.35;Ideal;E;VS1;61.9;56;4.53;4.55;2.81;851
0.45;Very Good;E;SI1;62.8;58;4.84;4.88;3.05;851
0.4;Very Good;D;VS2;59.6;58;4.8;4.83;2.87;851
0.4;Very Good;F;VS1;60.9;61;4.75;4.78;2.9;851
0.36;Ideal;E;VS1;62.4;55;4.59;4.61;2.87;852
0.36;Ideal;D;VS2;61;56;4.59;4.63;2.81;852
0.34;Ideal;H;VVS2;61.1;56;4.52;4.55;2.77;852
0.34;Ideal;H;VVS2;61.4;56;4.48;4.51;2.76;852
0.36;Ideal;E;VS1;61.7;56;4.56;4.58;2.82;852
0.36;Ideal;E;VS1;62;56;4.57;4.59;2.84;852
0.36;Premium;D;VS2;59.1;58;4.63;4.68;2.75;852
0.36;Ideal;E;VS1;61.6;57;4.54;4.58;2.81;852
0.36;Ideal;D;VS2;61.1;57;4.58;4.62;2.81;852
0.36;Ideal;D;VS2;61.5;57;4.56;4.58;2.81;852
0.36;Ideal;E;VS1;61.8;56;4.56;4.6;2.83;852
0.36;Premium;E;VS1;60.4;58;4.64;4.67;2.81;852
0.36;Premium;D;VS2;60.5;58;4.6;4.63;2.79;852
0.36;Ideal;D;VS2;61.8;56;4.56;4.6;2.83;852
0.41;Very Good;F;SI1;63.4;58;4.75;4.68;2.99;852
0.41;Premium;E;SI1;58.8;62;4.87;4.85;2.86;852
0.33;Ideal;E;VVS1;62.6;58;4.36;4.4;2.74;852
0.31;Ideal;D;VS2;61.8;55;4.33;4.36;2.69;852
0.43;Ideal;I;SI1;60.9;57;4.88;4.9;2.98;852
0.45;Ideal;G;SI1;62;54;4.95;4.98;3.08;852
0.36;Ideal;I;IF;60.8;57;4.6;4.64;2.81;852
0.36;Premium;D;VS2;61.8;58;4.55;4.58;2.82;852
0.36;Premium;D;VS2;61;59;4.57;4.61;2.8;852
0.36;Premium;E;VS1;61.3;58;4.56;4.58;2.8;852
0.36;Premium;D;VS2;61;58;4.59;4.62;2.81;852
0.43;Very Good;G;VS2;62.4;56;4.84;4.87;3.02;852
0.36;Ideal;D;VS2;61.7;55;4.58;4.6;2.83;852
0.36;Ideal;D;VS2;61.6;56;4.55;4.57;2.81;852
0.36;Ideal;D;VS2;60.6;57;4.57;4.61;2.78;852
0.38;Very Good;G;VVS2;61.5;57;4.66;4.68;2.87;853
0.4;Very Good;G;VS1;60;56;4.81;4.85;2.9;853
0.39;Ideal;H;VVS2;61.4;56.1;4.7;4.73;2.89;853
0.39;Ideal;H;VVS2;62.1;54.3;4.63;4.69;2.9;853
0.3;Ideal;D;VVS1;62.1;56;4.31;4.32;2.68;853
0.38;Good;D;VS1;63.4;55;4.61;4.64;2.93;853
0.33;Premium;G;IF;59.4;59;4.49;4.54;2.68;853
0.36;Ideal;F;VVS2;60.4;58;4.61;4.66;2.8;853
0.31;Ideal;D;VVS2;61;56;4.37;4.39;2.67;853
0.35;Ideal;G;VVS1;61.8;54.5;4.54;4.58;2.82;853
0.31;Ideal;E;VVS1;59.7;60;4.41;4.43;2.64;853
0.31;Ideal;E;VVS1;61.5;56;4.34;4.37;2.68;853
0.31;Ideal;E;VVS1;61.7;56;4.38;4.4;2.71;853
0.31;Ideal;E;VVS1;62.1;55;4.34;4.36;2.7;853
0.31;Ideal;E;VVS1;62.5;54;4.33;4.37;2.72;853
0.38;Ideal;E;VS2;62;56;4.62;4.66;2.88;853
0.38;Ideal;E;VS2;61.7;54.3;4.68;4.69;2.89;853
0.39;Ideal;G;VS1;62.2;54.3;4.66;4.69;2.91;853
0.31;Ideal;G;IF;61.6;54;4.36;4.4;2.7;853
0.31;Ideal;G;IF;60.5;61;4.39;4.4;2.66;853
0.35;Ideal;F;VS1;62.4;55;4.52;4.49;2.81;853
0.35;Premium;E;VS2;61.4;58;4.55;4.51;2.78;853
0.39;Very Good;G;VVS1;62.7;58;4.65;4.69;2.93;854
0.42;Very Good;G;VS2;62.1;55;4.8;4.83;2.99;854
0.47;Very Good;J;VS1;63;60;4.92;4.95;3.11;854
0.32;Ideal;D;VVS2;59.9;59;4.45;4.46;2.67;854
0.4;Ideal;I;VVS1;62.3;56;4.67;4.7;2.92;854
0.32;Ideal;F;VVS1;61.3;55;4.42;4.45;2.72;854
0.32;Ideal;F;VVS1;60.4;57;4.41;4.43;2.67;854
0.33;Ideal;F;VVS1;61.1;55;4.48;4.52;2.75;854
0.3;Ideal;F;VVS1;62;54.2;4.31;4.33;2.68;854
0.32;Ideal;F;VVS1;61.6;55;4.4;4.43;2.72;854
0.32;Ideal;F;VVS1;62.3;55;4.37;4.4;2.73;854
0.32;Ideal;F;VVS1;61.6;55;4.42;4.44;2.73;854
0.32;Ideal;F;VVS1;62.5;53;4.4;4.43;2.76;854
0.4;Ideal;E;VS2;62.1;54;4.72;4.75;2.94;854
0.33;Ideal;F;VS2;60.5;55;4.55;4.47;2.73;854
0.33;Ideal;F;VS2;61.3;56;4.47;4.43;2.73;854
0.33;Premium;F;VS2;62.2;58;4.44;4.43;2.76;854
0.33;Very Good;F;VS2;63.2;56;4.41;4.39;2.78;854
0.33;Ideal;H;VVS2;60.9;57;4.52;4.48;2.74;854
0.33;Ideal;H;VVS2;62.2;56;4.46;4.44;2.77;854
0.33;Ideal;H;VVS2;62.2;54;4.46;4.44;2.77;854
0.33;Ideal;H;VVS2;61.9;55;4.47;4.45;2.76;854
0.33;Ideal;H;VVS2;61.7;56;4.44;4.41;2.73;854
0.33;Ideal;H;VVS2;61.9;57;4.44;4.41;2.74;854
0.33;Premium;H;VVS2;61.6;58;4.45;4.42;2.73;854
0.33;Premium;H;VVS2;62.4;60;4.42;4.39;2.75;854
0.33;Premium;G;VS1;60.3;59;4.52;4.44;2.7;854
0.33;Ideal;G;VS1;62.1;54;4.47;4.45;2.77;854
0.33;Ideal;G;VS1;62.3;54;4.48;4.45;2.78;854
0.33;Ideal;G;VS1;60.1;55;4.55;4.5;2.72;854
0.33;Premium;G;VS1;59.2;59;4.54;4.51;2.68;854
0.33;Premium;G;VS1;61.9;58;4.46;4.43;2.75;854
0.33;Ideal;G;VS1;62.1;55;4.46;4.43;2.76;854
0.33;Ideal;G;VS1;62.1;55;4.46;4.43;2.76;854
0.33;Premium;G;VS1;60.5;58;4.49;4.43;2.7;854
0.33;Premium;G;VS1;61.4;59;4.49;4.43;2.74;854
0.33;Ideal;G;VS1;61.7;56;4.47;4.44;2.75;854
0.33;Premium;G;VS1;60.1;61;4.48;4.44;2.68;854
0.33;Ideal;G;VS1;61.4;55;4.48;4.44;2.74;854
0.33;Ideal;G;VS1;61.4;54;4.48;4.44;2.74;854
0.33;Ideal;G;VS1;61.9;56;4.48;4.44;2.76;854
0.33;Ideal;G;VS1;62.1;54;4.47;4.42;2.76;854
0.33;Premium;G;VS1;60.8;59;4.45;4.43;2.7;854
0.33;Premium;G;VS1;61.9;59;4.45;4.43;2.75;854
0.33;Ideal;G;VS1;62.4;56;4.45;4.43;2.77;854
0.33;Ideal;G;VS1;61.8;56;4.45;4.42;2.74;854
0.33;Premium;G;VS1;61.3;58;4.46;4.42;2.72;854
0.33;Premium;G;VS1;61.6;60;4.46;4.41;2.73;854
0.33;Premium;G;VS1;62.4;59;4.47;4.41;2.77;854
0.33;Premium;G;VS1;61.3;58;4.45;4.42;2.72;854
0.33;Premium;G;VS1;62.3;58;4.45;4.41;2.76;854
0.33;Ideal;G;VS1;61.9;55;4.44;4.41;2.74;854
0.33;Ideal;G;VS1;61.6;57;4.45;4.41;2.73;854
0.33;Ideal;G;VS1;62.1;56;4.42;4.4;2.74;854
0.33;Ideal;G;VS1;62.1;56;4.42;4.4;2.74;854
0.33;Premium;G;VS1;61.8;59;4.45;4.39;2.73;854
0.33;Premium;G;VS1;62.2;58;4.42;4.39;2.74;854
0.33;Premium;G;VS1;61.6;58;4.44;4.39;2.72;854
0.33;Premium;G;VS1;62;59;4.42;4.36;2.72;854
0.33;Very Good;G;VS1;63.1;57;4.4;4.38;2.77;854
0.33;Premium;G;VS1;62.8;58;4.41;4.38;2.76;854
0.33;Ideal;G;VS1;62.3;57;4.42;4.38;2.74;854
0.33;Ideal;G;VS1;62.9;57;4.43;4.38;2.77;854
0.33;Premium;F;VS2;61.2;58;4.5;4.45;2.74;854
0.33;Ideal;F;VS2;61.2;54;4.49;4.47;2.74;854
0.33;Ideal;F;VS2;61.6;56;4.46;4.44;2.74;854
0.33;Premium;F;VS2;60.8;58;4.47;4.44;2.71;854
0.33;Premium;F;VS2;60.1;58;4.47;4.45;2.68;854
0.33;Ideal;F;VS2;62.1;55;4.47;4.45;2.77;854
0.33;Ideal;F;VS2;61.4;57;4.48;4.45;2.74;854
0.33;Ideal;F;VS2;61.9;55;4.46;4.43;2.75;854
0.33;Ideal;F;VS2;62.1;54;4.46;4.43;2.76;854
0.33;Ideal;F;VS2;62.3;56;4.46;4.43;2.77;854
0.33;Ideal;F;VS2;62.3;55;4.47;4.42;2.77;854
0.33;Ideal;F;VS2;61.9;57;4.42;4.4;2.73;854
0.33;Ideal;F;VS2;62.6;55;4.42;4.4;2.76;854
0.33;Ideal;F;VS2;62.3;56;4.45;4.41;2.76;854
0.33;Premium;F;VS2;61.9;57;4.44;4.42;2.74;854
0.33;Premium;F;VS2;62.1;59;4.44;4.39;2.74;854
0.33;Premium;F;VS2;62.4;57;4.43;4.39;2.75;854
0.34;Premium;F;VS2;59.8;59;4.55;4.51;2.71;854
0.39;Premium;G;SI1;61.7;57;4.77;4.7;2.92;854
0.33;Premium;F;VS2;62.4;58;4.41;4.37;2.74;854
0.33;Premium;F;VS2;62.1;59;4.45;4.4;2.75;854
0.33;Ideal;F;VS2;61.6;55;4.48;4.45;2.75;854
0.33;Ideal;D;VS2;62.3;54;4.46;4.43;2.77;855
0.33;Ideal;D;VS2;60.3;55;4.52;4.5;2.72;855
0.39;Very Good;G;VS1;62.4;57;4.62;4.68;2.9;855
0.39;Premium;G;VS1;62.6;58;4.66;4.7;2.93;855
0.39;Very Good;H;VVS2;62.1;58;4.63;4.65;2.88;855
0.4;Ideal;G;SI1;61;55;4.76;4.81;2.92;855
0.5;Good;I;SI2;65.3;56;4.91;5.01;3.24;855
0.4;Ideal;H;SI1;62.6;57;4.7;4.66;2.93;855
0.4;Premium;H;SI1;62.6;58;4.72;4.68;2.94;855
0.4;Ideal;H;SI1;62;56;4.74;4.68;2.92;855
0.38;Premium;G;SI1;59.5;62;4.71;4.67;2.79;855
0.38;Premium;G;SI1;60;60;4.72;4.65;2.81;855
0.38;Premium;G;SI1;62.4;59;4.64;4.59;2.88;855
0.4;Premium;D;SI2;60;58;4.84;4.8;2.89;855
0.4;Good;I;VS2;63.8;54;4.72;4.68;3;855
0.4;Premium;H;SI1;62.7;58;4.69;4.65;2.93;855
0.4;Premium;H;SI1;62.8;59;4.69;4.67;2.94;855
0.4;Premium;H;SI1;62.1;62;4.73;4.7;2.93;855
0.4;Premium;E;SI2;62.9;58;4.74;4.7;2.97;855
0.4;Premium;E;SI2;61.4;59;4.75;4.7;2.9;855
0.4;Ideal;E;SI2;61.2;55;4.77;4.74;2.91;855
0.4;Very Good;E;SI2;63.2;57;4.68;4.66;2.95;855
0.4;Premium;E;SI2;62.9;59;4.69;4.66;2.94;855
0.4;Premium;E;SI2;61.4;57;4.74;4.68;2.89;855
0.4;Premium;D;SI2;61.1;58;4.76;4.73;2.9;855
0.4;Premium;D;SI2;59.9;60;4.78;4.74;2.85;855
0.4;Premium;D;SI2;60.4;59;4.83;4.8;2.91;855
0.4;Premium;D;SI2;61.9;58;4.73;4.71;2.92;855
0.4;Premium;D;SI2;62.2;58;4.75;4.71;2.94;855
0.4;Premium;D;SI2;62.4;58;4.73;4.69;2.94;855
0.4;Premium;D;SI2;61.7;58;4.74;4.69;2.91;855
0.4;Premium;D;SI2;62.1;60;4.75;4.69;2.93;855
0.4;Ideal;D;SI2;62.8;56;4.73;4.7;2.96;855
0.4;Premium;D;SI2;61.6;59;4.74;4.68;2.9;855
0.4;Very Good;D;SI2;63.4;56;4.73;4.67;2.98;855
0.38;Very Good;J;VVS2;63.4;56;4.62;4.56;2.91;855
0.38;Premium;G;SI1;61.4;61;4.66;4.62;2.85;855
0.38;Ideal;G;SI1;61.3;56;4.67;4.63;2.85;855
0.38;Ideal;G;SI1;62.4;57;4.65;4.62;2.89;855
0.38;Ideal;G;SI1;60.9;56;4.71;4.68;2.86;855
0.46;Fair;I;VS2;66.8;55;4.82;4.77;3.2;855
0.4;Ideal;H;SI1;62.9;56;4.7;4.65;2.94;855
0.33;Very Good;D;VVS2;61.9;56;4.44;4.48;2.76;856
0.34;Ideal;F;VS2;61.4;55;4.54;4.52;2.78;856
0.53;Ideal;J;SI2;61.9;54;5.2;5.23;3.23;856
0.37;Ideal;D;VVS2;62.4;56;4.56;4.64;2.87;857
0.3;Ideal;F;VVS1;62.3;56;4.3;4.34;2.69;857
0.3;Ideal;F;VVS1;61.7;56;4.33;4.35;2.68;857
0.3;Ideal;F;VVS1;62.6;56;4.26;4.29;2.67;857
0.3;Ideal;H;SI1;60.7;56;4.35;4.37;2.65;465
0.3;Ideal;H;SI1;62.1;56;4.3;4.32;2.67;465
0.23;Good;E;VVS2;61.9;60;3.95;4.03;2.47;465
0.31;Premium;J;SI1;61.9;59;4.32;4.28;2.66;465
0.31;Very Good;J;SI1;63.5;55;4.33;4.3;2.74;465
0.31;Premium;J;SI1;60.9;60;4.38;4.36;2.66;465
0.31;Premium;J;SI1;62.7;59;4.32;4.29;2.7;465
0.29;Very Good;H;VVS2;62.2;54;4.23;4.26;2.64;466
0.32;Ideal;I;VS2;62.3;55;4.39;4.41;2.74;466
0.32;Ideal;I;VS2;61.5;54;4.43;4.45;2.73;466
0.32;Ideal;I;VS2;62;53;4.42;4.45;2.75;466
0.25;Very Good;H;VVS2;63.3;54;3.98;4.02;2.52;467
0.25;Very Good;H;VVS1;61.6;56;4.07;4.1;2.51;467
0.28;Ideal;H;VS2;62.5;54;4.2;4.22;2.63;467
0.28;Ideal;H;VS2;61.9;55;4.2;4.23;2.61;467
0.41;Good;G;I1;63.8;56;4.7;4.74;3.01;467
0.3;Premium;E;SI2;61.5;62;4.31;4.28;2.64;468
0.31;Very Good;I;VS2;61.6;56;4.36;4.39;2.69;468
0.23;Very Good;D;VS1;62.4;56;3.93;3.98;2.46;468
0.31;Ideal;J;VVS2;62;56.1;4.31;4.33;2.68;468
0.32;Premium;J;SI1;62.2;59;4.41;4.37;2.73;468
0.32;Good;D;I1;64;54;4.36;4.33;2.78;468
0.39;Premium;H;SI2;61.2;58;4.51;6.02;4.44;468
0.23;Very Good;F;VVS2;58.1;63;4.04;4.08;2.36;468
0.26;Ideal;H;IF;61.1;57;4.12;4.16;2.53;468
0.26;Very Good;H;VVS1;62.5;58;4.08;4.11;2.56;468
0.26;Very Good;H;VVS2;62.4;58;4.04;4.07;2.53;468
0.26;Ideal;H;VVS1;61.2;56;4.11;4.16;2.53;468
0.26;Premium;H;VVS1;59.8;59;4.12;4.17;2.48;468
0.26;Good;H;VVS2;63.3;58;4.04;4.08;2.57;468
0.3;Ideal;F;VVS1;61.8;55;4.32;4.35;2.68;857
0.3;Ideal;F;VVS1;62.2;53;4.3;4.32;2.68;857
0.3;Ideal;F;VVS1;61.8;54;4.34;4.36;2.69;857
0.43;Ideal;H;VS2;60.7;55;4.96;4.89;2.99;857
0.39;Ideal;G;VS2;62.5;54;4.67;4.7;2.93;857
0.3;Ideal;D;VS2;60.9;57;4.34;4.36;2.65;857
0.3;Ideal;E;VS1;61.6;55;4.34;4.36;2.68;857
0.4;Fair;F;SI1;64.7;58;4.67;4.63;3.01;857
0.4;Good;E;SI1;64.2;57;4.68;4.66;3;857
0.36;Very Good;G;VVS2;59.5;56;4.68;4.73;2.8;858
0.3;Very Good;F;VVS1;58.1;61;4.39;4.42;2.56;858
0.4;Very Good;E;VS2;62.9;59;4.7;4.75;2.97;858
0.32;Ideal;D;VVS2;62.1;54;4.4;4.4;2.74;858
0.33;Ideal;G;VVS1;61.9;55;4.45;4.5;2.77;858
0.34;Ideal;F;VVS1;61.1;57;4.55;4.58;2.79;858
0.37;Ideal;E;VS1;61.6;54;4.6;4.65;2.86;858
0.36;Good;F;VVS1;62.4;63;4.46;4.51;2.8;858
0.29;Ideal;E;VVS2;62;55;4.27;4.25;2.64;858
0.29;Ideal;F;VVS1;60.9;57;4.32;4.29;2.62;858
0.29;Ideal;E;VVS1;62.7;55;4.22;4.2;2.64;858
0.43;Ideal;H;SI1;62.1;57;4.83;4.77;2.98;858
0.43;Very Good;E;SI2;63.4;57;4.82;4.77;3.04;858
0.43;Good;E;SI2;63.6;55;4.83;4.8;3.06;858
0.43;Very Good;D;SI2;63.4;57;4.81;4.78;3.04;858
0.43;Very Good;D;SI2;63.3;57;4.82;4.79;3.04;858
0.43;Very Good;D;SI2;63.1;59;4.81;4.8;3.03;858
0.31;Very Good;F;VVS1;61.4;56;4.37;4.4;2.69;859
0.33;Very Good;F;VVS1;62;56;4.41;4.44;2.74;859
0.46;Very Good;F;SI2;61.6;55;4.98;5.02;3.08;859
0.35;Very Good;G;VVS1;61.8;57;4.5;4.53;2.79;859
0.35;Ideal;H;IF;61.7;54;4.53;4.55;2.8;859
0.36;Premium;E;VVS2;61.7;59;4.52;4.56;2.8;859
0.4;Ideal;G;VS2;62.1;58;4.68;4.72;2.92;859
0.32;Ideal;E;VVS1;60.7;55;4.42;4.45;2.69;860
0.39;Premium;F;SI1;61.3;62;4.71;4.68;2.88;860
0.39;Premium;E;SI1;59.1;59;4.81;4.76;2.83;860
0.4;Very Good;G;VS1;62.9;54.8;4.71;4.76;2.98;861
0.48;Ideal;J;VS1;62.2;54;5.01;5.06;3.13;861
0.33;Ideal;G;IF;62.7;56;4.39;4.44;2.77;861
0.41;Ideal;G;SI1;62.2;56;4.77;4.75;2.96;861
0.41;Very Good;G;SI1;63.4;57;4.73;4.7;2.99;861
0.41;Premium;G;SI1;62.8;58;4.74;4.72;2.97;861
0.3;Very Good;E;VVS1;62.1;57;4.27;4.3;2.66;862
0.3;Very Good;E;VVS1;62.6;56;4.26;4.27;2.67;862
0.3;Very Good;E;VVS1;60.5;57;4.37;4.39;2.65;862
0.42;Ideal;I;VVS2;62.8;54;4.78;4.8;3.01;862
0.3;Ideal;E;VVS1;62.2;57;4.28;4.31;2.67;862
0.3;Ideal;E;VVS1;61.2;57;4.32;4.34;2.65;862
0.3;Ideal;E;VVS1;62.5;57;4.27;4.3;2.68;862
0.3;Ideal;E;VVS1;62.1;57;4.27;4.29;2.66;862
0.3;Ideal;E;VVS1;62;58;4.28;4.3;2.66;862
0.3;Ideal;E;VVS1;62.1;57;4.27;4.3;2.66;862
0.3;Ideal;E;VVS1;62.5;56;4.28;4.3;2.68;862
0.3;Ideal;E;VVS1;62.3;55;4.31;4.32;2.69;862
0.3;Ideal;E;VVS1;61.7;58;4.28;4.31;2.65;862
0.39;Ideal;F;VS2;59.2;58;4.78;4.81;2.84;862
0.36;Ideal;F;VS1;60.1;56;4.65;4.69;2.8;862
0.32;Ideal;D;VS1;61.5;56;4.41;4.43;2.72;862
0.35;Ideal;D;VS1;60.1;57;4.58;4.61;2.76;862
0.33;Ideal;I;IF;61.2;56;4.46;4.49;2.74;862
0.42;Premium;D;SI2;62;59;4.83;4.78;2.98;862
0.34;Premium;H;VVS1;61.2;58;4.51;4.48;2.75;862
0.31;Ideal;D;VS1;62;57;4.35;4.33;2.69;863
0.43;Very Good;G;VS2;62.9;56;4.77;4.8;3.01;863
0.37;Very Good;F;VS1;58.6;65;4.68;4.71;2.75;863
0.3;Very Good;D;VS1;60.1;55;4.37;4.4;2.63;863
0.3;Very Good;D;VS1;62;55;4.31;4.35;2.68;863
0.3;Very Good;G;IF;62.6;56;4.27;4.29;2.68;863
0.41;Very Good;F;VS2;62.8;57;4.73;4.76;2.98;863
0.41;Good;F;VS2;63.2;57;4.74;4.76;3;863
0.41;Ideal;F;VS2;62.6;57;4.76;4.79;2.99;863
0.41;Ideal;F;VS2;61;57;4.76;4.81;2.92;863
0.41;Premium;F;VS2;60.3;58;4.8;4.85;2.91;863
0.41;Very Good;I;VVS1;62;56;4.75;4.77;2.95;863
0.41;Ideal;F;VS2;61.1;56;4.8;4.83;2.94;863
0.41;Ideal;E;VS1;62.3;53;4.74;4.76;2.96;863
0.41;Premium;F;VS2;61.6;59;4.74;4.77;2.93;863
0.41;Premium;F;VS2;61.3;58;4.79;4.84;2.95;863
0.41;Ideal;F;VS2;62.7;57;4.73;4.78;2.98;863
0.41;Ideal;F;VS2;62.3;57;4.75;4.78;2.97;863
0.41;Ideal;F;VS2;60.8;56;4.8;4.81;2.92;863
0.41;Ideal;F;VS2;60;56;4.82;4.88;2.91;863
0.41;Very Good;F;VS2;62.4;56;4.75;4.77;2.97;863
0.41;Ideal;F;VS2;61.8;57;4.75;4.79;2.95;863
0.41;Ideal;F;VS2;61.9;56;4.74;4.76;2.94;863
0.41;Ideal;F;VS2;62.1;56;4.74;4.79;2.96;863
0.41;Very Good;F;VS2;62.6;58;4.75;4.81;2.99;863
0.41;Ideal;F;VS2;61.4;55;4.78;4.83;2.95;863
0.41;Ideal;I;VVS1;61.8;55;4.76;4.79;2.95;863
0.41;Premium;I;VVS1;61.5;59;4.75;4.81;2.94;863
0.41;Very Good;I;VVS1;59.8;61;4.79;4.84;2.88;863
0.41;Very Good;I;VVS1;61.9;57;4.78;4.82;2.97;863
0.41;Very Good;F;VS2;61.1;56;4.79;4.84;2.94;863
0.41;Ideal;I;VVS1;61.3;56;4.8;4.85;2.96;863
0.41;Ideal;F;VS2;62.7;56;4.72;4.78;2.98;863
0.41;Very Good;F;VS2;62.6;57;4.71;4.74;2.96;863
0.41;Premium;F;VS2;60.3;60;4.81;4.84;2.91;863
0.41;Ideal;F;VS2;61.8;56;4.76;4.79;2.95;863
0.41;Ideal;F;VS2;60.9;57;4.74;4.78;2.9;863
0.41;Ideal;F;VS2;61.8;56;4.78;4.8;2.96;863
0.41;Ideal;F;VS2;61.8;57;4.73;4.78;2.94;863
0.41;Very Good;F;VS2;62.8;58;4.69;4.73;2.96;863
0.34;Ideal;G;VVS1;61.3;55;4.54;4.56;2.79;863
0.34;Ideal;G;VVS1;61.9;54;4.49;4.52;2.79;863
0.34;Ideal;G;VVS1;62.1;53;4.49;4.53;2.8;863
0.34;Ideal;G;VVS1;61.7;56;4.5;4.55;2.79;863
0.3;Ideal;F;VVS1;60.5;56;4.34;4.45;2.66;863
0.31;Ideal;E;VVS1;61.1;56;4.36;4.38;2.67;863
0.36;Ideal;E;VS1;62;54.2;4.55;4.58;2.83;863
0.34;Ideal;H;IF;61.6;54;4.49;4.53;2.78;863
0.34;Ideal;H;IF;61.9;53;4.5;4.52;2.79;863
0.34;Ideal;H;IF;61.7;56;4.5;4.51;2.78;863
0.34;Ideal;H;IF;62;53;4.49;4.51;2.79;863
0.34;Ideal;H;IF;61.8;54;4.51;4.55;2.8;863
0.34;Ideal;H;IF;61.7;55;4.5;4.54;2.79;863
0.3;Ideal;G;IF;61.5;55;4.33;4.35;2.67;863
0.3;Ideal;G;IF;61.6;53;4.32;4.35;2.67;863
0.3;Ideal;G;IF;61.3;55;4.33;4.35;2.66;863
0.3;Ideal;G;IF;62.1;55;4.32;4.35;2.69;863
0.3;Ideal;G;IF;62.4;55;4.32;4.34;2.7;863
0.3;Ideal;G;IF;62.3;56;4.31;4.32;2.69;863
0.3;Ideal;G;IF;61.9;57;4.27;4.29;2.65;863
0.3;Ideal;G;IF;62.4;54;4.31;4.34;2.7;863
0.3;Ideal;G;IF;60.7;57;4.34;4.39;2.65;863
0.3;Ideal;G;IF;62;55;4.33;4.35;2.69;863
0.3;Ideal;G;IF;61.2;57;4.35;4.38;2.67;863
0.3;Ideal;G;IF;62;54;4.33;4.35;2.69;863
0.3;Ideal;G;IF;62.1;55;4.32;4.34;2.69;863
0.3;Ideal;G;IF;60.9;58;4.32;4.35;2.64;863
0.3;Ideal;G;IF;61.6;56;4.34;4.36;2.68;863
0.3;Ideal;G;IF;61.8;55;4.32;4.36;2.68;863
0.3;Ideal;G;IF;62.3;54;4.32;4.35;2.7;863
0.3;Ideal;G;IF;62.1;55;4.32;4.35;2.69;863
0.3;Ideal;G;IF;60.9;56;4.34;4.36;2.65;863
0.3;Ideal;G;IF;61.5;56;4.32;4.36;2.67;863
0.3;Ideal;G;IF;62.1;54;4.3;4.33;2.68;863
0.3;Ideal;G;IF;62.3;56;4.29;4.32;2.68;863
0.3;Ideal;G;IF;61.4;57;4.3;4.33;2.65;863
0.3;Ideal;G;IF;62.2;55;4.31;4.34;2.69;863
0.3;Ideal;G;IF;60.9;57;4.35;4.39;2.66;863
0.3;Ideal;G;IF;62.1;53;4.3;4.33;2.68;863
0.3;Ideal;G;IF;62.5;54;4.31;4.33;2.7;863
0.3;Ideal;G;IF;62.3;55;4.3;4.33;2.69;863
0.3;Ideal;G;IF;61.9;55;4.33;4.36;2.69;863
0.3;Ideal;G;IF;61;57;4.31;4.34;2.64;863
0.3;Ideal;G;IF;62.1;57;4.27;4.29;2.66;863
0.5;Premium;G;SI2;62.4;61;5.02;4.98;3.12;863
0.46;Premium;I;SI2;61;58;5.03;4.97;3.05;863
0.36;Ideal;E;VS2;61.1;57;4.61;4.56;2.8;864
0.32;Ideal;E;VVS2;62.4;56;4.39;4.43;2.75;864
0.32;Ideal;E;VVS2;61.5;55;4.41;4.44;2.72;864
0.31;Ideal;E;VVS2;60.9;55;4.42;4.45;2.7;864
0.31;Ideal;E;VVS2;61.3;55;4.34;4.37;2.67;864
0.31;Ideal;E;VVS2;62;54;4.38;4.39;2.72;864
0.31;Ideal;E;VVS2;61.1;56;4.38;4.39;2.68;864
0.31;Ideal;E;VVS2;60.2;57;4.39;4.41;2.65;864
0.31;Ideal;E;VVS2;62;54;4.33;4.35;2.69;864
0.31;Ideal;E;VVS2;61.8;54;4.34;4.36;2.69;864
0.46;Ideal;G;SI2;62.2;53;4.95;4.98;3.09;864
0.4;Premium;G;SI1;61.7;61;4.68;4.63;2.87;864
0.32;Premium;I;IF;60.3;58;4.45;4.41;2.67;864
0.32;Ideal;I;IF;60.8;54;4.47;4.44;2.71;864
0.32;Premium;I;IF;61.9;59;4.39;4.37;2.71;864
0.32;Ideal;I;IF;62.2;57;4.37;4.35;2.71;864
0.4;Premium;F;SI2;59.6;58;4.85;4.81;2.88;864
0.36;Very Good;H;IF;62.3;56;4.55;4.58;2.85;865
0.36;Very Good;H;IF;61.6;56;4.57;4.62;2.83;865
0.36;Very Good;H;IF;60.8;57;4.58;4.6;2.79;865
0.34;Ideal;D;VS1;60.9;56;4.51;4.56;2.76;865
0.42;Ideal;I;VVS1;60.5;57;4.84;4.88;2.94;865
0.31;Ideal;E;VVS1;61.1;56;4.38;4.42;2.69;865
0.31;Ideal;E;VVS1;61.5;56;4.36;4.39;2.69;865
0.31;Ideal;E;VVS1;61.4;55;4.35;4.38;2.68;865
0.31;Ideal;E;VVS1;61.3;56;4.38;4.4;2.69;865
0.31;Ideal;E;VVS1;60.2;61;4.4;4.43;2.66;865
0.38;Ideal;F;VS1;61.3;56;4.67;4.7;2.87;865
0.38;Ideal;F;VS1;62;54;4.65;4.68;2.89;865
0.39;Ideal;I;IF;60.8;56;4.73;4.75;2.88;865
0.41;Very Good;E;VS2;59.7;58;4.79;4.82;2.87;866
0.38;Ideal;E;VS1;62.2;55;4.63;4.67;2.89;866
0.3;Ideal;D;VVS1;62.2;57;4.3;4.35;2.69;866
0.38;Very Good;E;VS2;59.2;60;4.73;4.77;2.81;866
0.38;Very Good;E;VS2;60.3;58;4.67;4.72;2.83;866
0.38;Premium;E;VS2;62.2;59;4.63;4.67;2.89;866
0.38;Ideal;E;VS2;61.7;55;4.66;4.68;2.88;866
0.38;Very Good;E;VS2;60.5;58;4.66;4.7;2.83;866
0.38;Ideal;E;VS2;60.1;56;4.69;4.72;2.83;866
0.38;Premium;E;VS2;61.8;58;4.61;4.64;2.86;866
0.38;Very Good;E;VS2;60.5;62;4.65;4.74;2.84;866
0.39;Ideal;G;SI1;60.5;56;4.77;4.79;2.89;866
0.33;Premium;E;VS2;60.6;58;4.49;4.45;2.71;866
0.4;Very Good;F;VS2;63.6;56;4.66;4.68;2.97;867
0.43;Premium;G;VS2;60.8;59;4.86;4.91;2.97;867
0.43;Very Good;G;VS2;62.9;59;4.78;4.83;3.02;867
0.43;Very Good;G;VS2;59.1;60;4.88;4.93;2.9;867
0.43;Premium;H;VS1;62.3;58;4.75;4.81;2.98;867
0.43;Premium;G;VS2;61.1;59;4.83;4.86;2.96;867
0.43;Premium;G;VS2;61.2;58;4.84;4.9;2.98;867
0.43;Premium;G;VS2;61.3;58;4.83;4.86;2.97;867
0.43;Premium;H;VS1;60;59;4.86;4.98;2.95;867
0.43;Premium;G;VS2;62.3;58;4.81;4.85;3.01;867
0.43;Premium;G;VS2;61.1;58;4.84;4.88;2.97;867
0.32;Ideal;D;VVS2;61.3;55;4.4;4.44;2.71;867
0.32;Ideal;D;VVS2;62;55;4.39;4.41;2.73;867
0.32;Ideal;F;VVS1;61.5;56;4.41;4.43;2.72;867
0.32;Ideal;F;VVS1;61.7;55;4.42;4.46;2.74;867
0.32;Ideal;F;VVS1;61.7;55;4.38;4.43;2.72;867
0.32;Ideal;F;VVS1;60.6;56;4.46;4.48;2.71;867
0.32;Ideal;F;VVS1;62;56;4.37;4.41;2.72;867
0.4;Ideal;F;VS2;61;62;4.71;4.74;2.88;867
0.42;Good;I;VVS1;59.2;61;4.88;4.91;2.9;867
0.47;Premium;J;SI2;61.9;59;4.99;4.96;3.08;867
0.4;Very Good;G;VVS2;60.6;59;4.74;4.8;2.89;868
0.4;Very Good;G;VVS2;63.2;55;4.72;4.74;2.99;868
0.4;Very Good;D;VS2;60.8;59;4.71;4.77;2.88;868
0.4;Very Good;G;VS1;61.5;58;4.72;4.74;2.91;868
0.4;Very Good;F;VS1;60.4;58;4.75;4.79;2.88;868
0.4;Ideal;H;VVS2;61.1;55;4.75;4.78;2.91;868
0.33;Premium;H;IF;62;58;4.39;4.42;2.73;868
0.33;Ideal;G;VVS1;62.3;55;4.43;4.46;2.77;868
0.33;Premium;G;VVS1;60.9;60;4.46;4.5;2.73;868
0.33;Ideal;E;VVS2;61.2;57;4.45;4.47;2.73;868
0.33;Very Good;H;IF;60.3;59;4.47;4.49;2.7;868
0.33;Premium;G;VVS1;60.4;59;4.44;4.47;2.69;868
0.3;Premium;F;VVS1;62;59;4.24;4.28;2.64;868
0.33;Ideal;G;VVS1;61.7;54;4.47;4.48;2.76;868
0.33;Ideal;H;IF;61.9;55;4.42;4.44;2.74;868
0.33;Ideal;G;VVS1;62;56;4.45;4.48;2.77;868
0.3;Ideal;F;VVS1;62.4;56;4.28;4.31;2.68;868
0.33;Premium;E;VVS2;60.3;58;4.47;4.49;2.7;868
0.33;Premium;G;VVS1;62.1;58;4.4;4.43;2.74;868
0.33;Premium;H;IF;61.8;60;4.4;4.44;2.73;868
0.33;Premium;G;VVS1;61.9;59;4.38;4.41;2.72;868
0.33;Very Good;G;VVS1;61.2;60;4.42;4.44;2.71;868
0.33;Very Good;G;VVS1;61.4;60;4.39;4.44;2.71;868
0.33;Ideal;G;VVS1;60.8;56;4.42;4.46;2.7;868
0.33;Premium;G;VVS1;60.9;58;4.43;4.47;2.71;868
0.3;Ideal;F;VVS1;61.9;57;4.3;4.33;2.67;868
0.3;Premium;F;VVS1;61.8;59;4.26;4.29;2.64;868
0.33;Ideal;G;VVS1;61.7;56;4.45;4.47;2.75;868
0.33;Ideal;G;VVS1;62;56;4.45;4.48;2.77;868
0.33;Ideal;G;VVS1;62.2;57;4.41;4.46;2.76;868
0.3;Ideal;F;VVS1;62.1;55;4.31;4.32;2.68;868
0.33;Very Good;G;VVS1;62.8;59;4.38;4.44;2.77;868
0.33;Ideal;G;VVS1;61.5;56;4.45;4.46;2.74;868
0.33;Ideal;G;VVS1;61.8;55;4.42;4.45;2.74;868
0.33;Ideal;E;VVS2;61.7;57;4.41;4.44;2.73;868
0.33;Ideal;H;IF;62.1;55;4.41;4.44;2.75;868
0.35;Ideal;G;VVS1;60.7;56;4.58;4.6;2.79;868
0.43;Ideal;H;VS1;61.1;57;4.88;4.91;2.99;868
0.43;Ideal;H;VS1;62.3;57;4.81;4.84;3;868
0.4;Ideal;G;VS1;61.8;57;4.73;4.75;2.93;868
0.35;Ideal;H;IF;61.5;57;4.55;4.58;2.8;868
0.43;Very Good;E;VS2;62.2;58;4.81;4.87;3.01;869
0.44;Ideal;G;VS2;62;55;4.89;4.91;3.04;869
0.4;Good;F;SI1;63.6;59;4.67;4.64;2.96;869
0.36;Ideal;G;VS1;62.3;57;4.57;4.55;2.84;869
0.36;Premium;F;VS2;58.5;58;4.69;4.65;2.73;869
0.46;Ideal;E;SI2;61.3;56;4.96;5.02;3.06;870
0.4;Ideal;I;VVS1;62.3;53.7;4.72;4.74;2.95;870
0.38;Ideal;F;VS2;62.3;54;4.65;4.69;2.91;870
0.38;Ideal;F;VS2;62.2;54;4.64;4.66;2.89;870
0.41;Ideal;G;VS1;61.2;57;4.77;4.8;2.93;870
0.41;Ideal;F;SI1;61.1;56;4.79;4.83;2.94;870
0.52;Premium;F;I1;63;56;5.18;5.11;3.24;870
0.4;Ideal;G;SI2;60.6;56;4.82;4.76;2.91;870
0.4;Premium;G;SI1;59.4;60;4.85;4.82;2.87;870
0.38;Very Good;H;VS2;60.4;56;4.71;4.73;2.85;871
0.41;Very Good;D;VS2;63.8;56;4.69;4.74;3.01;871
0.4;Very Good;G;VS1;61.5;57;4.73;4.77;2.92;871
0.38;Very Good;D;VS2;61.5;62;4.6;4.63;2.84;871
0.38;Very Good;D;VS2;58.8;61;4.71;4.74;2.78;871
0.38;Very Good;D;VS2;58.8;61;4.72;4.77;2.79;871
0.38;Ideal;H;VS1;60.6;57;4.7;4.73;2.85;871
0.38;Very Good;F;VS1;60.2;58;4.71;4.73;2.84;871
0.38;Very Good;D;VS2;58.7;61;4.74;4.77;2.79;871
0.38;Good;D;VS2;63.4;55;4.63;4.67;2.95;871
0.38;Ideal;F;VS2;60.4;55;4.71;4.76;2.86;871
0.31;Ideal;E;VS1;61.6;55;4.37;4.39;2.7;871
0.31;Ideal;G;IF;61;55;4.39;4.42;2.69;871
0.31;Ideal;G;IF;62.1;56;4.31;4.34;2.69;871
0.31;Ideal;G;IF;62.5;56;4.33;4.37;2.71;871
0.31;Ideal;G;IF;62.3;56;4.34;4.36;2.71;871
0.31;Ideal;G;IF;61.9;56;4.33;4.35;2.68;871
0.31;Ideal;G;IF;61.5;54;4.4;4.41;2.71;871
0.31;Ideal;G;IF;61.1;57;4.38;4.42;2.68;871
0.31;Ideal;G;IF;61.7;55;4.37;4.39;2.7;871
0.31;Ideal;G;IF;60.7;58;4.37;4.41;2.67;871
0.43;Premium;F;SI2;61.8;57;4.88;4.83;3;871
0.43;Premium;F;SI2;60.2;60;4.91;4.85;2.94;871
0.43;Premium;F;SI2;60.5;59;4.91;4.88;2.96;871
0.5;Fair;E;SI2;68.6;56;4.87;4.75;3.3;871
0.36;Very Good;F;VVS2;61.6;55;4.58;4.6;2.83;872
0.32;Very Good;G;IF;62.9;55;4.37;4.4;2.75;872
0.51;Very Good;J;SI1;61.7;56;5.14;5.17;3.18;872
0.35;Ideal;F;VVS2;61.2;56;4.56;4.58;2.8;872
0.35;Ideal;F;VVS2;60.8;55;4.58;4.61;2.79;872
0.42;Ideal;F;VS2;62;55;4.79;4.82;2.98;872
0.37;Ideal;D;VS1;61.8;56;4.61;4.64;2.86;872
0.31;Ideal;F;VS1;62.1;56;4.35;4.32;2.69;872
0.34;Ideal;J;VS1;61.9;53.9;4.5;4.53;2.79;469
0.37;Ideal;J;SI1;61.4;57;4.62;4.66;2.85;469
0.34;Ideal;I;SI1;61.9;56;4.47;4.5;2.77;469
0.3;Ideal;G;SI1;62.3;54;4.29;4.32;2.68;469
0.27;Very Good;E;VS2;63;57;4.12;4.16;2.61;470
0.27;Very Good;E;VS2;63.1;57;4.07;4.11;2.58;470
0.27;Very Good;E;VS2;61.3;58;4.13;4.16;2.54;470
0.27;Very Good;E;VS2;59.5;56;4.2;4.31;2.53;470
0.27;Very Good;F;VS2;58.7;58;4.25;4.3;2.51;470
0.27;Very Good;F;VS2;63.3;58;4.08;4.1;2.59;470
0.27;Very Good;E;VS1;61.9;59;4.16;4.21;2.59;470
0.27;Very Good;E;VS1;60.4;59;4.18;4.2;2.53;470
0.27;Very Good;E;VS1;62.9;56;4.12;4.15;2.6;470
0.27;Very Good;E;VS1;60.2;58;4.19;4.22;2.53;470
0.27;Very Good;D;VS1;59.9;58;4.17;4.24;2.52;470
0.27;Very Good;D;VS1;63.2;55;4.1;4.16;2.61;470
0.27;Very Good;D;VS1;60.4;59;4.15;4.2;2.52;470
0.27;Ideal;F;VS2;60.3;56;4.21;4.25;2.55;470
0.27;Ideal;D;VS2;60.2;57;4.19;4.21;2.53;470
0.3;Ideal;F;SI1;62.7;54;4.29;4.32;2.7;470
0.28;Good;E;VS1;64.3;55;4.14;4.16;2.67;470
0.22;Premium;F;SI1;61.7;60;3.9;3.85;2.39;470
0.27;Ideal;E;VS1;61.6;55;4.16;4.18;2.57;470
0.27;Ideal;E;VS1;61.6;56;4.14;4.17;2.56;470
0.31;Good;H;VS2;63.8;56;4.33;4.29;2.75;470
0.27;Premium;E;VS1;60.2;59;4.2;4.24;2.54;470
0.27;Ideal;E;VS1;61.6;57;4.12;4.16;2.55;470
0.27;Ideal;E;VS2;62.7;55;4.15;4.18;2.61;470
0.27;Very Good;D;VS2;62;57;4.11;4.15;2.56;470
0.27;Premium;E;VS1;61.5;58;4.17;4.22;2.58;470
0.31;Ideal;F;VS1;60.6;56;4.42;4.39;2.67;872
0.31;Ideal;E;VS2;60.9;57;4.36;4.34;2.65;872
0.31;Premium;E;VS2;60.6;59;4.39;4.36;2.65;872
0.31;Premium;F;VS1;61.8;60;4.39;4.35;2.7;872
0.31;Premium;E;VS2;61;58;4.39;4.37;2.67;872
0.31;Ideal;E;VS2;62.9;57;4.35;4.3;2.72;872
0.31;Ideal;E;VS2;61;56;4.41;4.38;2.68;872
0.31;Ideal;E;VS2;61.4;54;4.41;4.38;2.7;872
0.31;Ideal;E;VS2;60.8;54;4.4;4.39;2.67;872
0.31;Ideal;E;VS2;61.6;56;4.4;4.37;2.7;872
0.31;Ideal;E;VS2;61.8;55;4.4;4.37;2.71;872
0.31;Ideal;E;VS2;61;54;4.41;4.37;2.68;872
0.31;Ideal;E;VS2;61.5;55;4.41;4.37;2.7;872
0.31;Premium;E;VS2;60.3;58;4.42;4.37;2.65;872
0.31;Ideal;E;VS2;60.5;56;4.41;4.38;2.66;872
0.31;Ideal;E;VS2;61.9;55;4.39;4.36;2.71;872
0.31;Ideal;E;VS2;61.8;54;4.41;4.36;2.71;872
0.31;Premium;E;VS2;60;59;4.39;4.35;2.62;872
0.31;Ideal;E;VS2;61.8;55;4.39;4.35;2.7;872
0.31;Ideal;E;VS2;61.7;55;4.39;4.36;2.7;872
0.31;Ideal;E;VS2;61.9;55;4.39;4.34;2.7;872
0.31;Premium;E;VS2;60.8;58;4.37;4.35;2.65;872
0.31;Premium;E;VS2;61;59;4.37;4.35;2.66;872
0.31;Ideal;E;VS2;61.6;57;4.38;4.35;2.69;872
0.31;Ideal;E;VS2;61.9;55;4.38;4.34;2.7;872
0.31;Ideal;E;VS2;61.3;56;4.37;4.34;2.67;872
0.31;Ideal;E;VS2;61.5;56;4.37;4.34;2.68;872
0.31;Ideal;E;VS2;61.8;54;4.37;4.34;2.69;872
0.31;Ideal;E;VS2;62;56;4.37;4.34;2.7;872
0.31;Ideal;E;VS2;62;55;4.37;4.34;2.7;872
0.31;Ideal;E;VS2;61;56;4.38;4.34;2.66;872
0.31;Ideal;E;VS2;61.4;54;4.4;4.33;2.68;872
0.31;Premium;E;VS2;60.5;60;4.36;4.34;2.63;872
0.31;Ideal;E;VS2;61.8;56;4.36;4.34;2.69;872
0.31;Premium;E;VS2;61;59;4.39;4.33;2.66;872
0.31;Ideal;E;VS2;62.8;57;4.37;4.33;2.73;872
0.31;Ideal;E;VS2;62.3;57;4.35;4.32;2.7;872
0.31;Ideal;E;VS2;61.6;56;4.38;4.32;2.68;872
0.31;Premium;E;VS2;61.3;60;4.39;4.32;2.67;872
0.31;Ideal;E;VS2;61.8;55;4.35;4.33;2.68;872
0.31;Ideal;E;VS2;61.7;55;4.36;4.33;2.68;872
0.31;Ideal;E;VS2;62;55;4.35;4.33;2.69;872
0.31;Premium;E;VS2;61.6;59;4.35;4.32;2.67;872
0.31;Premium;E;VS2;61.6;59;4.35;4.32;2.67;872
0.31;Ideal;E;VS2;62.4;54;4.35;4.31;2.7;872
0.31;Ideal;E;VS2;61.7;56;4.35;4.31;2.67;872
0.31;Premium;E;VS2;61.7;58;4.34;4.31;2.67;872
0.31;Premium;E;VS2;62.7;58;4.33;4.31;2.71;872
0.31;Premium;E;VS2;61.8;59;4.37;4.3;2.68;872
0.31;Ideal;E;VS2;62.6;56;4.33;4.3;2.7;872
0.31;Ideal;E;VS2;62.9;56;4.33;4.29;2.71;872
0.31;Premium;E;VS2;62.6;58;4.33;4.29;2.7;872
0.41;Very Good;H;VVS2;62.4;54;4.75;4.77;2.97;873
0.41;Very Good;H;VVS2;62;56;4.77;4.81;2.97;873
0.39;Very Good;G;VVS1;60.3;57;4.74;4.78;2.87;873
0.41;Good;D;VS2;63.4;54;4.74;4.79;3.02;873
0.41;Good;D;VS2;63.8;55;4.7;4.73;3.01;873
0.3;Ideal;G;VVS1;62.1;56;4.35;4.28;2.68;873
0.42;Premium;E;SI1;61.2;60;4.86;4.81;2.96;873
0.38;Ideal;G;VVS2;60.7;57;4.7;4.73;2.86;873
0.36;Ideal;E;VVS2;62.1;56;4.53;4.58;2.83;873
0.33;Ideal;E;VS2;61.6;55;4.46;4.5;2.76;873
0.33;Ideal;E;VS2;61.9;55;4.46;4.49;2.77;873
0.4;Ideal;G;SI1;60.9;55;4.8;4.78;2.92;873
0.4;Ideal;G;SI1;61.8;57;4.74;4.78;2.94;873
0.4;Ideal;G;SI1;60.9;55;4.82;4.79;2.93;873
0.3;Ideal;F;IF;59.4;60;4.37;4.39;2.6;873
0.3;Ideal;F;IF;61.8;55;4.31;4.33;2.67;873
0.3;Ideal;F;IF;61.3;55;4.32;4.36;2.66;873
0.3;Ideal;F;IF;60.5;60;4.34;4.36;2.63;873
0.3;Ideal;F;IF;60.4;60;4.32;4.35;2.62;873
0.3;Ideal;F;IF;61.3;56;4.3;4.34;2.65;873
0.3;Ideal;F;IF;59.8;58;4.37;4.46;2.64;873
0.3;Ideal;F;IF;60;59;4.37;4.39;2.63;873
0.3;Ideal;F;IF;61.7;56;4.31;4.35;2.67;873
0.3;Ideal;F;IF;60.8;57;4.34;4.38;2.65;873
0.3;Ideal;F;IF;60.9;57;4.35;4.38;2.66;873
0.3;Ideal;F;IF;61.3;58;4.29;4.33;2.64;873
0.38;Good;F;VS2;56.2;61;4.84;4.87;2.73;873
0.32;Premium;F;VS1;62.1;60;4.37;4.33;2.7;874
0.46;Very Good;J;VS1;62.5;58;4.87;4.92;3.06;874
0.43;Ideal;I;VVS2;62.6;57;4.79;4.82;3.01;874
0.31;Ideal;F;IF;62.2;56;4.31;4.34;2.69;874
0.31;Ideal;F;IF;62.3;57;4.3;4.34;2.69;874
0.31;Premium;F;IF;60.8;59;4.36;4.39;2.66;874
0.31;Premium;F;IF;61.6;58;4.33;4.37;2.68;874
0.38;Ideal;I;VS1;61.5;56;4.67;4.71;2.88;874
0.37;Ideal;E;VS1;61.4;56;4.65;4.66;2.86;874
0.39;Ideal;H;SI1;61.8;55;4.68;4.71;2.9;874
0.38;Ideal;F;SI1;61;56;4.7;4.73;2.87;874
0.37;Ideal;D;SI1;61.5;57;4.63;4.6;2.84;874
0.37;Premium;I;VVS1;62.4;58;4.58;4.55;2.85;874
0.37;Premium;I;VVS1;61.6;59;4.66;4.62;2.86;874
0.37;Premium;D;SI1;61;62;4.64;4.61;2.82;874
0.37;Premium;D;SI1;62.3;56;4.64;4.61;2.88;874
0.37;Premium;D;SI1;61.9;59;4.65;4.62;2.87;874
0.37;Premium;D;SI1;60.4;59;4.68;4.62;2.81;874
0.37;Premium;D;SI1;62.2;58;4.62;4.58;2.86;874
0.37;Good;D;SI1;63.7;55;4.59;4.55;2.91;874
0.37;Premium;D;SI1;62.7;58;4.58;4.55;2.86;874
0.39;Very Good;G;VVS2;62.1;55;4.67;4.7;2.91;875
0.41;Ideal;I;VVS1;61;56;4.79;4.82;2.93;875
0.41;Ideal;I;VVS1;61.7;57;4.73;4.76;2.93;875
0.5;Ideal;J;VS2;61.7;57;5.09;5.12;3.15;875
0.36;Ideal;F;VS2;61;57;4.6;4.62;2.81;875
0.39;Ideal;E;VS2;60.8;57;4.73;4.75;2.88;875
0.41;Ideal;E;VS2;62.3;54;4.74;4.8;2.97;875
0.34;Ideal;E;VS1;61.2;55;4.52;4.56;2.77;875
0.34;Ideal;E;VS1;60.3;57;4.52;4.54;2.73;875
0.32;Fair;D;VVS1;62.4;61;4.38;4.44;2.75;875
0.32;Very Good;G;VVS1;61.2;59;4.41;4.45;2.71;876
0.37;Ideal;D;VS2;61.6;56;4.59;4.63;2.84;876
0.37;Premium;E;VS1;60.4;58;4.61;4.66;2.8;876
0.37;Ideal;D;VS2;61;56;4.65;4.7;2.85;876
0.37;Ideal;E;VS1;61.2;56;4.64;4.67;2.85;876
0.39;Ideal;E;VS1;60.2;56;4.78;4.79;2.88;876
0.39;Very Good;D;VS1;61.7;59;4.64;4.69;2.88;876
0.37;Ideal;D;VS2;61.3;56;4.6;4.64;2.83;876
0.37;Premium;D;VS2;61;59;4.59;4.63;2.81;876
0.32;Ideal;F;VS1;62;54;4.44;4.43;2.75;876
0.32;Ideal;F;VS1;61.9;55;4.41;4.4;2.73;876
0.37;Ideal;F;VVS2;60.5;60;4.65;4.67;2.82;876
0.37;Ideal;E;VVS2;61.4;56;4.64;4.67;2.86;876
0.41;Ideal;G;SI1;61.8;55;4.8;4.81;2.97;876
0.41;Good;H;SI1;63.8;56;4.74;4.69;3.01;876
0.41;Very Good;H;SI1;63.3;56;4.74;4.71;2.99;876
0.41;Premium;H;SI1;62.6;59;4.77;4.72;2.97;876
0.41;Ideal;H;SI1;62.8;56;4.77;4.72;2.98;876
0.41;Ideal;H;SI1;62.4;56;4.78;4.74;2.97;876
0.41;Ideal;H;SI1;61.2;57;4.78;4.76;2.92;876
0.41;Premium;H;SI1;62;59;4.8;4.78;2.97;876
0.41;Ideal;H;SI1;62.9;55;4.82;4.75;3.01;876
0.41;Ideal;H;SI1;62.6;55;4.79;4.77;2.99;876
0.41;Premium;H;SI1;60;61;4.83;4.77;2.88;876
0.41;Premium;H;SI1;60.9;60;4.83;4.79;2.93;876
0.41;Premium;H;SI1;60.5;58;4.85;4.81;2.92;876
0.41;Premium;H;SI1;61.7;60;4.75;4.71;2.92;876
0.41;Premium;H;SI1;62.9;58;4.73;4.72;2.97;876
0.41;Premium;H;SI1;61.4;60;4.78;4.73;2.92;876
0.41;Ideal;E;SI2;59.8;55;4.93;4.81;2.91;876
0.41;Premium;E;SI2;61.3;59;4.85;4.8;2.96;876
0.41;Ideal;E;SI2;60.7;57;4.85;4.81;2.93;876
0.41;Premium;E;SI2;60;59;4.82;4.78;2.88;876
0.41;Premium;E;SI2;61.3;57;4.83;4.79;2.95;876
0.41;Premium;E;SI2;62.9;58;4.77;4.74;2.99;876
0.41;Ideal;E;SI2;61.9;57;4.8;4.76;2.96;876
0.41;Premium;E;SI2;61.9;55;4.8;4.77;2.96;876
0.41;Ideal;E;SI2;62.8;57;4.73;4.7;2.96;876
0.41;Premium;E;SI2;62.9;58;4.75;4.72;2.98;876
0.41;Premium;E;SI2;62.1;58;4.77;4.73;2.95;876
0.41;Ideal;D;SI2;61;56;4.83;4.78;2.93;876
0.41;Ideal;D;SI2;62.6;55;4.8;4.76;2.99;876
0.41;Premium;D;SI2;61.2;59;4.8;4.77;2.93;876
0.41;Premium;D;SI2;62.3;58;4.77;4.74;2.96;876
0.41;Premium;D;SI2;62;58;4.78;4.74;2.95;876
0.41;Ideal;D;SI2;62.3;57;4.78;4.75;2.97;876
0.41;Premium;D;SI2;62.7;58;4.78;4.75;2.99;876
0.41;Premium;D;SI2;62.3;58;4.77;4.73;2.96;876
0.41;Ideal;D;SI2;62.7;55;4.75;4.72;2.97;876
0.41;Premium;D;SI2;61.9;58;4.73;4.71;2.92;876
0.41;Premium;D;SI2;62.4;60;4.77;4.71;2.96;876
0.4;Premium;H;VVS2;60.9;58;4.74;4.79;2.9;877
0.4;Ideal;H;VVS2;62.3;57;4.71;4.73;2.94;877
0.4;Ideal;G;VS1;62.4;57;4.72;4.74;2.95;877
0.4;Very Good;G;VS1;62.8;56;4.67;4.7;2.94;877
0.4;Premium;G;VS1;61.3;60;4.66;4.71;2.87;877
0.4;Ideal;H;VVS2;62.4;57;4.69;4.73;2.94;877
0.4;Ideal;H;VVS2;62.1;57;4.69;4.74;2.93;877
0.4;Ideal;G;VS1;61.3;55;4.75;4.78;2.92;877
0.4;Ideal;H;VVS2;60.8;55;4.79;4.82;2.92;877
0.4;Premium;G;VS1;60.3;59;4.76;4.8;2.88;877
0.4;Premium;G;VS1;60.7;58;4.78;4.81;2.91;877
0.4;Good;H;VVS2;63.2;55;4.7;4.73;2.98;877
0.4;Ideal;H;VVS2;62.2;56;4.7;4.75;2.94;877
0.4;Premium;H;VVS2;60.6;60;4.75;4.79;2.89;877
0.4;Ideal;G;VS1;62.2;56;4.72;4.74;2.94;877
0.5;Good;J;SI1;63.3;60;4.97;4.99;3.15;877
0.4;Good;F;VS1;63.1;59;4.64;4.68;2.94;877
0.42;Ideal;D;VS2;62.4;55;4.79;4.83;3;877
0.4;Ideal;G;VS1;60.7;57;4.77;4.78;2.9;877
0.36;Ideal;H;IF;62.2;54.1;4.57;4.6;2.86;877
0.31;Ideal;D;VS1;60.5;55;4.43;4.39;2.67;877
0.31;Ideal;D;VS1;62.1;57;4.35;4.32;2.69;877
0.31;Ideal;D;VS1;61.8;55;4.36;4.34;2.69;877
0.31;Ideal;D;VS1;62;54;4.36;4.35;2.7;877
0.31;Premium;D;VS1;59.6;58;4.41;4.38;2.62;877
0.31;Very Good;E;VVS1;62.3;59;4.32;4.38;2.71;878
0.31;Very Good;G;IF;60.8;56;4.41;4.44;2.69;878
0.31;Ideal;F;VVS1;61.2;57;4.42;4.4;2.7;878
0.31;Ideal;F;VVS1;60.7;56;4.4;4.37;2.66;878
0.3;Very Good;E;VVS2;63.2;59;4.28;4.27;2.7;878
0.39;Premium;G;SI1;62.4;58;4.72;4.67;2.93;878
0.44;Very Good;E;SI2;63.2;59;4.85;4.8;3.05;878
0.41;Ideal;I;VS1;61.9;55;4.82;4.78;2.97;878
0.41;Very Good;F;SI1;63.1;56;4.73;4.69;2.97;878
0.41;Very Good;E;SI1;63.1;57;4.73;4.71;2.98;878
0.36;Ideal;E;VS2;61.7;57;4.59;4.55;2.82;878
0.36;Premium;E;VS2;62.5;58;4.57;4.52;2.84;878
0.3;Premium;H;VVS1;61.8;58;4.36;4.32;2.68;878
0.3;Premium;H;VVS1;62.3;58;4.32;4.29;2.68;878
0.3;Premium;H;VVS1;62.7;59;4.32;4.29;2.7;878
0.3;Very Good;H;VVS1;63.3;55;4.34;4.29;2.73;878
0.3;Ideal;H;VVS1;62;55;4.34;4.3;2.68;878
0.3;Ideal;H;VVS1;61.9;55;4.34;4.32;2.68;878
0.3;Very Good;H;VVS1;63.4;57;4.31;4.27;2.72;878
0.3;Very Good;H;VVS1;63.4;55;4.3;4.28;2.72;878
0.3;Ideal;H;VVS1;62.4;53;4.31;4.28;2.68;878
0.3;Ideal;H;VVS1;63;54;4.3;4.27;2.7;878
0.3;Premium;H;VVS1;62.5;59;4.29;4.26;2.67;878
0.3;Premium;H;VVS1;62.2;58;4.29;4.26;2.66;878
0.3;Premium;H;VVS1;63;58;4.25;4.22;2.67;878
0.3;Very Good;H;VVS1;63.3;60;4.25;4.22;2.68;878
0.3;Very Good;H;VVS1;63.3;59;4.28;4.22;2.69;878
0.3;Ideal;H;VVS1;63;56;4.27;4.24;2.68;878
0.3;Premium;H;VVS1;61.3;61;4.29;4.26;2.62;878
0.3;Premium;H;VVS1;62;59;4.29;4.26;2.65;878
0.3;Premium;H;VVS1;62.6;60;4.26;4.21;2.65;878
0.3;Premium;G;VVS2;60.8;58;4.38;4.34;2.65;878
0.3;Premium;G;VVS2;60.6;58;4.36;4.35;2.64;878
0.3;Premium;G;VVS2;61.2;58;4.34;4.32;2.65;878
0.3;Ideal;G;VVS2;60.9;57;4.35;4.32;2.64;878
0.3;Ideal;G;VVS2;61.1;57;4.35;4.32;2.65;878
0.3;Ideal;G;VVS2;60.6;57;4.35;4.33;2.63;878
0.3;Premium;G;VVS2;61.2;59;4.35;4.31;2.65;878
0.3;Premium;G;VVS2;61;60;4.32;4.3;2.63;878
0.3;Ideal;G;VVS2;61.5;55;4.32;4.3;2.65;878
0.3;Ideal;G;VVS2;62.9;55;4.32;4.3;2.71;878
0.3;Ideal;G;VVS2;61.5;56;4.34;4.31;2.66;878
0.3;Very Good;G;VVS2;63.5;56;4.34;4.29;2.74;878
0.3;Ideal;G;VVS2;63;57;4.32;4.28;2.71;878
0.3;Premium;G;VVS2;61.3;58;4.34;4.28;2.64;878
0.3;Ideal;G;VVS2;62;57;4.32;4.29;2.67;878
0.3;Premium;G;VVS2;61.3;57;4.33;4.29;2.64;878
0.3;Ideal;G;VVS2;61.5;57;4.33;4.29;2.65;878
0.3;Premium;G;VVS2;62.2;59;4.31;4.28;2.67;878
0.3;Good;G;VVS2;63.8;56;4.29;4.27;2.73;878
0.3;Ideal;G;VVS2;62.7;57;4.32;4.26;2.69;878
0.3;Premium;G;VVS2;62.6;58;4.29;4.27;2.68;878
0.3;Good;G;VVS2;63.6;57;4.3;4.26;2.72;878
0.3;Ideal;G;VVS2;62.7;57;4.29;4.26;2.68;878
0.3;Premium;G;VVS2;62;58;4.29;4.26;2.65;878
0.3;Premium;G;VVS2;62.3;59;4.29;4.25;2.66;878
0.3;Premium;G;VVS2;62;60;4.33;4.25;2.66;878
0.3;Premium;G;VVS2;61.9;59;4.28;4.25;2.64;878
0.3;Premium;G;VVS2;62.6;58;4.28;4.25;2.67;878
0.3;Premium;G;VVS2;62.8;60;4.28;4.25;2.68;878
0.3;Premium;G;VVS2;62.7;56;4.31;4.24;2.68;878
0.3;Very Good;G;VVS2;63.5;54;4.26;4.25;2.7;878
0.3;Premium;G;VVS2;61.6;60;4.27;4.24;2.62;878
0.3;Very Good;G;VVS2;63.2;57;4.27;4.24;2.69;878
0.3;Premium;G;VVS2;62.9;55;4.28;4.24;2.68;878
0.3;Very Good;G;VVS2;63.2;57;4.28;4.23;2.69;878
0.3;Good;G;VVS2;63.8;57;4.26;4.24;2.71;878
0.3;Premium;G;VVS2;61.8;59;4.26;4.22;2.62;878
0.3;Premium;G;VVS2;62.1;59;4.27;4.23;2.64;878
0.3;Very Good;G;VVS2;63.3;57;4.27;4.23;2.69;878
0.3;Very Good;G;VVS2;63.1;56;4.23;4.2;2.66;878
0.3;Ideal;G;VVS1;61.7;57;4.34;4.31;2.67;878
0.3;Good;G;VVS1;64;57;4.27;4.23;2.72;878
0.39;Premium;G;SI1;60.9;58;4.73;4.7;2.87;878
0.3;Ideal;G;VVS2;62.2;55;4.33;4.29;2.68;878
0.4;Very Good;E;VS2;62;60;4.67;4.69;2.9;879
0.34;Premium;G;IF;60.5;58;4.47;4.52;2.72;879
0.31;Premium;E;VS1;62.6;60;4.33;4.29;2.7;879
0.38;Ideal;G;VVS2;62;57;4.64;4.66;2.89;879
0.38;Ideal;G;VVS2;60;56;4.72;4.76;2.84;879
0.32;Ideal;E;VVS1;61.7;55;4.38;4.41;2.71;879
0.38;Ideal;F;VS1;59.8;57;4.72;4.75;2.84;879
0.31;Ideal;D;VS2;59.4;57;4.5;4.45;2.66;879
0.35;Premium;F;VS2;60.4;59;4.57;4.54;2.75;879
0.35;Premium;F;VS2;60.9;57;4.58;4.55;2.78;879
0.31;Ideal;D;VS2;59.4;56;4.45;4.4;2.63;879
0.31;Ideal;D;VS2;61.8;56;4.39;4.35;2.7;879
0.3;Very Good;D;VVS2;59.6;61;4.39;4.34;2.6;880
0.43;Ideal;G;VS1;61.2;57;4.83;4.88;2.97;880
0.33;Ideal;F;VVS1;61.9;55;4.44;4.48;2.76;880
0.33;Ideal;F;VVS1;62.6;54;4.44;4.47;2.79;880
0.33;Ideal;F;VVS1;62.5;54;4.43;4.46;2.78;880
0.33;Ideal;F;VVS1;62.4;54;4.44;4.47;2.78;880
0.33;Ideal;F;VVS1;62;55;4.44;4.47;2.76;880
0.33;Ideal;F;VVS1;60.6;57;4.51;4.53;2.74;880
0.33;Ideal;F;VVS1;61.8;53;4.48;4.51;2.78;880
0.33;Ideal;F;VVS1;61.7;55;4.42;4.46;2.74;880
0.33;Ideal;F;VVS1;61.9;54;4.42;4.46;2.75;880
0.34;Premium;F;VS2;59.2;60;4.6;4.56;2.71;880
0.34;Premium;F;VS2;61.2;59;4.53;4.49;2.76;880
0.34;Premium;H;VVS2;62.7;59;4.47;4.43;2.79;880
0.34;Premium;H;VVS2;61.4;58;4.5;4.46;2.75;880
0.34;Ideal;H;VVS2;61.8;54;4.49;4.47;2.77;880
0.34;Ideal;H;VVS2;62.2;55;4.49;4.48;2.79;880
0.34;Very Good;G;VS1;63.1;57;4.45;4.4;2.79;880
0.34;Premium;G;VS1;60.4;61;4.53;4.48;2.72;880
0.34;Ideal;F;VS2;61;57;4.5;4.48;2.74;880
0.34;Ideal;F;VS2;62.5;55;4.51;4.48;2.81;880
0.34;Ideal;F;VS2;62.9;55;4.48;4.46;2.81;880
0.34;Premium;F;VS2;60.7;60;4.5;4.46;2.72;880
0.34;Ideal;F;VS2;62.1;55;4.51;4.47;2.79;880
0.34;Ideal;F;VS2;62.1;56;4.51;4.47;2.79;880
0.34;Premium;F;VS2;61.2;59;4.52;4.47;2.75;880
0.34;Ideal;F;VS2;61.6;57;4.53;4.47;2.77;880
0.23;Very Good;F;VS1;62.1;58;3.91;3.95;2.44;373
0.23;Very Good;D;VS1;59;61;4.04;4.06;2.39;373
0.3;Ideal;J;VS1;62.6;53;4.28;4.32;2.69;373
0.24;Good;F;VS1;60.8;64;3.96;4;2.42;373
0.26;Good;F;VS1;62.5;56;4.06;4.1;2.55;373
0.24;Good;F;VS1;58.3;61;4.09;4.14;2.4;373
0.23;Good;E;VS1;64.3;59;3.84;3.87;2.48;373
0.28;Good;E;SI1;62.6;60;4.12;4.15;2.59;373
0.32;Good;J;SI1;63.2;56;4.31;4.36;2.74;374
0.32;Good;I;SI2;63.4;56;4.34;4.37;2.76;374
0.32;Very Good;J;SI1;61.6;58;4.36;4.4;2.7;374
0.32;Very Good;J;SI1;63;58;4.32;4.35;2.73;374
0.32;Good;I;SI2;63.1;58;4.34;4.41;2.76;374
0.23;Ideal;G;SI1;61.2;56;3.97;4;2.44;375
0.28;Good;J;VVS2;58.4;60;4.27;4.33;2.51;375
0.28;Very Good;H;VS2;61.4;57;4.21;4.23;2.59;376
0.23;Good;F;VS1;63.2;58;3.86;3.89;2.45;376
0.26;Ideal;G;SI1;61.8;55;4.08;4.11;2.53;377
0.27;Good;E;VS1;57.5;63;4.24;4.28;2.45;377
0.31;Good;I;SI1;64.3;55;4.27;4.29;2.75;377
0.23;Very Good;H;VVS2;62;55;3.93;3.95;2.44;378
0.24;Very Good;E;VS1;60.1;57;4.08;4.1;2.46;378
0.23;Very Good;E;VS1;59.6;65;3.95;3.97;2.36;378
0.23;Very Good;E;VS1;60.4;62;3.93;3.99;2.39;378
0.24;Good;E;VS2;63;59;3.96;4.01;2.51;378
0.3;Good;H;SI2;63.9;57;4.24;4.27;2.72;378
0.3;Good;H;SI2;63.2;55;4.26;4.29;2.7;378
0.3;Premium;H;SI2;61.9;60;4.27;4.29;2.65;378
0.28;Very Good;I;VS2;61.9;57;4.16;4.19;2.58;379
0.31;Ideal;I;SI2;61;56;4.39;4.43;2.69;379
0.24;Very Good;E;VVS2;62.1;59;3.95;4;2.47;471
0.29;Very Good;G;VS2;61.9;55;4.25;4.28;2.64;471
0.29;Very Good;G;VS2;61.7;56;4.27;4.3;2.64;471
0.29;Very Good;G;VS2;62;55;4.24;4.27;2.63;471
0.29;Very Good;G;VS2;62.5;56;4.21;4.24;2.64;471
0.3;Very Good;F;SI1;60.3;61;4.31;4.34;2.61;471
0.32;Ideal;H;SI1;61;56.6;4.4;4.43;2.7;471
0.24;Good;F;VVS2;64;61;3.91;3.93;2.51;471
0.31;Very Good;G;VS2;58.8;62;4.4;4.41;2.59;471
0.32;Premium;H;VS2;62.7;58;4.33;4.35;2.72;471
0.36;Very Good;E;SI2;62.4;58;4.54;4.56;2.84;471
0.32;Ideal;I;VS1;62.1;57;4.37;4.42;2.73;471
0.32;Ideal;I;VS1;62.3;56;4.37;4.4;2.73;471
0.31;Premium;E;SI1;62.7;58;4.32;4.35;2.72;471
0.31;Premium;G;VS2;61.2;59;4.36;4.4;2.68;471
0.23;Very Good;F;VVS2;60.8;59;3.97;3.99;2.42;472
0.23;Very Good;F;VVS2;63.1;56;3.93;3.96;2.49;472
0.23;Very Good;D;VVS2;58.5;62;4.04;4.06;2.37;472
0.23;Very Good;E;VVS1;61.9;58;3.94;3.98;2.45;472
0.23;Very Good;E;VVS1;61.4;60;3.95;3.97;2.43;472
0.23;Very Good;E;VVS1;61.3;58;3.94;3.96;2.42;472
0.23;Very Good;E;VVS1;62.6;58;3.96;4;2.49;472
0.23;Very Good;E;VVS1;61.8;59;3.89;3.91;2.41;472
0.23;Very Good;D;VVS1;60.5;55;4.01;4.02;2.43;472
0.23;Good;E;VVS2;64.5;55;3.85;3.9;2.5;472
0.23;Good;F;VVS1;60.3;66;3.93;3.96;2.38;472
0.23;Good;E;VVS1;64.4;57;3.87;3.9;2.5;472
0.25;Ideal;H;VS2;61;55;4.11;4.09;2.5;472
0.35;Ideal;I;SI1;61.3;54;4.51;4.56;2.78;472
0.35;Good;I;SI1;63.6;56;4.5;4.53;2.87;472
0.34;Ideal;F;VS2;62.1;56;4.47;4.45;2.77;880
0.34;Ideal;F;VS2;62.6;54;4.48;4.46;2.8;880
0.34;Premium;F;VS2;62.9;58;4.46;4.44;2.8;880
0.34;Premium;F;VS2;62.3;57;4.48;4.44;2.78;880
0.34;Premium;F;VS2;62.6;59;4.48;4.44;2.79;880
0.46;Premium;I;SI2;60.3;62;4.95;4.9;2.97;880
0.34;Premium;F;VS2;62.6;58;4.49;4.46;2.8;880
0.34;Ideal;H;VVS2;63;55;4.48;4.44;2.81;880
0.34;Ideal;E;VS1;62;57;4.49;4.44;2.77;881
0.34;Ideal;D;VS2;61.6;55;4.54;4.48;2.78;881
0.34;Premium;D;VS2;59.3;59;4.59;4.55;2.71;881
0.4;Very Good;D;VS2;61.6;59;4.7;4.75;2.91;881
0.35;Ideal;E;VVS2;61.3;56;4.54;4.6;2.8;881
0.46;Ideal;F;SI2;61.4;56;4.97;5;3.06;881
0.4;Very Good;H;VVS2;59.7;57;4.83;4.85;2.89;882
0.31;Premium;D;VVS1;62.7;58;4.3;4.31;2.7;882
0.38;Ideal;D;VS1;62;57;4.69;4.7;2.91;882
0.35;Ideal;D;VVS2;61.6;56;4.55;4.57;2.81;882
0.31;Ideal;F;VVS1;61.9;53.5;4.36;4.39;2.71;882
0.38;Ideal;G;VS1;62;55;4.64;4.68;2.89;882
0.43;Premium;E;SI2;61.8;60;4.85;4.83;2.99;882
0.42;Premium;G;SI1;60.6;62;4.85;4.82;2.93;882
0.42;Very Good;G;SI1;63.1;56;4.79;4.75;3.01;882
0.42;Ideal;G;SI1;63;55;4.81;4.77;3.02;882
0.42;Premium;G;SI1;61.6;61;4.82;4.79;2.96;882
0.42;Premium;G;SI1;62.7;58;4.79;4.75;2.99;882
0.4;Very Good;I;VS1;63.5;55;4.71;4.67;2.98;882
0.4;Very Good;F;SI1;63.3;58;4.72;4.69;2.98;882
0.4;Premium;F;SI1;62.9;58;4.72;4.69;2.96;882
0.4;Good;F;SI1;63.6;56;4.68;4.63;2.96;882
0.4;Ideal;F;SI1;62.1;57;4.69;4.65;2.9;882
0.4;Very Good;F;SI1;63.1;58;4.69;4.66;2.95;882
0.4;Premium;E;SI1;61.4;58;4.81;4.77;2.94;882
0.4;Premium;E;SI1;60.8;62;4.76;4.72;2.88;882
0.4;Good;E;SI1;63.8;56;4.74;4.7;3.01;882
0.4;Premium;E;SI1;61;59;4.74;4.71;2.88;882
0.4;Premium;E;SI1;61.7;60;4.72;4.68;2.9;882
0.4;Very Good;E;SI1;63.3;56;4.74;4.68;2.98;882
0.4;Premium;E;SI1;62.9;59;4.72;4.69;2.96;882
0.4;Very Good;E;SI1;63.2;56;4.74;4.69;2.98;882
0.4;Very Good;E;SI1;63.5;57;4.72;4.7;2.99;882
0.4;Premium;E;SI1;62;61;4.71;4.67;2.91;882
0.4;Very Good;E;SI1;63.5;55;4.71;4.67;2.98;882
0.4;Good;E;SI1;63.9;55;4.72;4.67;3;882
0.4;Good;E;SI1;64.2;56;4.69;4.66;3;882
0.4;Very Good;E;SI1;63.2;58;4.7;4.66;2.96;882
0.4;Premium;E;SI1;62.2;62;4.69;4.66;2.91;882
0.4;Good;E;SI1;63.7;56;4.69;4.66;2.98;882
0.4;Good;E;SI1;63.7;57;4.69;4.66;2.98;882
0.4;Good;E;SI1;63.9;58;4.67;4.63;2.97;882
0.4;Very Good;E;SI1;63.5;58;4.67;4.65;2.96;882
0.4;Ideal;E;SI1;63;57;4.68;4.65;2.94;882
0.4;Very Good;E;SI1;63.2;56;4.69;4.65;2.95;882
0.4;Good;E;SI1;63.6;57;4.69;4.65;2.97;882
0.3;Premium;F;VVS2;59.5;59;4.42;4.38;2.62;882
0.42;Ideal;E;SI2;62.7;55;4.79;4.78;3;882
0.4;Premium;F;SI1;61.5;60;4.77;4.7;2.91;882
0.39;Very Good;E;VS1;59.7;56;4.8;4.85;2.88;883
0.38;Very Good;F;VS1;62.7;57;4.71;4.64;2.93;883
0.44;Ideal;D;SI1;62.4;57;4.86;4.89;3.04;883
0.4;Ideal;G;VVS2;61.4;53;4.73;4.81;2.93;883
0.32;Ideal;E;VVS2;61.1;55;4.41;4.46;2.71;883
0.32;Ideal;G;IF;62.3;54;4.39;4.4;2.74;883
0.4;Good;F;VS1;63;62;4.65;4.68;2.94;883
0.42;Premium;F;VS2;61.9;58;4.76;4.8;2.96;884
0.42;Ideal;I;VVS1;60.2;57;4.85;4.88;2.93;884
0.42;Ideal;I;VVS1;62.7;55;4.77;4.8;3;884
0.42;Very Good;F;VS2;61.7;59;4.75;4.82;2.95;884
0.42;Ideal;I;VVS1;62.4;57;4.79;4.83;3;884
0.36;Ideal;G;VVS1;62.1;56;4.58;4.6;2.85;884
0.42;Ideal;I;VVS1;62.5;57;4.77;4.8;2.99;884
0.42;Ideal;I;VVS1;62;55;4.8;4.88;3;884
0.31;Ideal;F;VVS1;61.8;56;4.33;4.37;2.69;884
0.31;Ideal;F;VVS1;61;57;4.38;4.39;2.67;884
0.47;Ideal;I;VS2;62.1;54;4.99;5.03;3.11;884
0.47;Ideal;I;VS2;62.1;53;4.99;5.02;3.11;884
0.47;Ideal;I;VS2;62.1;54;4.98;5;3.1;884
0.38;Ideal;D;SI1;61.8;55;4.67;4.69;2.89;884
0.38;Ideal;D;SI1;61.3;57;4.67;4.7;2.87;884
0.4;Premium;D;SI1;60.9;60;4.78;4.74;2.9;884
0.35;Very Good;E;VS1;59.9;59.9;4.54;4.59;2.73;885
0.34;Ideal;D;VVS2;61.2;56;4.5;4.52;2.76;885
0.3;Ideal;D;VS1;61.1;57;4.34;4.37;2.66;885
0.3;Ideal;D;VS1;60.8;56;4.37;4.39;2.66;885
0.3;Ideal;D;VS1;60.7;56;4.38;4.41;2.67;885
0.51;Ideal;J;SI2;62.1;56;5.1;5.14;3.18;885
0.42;Ideal;H;SI1;61.7;55;4.84;4.85;2.99;885
0.32;Very Good;F;VVS1;61.6;56;4.37;4.41;2.7;886
0.32;Very Good;F;VVS1;61.5;56;4.38;4.4;2.7;886
0.32;Very Good;F;VVS1;59.4;59;4.45;4.47;2.65;886
0.32;Very Good;F;VVS1;61.5;57;4.38;4.41;2.7;886
0.32;Very Good;F;VVS1;62.2;55;4.39;4.43;2.74;886
0.38;Very Good;G;VS1;57.1;63;4.77;4.86;2.75;886
0.33;Very Good;E;VS1;58.3;62;4.49;4.57;2.64;886
0.3;Very Good;F;IF;62.4;56;4.28;4.31;2.68;886
0.3;Very Good;F;IF;62;58;4.28;4.3;2.66;886
0.3;Very Good;F;IF;62;55;4.33;4.35;2.69;886
0.3;Very Good;F;IF;62.6;55;4.3;4.32;2.7;886
0.3;Very Good;F;IF;62.1;57;4.26;4.3;2.66;886
0.3;Very Good;F;IF;62.5;56;4.27;4.3;2.68;886
0.39;Ideal;G;VVS2;62.1;56;4.67;4.7;2.91;886
0.37;Ideal;E;VS1;61.6;54.7;4.61;4.63;2.85;886
0.39;Ideal;F;SI1;61.8;55;4.7;4.72;2.91;886
0.3;Ideal;F;IF;61.8;54;4.34;4.36;2.69;886
0.3;Ideal;F;IF;62;58;4.25;4.3;2.65;886
0.3;Ideal;F;IF;61.1;58;4.32;4.36;2.65;886
0.3;Ideal;F;IF;61.8;58;4.27;4.3;2.65;886
0.3;Ideal;F;IF;61.8;56;4.29;4.32;2.66;886
0.3;Ideal;F;IF;62.4;56;4.26;4.3;2.67;886
0.3;Ideal;F;IF;62.3;57;4.25;4.29;2.66;886
0.3;Ideal;F;IF;62.1;57;4.29;4.31;2.67;886
0.3;Ideal;F;IF;61.7;57;4.28;4.31;2.65;886
0.3;Ideal;F;IF;61.4;57;4.34;4.36;2.67;886
0.3;Ideal;F;IF;62.3;55;4.3;4.34;2.69;886
0.3;Ideal;F;IF;62.3;57;4.29;4.31;2.68;886
0.3;Ideal;F;IF;61.7;58;4.3;4.32;2.66;886
0.3;Ideal;F;IF;62.1;54;4.32;4.35;2.69;886
0.3;Ideal;F;IF;61.8;54;4.34;4.37;2.69;886
0.3;Ideal;F;IF;62.2;56;4.31;4.34;2.69;886
0.3;Ideal;F;IF;62.4;54;4.33;4.36;2.71;886
0.3;Ideal;F;IF;61.4;56;4.32;4.34;2.66;886
0.3;Ideal;F;IF;60.9;56;4.33;4.37;2.65;886
0.3;Ideal;F;IF;61.6;58;4.28;4.32;2.65;886
0.3;Ideal;F;IF;61.8;55;4.32;4.35;2.68;886
0.3;Ideal;F;IF;62.2;57;4.3;4.32;2.68;886
0.3;Ideal;F;IF;61.9;57;4.29;4.33;2.67;886
0.3;Ideal;F;IF;62.5;54;4.31;4.33;2.7;886
0.3;Ideal;F;IF;62.6;57;4.25;4.28;2.67;886
0.3;Ideal;F;IF;62.1;57;4.27;4.3;2.66;886
0.3;Ideal;F;IF;61.3;56;4.33;4.35;2.66;886
0.3;Ideal;F;IF;62.1;55;4.32;4.35;2.69;886
0.3;Ideal;F;IF;62.1;55;4.31;4.35;2.69;886
0.3;Ideal;F;IF;62;56;4.31;4.33;2.68;886
0.3;Ideal;F;IF;62.3;53;4.34;4.36;2.71;886
0.3;Ideal;F;IF;62.4;58;4.25;4.28;2.66;886
0.3;Ideal;F;IF;61.8;56;4.31;4.33;2.67;886
0.3;Ideal;F;IF;62.3;55;4.29;4.31;2.68;886
0.3;Ideal;F;IF;62.2;53;4.34;4.38;2.71;886
0.38;Good;I;IF;56.6;59;4.82;4.87;2.74;886
0.42;Ideal;F;SI1;61.6;56;4.83;4.81;2.97;886
0.53;Premium;F;I1;61.3;58;5.22;5.18;3.19;886
0.36;Ideal;E;VVS2;62;54;4.56;4.6;2.84;887
0.35;Ideal;G;VVS1;61.2;56;4.55;4.57;2.79;887
0.35;Ideal;G;VVS1;61;56;4.56;4.59;2.79;887
0.35;Ideal;G;VVS1;61.7;56;4.54;4.57;2.81;887
0.35;Ideal;H;IF;62.1;54;4.55;4.59;2.84;887
0.43;Premium;H;SI2;61.8;59;4.86;4.85;3;887
0.37;Premium;E;VS2;61;59;4.65;4.6;2.82;888
0.4;Very Good;E;VS2;63;57;4.67;4.69;2.95;888
0.36;Ideal;G;VVS2;61.8;55;4.57;4.62;2.84;888
0.45;Ideal;H;VS1;62;54;4.92;4.95;3.06;888
0.31;Ideal;F;IF;60.8;56;4.43;4.45;2.7;888
0.41;Very Good;G;VVS2;59.1;60;4.84;4.87;2.87;889
0.41;Very Good;D;VS2;62.5;60;4.72;4.75;2.96;889
0.41;Very Good;F;VS1;62.9;57;4.7;4.74;2.97;889
0.41;Very Good;F;VS1;62.1;60;4.72;4.75;2.94;889
0.39;Ideal;E;VS1;59.9;57;4.78;4.8;2.87;889
0.39;Very Good;E;VS2;61.3;61;4.66;4.7;2.87;889
0.39;Very Good;E;VS2;60.1;61;4.72;4.76;2.85;889
0.39;Premium;E;VS2;61.4;58;4.68;4.73;2.89;889
0.39;Premium;E;VS2;62.5;60;4.64;4.67;2.91;889
0.41;Ideal;D;VS2;61.2;57;4.78;4.82;2.94;889
0.37;Good;E;VS1;62.8;65;4.51;4.54;2.84;889
0.38;Ideal;F;VS2;61.2;57;4.67;4.64;2.85;889
0.31;Very Good;E;VVS1;61.2;58;4.35;4.38;2.67;890
0.4;Very Good;F;VS1;61.3;54;4.8;4.83;2.95;890
0.43;Ideal;J;IF;62.4;56;4.84;4.87;3.03;890
0.35;Ideal;D;VS1;60.8;57;4.57;4.61;2.79;890
0.43;Very Good;E;VS1;61.3;56;4.85;4.88;2.98;890
0.32;Ideal;E;VVS2;62.3;55;4.37;4.4;2.73;890
0.32;Ideal;E;VVS1;61.3;57;4.42;4.45;2.72;890
0.31;Ideal;E;VVS1;61.7;56;4.38;4.41;2.71;890
0.4;Ideal;D;VS2;61.7;57;4.72;4.75;2.92;890
0.4;Ideal;D;VS2;62.1;53;4.77;4.8;2.97;890
0.4;Ideal;F;VS1;62;56;4.73;4.75;2.94;890
0.38;Very Good;E;VS1;63;56;4.61;4.63;2.91;891
0.31;Very Good;G;IF;61.6;54;4.4;4.43;2.72;891
0.33;Ideal;E;VVS2;61.8;56;4.44;4.46;2.75;891
0.32;Premium;G;IF;59.4;60;4.45;4.47;2.65;891
0.32;Premium;G;IF;61;59;4.38;4.41;2.68;891
0.4;Good;D;VS2;63.5;55;4.66;4.69;2.97;891
0.41;Ideal;I;VVS1;62;54.5;4.77;4.8;2.97;891
0.41;Ideal;G;VS2;62.2;57;4.75;4.77;2.96;891
0.4;Ideal;D;VS2;62.2;54;4.73;4.76;2.95;891
0.38;Ideal;F;VS1;60.9;55;4.69;4.73;2.87;891
0.43;Ideal;H;SI1;60.7;54;4.96;4.92;3;891
0.31;Ideal;G;IF;61.4;55;4.35;4.38;2.68;891
0.31;Ideal;G;IF;61.4;55;4.36;4.4;2.69;891
0.31;Ideal;G;IF;62.2;55;4.35;4.4;2.72;891
0.31;Ideal;G;IF;61.9;55;4.35;4.38;2.7;891
0.31;Ideal;G;IF;61.6;56;4.38;4.42;2.71;891
0.31;Ideal;G;IF;61;56;4.38;4.41;2.68;891
0.31;Ideal;G;IF;61.3;54;4.38;4.4;2.69;891
0.31;Ideal;G;IF;61.4;56;4.38;4.41;2.7;891
0.31;Ideal;G;IF;62.6;53;4.36;4.39;2.74;891
0.31;Ideal;G;IF;61.8;56;4.33;4.37;2.69;891
0.31;Ideal;G;IF;61.9;54;4.35;4.37;2.7;891
0.31;Ideal;G;IF;61.8;55;4.35;4.39;2.7;891
0.31;Ideal;G;IF;61.8;54;4.36;4.38;2.7;891
0.31;Ideal;G;IF;61.9;54;4.35;4.38;2.7;891
0.31;Ideal;G;IF;61;57;4.4;4.42;2.69;891
0.31;Ideal;G;IF;61.7;56;4.34;4.38;2.69;891
0.31;Ideal;G;IF;62;54;4.36;4.38;2.71;891
0.31;Ideal;G;IF;61.7;55;4.36;4.39;2.7;891
0.31;Ideal;G;IF;61.6;55;4.37;4.39;2.7;891
0.31;Ideal;G;IF;61.3;56;4.38;4.4;2.69;891
0.31;Ideal;G;IF;62.1;54;4.36;4.37;2.71;891
0.31;Ideal;G;IF;61.3;57;4.39;4.42;2.7;891
0.31;Ideal;G;IF;62.1;54;4.38;4.41;2.73;891
0.31;Ideal;G;IF;60.2;59;4.37;4.4;2.64;891
0.31;Ideal;G;IF;61.9;53;4.36;4.39;2.71;891
0.31;Ideal;G;IF;61.7;54;4.38;4.4;2.71;891
0.31;Ideal;G;IF;62.1;54;4.35;4.38;2.71;891
0.31;Ideal;G;IF;61;57;4.36;4.39;2.67;891
0.31;Ideal;G;IF;61.6;55;4.35;4.38;2.69;891
0.31;Ideal;G;IF;61.2;56;4.36;4.4;2.68;891
0.31;Ideal;G;IF;61.2;55;4.4;4.42;2.7;891
0.31;Ideal;G;IF;62.1;54;4.37;4.39;2.72;891
0.43;Good;G;VS2;61.8;60.7;4.8;4.84;2.99;891
0.41;Good;F;VS1;58;61;4.86;4.9;2.83;891
0.46;Good;E;SI1;63.7;58;4.84;4.9;3.1;891
0.33;Ideal;I;IF;61.8;55;4.47;4.46;2.76;891
0.33;Ideal;I;IF;62.1;55;4.44;4.41;2.75;891
0.44;Very Good;J;VS1;63.1;57;4.87;4.83;3.06;891
0.44;Premium;J;VS1;61.9;57;4.9;4.83;3.01;891
0.44;Very Good;J;VS1;63.2;57;4.86;4.82;3.06;891
0.33;Premium;I;IF;62;58;4.46;4.44;2.76;891
0.33;Ideal;I;IF;61.6;55;4.47;4.46;2.75;891
0.33;Premium;I;IF;59;61;4.56;4.49;2.67;891
0.33;Premium;I;IF;62.1;58;4.43;4.39;2.74;891
0.33;Ideal;I;IF;62.2;56;4.45;4.42;2.76;891
0.33;Ideal;I;IF;61.4;56;4.45;4.41;2.72;891
0.35;Very Good;G;IF;62.1;54;4.53;4.57;2.82;892
0.36;Ideal;G;VVS1;60;56;4.66;4.69;2.81;892
0.32;Ideal;E;VVS1;61.2;55;4.4;4.45;2.71;892
0.32;Ideal;E;VVS1;61.2;55;4.41;4.42;2.7;892
0.3;Ideal;F;IF;60.8;56;4.35;4.36;2.65;892
0.3;Ideal;F;IF;60.9;56;4.32;4.35;2.64;892
0.41;Good;H;VVS1;62.6;62;4.7;4.76;2.96;892
0.33;Very Good;E;VVS2;59.8;58.7;4.47;4.51;2.68;893
0.33;Very Good;E;VVS2;62.3;56;4.4;4.44;2.75;893
0.33;Ideal;D;VVS2;61.7;55;4.46;4.49;2.76;893
0.33;Ideal;F;VVS1;61.9;55;4.43;4.46;2.75;893
0.33;Ideal;F;VVS1;61.4;55;4.47;4.52;2.76;893
0.33;Ideal;F;VVS1;61.3;55;4.46;4.48;2.74;893
0.33;Ideal;F;VVS1;61.1;56;4.45;4.48;2.73;893
0.33;Ideal;F;VVS1;61.7;54;4.46;4.49;2.76;893
0.46;Ideal;I;VS2;62.2;54.7;4.95;4.97;3.09;893
0.27;Ideal;D;IF;62.4;56;4.15;4.12;2.58;893
0.34;Premium;E;VS2;62.7;56;4.51;4.48;2.82;893
0.34;Good;H;VVS1;64;57;4.43;4.38;2.82;893
0.58;Fair;F;I1;65.8;56;5.23;5.12;3.41;893
0.58;Fair;F;I1;66.3;55;5.18;5.1;3.41;893
0.36;Very Good;E;VS1;60.6;58;4.61;4.63;2.8;894
0.41;Ideal;I;VVS2;60.7;57;4.81;4.84;2.93;894
0.39;Good;G;VVS2;63.4;57;4.62;4.65;2.94;894
0.39;Ideal;F;VS1;60.9;56;4.68;4.75;2.87;894
0.39;Premium;F;VS1;61.7;58;4.69;4.71;2.9;894
0.43;Very Good;E;SI1;63.4;56;4.82;4.8;3.05;894
0.38;Ideal;H;VVS1;62.3;53.3;4.63;4.66;2.9;894
0.37;Premium;F;VS2;59.2;61;4.69;4.63;2.76;894
0.37;Premium;F;VS2;59.7;62;4.7;4.68;2.8;894
0.37;Premium;F;VS2;60.5;59;4.67;4.62;2.81;894
0.4;Very Good;F;VS1;63.1;56;4.68;4.7;2.96;895
0.39;Very Good;F;VS1;63.7;57;4.63;4.67;2.96;895
0.3;Ideal;E;VVS1;60.5;57;4.34;4.39;2.64;895
0.34;Ideal;G;VVS1;62.5;53;4.47;4.49;2.8;895
0.3;Premium;E;VVS1;60;60;4.35;4.38;2.62;895
0.3;Very Good;G;IF;62.9;58;4.21;4.25;2.66;895
0.3;Ideal;E;VVS1;61.4;56;4.33;4.37;2.67;895
0.3;Ideal;E;VVS1;61.2;57;4.33;4.36;2.66;895
0.3;Very Good;G;IF;62.8;57;4.27;4.3;2.69;895
0.3;Very Good;G;IF;63;53;4.24;4.3;2.69;895
0.3;Premium;E;VVS1;61.3;59;4.28;4.33;2.64;895
0.3;Good;G;IF;63.5;55;4.26;4.28;2.71;895
0.3;Very Good;G;IF;61;62;4.32;4.34;2.64;895
0.4;Ideal;E;VVS2;61.1;57;4.77;4.79;2.92;895
0.34;Ideal;G;VVS1;62.1;57;4.45;4.47;2.77;895
0.3;Ideal;G;IF;62.1;55;4.31;4.35;2.69;895
0.3;Ideal;E;VVS1;60.6;57;4.33;4.35;2.63;895
0.3;Premium;G;IF;60;59;4.32;4.34;2.6;895
0.3;Ideal;G;IF;62.6;57;4.28;4.32;2.69;895
0.3;Good;G;IF;63.8;55;4.24;4.28;2.72;895
0.3;Ideal;E;VVS1;61.8;56;4.3;4.31;2.66;895
0.34;Ideal;G;VVS1;62.1;55;4.46;4.49;2.78;895
0.3;Ideal;G;IF;61.7;55;4.31;4.34;2.67;895
0.3;Ideal;G;IF;60.9;57;4.29;4.32;2.62;895
0.3;Premium;G;IF;61.6;60;4.29;4.32;2.65;895
0.3;Very Good;G;IF;62.8;57;4.28;4.32;2.7;895
0.3;Ideal;E;VVS1;60.1;57;4.38;4.41;2.64;895
0.3;Ideal;E;VVS1;61.5;57;4.33;4.35;2.67;895
0.3;Ideal;G;IF;61.4;57;4.33;4.37;2.67;895
0.3;Ideal;G;IF;62;56;4.3;4.31;2.67;895
0.3;Premium;G;IF;60.2;58;4.35;4.39;2.63;895
0.32;Ideal;F;VVS1;61.9;56;4.41;4.44;2.74;895
0.4;Ideal;D;VS2;62.8;57;4.68;4.72;2.95;895
0.39;Ideal;F;VS1;62.5;57;4.66;4.69;2.92;895
0.5;Ideal;I;SI2;62.2;53;5.11;5.14;3.19;895
0.5;Ideal;J;SI1;62.3;55;5.07;5.11;3.17;895
0.39;Ideal;I;IF;62.3;54;4.69;4.71;2.93;895
0.35;Premium;I;SI1;62.5;58;4.49;4.53;2.82;472
0.3;Good;H;SI2;63.9;56;4.27;4.24;2.72;473
0.3;Premium;H;SI2;60.9;59;4.35;4.32;2.64;473
0.3;Premium;J;VS2;62.2;58;4.3;4.28;2.67;473
0.3;Premium;J;VS2;61.6;61;4.33;4.28;2.65;473
0.3;Premium;J;VS2;60.6;59;4.38;4.34;2.64;473
0.3;Very Good;J;VS2;63.4;57;4.26;4.22;2.69;473
0.36;Premium;G;SI2;60.8;58;4.57;4.61;2.79;473
0.3;Very Good;H;VS2;60.9;61;4.32;4.35;2.64;473
0.3;Premium;H;VS2;62.3;58;4.31;4.33;2.69;473
0.36;Premium;G;SI2;62.4;58;4.56;4.58;2.85;473
0.3;Premium;I;VS1;60.3;58;4.32;4.34;2.61;473
0.3;Very Good;H;VS2;62.7;59;4.22;4.26;2.66;473
0.3;Very Good;I;VS1;63;53;4.26;4.31;2.7;473
0.3;Premium;H;VS2;62.5;59;4.23;4.28;2.66;473
0.3;Ideal;I;VS1;62.5;57;4.29;4.32;2.69;473
0.3;Premium;H;VS2;61.8;60;4.26;4.31;2.65;473
0.3;Very Good;I;VS1;62.9;58;4.26;4.29;2.69;473
0.3;Very Good;I;VS1;60.8;59;4.3;4.32;2.62;473
0.3;Very Good;H;VS2;62.5;58;4.26;4.28;2.67;473
0.3;Premium;I;VS1;61.7;58;4.27;4.32;2.65;473
0.3;Very Good;H;VS2;61.1;61;4.31;4.33;2.64;473
0.3;Good;H;VS2;63.5;54;4.27;4.3;2.72;473
0.3;Good;H;VS2;63.5;59;4.2;4.27;2.69;473
0.3;Ideal;I;VS1;61;56;4.35;4.37;2.66;473
0.36;Premium;G;SI2;59.3;59;4.62;4.66;2.75;473
0.3;Ideal;I;VS1;62.5;54;4.29;4.32;2.69;473
0.3;Very Good;H;VS2;60.9;61;4.27;4.3;2.61;473
0.3;Very Good;I;VS1;60.4;58;4.34;4.4;2.64;473
0.3;Premium;I;VS1;59.8;60;4.34;4.36;2.6;473
0.4;Very Good;H;VS2;63.1;62;4.75;4.66;2.97;895
0.36;Ideal;F;VVS2;62.4;55;4.54;4.57;2.84;896
0.36;Ideal;F;VVS2;61.5;56;4.58;4.61;2.82;896
0.36;Ideal;F;VVS2;61.7;57;4.58;4.61;2.83;896
0.37;Ideal;E;VVS2;61.8;54;4.61;4.64;2.86;896
0.37;Ideal;E;VVS2;62.5;53;4.59;4.63;2.88;896
0.52;Ideal;J;SI1;61.4;56.4;5.15;5.17;3.17;896
0.4;Ideal;H;SI1;61.8;57;4.75;4.77;2.94;896
0.42;Ideal;G;SI1;61.6;56;4.81;4.84;2.97;896
0.33;Very Good;F;IF;58.7;55;4.56;4.6;2.69;897
0.31;Very Good;F;VVS1;62.4;60;4.28;4.31;2.68;897
0.31;Very Good;F;VVS1;61.8;59;4.33;4.35;2.68;897
0.31;Ideal;F;VVS1;61.8;56;4.34;4.36;2.69;897
0.31;Ideal;F;VVS1;62.1;56;4.35;4.38;2.71;897
0.31;Very Good;F;VVS1;62.4;57;4.3;4.32;2.69;897
0.35;Very Good;G;IF;62.6;59;4.43;4.49;2.79;898
0.33;Very Good;G;IF;62.6;55;4.41;4.44;2.77;898
0.38;Ideal;H;VVS2;62.1;54;4.62;4.66;2.88;898
0.4;Good;D;VS1;63.2;56;4.69;4.74;2.98;898
0.4;Ideal;E;VS1;62.1;55;4.75;4.79;2.96;898
0.33;Ideal;E;VVS2;60.7;55;4.49;4.5;2.73;898
0.32;Ideal;F;VVS1;62;55;4.41;4.43;2.74;898
0.34;Ideal;G;VS1;61.3;55;4.52;4.55;2.78;898
0.32;Ideal;E;VS1;61.6;55;4.43;4.46;2.74;898
0.32;Ideal;E;VS1;61;57;4.4;4.42;2.69;898
0.32;Ideal;E;VS1;61.4;56;4.42;4.44;2.72;898
0.32;Ideal;G;IF;61.7;57;4.39;4.42;2.72;898
0.32;Ideal;G;IF;61.4;55;4.42;4.44;2.72;898
0.32;Ideal;G;IF;61.8;55;4.38;4.42;2.72;898
0.42;Premium;H;SI1;60.9;58;4.85;4.84;2.95;898
0.42;Premium;H;SI1;62.1;59;4.81;4.78;2.98;898
0.42;Ideal;H;SI1;62.2;57;4.8;4.78;2.98;898
0.42;Ideal;H;SI1;62.9;57;4.84;4.76;3.02;898
0.42;Very Good;H;SI1;63.2;58;4.79;4.77;3.02;898
0.42;Ideal;H;SI1;62.7;56;4.78;4.76;2.99;898
0.42;Very Good;H;SI1;63.1;57;4.78;4.76;3.01;898
0.38;Premium;F;SI1;62.7;58;4.62;4.6;2.89;898
0.38;Ideal;E;SI1;61.9;55;4.7;4.64;2.89;898
0.38;Premium;E;SI1;61.2;59;4.67;4.64;2.85;898
0.42;Premium;H;SI1;62;59;4.79;4.76;2.96;898
0.42;Ideal;H;SI1;62.4;57;4.79;4.76;2.98;898
0.42;Premium;H;SI1;59.5;57;5.11;4.78;2.94;898
0.42;Ideal;E;SI2;62.4;55;4.81;4.77;2.99;898
0.42;Ideal;E;SI2;62.9;56;4.8;4.77;3.01;898
0.42;Ideal;D;SI2;62.4;57;4.81;4.78;2.99;898
0.42;Premium;D;SI2;62.1;59;4.82;4.78;2.98;898
0.42;Premium;D;SI2;60.1;58;4.88;4.83;2.92;898
0.42;Premium;D;SI2;60;61;4.89;4.85;2.92;898
0.42;Premium;D;SI2;60.8;59;4.83;4.77;2.92;898
0.38;Premium;I;VS1;59.9;60;4.72;4.66;2.81;898
0.38;Premium;I;VS1;61.3;60;4.65;4.62;2.84;898
0.38;Premium;H;VS2;61.8;58;4.66;4.63;2.87;898
0.38;Ideal;H;VS2;62.8;55;4.66;4.64;2.92;898
0.38;Premium;H;VS2;60.5;59;4.69;4.66;2.83;898
0.38;Premium;H;VS2;60.6;58;4.7;4.68;2.84;898
0.38;Premium;H;VS2;60.9;60;4.67;4.62;2.83;898
0.38;Premium;H;VS2;63;56;4.61;4.57;2.89;898
0.38;Ideal;H;VS2;62.8;56;4.62;4.59;2.89;898
0.38;Premium;F;SI1;60.4;58;4.72;4.68;2.84;898
0.41;Premium;G;VS1;62.5;59;4.73;4.77;2.97;899
0.41;Very Good;G;VS1;62.7;57;4.74;4.77;2.98;899
0.41;Premium;G;VS1;62.6;58;4.7;4.75;2.96;899
0.41;Ideal;G;VS1;61.7;57;4.78;4.81;2.96;899
0.41;Very Good;G;VS1;62.4;57;4.71;4.74;2.95;899
0.41;Ideal;G;VS1;60.8;57;4.8;4.84;2.93;899
0.41;Ideal;G;VS1;62.4;57;4.7;4.75;2.95;899
0.41;Very Good;G;VS1;60.5;57;4.81;4.85;2.92;899
0.41;Ideal;H;VVS2;62;56;4.74;4.78;2.95;899
0.41;Ideal;G;VS1;61.5;56;4.77;4.79;2.94;899
0.41;Premium;G;VS1;61.9;58;4.75;4.78;2.95;899
0.41;Very Good;G;VS1;61.5;58;4.76;4.8;2.94;899
0.41;Ideal;G;VS1;61.6;57;4.74;4.77;2.93;899
0.41;Very Good;G;VS1;60;61;4.77;4.86;2.89;899
0.41;Very Good;G;VS1;60.7;58;4.79;4.83;2.92;899
0.41;Premium;G;VS1;60.2;59;4.79;4.84;2.9;899
0.41;Ideal;G;VS1;61.4;55;4.78;4.8;2.94;899
0.41;Premium;G;VS1;62.1;60;4.72;4.78;2.95;899
0.41;Premium;G;VS1;61.9;60;4.7;4.76;2.93;899
0.41;Ideal;G;VS1;61.9;57;4.76;4.81;2.96;899
0.41;Ideal;G;VS1;60.8;56;4.79;4.82;2.92;899
0.41;Very Good;G;VS1;62.3;56;4.77;4.8;2.98;899
0.41;Premium;G;VS1;60.5;58;4.76;4.8;2.89;899
0.41;Ideal;H;VVS2;62.5;56;4.74;4.77;2.97;899
0.41;Very Good;G;VS1;61.7;57;4.75;4.78;2.94;899
0.41;Very Good;H;VVS2;62.2;58;4.71;4.74;2.94;899
0.41;Ideal;G;VS1;59.8;57;4.81;4.86;2.89;899
0.38;Good;F;VS2;62.4;54.3;4.6;4.65;2.89;899
0.5;Premium;I;SI2;59.8;56;5.23;5.18;3.11;900
0.4;Very Good;H;VVS1;60.5;59;4.73;4.76;2.87;900
0.39;Very Good;E;VS1;60;59;4.76;4.8;2.87;900
0.41;Ideal;G;VS2;61.6;54;4.81;4.84;2.97;900
0.35;Ideal;E;VS1;62;55;4.54;4.58;2.82;900
0.32;Ideal;F;VS1;61.9;56;4.4;4.35;2.71;900
0.32;Ideal;F;VS1;61.3;56;4.44;4.4;2.71;900
0.32;Ideal;F;VS1;61.9;56;4.4;4.36;2.71;900
0.32;Ideal;E;VS2;61.9;56;4.4;4.36;2.71;900
0.32;Ideal;E;VS2;61.3;57;4.45;4.42;2.72;900
0.32;Ideal;E;VS2;61.9;55;4.43;4.42;2.74;900
0.32;Premium;E;VS2;60.5;55;4.49;4.43;2.7;900
0.32;Ideal;E;VS2;62.3;56;4.41;4.38;2.74;900
0.32;Ideal;E;VS2;62.1;55;4.42;4.4;2.74;900
0.4;Premium;G;SI1;59.2;61;4.81;4.78;2.84;900
0.4;Premium;G;SI1;61.6;59;4.72;4.66;2.89;900
0.4;Ideal;G;SI1;60.2;56;4.83;4.77;2.89;900
0.32;Ideal;E;VS2;62;57;4.41;4.39;2.73;900
0.4;Premium;G;SI1;62;59;4.74;4.71;2.93;900
0.4;Very Good;G;SI1;60;63;4.8;4.76;2.87;900
0.4;Premium;G;SI1;59.3;59;4.82;4.8;2.85;900
0.4;Premium;G;SI1;61.4;60;4.71;4.67;2.88;900
0.4;Premium;G;SI1;62.7;59;4.71;4.67;2.94;900
0.4;Premium;G;SI1;62;59;4.72;4.7;2.92;900
0.4;Premium;G;SI1;61.1;61;4.76;4.7;2.89;900
0.4;Premium;G;SI1;62.8;60;4.7;4.66;2.94;900
0.32;Premium;E;VS2;60.5;58;4.48;4.44;2.7;900
0.32;Premium;E;VS2;61;59;4.45;4.44;2.71;900
0.32;Ideal;E;VS2;60.8;55;4.49;4.42;2.71;900
0.32;Ideal;E;VS2;61.7;56;4.44;4.41;2.73;900
0.32;Ideal;E;VS2;62.3;57;4.42;4.41;2.75;900
0.32;Premium;E;VS2;61.2;59;4.43;4.4;2.7;900
0.32;Ideal;E;VS2;61.4;56;4.43;4.4;2.71;900
0.32;Ideal;E;VS2;61.8;55;4.43;4.4;2.73;900
0.32;Ideal;E;VS2;62.1;56;4.43;4.4;2.74;900
0.32;Ideal;E;VS2;62.1;54;4.42;4.4;2.74;900
0.32;Ideal;E;VS2;62.1;55;4.43;4.39;2.74;900
0.32;Ideal;E;VS2;62;55;4.46;4.38;2.74;900
0.32;Ideal;E;VS2;62;55;4.41;4.39;2.73;900
0.32;Premium;E;VS2;60.5;59;4.43;4.39;2.67;900
0.32;Ideal;E;VS2;61.5;55;4.43;4.38;2.71;900
0.32;Ideal;E;VS2;62;54;4.41;4.37;2.72;900
0.32;Ideal;E;VS2;62.2;56;4.41;4.37;2.73;900
0.32;Premium;E;VS2;61.7;58;4.41;4.38;2.71;900
0.32;Ideal;E;VS2;62.1;56;4.41;4.38;2.73;900
0.32;Ideal;E;VS2;62.6;53;4.38;4.37;2.74;900
0.32;Ideal;E;VS2;62;57;4.41;4.37;2.72;900
0.32;Ideal;E;VS2;62.3;54;4.4;4.37;2.73;900
0.32;Ideal;E;VS2;62.2;55;4.38;4.37;2.72;900
0.32;Ideal;E;VS2;61.7;55;4.42;4.36;2.71;900
0.32;Premium;E;VS2;62.6;58;4.4;4.36;2.74;900
0.32;Ideal;E;VS2;62.1;55;4.4;4.36;2.72;900
0.32;Ideal;E;VS2;62.1;55;4.4;4.36;2.72;900
0.32;Ideal;E;VS2;62.9;56;4.39;4.36;2.75;900
0.32;Ideal;E;VS2;62;55;4.38;4.36;2.71;900
0.32;Ideal;E;VS2;62.7;55;4.38;4.36;2.74;900
0.32;Ideal;E;VS2;62.2;55;4.38;4.36;2.72;900
0.32;Ideal;E;VS2;62.8;54;4.38;4.35;2.74;900
0.32;Premium;E;VS2;61.3;59;4.39;4.35;2.68;900
0.32;Ideal;E;VS2;61.9;56;4.4;4.35;2.71;900
0.49;Premium;J;SI2;59.8;59;5.14;5.12;3.07;900
0.32;Ideal;E;VS2;61.6;55;4.42;4.41;2.72;900
0.43;Premium;D;VS2;59.7;59;4.89;4.93;2.93;901
0.33;Premium;F;VVS2;62.3;60;4.43;4.4;2.75;901
0.31;Ideal;F;IF;60.1;59;4.38;4.41;2.64;901
0.31;Ideal;F;IF;61.1;55;4.41;4.43;2.7;901
0.31;Ideal;F;IF;61.2;56;4.38;4.41;2.69;901
0.31;Ideal;F;IF;61.6;56;4.35;4.38;2.69;901
0.31;Ideal;F;IF;61.7;56;4.34;4.38;2.69;901
0.31;Ideal;F;IF;61.9;54;4.38;4.41;2.72;901
0.31;Ideal;F;IF;62;55;4.37;4.41;2.72;901
0.31;Ideal;F;IF;61.7;56;4.38;4.41;2.71;901
0.31;Ideal;F;IF;60.7;56;4.42;4.45;2.69;901
0.33;Ideal;H;VVS1;62.5;56;4.44;4.42;2.77;901
0.33;Ideal;G;VVS2;62.6;53;4.45;4.43;2.78;901
0.33;Premium;G;VVS2;61.5;62;4.43;4.39;2.71;901
0.39;Ideal;G;VVS2;61.9;56;4.68;4.7;2.9;902
0.39;Ideal;G;VVS2;60.7;55;4.75;4.78;2.89;902
0.39;Ideal;G;VVS2;60.6;57;4.72;4.75;2.87;902
0.42;Ideal;E;VS2;60.9;57;4.85;4.87;2.96;902
0.39;Ideal;F;VS1;61.3;56;4.7;4.72;2.89;902
0.39;Ideal;F;VS1;61.6;57;4.7;4.72;2.9;902
0.36;Very Good;G;VS1;61.4;55;4.63;4.65;2.85;903
0.38;Ideal;H;VVS1;61.2;57;4.65;4.67;2.85;903
0.31;Ideal;F;VVS1;61.6;56;4.34;4.36;2.68;903
0.31;Ideal;E;VVS1;61;57;4.39;4.37;2.67;903
0.31;Ideal;E;VVS1;61.6;57;4.38;4.36;2.69;903
0.43;Good;G;SI1;63.6;55;4.83;4.79;3.06;903
0.43;Premium;E;SI2;61;60;4.94;4.87;2.99;903
0.59;Fair;G;I1;64.6;56;5.26;5.2;3.38;903
0.43;Very Good;G;SI1;63.1;58;4.79;4.75;3.01;903
0.46;Very Good;F;SI1;60.1;57;5.01;5.04;3.02;904
0.38;Good;E;VVS1;62.4;64;4.59;4.61;2.87;904
0.43;Ideal;F;VS2;61.5;56;4.85;4.89;2.99;904
0.4;Ideal;E;VS2;60.9;56;4.78;4.81;2.92;904
0.41;Ideal;F;SI1;61.6;57;4.8;4.78;2.95;904
0.41;Very Good;F;SI1;63.3;58;4.74;4.71;2.99;904
0.41;Good;F;SI1;63.7;58;4.74;4.71;3.01;904
0.41;Ideal;F;SI1;63;56;4.78;4.71;2.99;904
0.41;Very Good;F;SI1;63.4;57;4.74;4.73;3;904
0.41;Very Good;F;SI1;63.1;59;4.75;4.7;2.98;904
0.41;Very Good;F;SI1;63.5;56;4.75;4.7;3;904
0.41;Premium;E;SI1;61.2;59;4.82;4.78;2.94;904
0.41;Premium;E;SI1;59.3;61;4.84;4.8;2.86;904
0.41;Ideal;E;SI1;61.4;57;4.8;4.78;2.94;904
0.41;Very Good;E;SI1;60.5;63;4.81;4.77;2.9;904
0.41;Ideal;E;SI1;61.8;56;4.78;4.77;2.95;904
0.41;Premium;E;SI1;61.1;62;4.83;4.76;2.93;904
0.41;Premium;E;SI1;61.5;61;4.78;4.75;2.93;904
0.41;Ideal;E;SI1;62.8;57;4.75;4.71;2.97;904
0.41;Good;E;SI1;63.6;58;4.74;4.72;3.01;904
0.41;Premium;E;SI1;62.8;58;4.77;4.72;2.98;904
0.41;Very Good;E;SI1;63.1;57;4.78;4.73;3;904
0.41;Premium;E;SI1;61.8;60;4.78;4.74;2.94;904
0.41;Good;E;SI1;63.6;56;4.73;4.7;3;904
0.41;Very Good;E;SI1;63.2;58;4.72;4.68;2.97;904
0.4;Ideal;H;VVS2;61.4;55.7;4.72;4.77;2.92;905
0.35;Ideal;E;VVS1;61.9;56;4.53;4.55;2.81;905
0.35;Ideal;E;VVS1;61.8;56;4.5;4.53;2.79;905
0.43;Very Good;I;VVS1;63;56;4.83;4.86;3.05;905
0.43;Ideal;I;VVS1;62.2;57;4.81;4.84;3;905
0.43;Very Good;F;VS2;61.6;59;4.78;4.87;2.97;905
0.43;Ideal;F;VS2;61.1;56;4.88;4.91;2.99;905
0.43;Very Good;F;VS2;61.1;57;4.86;4.9;2.98;905
0.43;Very Good;F;VS2;61;57;4.84;4.87;2.96;905
0.43;Very Good;F;VS2;61.2;59;4.84;4.87;2.97;905
0.43;Very Good;F;VS2;61.3;59;4.81;4.84;2.96;905
0.43;Premium;F;VS2;59.8;58;4.89;4.94;2.94;905
0.32;Ideal;H;VVS1;61.3;56;4.42;4.45;2.72;905
0.32;Ideal;F;VVS1;60.7;56;4.45;4.43;2.7;905
0.3;Ideal;D;VVS1;61.9;57;4.27;4.29;2.65;905
0.38;Ideal;E;VS1;61.7;53;4.69;4.71;2.9;905
0.46;Ideal;E;SI1;62;54;4.97;4.99;3.09;905
0.32;Ideal;G;IF;61.5;55;4.4;4.42;2.71;905
0.32;Ideal;G;IF;61.3;56;4.4;4.44;2.71;905
0.36;Premium;F;VS2;59.4;56;4.71;4.69;2.79;905
0.3;Premium;G;VVS1;62.4;59;4.31;4.25;2.67;905
0.36;Good;F;VS1;63.9;54;4.52;4.5;2.88;905
0.34;Premium;F;VS1;60;59;4.59;4.55;2.74;905
0.41;Very Good;E;VS1;60.4;59;4.8;4.83;2.91;906
0.38;Very Good;F;VS2;61.9;54.6;4.64;4.68;2.89;906
0.38;Very Good;F;VS2;61.9;54.8;4.63;4.69;2.89;906
0.34;Ideal;F;VVS1;61.4;55;4.53;4.56;2.79;906
0.33;Ideal;E;VVS1;60.7;57;4.46;4.5;2.72;906
0.33;Ideal;E;VVS1;62.2;54;4.46;4.48;2.78;906
0.46;Ideal;I;VS1;62.2;54;4.95;4.99;3.09;906
0.35;Ideal;F;VS2;62.1;57;4.55;4.53;2.82;906
0.35;Ideal;F;VS2;62.5;57;4.53;4.5;2.82;906
0.35;Premium;F;VS2;61.1;62;4.54;4.5;2.76;906
0.35;Ideal;F;VS2;61.4;55;4.6;4.55;2.81;906
0.35;Premium;H;VVS2;62.7;58;4.5;4.46;2.81;906
0.35;Ideal;H;VVS2;63;55;4.5;4.48;2.83;906
0.35;Premium;H;VVS2;62.5;58;4.51;4.48;2.81;906
0.35;Ideal;H;VVS2;62.5;57;4.54;4.48;2.82;906
0.35;Premium;H;VVS2;61.9;58;4.54;4.5;2.8;906
0.35;Ideal;H;VVS2;59.2;56;4.65;4.6;2.74;906
0.35;Ideal;G;VS1;62.6;54;4.56;4.52;2.84;906
0.35;Premium;G;VS1;61.2;56;4.56;4.53;2.78;906
0.35;Premium;G;VS1;60.7;61;4.58;4.54;2.77;906
0.35;Ideal;G;VS1;60.5;57;4.58;4.55;2.76;906
0.35;Premium;G;VS1;62.9;58;4.49;4.48;2.82;906
0.35;Premium;G;VS1;61.7;61;4.52;4.49;2.78;906
0.35;Premium;G;VS1;62.3;59;4.53;4.49;2.81;906
0.35;Premium;G;VS1;61.5;58;4.54;4.5;2.78;906
0.35;Ideal;G;VS1;61.9;55;4.53;4.51;2.8;906
0.35;Premium;G;VS1;61.2;58;4.54;4.51;2.77;906
0.35;Ideal;G;VS1;62.5;55;4.55;4.51;2.83;906
0.35;Ideal;G;VS1;61.9;55;4.53;4.52;2.8;906
0.35;Ideal;G;VS1;62.1;56;4.56;4.52;2.82;906
0.35;Ideal;F;VS2;61.4;54;4.58;4.54;2.8;906
0.35;Ideal;F;VS2;62.3;55;4.56;4.53;2.83;906
0.35;Ideal;F;VS2;62.1;56;4.57;4.54;2.83;906
0.35;Ideal;F;VS2;61.4;54;4.58;4.54;2.8;906
0.35;Ideal;F;VS2;60.5;57;4.6;4.52;2.76;906
0.35;Premium;F;VS2;61.5;59;4.55;4.53;2.79;906
0.35;Ideal;F;VS2;61.4;56;4.56;4.53;2.79;906
0.35;Premium;F;VS2;61.4;59;4.56;4.53;2.79;906
0.35;Ideal;F;VS2;61.5;57;4.56;4.52;2.79;906
0.35;Ideal;F;VS2;60.8;57;4.56;4.52;2.76;906
0.35;Ideal;F;VS2;61.9;54;4.54;4.5;2.8;906
0.35;Premium;F;VS2;62;59;4.55;4.51;2.81;906
0.35;Ideal;F;VS2;62.4;55;4.53;4.51;2.82;906
0.35;Ideal;F;VS2;62.4;57;4.51;4.5;2.81;906
0.35;Premium;F;VS2;62.1;60;4.51;4.45;2.78;906
0.35;Ideal;F;VS2;62.2;55;4.53;4.48;2.8;906
0.35;Premium;F;VS2;61.9;58;4.54;4.48;2.79;906
0.35;Ideal;F;VS2;62.6;56;4.52;4.49;2.82;906
0.35;Premium;F;VS2;61.8;58;4.52;4.48;2.78;906
0.35;Ideal;D;VS2;60.5;56;4.63;4.6;2.79;907
0.42;Ideal;G;VS2;62.2;54.1;4.8;4.83;3;907
0.41;Very Good;D;SI1;63.4;56;4.76;4.73;3.01;907
0.4;Premium;E;SI1;62.9;58;4.74;4.71;2.97;907
0.4;Ideal;E;SI1;62.5;57;4.74;4.7;2.95;907
0.4;Premium;E;SI1;62.8;59;4.73;4.7;2.96;907
0.4;Premium;E;SI1;62.8;59;4.7;4.67;2.94;907
0.31;Ideal;H;VVS1;62.2;54;4.39;4.36;2.72;907
0.31;Premium;H;VVS1;60.5;58;4.43;4.4;2.67;907
0.31;Ideal;H;VVS1;61.5;54;4.39;4.36;2.69;907
0.31;Premium;H;VVS1;60.6;59;4.38;4.36;2.65;907
0.31;Premium;H;VVS1;63;58;4.37;4.33;2.74;907
0.31;Ideal;H;VVS1;62.7;54;4.38;4.33;2.73;907
0.31;Ideal;H;VVS1;62.2;56;4.37;4.34;2.71;907
0.31;Ideal;H;VVS1;61.5;56;4.38;4.34;2.68;907
0.31;Ideal;H;VVS1;61.6;55;4.38;4.35;2.69;907
0.31;Premium;H;VVS1;62.1;58;4.36;4.33;2.7;907
0.31;Premium;H;VVS1;61.9;58;4.34;4.32;2.68;907
0.31;Premium;H;VVS1;61.8;58;4.34;4.3;2.67;907
0.31;Very Good;H;VVS1;63.3;58;4.32;4.28;2.72;907
0.31;Premium;H;VVS1;62.6;58;4.33;4.29;2.7;907
0.31;Very Good;H;VVS1;63.3;56;4.32;4.3;2.73;907
0.31;Very Good;H;VVS1;63.1;57;4.31;4.25;2.7;907
0.31;Ideal;G;VVS2;60.8;56;4.4;4.38;2.67;907
0.31;Premium;G;VVS2;60.5;58;4.43;4.39;2.67;907
0.3;Ideal;H;VS2;60.7;57;4.33;4.37;2.64;473
0.3;Very Good;H;VS2;61.1;61;4.29;4.32;2.63;473
0.3;Good;I;VS1;63.3;59;4.2;4.23;2.67;473
0.3;Premium;I;VS1;59.1;59;4.35;4.38;2.58;473
0.3;Ideal;I;VS1;61.6;56;4.31;4.36;2.67;473
0.3;Premium;I;VS1;61.7;59;4.26;4.3;2.64;473
0.3;Very Good;H;VS2;62.7;59;4.22;4.27;2.66;473
0.34;Ideal;G;SI1;62.7;57;4.48;4.51;2.82;473
0.37;Good;I;VS2;64;56;4.58;4.45;2.89;473
0.3;Good;I;VS1;63.5;57;4.24;4.29;2.71;473
0.36;Very Good;G;SI2;61.9;56;4.55;4.59;2.83;473
0.3;Premium;I;VS1;61.6;60;4.27;4.3;2.64;473
0.3;Very Good;H;VS2;62.9;59;4.26;4.3;2.69;473
0.3;Very Good;H;VS2;63;59;4.25;4.29;2.69;473
0.3;Premium;I;VS1;60.5;60;4.3;4.33;2.61;473
0.3;Very Good;I;VS1;62.9;59;4.22;4.3;2.68;473
0.3;Good;H;VS2;63.5;58;4.24;4.27;2.7;473
0.3;Good;I;VS1;63.7;58;4.23;4.25;2.7;473
0.3;Premium;H;VS2;62.2;59;4.28;4.31;2.67;473
0.3;Very Good;H;VS2;62.6;58;4.22;4.28;2.66;473
0.3;Very Good;I;VS1;62;58;4.25;4.3;2.65;473
0.3;Very Good;I;VS1;58.8;61;4.38;4.43;2.59;473
0.3;Good;I;VS1;63.4;54;4.29;4.32;2.73;473
0.29;Very Good;E;VS1;62.8;44;4.2;4.24;2.65;474
0.35;Ideal;H;SI2;60.3;55;4.61;4.65;2.79;474
0.26;Ideal;H;SI1;60.5;58;4.16;4.17;2.52;474
0.36;Very Good;H;SI2;61.2;55;4.59;4.62;2.81;475
0.24;Very Good;D;SI1;63.1;55;3.95;4.01;2.51;475
0.3;Ideal;H;SI1;62.6;53.1;4.27;4.3;2.69;475
0.3;Ideal;H;SI1;62.5;53.9;4.29;4.32;2.69;475
0.31;Premium;G;VVS2;60;62;4.44;4.4;2.65;907
0.31;Ideal;G;VVS2;61.9;55;4.36;4.33;2.69;907
0.31;Ideal;G;VVS2;62.4;56;4.36;4.33;2.71;907
0.31;Ideal;G;VVS2;61.7;54;4.38;4.34;2.69;907
0.31;Ideal;G;VVS2;61.4;56;4.38;4.35;2.68;907
0.31;Premium;G;VVS2;62.2;59;4.36;4.32;2.7;907
0.31;Ideal;G;VVS2;62.7;57;4.34;4.31;2.71;907
0.31;Ideal;G;VVS2;62.4;56;4.35;4.31;2.7;907
0.31;Ideal;G;VVS2;61.8;56;4.36;4.31;2.68;907
0.31;Premium;G;VVS2;61.8;58;4.36;4.32;2.68;907
0.31;Ideal;G;VVS2;62.1;56;4.35;4.32;2.69;907
0.31;Premium;G;VVS2;61.5;58;4.34;4.31;2.66;907
0.31;Ideal;G;VVS2;62.7;57;4.33;4.31;2.71;907
0.31;Very Good;G;VVS2;63.1;57;4.32;4.3;2.72;907
0.31;Ideal;G;VVS2;62.1;56;4.33;4.27;2.67;907
0.31;Premium;G;VVS2;62.9;58;4.3;4.28;2.7;907
0.31;Very Good;G;VVS2;63.3;57;4.31;4.28;2.72;907
0.31;Ideal;G;VVS2;62.6;57;4.33;4.29;2.7;907
0.31;Very Good;G;VVS2;63.2;58;4.32;4.26;2.71;907
0.31;Premium;G;VVS2;62.9;58;4.31;4.27;2.7;907
0.31;Good;G;VVS2;63.8;56;4.28;4.24;2.72;907
0.31;Very Good;G;VVS2;63.4;59;4.29;4.26;2.71;907
0.48;Fair;E;SI2;55.2;60;5.29;5.25;2.91;907
0.41;Premium;F;SI2;60.3;58;4.86;4.82;2.92;907
0.32;Ideal;D;VS2;59.8;57;4.51;4.46;2.68;907
0.31;Ideal;H;VVS1;61.8;57;4.35;4.32;2.68;907
0.41;Very Good;G;VS1;61.6;59;4.74;4.8;2.94;908
0.42;Ideal;E;VS2;61.6;57;4.79;4.82;2.96;908
0.35;Very Good;F;VVS1;62.3;56;4.53;4.57;2.83;909
0.4;Very Good;F;VS1;63.4;54;4.68;4.72;2.98;909
0.4;Very Good;E;VS1;63.3;55;4.66;4.69;2.96;909
0.4;Good;G;VS2;62.8;54.4;4.67;4.7;2.94;909
0.37;Ideal;G;VVS2;62;56;4.62;4.64;2.87;909
0.4;Ideal;D;VS2;62.2;55;4.72;4.74;2.94;909
0.41;Ideal;F;SI1;60.5;56;4.81;4.84;2.92;909
0.42;Very Good;D;VS2;63.8;54;4.74;4.79;3.04;910
0.42;Very Good;D;VS2;63.2;58;4.77;4.79;3.02;910
0.42;Very Good;D;VS2;60.7;60;4.79;4.83;2.92;910
0.41;Very Good;E;VS2;63.3;56;4.71;4.74;2.99;910
0.42;Very Good;F;VS1;60.9;58;4.84;4.88;2.96;910
0.42;Ideal;H;VVS2;61.1;56;4.8;4.85;2.95;910
0.32;Ideal;D;VVS1;61.8;56;4.37;4.4;2.71;910
0.32;Premium;D;VVS1;62;60;4.37;4.4;2.72;910
0.41;Good;E;VS2;63.1;64;4.63;4.66;2.93;910
0.35;Ideal;D;VVS2;61;57;4.54;4.58;2.78;910
0.35;Ideal;G;IF;61.3;56;4.51;4.53;2.77;910
0.3;Premium;D;VS2;62.6;61;4.25;4.22;2.65;911
0.3;Premium;D;VS2;62;59;4.27;4.22;2.63;911
0.39;Ideal;H;VVS2;61.9;54;4.7;4.73;2.92;911
0.46;Ideal;I;VS1;62.3;56;4.93;4.96;3.08;911
0.39;Ideal;E;VS2;61.3;56;4.71;4.75;2.9;911
0.44;Ideal;H;SI1;61.6;56;4.87;4.93;3.02;911
0.3;Ideal;E;VS1;61.5;56;4.37;4.31;2.67;911
0.3;Ideal;D;VS2;61.3;57;4.36;4.32;2.66;911
0.3;Premium;D;VS2;60.5;58;4.38;4.35;2.64;911
0.3;Ideal;E;VS1;61.7;57;4.31;4.28;2.65;911
0.3;Premium;E;VS1;61.8;58;4.33;4.31;2.67;911
0.3;Ideal;E;VS1;60.7;57;4.36;4.31;2.63;911
0.3;Premium;E;VS1;61.3;59;4.33;4.28;2.64;911
0.3;Ideal;E;VS1;60.8;57;4.36;4.33;2.64;911
0.3;Premium;D;VS2;62.5;59;4.28;4.23;2.66;911
0.3;Premium;E;VS1;61.9;60;4.3;4.26;2.65;911
0.3;Ideal;D;VS2;62.4;56;4.32;4.27;2.68;911
0.3;Ideal;D;VS2;61.4;54;4.34;4.33;2.66;911
0.3;Premium;D;VS2;60.4;59;4.35;4.33;2.62;911
0.3;Ideal;D;VS2;62;56;4.35;4.33;2.69;911
0.3;Ideal;D;VS2;61;55;4.36;4.33;2.65;911
0.3;Ideal;D;VS2;61.7;55;4.36;4.33;2.68;911
0.3;Premium;D;VS2;60.7;60;4.37;4.33;2.64;911
0.3;Ideal;D;VS2;60.8;57;4.38;4.33;2.65;911
0.3;Ideal;D;VS2;60.9;57;4.35;4.32;2.64;911
0.3;Premium;D;VS2;60.9;58;4.35;4.32;2.64;911
0.3;Premium;D;VS2;60.6;58;4.36;4.32;2.63;911
0.3;Ideal;D;VS2;61.1;56;4.36;4.32;2.65;911
0.3;Ideal;D;VS2;61.8;55;4.36;4.32;2.68;911
0.3;Ideal;D;VS2;60.8;57;4.34;4.31;2.63;911
0.3;Ideal;D;VS2;62;55;4.34;4.31;2.68;911
0.3;Premium;D;VS2;61;58;4.34;4.32;2.64;911
0.3;Ideal;D;VS2;61.4;55;4.34;4.32;2.66;911
0.3;Premium;D;VS2;60.4;59;4.35;4.32;2.62;911
0.3;Ideal;D;VS2;61.6;57;4.33;4.3;2.66;911
0.3;Ideal;D;VS2;62.3;54;4.33;4.3;2.69;911
0.3;Ideal;D;VS2;61.8;55;4.34;4.3;2.67;911
0.3;Ideal;D;VS2;61.5;55;4.35;4.3;2.66;911
0.3;Premium;D;VS2;61;60;4.33;4.29;2.63;911
0.3;Ideal;D;VS2;61.9;57;4.33;4.29;2.67;911
0.3;Ideal;D;VS2;62.2;55;4.33;4.29;2.68;911
0.3;Ideal;D;VS2;62.3;54;4.34;4.29;2.69;911
0.3;Ideal;D;VS2;62.5;55;4.31;4.3;2.69;911
0.3;Premium;D;VS2;61.7;58;4.32;4.3;2.66;911
0.3;Premium;D;VS2;62.3;58;4.32;4.29;2.68;911
0.3;Ideal;D;VS2;62.5;54;4.32;4.29;2.69;911
0.3;Ideal;D;VS2;62.8;57;4.31;4.29;2.7;911
0.3;Premium;D;VS2;62;58;4.32;4.29;2.67;911
0.3;Ideal;D;VS2;62.3;56;4.32;4.29;2.68;911
0.3;Premium;D;VS2;60.6;59;4.36;4.28;2.62;911
0.3;Ideal;D;VS2;62.2;54;4.31;4.28;2.67;911
0.3;Ideal;D;VS2;62.6;56;4.31;4.28;2.69;911
0.3;Premium;D;VS2;61.9;58;4.32;4.28;2.66;911
0.3;Premium;D;VS2;61.1;59;4.31;4.26;2.62;911
0.3;Premium;D;VS2;62.9;61;4.29;4.27;2.69;911
0.3;Ideal;D;VS2;62.3;56;4.3;4.27;2.67;911
0.3;Premium;D;VS2;62.2;60;4.3;4.28;2.67;911
0.3;Premium;D;VS2;60.3;60;4.31;4.28;2.59;911
0.3;Ideal;D;VS2;62.5;57;4.29;4.25;2.67;911
0.3;Ideal;D;VS2;62.8;57;4.29;4.25;2.68;911
0.3;Premium;D;VS2;62.2;58;4.3;4.25;2.66;911
0.3;Premium;D;VS2;62.8;59;4.28;4.26;2.68;911
0.3;Premium;D;VS2;62.5;58;4.29;4.26;2.67;911
0.3;Premium;D;VS2;62.9;59;4.27;4.22;2.67;911
0.3;Premium;D;VS2;62.9;58;4.26;4.23;2.67;911
0.3;Ideal;D;VS2;62.9;56;4.28;4.24;2.68;911
0.3;Premium;D;VS2;61.7;59;4.28;4.25;2.63;911
0.46;Fair;G;SI1;63.4;68;4.88;4.8;3.07;911
0.3;Ideal;E;VS2;61.4;59;4.3;4.27;2.63;911
0.39;Very Good;G;VVS1;62.3;59;4.63;4.68;2.9;912
0.33;Very Good;F;VVS1;62;56;4.43;4.46;2.75;912
0.33;Very Good;F;VVS1;61.1;58;4.42;4.46;2.71;912
0.41;Very Good;D;VS2;62.1;53;4.78;4.82;2.98;912
0.44;Ideal;I;VVS2;60.8;56;4.9;4.93;2.99;912
0.4;Premium;E;VS2;61.9;59;4.72;4.75;2.93;912
0.4;Very Good;E;VS2;62.2;56;4.72;4.74;2.94;912
0.4;Very Good;E;VS2;62.2;58;4.67;4.72;2.92;912
0.4;Premium;E;VS2;62.5;58;4.65;4.73;2.93;912
0.4;Very Good;E;VS2;62;57;4.66;4.7;2.9;912
0.4;Ideal;E;VS2;62.3;56;4.72;4.75;2.95;912
0.4;Premium;E;VS2;60.7;60;4.7;4.75;2.87;912
0.4;Ideal;E;VS2;62.6;57;4.7;4.73;2.95;912
0.4;Ideal;E;VS2;61.1;56;4.75;4.77;2.91;912
0.4;Premium;E;VS2;59.3;59;4.77;4.81;2.84;912
0.4;Very Good;E;VS2;62.9;55;4.72;4.73;2.97;912
0.4;Very Good;E;VS2;61.2;60;4.79;4.68;2.9;912
0.4;Ideal;E;VS2;62.4;55;4.71;4.74;2.95;912
0.4;Premium;E;VS2;62.2;59;4.71;4.74;2.94;912
0.5;Good;J;SI1;63.2;55;5.03;5.07;3.19;912
0.42;Very Good;D;VS1;58.4;61;4.91;4.95;2.88;912
0.4;Ideal;E;VS2;62.4;56;4.71;4.74;2.95;912
0.4;Very Good;E;VS2;62.9;55;4.73;4.74;2.98;912
0.32;Ideal;F;VVS1;62.1;54;4.41;4.42;2.74;912
0.32;Ideal;F;VVS1;61.8;55;4.39;4.41;2.72;912
0.32;Ideal;F;VVS1;60.3;57;4.42;4.44;2.67;912
0.32;Ideal;F;VVS1;61.4;56;4.4;4.43;2.71;912
0.32;Ideal;F;VVS1;61;56;4.42;4.43;2.7;912
0.32;Ideal;F;VVS1;61.5;56;4.41;4.43;2.72;912
0.3;Ideal;D;VVS1;61.6;56;4.33;4.37;2.68;912
0.32;Ideal;D;VS2;61.9;55;4.43;4.45;2.75;912
0.32;Ideal;D;VS2;62;54;4.39;4.42;2.73;912
0.36;Ideal;H;IF;61.6;56;4.56;4.59;2.82;912
0.31;Good;E;IF;57.7;55;4.51;4.6;2.63;912
0.32;Good;H;VVS1;64.3;58;4.33;4.28;2.77;912
0.4;Ideal;H;VVS1;62.1;57;4.68;4.72;2.92;913
0.34;Ideal;G;VVS1;61.8;56;4.48;4.51;2.78;913
0.32;Ideal;F;VVS1;62.6;56;4.37;4.41;2.75;913
0.39;Ideal;F;VS1;61.7;56;4.68;4.72;2.9;913
0.31;Ideal;D;VS1;60.1;57;4.39;4.4;2.64;913
0.51;Ideal;I;SI2;62.2;55;5.14;5.15;3.2;913
0.34;Ideal;H;IF;61.9;55;4.5;4.55;2.8;913
0.34;Ideal;F;VVS2;61.8;56;4.49;4.47;2.77;914
0.39;Very Good;E;VS1;62.5;58;4.67;4.7;2.93;914
0.31;Very Good;F;IF;61.2;55;4.37;4.39;2.68;914
0.31;Very Good;F;IF;61.4;55;4.39;4.41;2.7;914
0.31;Very Good;F;IF;61.9;54;4.36;4.39;2.71;914
0.31;Premium;F;IF;61.9;58;4.36;4.39;2.71;914
0.39;Ideal;E;VS1;60.8;56;4.74;4.77;2.89;914
0.34;Ideal;D;VS1;60.3;57;4.52;4.55;2.73;914
0.31;Ideal;F;IF;61.2;56;4.37;4.39;2.68;914
0.31;Ideal;F;IF;61.3;57;4.34;4.37;2.67;914
0.31;Ideal;F;IF;61.9;54;4.35;4.38;2.7;914
0.31;Ideal;F;IF;62.1;54;4.33;4.37;2.7;914
0.31;Ideal;F;IF;61.2;57;4.35;4.38;2.67;914
0.31;Ideal;F;IF;61.1;57;4.37;4.4;2.68;914
0.31;Ideal;F;IF;62.2;55;4.35;4.37;2.71;914
0.31;Ideal;F;IF;62;54;4.38;4.4;2.72;914
0.31;Ideal;F;IF;62.3;54;4.33;4.37;2.71;914
0.31;Ideal;F;IF;61.3;55;4.38;4.43;2.7;914
0.31;Ideal;F;IF;62.1;54;4.38;4.41;2.73;914
0.31;Ideal;F;IF;62.3;54;4.37;4.39;2.73;914
0.31;Ideal;F;IF;62.3;53;4.35;4.38;2.72;914
0.31;Ideal;F;IF;62.1;55;4.32;4.38;2.7;914
0.31;Ideal;F;IF;61;56;4.39;4.43;2.69;914
0.31;Ideal;F;IF;62.1;54;4.36;4.4;2.72;914
0.31;Ideal;F;IF;62;55;4.36;4.38;2.71;914
0.31;Ideal;F;IF;60.9;56;4.37;4.4;2.67;914
0.31;Ideal;F;IF;62.2;54;4.37;4.41;2.73;914
0.48;Good;G;SI1;64.7;58;4.84;4.93;3.16;914
0.42;Ideal;I;SI1;61;56;4.86;4.83;2.96;914
0.3;Premium;D;VS1;61.2;59;4.34;4.29;2.64;914
0.41;Very Good;H;VS2;60;57;4.92;4.88;2.94;915
0.4;Very Good;D;VS2;64.4;52;4.63;4.68;3;915
0.41;Good;F;VVS1;63.9;56;4.71;4.74;3.02;915
0.4;Ideal;G;VVS2;61.1;57;4.72;4.78;2.9;915
0.5;Ideal;J;VS2;62.5;53;5.09;5.12;3.19;915
0.44;Ideal;G;VS1;61.9;54;4.89;4.93;3.04;915
0.38;Ideal;F;VS1;60.4;56;4.7;4.74;2.85;915
0.32;Ideal;F;IF;61.9;55;4.38;4.44;2.73;915
0.42;Very Good;G;SI1;61.7;55;4.78;4.81;2.96;916
0.43;Ideal;I;VVS1;61.1;57;4.86;4.9;2.98;916
0.3;Ideal;E;VVS1;62;57;4.27;4.31;2.66;916
0.35;Ideal;E;VVS1;61.3;56;4.52;4.55;2.78;916
0.38;Ideal;F;VS1;62.5;53.8;4.62;4.65;2.89;916
0.4;Ideal;F;SI1;59.8;57;4.82;4.85;2.89;916
0.32;Very Good;E;VVS1;60.4;57;4.42;4.46;2.68;917
0.34;Very Good;G;IF;59.4;56;4.59;4.63;2.74;917
0.4;Premium;G;VVS2;61.3;59;4.74;4.78;2.92;917
0.4;Ideal;G;VVS2;62.4;57;4.7;4.73;2.94;917
0.4;Ideal;G;VVS2;62.6;53;4.72;4.77;2.97;917
0.37;Ideal;G;VVS2;61.9;54;4.63;4.67;2.88;917
0.31;Ideal;F;VVS2;61.6;55;4.35;4.38;2.69;917
0.31;Ideal;F;VVS2;61.5;56;4.35;4.37;2.68;917
0.33;Ideal;E;VVS2;61.9;57;4.44;4.47;2.75;917
0.33;Ideal;E;VVS2;61.6;55;4.43;4.47;2.74;917
0.33;Ideal;E;VVS1;61.9;54;4.43;4.45;2.75;917
0.32;Ideal;E;VVS1;60.5;57;4.44;4.48;2.7;917
0.32;Ideal;E;VVS1;61.7;55;4.39;4.43;2.72;917
0.32;Ideal;E;VVS1;62.3;54;4.37;4.4;2.73;917
0.32;Ideal;D;VVS1;62.6;57;4.34;4.41;2.74;917
0.4;Ideal;D;VS2;60.8;59;4.71;4.76;2.88;917
0.4;Ideal;D;VS2;61.9;58;4.7;4.73;2.92;917
0.4;Ideal;F;VS1;61.3;57;4.74;4.78;2.92;917
0.4;Ideal;F;VS1;62.4;53;4.72;4.76;2.96;917
0.4;Ideal;F;VS1;61.6;55;4.74;4.78;2.93;917
0.4;Ideal;F;VS1;61.8;54;4.75;4.77;2.94;917
0.43;Ideal;G;SI1;61.3;55;4.88;4.9;3;917
0.4;Ideal;I;IF;62.4;54;4.73;4.75;2.96;917
0.41;Good;E;VS1;58.4;58;4.88;4.91;2.86;917
0.34;Good;F;IF;59;61;4.59;4.63;2.72;917
0.41;Good;H;VS2;64.1;57;4.72;4.64;3;917
0.46;Very Good;I;VS2;62.3;57;4.87;4.92;3.05;918
0.4;Very Good;D;VS2;62.8;56;4.71;4.75;2.97;918
0.32;Very Good;G;IF;62.1;53;4.4;4.45;2.75;918
0.34;Ideal;D;VVS2;60.1;57;4.54;4.58;2.74;918
0.3;Ideal;E;VVS1;61.1;56;4.36;4.38;2.67;918
0.41;Premium;E;VVS2;61.5;58;4.75;4.78;2.93;918
0.41;Ideal;E;VVS2;62;55;4.73;4.79;2.95;918
0.4;Ideal;D;VS2;62.8;56;4.66;4.7;2.94;918
0.4;Ideal;E;VS1;60.4;57;4.76;4.81;2.89;918
0.48;Ideal;F;SI2;61;57;5.05;5.08;3.09;918
0.32;Ideal;G;IF;61.6;55;4.42;4.45;2.73;918
0.32;Ideal;G;IF;61.9;54;4.4;4.42;2.73;918
0.32;Ideal;G;IF;61;56;4.41;4.44;2.7;918
0.32;Ideal;G;IF;62.1;53;4.41;4.44;2.75;918
0.32;Ideal;G;IF;61.3;55;4.43;4.47;2.73;918
0.32;Ideal;G;IF;62.3;53;4.41;4.45;2.76;918
0.32;Ideal;G;IF;61;56;4.43;4.45;2.71;918
0.32;Ideal;G;IF;61;57;4.41;4.44;2.7;918
0.32;Ideal;G;IF;61.7;56;4.39;4.42;2.72;918
0.32;Ideal;G;IF;61.2;56;4.4;4.43;2.7;918
0.32;Ideal;G;IF;61.6;55;4.4;4.43;2.72;918
0.32;Ideal;G;IF;61.1;57;4.41;4.43;2.7;918
0.32;Ideal;G;IF;61.4;55;4.42;4.44;2.72;918
0.32;Ideal;G;IF;61.7;54;4.39;4.42;2.72;918
0.32;Ideal;G;IF;61.3;56;4.4;4.44;2.71;918
0.32;Ideal;G;IF;61;57;4.44;4.48;2.72;918
0.32;Ideal;G;IF;61.8;55;4.42;4.45;2.74;918
0.32;Ideal;G;IF;60.9;57;4.41;4.46;2.7;918
0.32;Ideal;G;IF;61.7;54;4.42;4.46;2.74;918
0.32;Ideal;G;IF;62.2;54;4.42;4.45;2.76;918
0.32;Ideal;G;IF;61.2;55;4.41;4.44;2.71;918
0.32;Ideal;G;IF;62.1;55;4.4;4.46;2.75;918
0.32;Ideal;G;IF;61.3;54;4.41;4.47;2.72;918
0.32;Ideal;G;IF;61.9;55;4.38;4.44;2.73;918
0.32;Ideal;G;IF;62;54;4.42;4.45;2.75;918
0.32;Ideal;G;IF;61.9;53;4.42;4.47;2.75;918
0.32;Ideal;G;IF;62.2;53;4.41;4.43;2.75;918
0.32;Ideal;G;IF;61.5;55;4.43;4.45;2.73;918
0.32;Ideal;G;IF;61.8;55;4.41;4.43;2.73;918
0.38;Premium;G;VS2;59.7;62;4.68;4.66;2.79;918
0.4;Ideal;F;SI1;62.6;54;4.77;4.7;2.96;918
0.34;Ideal;F;VVS1;61.4;55;4.52;4.54;2.78;919
0.4;Ideal;H;VS2;60.9;56;4.79;4.83;2.93;919
0.4;Ideal;I;VS1;61.9;55;4.74;4.77;2.94;919
0.38;Ideal;D;VS1;61.3;56;4.68;4.72;2.88;919
0.39;Ideal;G;SI1;61.4;55;4.7;4.74;2.9;919
0.39;Ideal;F;SI1;61.3;56;4.69;4.72;2.88;919
0.47;Fair;I;VS2;57.1;61;5.11;5.15;2.93;919
0.43;Premium;H;SI1;59;58;4.96;4.93;2.92;919
0.43;Ideal;H;SI1;62.4;56;4.83;4.81;3.01;919
0.43;Premium;H;SI1;60.2;57;4.93;4.91;2.96;919
0.43;Ideal;H;SI1;62.5;57;4.84;4.79;3.01;919
0.43;Premium;H;SI1;61.5;58;4.86;4.8;2.97;919
0.43;Ideal;H;SI1;62.3;56;4.86;4.83;3.02;919
0.43;Ideal;H;SI1;61.6;55;4.9;4.87;3.01;919
0.43;Ideal;E;SI2;62.1;56;4.85;4.84;3.01;919
0.43;Premium;E;SI2;60.8;58;4.88;4.86;2.96;919
0.43;Premium;E;SI2;61.2;59;4.89;4.82;2.97;919
0.43;Ideal;E;SI2;61.9;57;4.86;4.83;3;919
0.43;Premium;E;SI2;62.7;55;4.87;4.83;3.04;919
0.43;Premium;D;SI2;62.6;58;4.82;4.79;3.01;919
0.43;Ideal;D;SI2;61;57;4.86;4.81;2.95;919
0.43;Ideal;D;SI2;62.6;56;4.88;4.84;3.04;919
0.43;Premium;D;SI2;60.7;58;4.91;4.85;2.96;919
0.43;Premium;D;SI2;61.1;58;4.9;4.86;2.98;919
0.35;Premium;E;VS2;61.9;61;4.54;4.5;2.8;919
0.33;Very Good;D;VVS1;62.1;58;4.39;4.46;2.75;920
0.37;Ideal;F;VVS2;61.6;57;4.59;4.63;2.84;920
0.38;Ideal;E;VS1;61.4;56;4.66;4.69;2.87;920
0.42;Premium;G;SI1;62.7;59;4.75;4.72;2.97;920
0.41;Very Good;D;SI1;60.3;63;4.8;4.78;2.89;920
0.41;Ideal;D;SI1;63;56;4.8;4.75;3.01;920
0.41;Very Good;D;SI1;63.1;57;4.73;4.68;2.97;920
0.3;Ideal;H;SI1;62.4;52.8;4.28;4.33;2.69;475
0.33;Ideal;G;SI1;62.2;54;4.42;4.45;2.76;475
0.33;Ideal;G;SI1;61.3;56;4.45;4.49;2.74;475
0.3;Ideal;F;SI1;61.9;56;4.3;4.32;2.67;475
0.3;Ideal;F;SI1;62.4;56;4.27;4.32;2.68;475
0.3;Ideal;F;SI1;60.2;56;4.36;4.41;2.64;475
0.3;Ideal;F;SI1;62.3;54;4.3;4.34;2.69;475
0.3;Ideal;F;SI1;62.4;55;4.3;4.32;2.69;475
0.3;Ideal;F;SI1;61.9;54;4.33;4.36;2.69;475
0.3;Ideal;F;SI1;62.1;55;4.31;4.35;2.69;475
0.3;Ideal;F;SI1;61.4;55;4.34;4.36;2.67;475
0.3;Ideal;F;SI1;61.9;56;4.29;4.33;2.67;475
0.3;Ideal;F;SI1;61.9;57;4.31;4.35;2.68;475
0.3;Ideal;F;SI1;61.4;58;4.3;4.33;2.65;475
0.3;Ideal;F;SI1;62.5;56;4.28;4.3;2.68;475
0.3;Ideal;F;SI1;62.5;57;4.3;4.31;2.69;475
0.3;Ideal;F;SI1;62.3;55;4.29;4.31;2.68;475
0.36;Premium;E;SI2;58.5;59;4.67;4.63;2.72;475
0.33;Very Good;H;SI1;63;58;4.4;4.42;2.78;475
0.33;Very Good;H;SI1;63;57;4.39;4.41;2.77;475
0.3;Very Good;D;SI1;62.6;59;4.24;4.26;2.66;476
0.31;Ideal;J;VVS2;60.3;60;4.4;4.45;2.67;476
0.28;Ideal;H;VS1;62.1;55;4.17;4.21;2.6;476
0.28;Ideal;H;VS1;62.2;54;4.18;4.21;2.61;476
0.25;Good;E;VVS2;58;65;4.13;4.18;2.41;476
0.25;Good;E;VVS2;64.9;58;3.95;3.97;2.57;476
0.31;Good;H;VS1;64.1;55;4.25;4.27;2.73;476
0.3;Ideal;G;SI1;61.8;56;4.34;4.37;2.69;477
0.3;Ideal;G;SI1;62.3;58;4.26;4.28;2.66;477
0.3;Ideal;G;SI1;61;58;4.29;4.36;2.64;477
0.41;Ideal;D;SI1;63;57;4.7;4.64;2.94;920
0.4;Premium;F;SI1;61.7;62;4.76;4.71;2.92;920
0.38;Very Good;D;VS1;59.5;61;4.66;4.69;2.78;921
0.32;Very Good;F;IF;61.7;55;4.4;4.41;2.72;921
0.42;Ideal;F;VS1;60.6;56;4.83;4.87;2.94;921
0.42;Very Good;F;VS1;59.8;57;4.85;4.89;2.91;921
0.42;Very Good;G;VS1;62.4;59;4.78;4.8;2.99;921
0.35;Very Good;G;VVS1;59.3;61;4.58;4.62;2.73;921
0.42;Very Good;H;VVS2;62.4;57;4.78;4.83;3;921
0.35;Ideal;H;IF;61.7;56;4.53;4.55;2.8;921
0.42;Premium;G;VS1;60.8;59;4.79;4.85;2.93;921
0.42;Premium;G;VS1;60.9;58;4.81;4.84;2.94;921
0.31;Ideal;F;VVS1;62.4;55;4.32;4.34;2.7;921
0.39;Very Good;E;VS2;60.4;56;4.7;4.73;2.85;921
0.35;Ideal;H;IF;61.9;55;4.51;4.54;2.8;921
0.42;Ideal;G;VS1;61.3;57;4.78;4.81;2.94;921
0.42;Very Good;H;VVS2;62.9;56;4.75;4.79;3;921
0.42;Very Good;H;VVS2;62.4;55;4.78;4.81;2.99;921
0.42;Ideal;G;VS1;62.5;54;4.79;4.84;3.01;921
0.42;Very Good;G;VS1;60.6;58;4.82;4.95;2.96;921
0.42;Ideal;G;VS1;61.9;56;4.77;4.82;2.97;921
0.42;Ideal;H;VVS2;62.4;56;4.78;4.8;2.99;921
0.42;Ideal;G;VS1;61.2;54;4.82;4.86;2.96;921
0.42;Ideal;G;VS1;61.8;57;4.79;4.82;2.97;921
0.42;Ideal;G;VS1;61.4;56;4.82;4.85;2.97;921
0.35;Ideal;H;IF;60.5;56;4.56;4.59;2.77;921
0.42;Very Good;G;VS1;59.4;59;4.86;4.9;2.9;921
0.42;Premium;G;VS1;62.5;59;4.72;4.79;2.97;921
0.42;Premium;G;VS1;60.5;59;4.79;4.83;2.91;921
0.42;Ideal;G;VS1;61.8;56;4.8;4.84;2.98;921
0.42;Ideal;G;VS1;62;55;4.78;4.83;2.98;921
0.42;Ideal;G;VS1;62.7;54;4.8;4.83;3.02;921
0.41;Ideal;D;VS1;61.6;55;4.79;4.82;2.96;921
0.32;Ideal;E;VVS1;61.8;55;4.4;4.43;2.73;921
0.37;Ideal;E;VS1;63.3;54;4.59;4.63;2.91;921
0.31;Ideal;F;IF;62.2;55;4.35;4.38;2.71;921
0.31;Ideal;F;IF;62.3;54;4.33;4.34;2.7;921
0.31;Ideal;F;IF;61.2;56;4.37;4.42;2.69;921
0.31;Ideal;F;IF;61.1;54;4.39;4.42;2.69;921
0.39;Good;F;SI1;63.6;58;4.65;4.6;2.94;921
0.39;Very Good;F;SI1;63.3;54;4.67;4.62;2.94;921
0.39;Ideal;F;SI1;62.5;55;4.68;4.63;2.91;921
0.43;Very Good;E;SI1;63.4;56;4.79;4.77;3.03;921
0.39;Premium;J;VVS1;61.8;56;4.71;4.64;2.89;921
0.39;Very Good;H;VS2;63.1;58;4.66;4.63;2.93;921
0.35;Ideal;E;VS1;61.5;57;4.55;4.52;2.79;921
0.35;Premium;E;VS1;62.2;58;4.5;4.47;2.79;921
0.39;Very Good;I;VS1;63.1;58;4.68;4.61;2.93;921
0.39;Premium;J;VVS1;62.5;58;4.67;4.61;2.9;921
0.39;Premium;J;VVS1;62.8;58;4.66;4.61;2.91;921
0.33;Fair;H;VVS2;65.1;59;4.4;4.32;2.84;922
0.53;Very Good;I;SI1;59.7;63;5.22;5.3;3.14;923
0.35;Ideal;E;VS2;61.9;54;4.53;4.58;2.82;923
0.35;Ideal;G;VS1;61.1;56;4.55;4.58;2.79;923
0.35;Ideal;F;VS1;61.4;55;4.54;4.58;2.8;923
0.45;Ideal;H;SI1;61.6;56;4.94;4.96;3.05;923
0.36;Good;E;VVS1;58.2;56;4.68;4.74;2.74;923
0.53;Good;I;SI1;65.5;59;5.01;5.06;3.3;923
0.41;Premium;G;SI1;59.1;58;4.88;4.83;2.87;923
0.41;Premium;G;SI1;62.5;58;4.78;4.75;2.98;923
0.41;Premium;G;SI1;62.5;57;4.72;4.69;2.94;923
0.41;Premium;G;SI1;61.7;59;4.73;4.71;2.91;923
0.41;Premium;G;SI1;60.3;59;4.79;4.76;2.88;923
0.41;Premium;G;SI1;60.3;60;4.8;4.76;2.88;923
0.41;Premium;G;SI1;61.3;58;4.8;4.76;2.93;923
0.41;Premium;G;SI1;62.7;55;4.8;4.77;3;923
0.41;Ideal;G;SI1;62.6;54;4.78;4.74;2.98;923
0.41;Premium;G;SI1;61.5;59;4.78;4.75;2.93;923
0.41;Premium;G;SI1;61.3;60;4.81;4.75;2.93;923
0.41;Premium;G;SI1;61.4;60;4.82;4.75;2.94;923
0.41;Premium;G;SI1;62.6;59;4.77;4.72;2.97;923
0.41;Premium;G;SI1;62.7;58;4.74;4.7;2.96;923
0.41;Ideal;G;SI1;62.9;56;4.75;4.7;2.97;923
0.45;Fair;F;VS2;67;56;4.77;4.7;3.17;923
0.34;Ideal;D;VS2;62.1;55;4.49;4.46;2.78;923
0.34;Very Good;G;IF;61;56;4.5;4.54;2.76;924
0.31;Ideal;G;IF;62.7;57;4.31;4.34;2.71;924
0.31;Ideal;E;VVS1;61.8;56;4.34;4.36;2.69;924
0.31;Premium;E;VVS1;61.3;58;4.36;4.39;2.68;924
0.31;Very Good;G;IF;61.6;55;4.38;4.42;2.71;924
0.31;Ideal;G;IF;61.7;56;4.34;4.38;2.69;924
0.31;Ideal;E;VVS1;61;57;4.33;4.36;2.65;924
0.31;Premium;G;IF;61.4;59;4.34;4.39;2.68;924
0.31;Ideal;E;VVS1;61.7;56;4.33;4.36;2.68;924
0.31;Good;G;IF;63.9;58;4.27;4.3;2.74;924
0.31;Ideal;G;IF;61.9;56;4.36;4.39;2.71;924
0.31;Premium;G;IF;61;59;4.33;4.36;2.65;924
0.31;Very Good;G;IF;61.7;54;4.33;4.36;2.68;924
0.31;Ideal;G;IF;61;56;4.37;4.39;2.67;924
0.31;Ideal;G;IF;62.6;57;4.3;4.32;2.7;924
0.31;Ideal;G;IF;61;56;4.37;4.38;2.67;924
0.31;Premium;E;VVS1;61.5;58;4.35;4.37;2.68;924
0.31;Ideal;G;IF;61.6;55;4.34;4.39;2.69;924
0.32;Ideal;D;VVS1;62.1;54;4.4;4.43;2.74;924
0.38;Ideal;E;VS1;61.8;54.7;4.66;4.68;2.89;924
0.38;Ideal;E;VS1;61.6;56;4.65;4.7;2.88;924
0.52;Ideal;J;SI2;61.6;55;5.16;5.19;3.19;924
0.4;Premium;D;SI1;60.3;62;4.75;4.7;2.85;924
0.4;Very Good;D;SI1;63.3;57;4.71;4.68;2.97;924
0.4;Very Good;D;SI1;63.1;57;4.73;4.69;2.97;924
0.4;Ideal;D;SI1;63;57;4.7;4.66;2.95;924
0.4;Premium;D;SI1;63;57;4.7;4.66;2.95;924
0.4;Good;D;SI1;63.6;57;4.7;4.67;2.98;924
0.4;Very Good;D;SI1;63.1;61;4.71;4.67;2.96;924
0.4;Very Good;D;SI1;63.5;55;4.72;4.67;2.98;924
0.4;Premium;D;SI1;62.5;61;4.69;4.66;2.92;924
0.4;Very Good;G;VVS2;61.6;58;4.73;4.78;2.93;925
0.4;Very Good;E;VS2;64;52;4.66;4.69;2.99;925
0.37;Very Good;E;VS1;62;56;4.59;4.63;2.86;925
0.37;Very Good;E;VS1;60.2;56;4.68;4.71;2.83;925
0.5;Good;D;SI2;63.7;60;5.09;5.02;3.22;925
0.33;Ideal;G;IF;61;56;4.48;4.51;2.74;925
0.33;Ideal;G;IF;61;57;4.45;4.48;2.72;925
0.33;Ideal;G;IF;61.9;56;4.43;4.47;2.75;925
0.32;Ideal;F;VVS1;62.3;56;4.35;4.38;2.72;926
0.32;Premium;D;VVS2;61.5;60;4.37;4.41;2.7;926
0.32;Ideal;F;VVS1;61.8;55;4.36;4.41;2.71;926
0.44;Premium;I;VVS1;62.5;60;4.82;4.87;3.03;926
0.44;Premium;I;VVS1;61.5;58;4.87;4.95;3.02;926
0.44;Premium;F;VS2;62.2;58;4.83;4.88;3.02;926
0.32;Very Good;F;VVS1;61.9;59;4.34;4.39;2.7;926
0.32;Very Good;F;VVS1;62.7;60;4.32;4.35;2.72;926
0.32;Ideal;F;VVS1;61.8;56;4.42;4.45;2.74;926
0.5;Good;F;SI2;57.7;62;5.22;5.18;3;926
0.39;Very Good;H;VVS1;61.5;56;4.7;4.73;2.9;926
0.32;Ideal;F;VVS1;61.7;56;4.4;4.42;2.72;926
0.32;Ideal;F;VVS1;62.1;56;4.39;4.43;2.74;926
0.32;Premium;F;VVS1;61.3;58;4.37;4.4;2.69;926
0.32;Ideal;F;VVS1;61.4;56;4.38;4.42;2.7;926
0.44;Very Good;I;VVS1;60.8;57;4.88;4.93;2.98;926
0.4;Ideal;E;VVS2;62.5;54;4.75;4.76;2.97;926
0.4;Ideal;H;VS2;61.4;57;4.72;4.79;2.92;926
0.4;Ideal;G;SI2;62.1;55;4.73;4.74;2.94;926
0.37;Ideal;G;IF;60.5;56;4.66;4.7;2.83;926
0.42;Premium;F;SI1;60.6;61;4.87;4.83;2.94;926
0.42;Very Good;F;SI1;63.4;56;4.78;4.75;3.02;926
0.42;Very Good;F;SI1;63.3;56;4.79;4.75;3.02;926
0.42;Very Good;F;SI1;63.4;56;4.8;4.76;3.03;926
0.42;Very Good;F;SI1;63.1;56;4.82;4.79;3.03;926
0.42;Good;F;SI1;63.6;57;4.76;4.7;3.01;926
0.42;Premium;E;SI1;59.8;61;4.89;4.85;2.91;926
0.42;Premium;E;SI1;60;58;4.89;4.85;2.92;926
0.42;Premium;E;SI1;62;58;4.85;4.82;3;926
0.42;Premium;E;SI1;61.5;61;4.87;4.82;2.98;926
0.42;Premium;E;SI1;61.5;58;4.84;4.78;2.96;926
0.4;Very Good;F;SI1;59.6;61;4.79;4.84;2.87;927
0.46;Very Good;D;SI1;62.2;58;4.92;4.98;3.08;927
0.45;Very Good;D;SI1;61;59;4.94;5;3.03;927
0.48;Ideal;H;SI1;61.2;56;5.06;5.1;3.11;927
0.33;Premium;G;VVS2;61.3;59;4.45;4.42;2.72;927
0.36;Ideal;E;VVS2;61.8;54;4.6;4.62;2.85;928
0.36;Ideal;D;VS2;61.3;55;4.58;4.62;2.82;928
0.36;Ideal;D;VS2;61.1;57;4.6;4.63;2.82;928
0.33;Ideal;E;VS2;60.3;57;4.54;4.51;2.73;928
0.33;Ideal;E;VS2;61.1;56;4.48;4.45;2.73;928
0.33;Ideal;F;VS1;61.2;56;4.49;4.46;2.74;928
0.33;Ideal;E;VS2;62.8;56;4.45;4.41;2.78;928
0.34;Premium;F;VVS2;59.6;60;4.59;4.54;2.72;928
0.33;Ideal;E;VS2;60.6;55;4.5;4.48;2.72;928
0.33;Ideal;E;VS2;60.5;56;4.51;4.48;2.72;928
0.33;Premium;E;VS2;61.1;59;4.49;4.45;2.73;928
0.33;Ideal;E;VS2;62.3;56;4.47;4.46;2.78;928
0.33;Ideal;E;VS2;61.3;55;4.48;4.46;2.74;928
0.33;Ideal;E;VS2;62;56;4.48;4.46;2.77;928
0.33;Premium;E;VS2;60.7;58;4.49;4.47;2.72;928
0.33;Premium;E;VS2;60.6;60;4.48;4.43;2.7;928
0.33;Ideal;E;VS2;61.6;57;4.46;4.44;2.74;928
0.33;Ideal;E;VS2;60.8;57;4.47;4.45;2.71;928
0.33;Ideal;E;VS2;61.2;56;4.47;4.45;2.73;928
0.33;Ideal;E;VS2;61.8;55;4.48;4.45;2.76;928
0.33;Ideal;E;VS2;61;57;4.46;4.43;2.71;928
0.33;Premium;E;VS2;61;60;4.46;4.43;2.71;928
0.33;Ideal;E;VS2;61.9;56;4.46;4.43;2.75;928
0.33;Ideal;E;VS2;62.1;56;4.46;4.43;2.76;928
0.33;Ideal;E;VS2;62.3;55;4.46;4.43;2.77;928
0.33;Premium;E;VS2;61;60;4.47;4.42;2.71;928
0.33;Ideal;E;VS2;61.9;54;4.47;4.42;2.75;928
0.33;Ideal;E;VS2;61.9;56;4.45;4.4;2.74;928
0.33;Ideal;E;VS2;62.1;56;4.45;4.4;2.75;928
0.33;Premium;E;VS2;61.5;59;4.46;4.42;2.73;928
0.33;Ideal;E;VS2;61.5;57;4.47;4.41;2.73;928
0.33;Ideal;E;VS2;62.1;57;4.44;4.41;2.75;928
0.33;Ideal;E;VS2;62.4;55;4.42;4.4;2.75;928
0.33;Ideal;E;VS2;62.3;57;4.43;4.4;2.75;928
0.33;Premium;E;VS2;61.7;60;4.45;4.4;2.73;928
0.33;Ideal;E;VS2;62.3;57;4.43;4.37;2.74;928
0.33;Premium;E;VS2;62;59;4.41;4.39;2.73;928
0.33;Ideal;E;VS2;62.6;57;4.42;4.37;2.75;928
0.43;Ideal;I;VVS2;60.9;57;4.85;4.9;2.97;929
0.57;Very Good;G;I1;59.5;56.9;5.42;5.46;3.24;929
0.38;Ideal;G;VVS2;61.5;55.2;4.67;4.71;2.89;929
0.38;Ideal;G;VVS2;61.9;55.6;4.64;4.67;2.88;929
0.38;Ideal;G;VVS2;62.2;54.3;4.63;4.66;2.89;929
0.38;Ideal;G;VVS2;62.3;53.6;4.65;4.67;2.9;929
0.38;Ideal;G;VVS2;61.3;56.4;4.67;4.71;2.88;929
0.38;Ideal;D;VS2;63;54;4.61;4.66;2.92;929
0.38;Ideal;F;VS1;61.4;57;4.65;4.67;2.86;929
0.32;Ideal;F;IF;61.3;57;4.4;4.44;2.71;929
0.32;Ideal;F;IF;60.9;57;4.4;4.44;2.69;929
0.32;Ideal;F;IF;61.7;55;4.4;4.42;2.72;929
0.32;Ideal;F;IF;60.3;58;4.45;4.5;2.7;929
0.32;Ideal;F;IF;61.9;54;4.43;4.46;2.75;929
0.32;Ideal;F;IF;61.6;56;4.43;4.47;2.74;929
0.4;Good;F;VS2;62;61.3;4.69;4.72;2.91;929
0.43;Premium;G;SI1;62.6;59;4.82;4.8;3.01;929
0.51;Very Good;J;SI1;62.6;59;5.06;5.1;3.18;930
0.3;Very Good;E;IF;62.8;54;4.3;4.33;2.71;930
0.52;Ideal;J;SI1;62;54;5.15;5.18;3.2;930
0.46;Ideal;G;SI1;62;53;4.99;5.04;3.11;930
0.45;Ideal;F;SI1;60.8;56;4.97;4.93;3.01;930
0.41;Ideal;I;IF;61.8;55;4.77;4.81;2.96;930
0.41;Premium;E;SI1;60.4;58;4.79;4.75;2.88;930
0.41;Premium;E;SI1;61;61;4.77;4.74;2.9;930
0.31;Premium;E;VS2;60.8;55;4.42;4.39;2.68;930
0.31;Premium;E;VS1;58.9;59;4.5;4.47;2.64;930
0.32;Very Good;E;VVS1;60.9;58;4.49;4.45;2.72;931
0.43;Very Good;D;VS2;59.1;58;4.92;4.96;2.92;931
0.41;Very Good;F;VS1;63;57;4.66;4.7;2.95;931
0.41;Very Good;E;VS1;62.9;56;4.72;4.78;2.99;931
0.47;Premium;G;SI1;62.7;58;4.97;4.99;3.12;931
0.61;Good;G;I1;61.2;57.2;5.44;5.49;3.34;931
0.4;Ideal;G;VVS2;61.9;55;4.72;4.75;2.93;931
0.4;Ideal;G;VVS2;62.6;57;4.68;4.75;2.95;931
0.4;Ideal;G;VVS2;62.3;54;4.75;4.78;2.97;931
0.4;Ideal;G;VVS2;61.6;56;4.76;4.79;2.94;931
0.37;Ideal;F;VVS1;61.5;56;4.59;4.61;2.83;931
0.4;Ideal;E;VS1;60.1;57;4.77;4.82;2.88;931
0.47;Ideal;E;SI2;61.5;55;4.98;5.04;3.08;931
0.42;Ideal;F;SI1;61.5;55;4.82;4.84;2.97;931
0.42;Ideal;E;SI1;61.8;56;4.8;4.84;2.98;931
0.35;Ideal;H;IF;60.8;56;4.61;4.63;2.81;931
0.43;Good;F;VS1;57.9;61;4.99;5.03;2.9;931
0.31;Ideal;G;VVS2;62;56;4.35;4.33;2.69;931
0.41;Very Good;G;VVS2;61.1;55;4.8;4.82;2.94;932
0.41;Very Good;G;VVS2;61.9;54;4.77;4.82;2.96;932
0.41;Very Good;D;VS2;62.3;58;4.75;4.76;2.96;932
0.33;Ideal;F;VVS1;61.4;57;4.49;4.47;2.75;932
0.36;Premium;F;VS2;60.5;59;4.64;4.61;2.8;932
0.36;Ideal;H;VVS2;62.3;57;4.57;4.52;2.83;932
0.36;Premium;H;VVS2;60.6;58;4.6;4.58;2.78;932
0.36;Ideal;G;VS1;62.9;57;4.6;4.56;2.88;932
0.36;Premium;G;VS1;59.7;56;4.67;4.64;2.78;932
0.36;Premium;G;VS1;61.7;59;4.59;4.55;2.82;932
0.36;Premium;G;VS1;61.2;60;4.59;4.56;2.8;932
0.36;Ideal;G;VS1;61.6;56;4.59;4.56;2.82;932
0.36;Premium;G;VS1;62.3;59;4.55;4.5;2.82;932
0.36;Premium;G;VS1;62.2;59;4.57;4.53;2.83;932
0.36;Ideal;F;VS2;60.9;57;4.61;4.58;2.8;932
0.36;Ideal;F;VS2;62;55;4.58;4.55;2.83;932
0.36;Premium;F;VS2;61.4;58;4.6;4.56;2.81;932
0.36;Premium;F;VS2;60.5;60;4.61;4.55;2.77;932
0.36;Premium;D;VS2;60.3;58;4.66;4.63;2.8;933
0.36;Ideal;D;VS2;60;56;4.68;4.66;2.8;933
0.36;Ideal;E;VS1;62.7;57;4.58;4.55;2.86;933
0.36;Premium;E;VS1;61.5;59;4.6;4.57;2.82;933
0.33;Very Good;D;VVS2;59.5;56;4.51;4.56;2.7;933
0.38;Premium;F;VS1;60.9;58;4.68;4.71;2.86;933
0.38;Very Good;F;VS1;62.8;56;4.59;4.64;2.9;933
0.38;Very Good;D;VS2;60.9;58;4.63;4.67;2.83;933
0.38;Ideal;F;VS1;62.4;54;4.64;4.68;2.91;933
0.38;Very Good;D;VS2;61.6;59;4.62;4.66;2.86;933
0.38;Premium;F;VS1;62.4;59;4.57;4.63;2.87;933
0.38;Ideal;D;VS2;62;56;4.64;4.68;2.89;933
0.42;Ideal;G;VVS2;60.6;56;4.86;4.88;2.95;933
0.3;Ideal;D;VVS1;61.8;55;4.33;4.35;2.68;933
0.38;Ideal;E;VS1;60.7;56;4.7;4.72;2.86;933
0.33;Premium;D;VS1;60.3;61;4.51;4.48;2.71;933
0.62;Premium;G;I1;58.9;60;5.65;5.54;3.29;933
0.32;Ideal;D;VS1;60.2;57;4.45;4.42;2.67;933
0.31;Ideal;D;VVS1;62.1;54;4.34;4.36;2.7;934
0.46;Ideal;G;SI1;62.2;53.4;4.95;4.98;3.09;934
0.47;Very Good;I;VS2;63.2;56;4.92;4.98;3.13;935
0.54;Ideal;I;SI2;60.9;57;5.26;5.31;3.22;935
0.41;Premium;E;VS2;62.1;58;4.75;4.78;2.96;935
0.41;Ideal;E;VS2;61.8;56;4.74;4.78;2.94;935
0.41;Ideal;E;VS2;61.8;57;4.76;4.78;2.95;935
0.41;Ideal;E;VS2;61.6;55;4.75;4.79;2.94;935
0.41;Ideal;E;VS2;62.4;54;4.76;4.79;2.98;935
0.41;Ideal;E;VS2;62.5;55;4.74;4.77;2.97;935
0.41;Ideal;E;VS2;62;56;4.72;4.79;2.95;935
0.41;Ideal;E;VS2;62.1;57;4.74;4.79;2.96;935
0.41;Premium;E;VS2;59.8;60;4.83;4.87;2.9;935
0.41;Good;E;VS1;63.5;54;4.71;4.74;3;935
0.41;Ideal;E;VS2;61.8;54;4.76;4.79;2.95;935
0.41;Ideal;E;VS2;62.3;56;4.74;4.77;2.96;935
0.41;Premium;E;VS2;61.3;58;4.74;4.79;2.92;935
0.41;Ideal;E;VS2;62.1;56;4.74;4.76;2.95;935
0.34;Ideal;F;VVS1;62.9;56;4.45;4.48;2.81;935
0.46;Ideal;E;SI2;61.3;55;4.98;5;3.06;935
0.43;Ideal;G;SI2;61.3;56;4.89;4.87;2.99;935
0.37;Ideal;G;VVS1;61.4;55;4.67;4.71;2.88;936
0.31;Ideal;E;VVS1;62.3;57;4.32;4.35;2.7;936
0.44;Ideal;E;VS2;61.6;54;4.9;4.97;3.04;936
0.37;Ideal;H;IF;61.4;55;4.63;4.66;2.85;936
0.37;Ideal;H;IF;61.8;55;4.65;4.67;2.88;936
0.37;Ideal;H;IF;61.7;53;4.66;4.68;2.88;936
0.4;Good;F;VVS2;62.2;63;4.66;4.69;2.91;936
0.3;Ideal;E;VS1;61.6;57;4.33;4.3;2.66;936
0.32;Ideal;G;VVS2;61.9;57;4.41;4.38;2.72;936
0.45;Premium;F;SI2;61.5;61;4.95;4.9;3.03;936
0.3;Ideal;G;SI1;62;53;4.33;4.38;2.7;477
0.3;Ideal;G;SI1;62.3;56;4.29;4.31;2.68;477
0.3;Ideal;G;SI1;61.4;57;4.28;4.32;2.64;477
0.3;Ideal;G;SI1;62.2;54;4.32;4.36;2.7;477
0.3;Ideal;G;SI1;62.2;57;4.26;4.29;2.66;477
0.3;Ideal;G;SI1;62;58;4.27;4.29;2.65;477
0.3;Ideal;G;SI1;62.3;56;4.27;4.3;2.67;477
0.3;Ideal;G;SI1;62.3;57;4.29;4.31;2.68;477
0.34;Very Good;E;SI2;62.9;56;4.45;4.48;2.81;477
0.32;Good;D;SI2;63.7;56;4.33;4.34;2.76;477
0.32;Good;G;SI1;63.5;56;4.35;4.38;2.77;477
0.32;Premium;G;SI1;61.6;58;4.36;4.4;2.7;477
0.34;Premium;E;SI2;61.5;58;4.49;4.52;2.77;477
0.32;Ideal;D;SI2;62.4;54;4.38;4.4;2.74;477
0.34;Ideal;E;SI2;62;56;4.45;4.48;2.77;477
0.34;Good;E;SI2;63.7;55;4.43;4.46;2.83;477
0.34;Very Good;E;SI2;61.7;61;4.47;4.51;2.77;477
0.32;Premium;G;SI1;62.6;58;4.35;4.37;2.73;477
0.34;Premium;I;VS2;61.8;58;4.48;4.51;2.78;477
0.32;Ideal;G;SI1;61.3;57;4.37;4.4;2.69;477
0.32;Very Good;G;SI1;60.9;56;4.41;4.45;2.7;477
0.32;Good;D;SI2;63.9;58;4.31;4.33;2.76;477
0.32;Very Good;G;SI1;62;55;4.41;4.43;2.74;477
0.32;Ideal;D;SI2;61.1;56;4.39;4.41;2.69;477
0.34;Very Good;I;VS2;62.1;57;4.44;4.48;2.77;477
0.34;Premium;H;SI1;62.1;59;4.46;4.5;2.78;477
0.32;Very Good;D;SI2;62.8;57;4.35;4.38;2.74;477
0.34;Premium;H;SI1;60.2;58;4.48;4.52;2.71;477
0.34;Premium;E;SI2;61.7;58;4.5;4.54;2.79;477
0.32;Very Good;G;SI1;60.9;58;4.39;4.44;2.69;477
0.32;Ideal;H;VVS1;60.4;57;4.46;4.42;2.68;936
0.32;Ideal;H;VVS1;62.2;56;4.38;4.37;2.72;936
0.32;Premium;H;VVS1;61.5;59;4.41;4.37;2.7;936
0.32;Premium;H;VVS1;61.4;58;4.42;4.37;2.7;936
0.32;Premium;H;VVS1;61.4;58;4.41;4.38;2.7;936
0.32;Ideal;H;VVS1;61.9;56;4.41;4.38;2.72;936
0.32;Ideal;H;VVS1;61.6;56;4.41;4.39;2.71;936
0.32;Ideal;H;VVS1;62.1;54;4.42;4.4;2.74;936
0.32;Premium;H;VVS1;60.9;58;4.43;4.4;2.69;936
0.32;Ideal;H;VVS1;61.6;55;4.43;4.4;2.72;936
0.32;Premium;H;VVS1;62.5;58;4.37;4.33;2.72;936
0.32;Ideal;H;VVS1;62.9;57;4.38;4.33;2.74;936
0.32;Premium;H;VVS1;62.9;58;4.37;4.34;2.74;936
0.32;Premium;H;VVS1;62.7;57;4.41;4.36;2.75;936
0.32;Ideal;G;VVS2;61.1;55;4.45;4.42;2.71;936
0.32;Ideal;G;VVS2;61.3;56;4.44;4.43;2.72;936
0.32;Premium;G;VVS2;60.2;60;4.45;4.42;2.67;936
0.32;Ideal;G;VVS2;61.7;57;4.44;4.41;2.73;936
0.32;Premium;G;VVS2;60.8;59;4.44;4.41;2.69;936
0.32;Ideal;G;VVS2;61.8;55;4.43;4.41;2.73;936
0.32;Ideal;G;VVS2;62.2;55;4.43;4.41;2.75;936
0.32;Ideal;G;VVS2;60.6;57;4.43;4.41;2.68;936
0.32;Ideal;G;VVS2;61.4;55;4.43;4.4;2.71;936
0.32;Ideal;G;VVS2;62;55;4.44;4.4;2.74;936
0.32;Ideal;G;VVS2;61.2;56;4.42;4.41;2.7;936
0.32;Ideal;G;VVS2;61.6;55;4.42;4.41;2.72;936
0.32;Ideal;G;VVS2;62.4;56;4.42;4.4;2.75;936
0.32;Premium;G;VVS2;60.9;61;4.41;4.39;2.68;936
0.32;Premium;G;VVS2;62;55;4.42;4.39;2.73;936
0.32;Ideal;G;VVS2;61.5;57;4.43;4.39;2.71;936
0.32;Premium;G;VVS2;61.2;59;4.44;4.39;2.7;936
0.32;Ideal;G;VVS2;62.1;57;4.42;4.4;2.74;936
0.32;Premium;G;VVS2;61.6;60;4.4;4.37;2.7;936
0.32;Premium;G;VVS2;61.7;59;4.41;4.37;2.71;936
0.32;Premium;G;VVS2;62.3;54;4.45;4.38;2.75;936
0.32;Ideal;G;VVS2;62.2;56;4.38;4.34;2.71;936
0.32;Ideal;G;VVS2;62.6;57;4.38;4.34;2.73;936
0.32;Premium;G;VVS2;62.6;58;4.37;4.35;2.73;936
0.32;Ideal;G;VVS2;62.1;55;4.38;4.35;2.71;936
0.32;Premium;G;VVS2;62.3;58;4.38;4.35;2.72;936
0.32;Ideal;G;VVS2;62.2;57;4.38;4.36;2.72;936
0.32;Ideal;G;VVS2;62.4;54;4.38;4.37;2.73;936
0.32;Ideal;G;VVS1;61.7;56;4.41;4.37;2.71;936
0.39;Premium;G;SI1;61.4;56;4.75;4.7;2.9;936
0.32;Ideal;H;VVS1;61.9;55;4.38;4.37;2.71;936
0.43;Very Good;H;SI2;60.4;56;4.9;4.93;2.97;937
0.42;Very Good;I;IF;60.1;58;4.83;4.88;2.92;938
0.31;Very Good;E;IF;63;55;4.33;4.37;2.74;938
0.42;Ideal;G;VVS2;62.7;57;4.73;4.78;2.98;938
0.42;Ideal;D;VS2;62.7;55;4.79;4.81;3.01;938
0.35;Good;E;VS1;61.3;65;4.51;4.53;2.77;938
0.4;Premium;H;VS1;62.7;59;4.71;4.63;2.93;938
0.4;Very Good;F;VS1;63.1;59;4.68;4.64;2.94;938
0.5;Very Good;E;I1;58.6;63;5.23;5.15;3.04;938
0.34;Ideal;F;VS2;60.7;56;4.56;4.53;2.76;938
0.5;Fair;F;SI2;65.8;57;4.97;4.83;3.23;938
0.34;Very Good;F;VVS1;61;56;4.52;4.53;2.76;939
0.34;Very Good;F;VVS1;61.3;57;4.49;4.52;2.76;939
0.41;Very Good;D;VS2;61.7;54;4.77;4.82;2.96;939
0.4;Ideal;I;VVS2;62.2;55;4.72;4.76;2.95;939
0.41;Ideal;G;VVS2;62.2;54;4.75;4.8;2.97;939
0.32;Good;F;VVS1;63.8;54;4.38;4.31;2.77;939
0.33;Ideal;F;VVS1;62.5;56;4.43;4.44;2.77;939
0.33;Ideal;F;VVS1;61.3;55;4.45;4.46;2.73;939
0.33;Ideal;F;VVS1;61.9;55;4.46;4.47;2.76;939
0.33;Ideal;F;VVS1;60.6;56;4.47;4.51;2.72;939
0.39;Ideal;F;VS1;61.9;55.2;4.66;4.7;2.89;939
0.39;Ideal;F;VS1;61.7;56.1;4.65;4.7;2.89;939
0.34;Premium;G;IF;60.5;58;4.52;4.47;2.72;939
0.4;Ideal;E;VS1;61.2;55;4.76;4.79;2.92;940
0.33;Ideal;D;VS2;61.5;56;4.47;4.5;2.76;940
0.33;Ideal;D;VS2;60.9;56;4.49;4.51;2.74;940
0.38;Ideal;E;VS1;60.8;56;4.7;4.75;2.86;940
0.32;Ideal;G;IF;61.9;56;4.39;4.46;2.74;940
0.59;Premium;G;I1;59.7;59;5.48;5.45;3.26;940
0.31;Premium;F;VVS1;59.9;59;4.45;4.43;2.66;940
0.37;Premium;D;VS1;61.9;58;4.56;4.62;2.84;941
0.41;Ideal;H;VS2;61.3;56;4.81;4.84;2.96;941
0.34;Ideal;F;IF;62.2;55;4.47;4.5;2.79;941
0.44;Ideal;H;SI1;61.9;57;4.92;4.9;3.04;941
0.44;Very Good;H;SI1;63.5;57;4.85;4.82;3.07;941
0.38;Premium;D;SI1;62.2;58;4.63;4.57;2.86;941
0.38;Premium;D;SI1;59.7;60;4.69;4.66;2.79;941
0.38;Premium;D;SI1;58.9;61;4.79;4.75;2.81;941
0.38;Premium;D;SI1;60.7;60;4.69;4.63;2.83;941
0.45;Premium;I;SI1;60.3;59;4.99;4.93;2.99;941
0.45;Premium;I;SI1;62.2;58;4.89;4.86;3.03;941
0.43;Ideal;G;VS1;61.2;57;4.88;4.83;2.97;941
0.57;Premium;J;SI2;62.7;60;5.25;5.21;3.28;941
0.31;Premium;D;VVS1;62.7;58;4.31;4.3;2.7;942
0.38;Ideal;D;VS1;62;57;4.7;4.69;2.91;942
0.31;Premium;D;VVS1;62.1;59;4.38;4.32;2.7;942
0.31;Ideal;E;VVS1;60.5;57;4.38;4.41;2.66;942
0.43;Ideal;G;VS2;61.7;55;4.85;4.88;3;942
0.4;Ideal;G;SI1;61.5;57;4.74;4.76;2.92;942
0.53;Good;I;SI2;63.6;58;5.08;5.11;3.24;942
0.31;Ideal;E;VS1;61.9;56;4.34;4.32;2.68;942
0.31;Ideal;E;VS1;61.7;56;4.41;4.37;2.71;942
0.31;Ideal;E;VS1;60.9;57;4.41;4.39;2.68;942
0.31;Ideal;E;VS1;61.8;56;4.37;4.34;2.69;942
0.31;Premium;E;VS1;61.1;58;4.37;4.34;2.66;942
0.31;Premium;D;VS2;62.6;59;4.33;4.3;2.7;942
0.31;Premium;E;VS1;60;59;4.42;4.38;2.64;942
0.31;Premium;E;VS1;60.2;58;4.43;4.38;2.65;942
0.31;Ideal;D;VS2;61.2;55;4.46;4.36;2.7;942
0.31;Ideal;D;VS2;59;57;4.48;4.44;2.63;942
0.31;Premium;E;VS1;61.7;58;4.36;4.3;2.67;942
0.31;Ideal;E;VS1;61.6;57;4.35;4.32;2.67;942
0.31;Ideal;E;VS1;61.4;57;4.37;4.32;2.67;942
0.31;Ideal;E;VS1;61.8;56;4.34;4.33;2.68;942
0.31;Ideal;E;VS1;61.6;56;4.38;4.35;2.69;942
0.31;Premium;E;VS1;60.5;59;4.37;4.36;2.64;942
0.31;Premium;E;VS1;61;58;4.39;4.37;2.67;942
0.31;Ideal;E;VS1;60.4;57;4.4;4.37;2.65;942
0.31;Ideal;D;VS2;61.8;56;4.36;4.32;2.68;942
0.31;Premium;E;VS1;61.9;58;4.32;4.31;2.67;942
0.31;Premium;D;VS2;62;59;4.36;4.32;2.69;942
0.31;Ideal;D;VS2;61.5;56;4.36;4.35;2.68;942
0.42;Premium;D;SI1;63;59;4.79;4.77;3.01;942
0.42;Very Good;D;SI1;63.3;58;4.75;4.73;3;942
0.39;Premium;G;VS2;60.4;61;4.73;4.71;2.85;942
0.39;Premium;G;VS2;59.8;61;4.75;4.72;2.83;942
0.39;Good;G;VS2;63.7;53;4.67;4.62;2.96;942
0.31;Ideal;D;VS2;61.5;56;4.41;4.37;2.7;942
0.31;Ideal;D;VS2;61.2;55;4.42;4.37;2.69;942
0.31;Ideal;D;VS2;60.4;56;4.42;4.39;2.66;942
0.31;Ideal;D;VS2;61.2;55;4.39;4.37;2.68;942
0.31;Ideal;D;VS2;61.3;57;4.4;4.37;2.69;942
0.31;Ideal;D;VS2;61.6;55;4.37;4.36;2.69;942
0.31;Ideal;D;VS2;61.6;57;4.38;4.36;2.69;942
0.31;Ideal;D;VS2;61.9;56;4.38;4.37;2.71;942
0.31;Premium;D;VS2;61.8;57;4.41;4.36;2.71;942
0.31;Ideal;D;VS2;62;55;4.38;4.36;2.71;942
0.31;Ideal;D;VS2;61.8;57;4.38;4.36;2.7;942
0.31;Ideal;D;VS2;61.5;56;4.37;4.35;2.68;942
0.31;Premium;D;VS2;60.7;59;4.38;4.35;2.65;942
0.31;Ideal;D;VS2;60.7;56;4.38;4.35;2.65;942
0.31;Ideal;D;VS2;61.2;55;4.38;4.35;2.67;942
0.31;Ideal;D;VS2;61.7;55;4.4;4.35;2.7;942
0.31;Ideal;D;VS2;62.1;54;4.41;4.35;2.72;942
0.31;Ideal;D;VS2;61.9;56;4.38;4.34;2.7;942
0.31;Ideal;D;VS2;61.5;56;4.37;4.34;2.68;942
0.31;Ideal;D;VS2;62.5;56;4.36;4.34;2.72;942
0.31;Ideal;D;VS2;62.1;56;4.35;4.34;2.7;942
0.31;Ideal;D;VS2;62.1;54;4.36;4.34;2.7;942
0.31;Ideal;D;VS2;61.8;55;4.37;4.33;2.69;942
0.31;Ideal;D;VS2;62.1;54;4.37;4.33;2.7;942
0.31;Ideal;D;VS2;62.1;54;4.37;4.33;2.7;942
0.31;Ideal;D;VS2;62.3;55;4.37;4.33;2.71;942
0.31;Ideal;D;VS2;62.2;56;4.36;4.32;2.7;942
0.31;Premium;D;VS2;61.2;59;4.37;4.32;2.66;942
0.31;Ideal;D;VS2;62;55;4.35;4.33;2.69;942
0.31;Ideal;D;VS2;62.6;56;4.36;4.33;2.72;942
0.31;Premium;D;VS2;62.3;55;4.35;4.32;2.7;942
0.31;Ideal;D;VS2;62.5;57;4.36;4.31;2.71;942
0.31;Ideal;D;VS2;62.5;56;4.36;4.31;2.71;942
0.31;Ideal;D;VS2;62.2;56;4.33;4.32;2.69;942
0.31;Ideal;D;VS2;62.1;55;4.35;4.32;2.69;942
0.31;Ideal;D;VS2;62.2;55;4.34;4.31;2.69;942
0.31;Ideal;D;VS2;62.7;55;4.34;4.31;2.71;942
0.31;Ideal;D;VS2;62.9;55;4.34;4.31;2.72;942
0.31;Premium;D;VS2;61.7;59;4.34;4.31;2.67;942
0.31;Ideal;D;VS2;62.2;54;4.34;4.31;2.69;942
0.31;Ideal;D;VS2;62.2;57;4.34;4.31;2.69;942
0.31;Ideal;D;VS2;62.5;56;4.32;4.29;2.69;942
0.31;Ideal;D;VS2;62.7;57;4.34;4.3;2.71;942
0.31;Ideal;D;VS2;62.1;55;4.32;4.31;2.68;942
0.31;Ideal;H;VVS1;60.8;55;4.42;4.39;2.68;942
0.39;Very Good;G;VVS1;63.2;57;4.62;4.65;2.93;943
0.38;Ideal;G;VVS2;61;56;4.67;4.71;2.86;943
0.43;Good;F;VS1;63.4;57;4.76;4.8;3.03;943
0.43;Ideal;G;VS1;62.3;56;4.82;4.85;3.01;943
0.43;Ideal;G;VS1;61.1;56;4.86;4.9;2.98;943
0.43;Ideal;G;VS1;61.9;55;4.84;4.86;3;943
0.43;Very Good;G;VS1;61;58;4.89;4.92;2.99;943
0.43;Ideal;G;VS1;61.3;57;4.85;4.88;2.98;943
0.43;Ideal;H;VVS2;62.3;55;4.82;4.85;3.01;943
0.43;Premium;G;VS1;61.8;59;4.83;4.88;3;943
0.43;Ideal;H;VVS2;61.3;56;4.86;4.9;2.99;943
0.43;Ideal;G;VS1;61.9;55;4.84;4.86;3;943
0.43;Very Good;G;VS1;60.9;57;4.88;4.91;2.98;943
0.43;Very Good;G;VS1;62.2;59;4.81;4.84;3;943
0.32;Ideal;F;IF;60.9;57;4.42;4.45;2.7;943
0.32;Ideal;F;IF;61.3;57;4.42;4.46;2.72;943
0.32;Ideal;F;IF;60.9;57;4.41;4.43;2.69;943
0.32;Ideal;F;IF;62.5;54;4.38;4.42;2.75;943
0.32;Ideal;F;IF;61.8;54;4.44;4.46;2.75;943
0.32;Ideal;F;IF;62.2;54;4.4;4.44;2.75;943
0.3;Ideal;E;IF;62;54;4.31;4.34;2.68;943
0.3;Ideal;E;IF;62.6;53;4.29;4.33;2.7;943
0.3;Ideal;E;IF;61.7;55;4.31;4.34;2.67;943
0.39;Good;E;VVS2;61.5;61;4.73;4.74;2.91;943
0.41;Very Good;H;VS2;63.4;58;4.77;4.66;2.99;943
0.39;Very Good;F;VVS2;63.3;56;4.63;4.66;2.94;944
0.31;Very Good;E;IF;60.6;60;4.4;4.44;2.68;944
0.38;Very Good;D;VVS2;60.8;55;4.67;4.71;2.85;944
0.34;Ideal;E;VVS2;62.4;55;4.47;4.51;2.79;944
0.48;Ideal;I;VS1;62.2;54;5.03;5.06;3.14;944
0.32;Ideal;E;IF;62;55;4.37;4.41;2.72;944
0.37;Premium;G;VS2;59.7;61;4.72;4.66;2.8;944
0.41;Very Good;G;VVS1;63.1;57;4.68;4.73;2.97;945
0.33;Very Good;E;VVS1;61.8;54;4.47;4.49;2.77;945
0.41;Ideal;H;VVS1;61.5;55;4.79;4.81;2.95;945
0.3;Fair;E;VVS2;51;67;4.67;4.62;2.37;945
0.45;Ideal;F;VS2;62.8;55;4.88;4.86;3.06;945
0.45;Premium;F;VS2;61.4;60;4.93;4.87;3.01;945
0.36;Good;F;VS1;63.6;60;4.52;4.47;2.86;945
0.32;Ideal;F;VVS2;61.6;55;4.41;4.42;2.72;945
0.35;Ideal;D;VVS2;61.6;54;4.55;4.57;2.81;945
0.35;Ideal;F;VVS1;61.8;54;4.53;4.56;2.81;945
0.35;Ideal;F;VVS1;61.8;55;4.53;4.57;2.81;945
0.35;Ideal;F;VVS1;61.5;55;4.51;4.56;2.79;945
0.33;Ideal;E;VVS1;61.9;54;4.45;4.47;2.76;945
0.4;Good;I;IF;62.3;62;4.69;4.72;2.93;945
0.3;Premium;F;VVS2;61;59;4.33;4.3;2.63;945
0.3;Premium;F;VVS2;61.1;59;4.32;4.29;2.63;945
0.3;Premium;F;VVS2;62.4;58;4.28;4.25;2.66;945
0.3;Premium;F;VVS2;61.6;58;4.35;4.28;2.66;945
0.3;Premium;F;VVS2;61.5;58;4.31;4.29;2.64;945
0.3;Premium;F;VVS2;61.4;59;4.36;4.31;2.66;945
0.42;Ideal;G;SI1;62.9;54;4.81;4.79;3.02;945
0.42;Very Good;G;SI1;63.2;57;4.79;4.77;3.02;945
0.42;Ideal;G;SI1;62.5;56;4.83;4.8;3.01;945
0.4;Good;H;VS2;59.4;64;4.82;4.75;2.84;945
0.4;Premium;F;SI1;62.8;59;4.72;4.71;2.96;945
0.4;Premium;E;SI1;62;55;4.74;4.68;2.92;945
0.42;Ideal;I;VVS1;62;55;4.88;4.8;3;945
0.42;Ideal;I;VVS1;60.2;57;4.88;4.85;2.93;945
0.42;Ideal;I;VVS1;62.5;57;4.8;4.77;2.99;945
0.42;Ideal;I;VVS1;62.7;55;4.8;4.77;3;945
0.42;Ideal;I;VVS1;62.4;57;4.83;4.79;3;945
0.42;Premium;G;SI1;61.7;58;4.8;4.76;2.95;945
0.42;Premium;G;SI1;62.2;58;4.75;4.73;2.95;945
0.42;Premium;F;VS2;61.7;59;4.82;4.75;2.95;945
0.42;Premium;F;VS2;61.9;58;4.8;4.76;2.96;945
0.4;Ideal;I;VS1;63;56;4.72;4.68;2.96;945
0.4;Premium;I;VS1;62.9;59;4.73;4.68;2.96;945
0.4;Good;I;VS1;63.8;55;4.69;4.65;2.98;945
0.4;Premium;H;VS2;59.1;61;4.84;4.81;2.85;945
0.4;Premium;F;SI1;62.3;60;4.74;4.7;2.94;945
0.4;Premium;F;SI1;61.2;58;4.74;4.71;2.89;945
0.4;Premium;F;SI1;62.3;57;4.74;4.67;2.93;945
0.4;Premium;F;SI1;62.7;57;4.7;4.68;2.94;945
0.4;Ideal;F;SI1;62.9;57;4.7;4.68;2.95;945
0.4;Premium;F;SI1;62.6;59;4.74;4.68;2.95;945
0.4;Good;F;SI1;63.6;57;4.7;4.67;2.98;945
0.4;Premium;F;SI1;62.5;59;4.71;4.67;2.93;945
0.4;Premium;F;SI1;62.5;59;4.71;4.67;2.93;945
0.4;Premium;F;SI1;62.2;57;4.72;4.67;2.92;945
0.4;Premium;E;SI1;60.9;56;4.8;4.76;2.91;945
0.4;Premium;E;SI1;60.1;59;4.82;4.76;2.88;945
0.4;Ideal;E;SI1;60.5;57;4.81;4.77;2.9;945
0.4;Ideal;E;SI1;62.2;55;4.75;4.71;2.94;945
0.4;Ideal;E;SI1;62;57;4.78;4.74;2.95;945
0.4;Premium;E;SI1;60.9;60;4.77;4.75;2.9;945
0.4;Ideal;E;SI1;61.8;56;4.74;4.71;2.92;945
0.4;Premium;E;SI1;62.2;58;4.74;4.71;2.94;945
0.4;Premium;E;SI1;62.6;59;4.71;4.68;2.94;945
0.4;Ideal;E;SI1;62.7;57;4.72;4.69;2.95;945
0.4;Premium;E;SI1;61.3;59;4.74;4.69;2.89;945
0.4;Ideal;E;SI1;61.2;57;4.74;4.7;2.89;945
0.4;Premium;E;SI1;62.8;59;4.69;4.64;2.93;945
0.36;Ideal;G;VVS1;62.1;56;4.6;4.58;2.85;945
0.35;Ideal;I;IF;62.5;55;4.54;4.52;2.83;945
0.3;Premium;G;VVS1;59.8;62;4.36;4.33;2.6;945
0.3;Ideal;G;VVS1;61.4;56;4.34;4.32;2.66;945
0.3;Premium;G;VVS1;61.3;58;4.33;4.29;2.64;945
0.3;Premium;G;VVS1;62.6;62;4.26;4.21;2.65;945
0.4;Ideal;E;SI1;61.1;56;4.79;4.77;2.92;945
0.42;Good;E;SI1;63.6;61;4.73;4.7;3;945
0.45;Fair;F;VS1;66.9;54;4.85;4.75;3.21;945
0.72;Premium;J;I1;62.9;59;5.8;5.63;3.58;945
0.7;Fair;F;I1;63.9;59;5.64;5.5;3.57;945
0.5;Fair;E;SI2;64.7;57;4.98;4.88;3.19;945
0.35;Ideal;E;VS1;61.3;55;4.58;4.55;2.8;945
0.35;Ideal;D;VS2;62.3;56;4.54;4.51;2.82;945
0.36;Premium;F;VVS2;62.5;56;4.6;4.52;2.85;945
0.4;Very Good;G;VVS2;59.2;63;4.88;4.81;2.87;945
0.4;Premium;F;SI1;62;56;4.77;4.72;2.94;945
0.4;Premium;E;SI1;61.3;61;4.76;4.73;2.91;945
0.34;Ideal;E;VVS1;61;57;4.53;4.55;2.77;946
0.33;Ideal;G;IF;61.5;55;4.48;4.5;2.76;946
0.33;Ideal;G;IF;61.2;56;4.47;4.51;2.75;946
0.33;Ideal;G;IF;61.7;56;4.47;4.51;2.77;946
0.33;Ideal;G;IF;61.8;54;4.47;4.49;2.77;946
0.33;Ideal;G;IF;61.9;55;4.44;4.45;2.75;946
0.33;Ideal;G;IF;60.9;57;4.45;4.48;2.72;946
0.33;Ideal;G;IF;61.3;55;4.49;4.51;2.76;946
0.33;Ideal;G;IF;61;56;4.48;4.5;2.74;946
0.33;Ideal;G;IF;61.7;55;4.47;4.48;2.76;946
0.33;Ideal;G;IF;61;55;4.49;4.52;2.75;946
0.5;Very Good;J;SI2;60.7;57;5.11;5.13;3.11;947
0.45;Very Good;I;VVS1;63;56;4.88;4.9;3.08;947
0.3;Premium;F;IF;60.7;58;4.33;4.37;2.64;947
0.3;Ideal;F;IF;61.1;57;4.35;4.39;2.67;947
0.3;Ideal;F;IF;62;56;4.3;4.34;2.68;947
0.3;Premium;F;IF;61.6;58;4.32;4.35;2.67;947
0.36;Ideal;H;IF;61.9;57;4.55;4.6;2.83;947
0.38;Ideal;E;VVS2;61.8;56;4.67;4.72;2.9;947
0.32;Ideal;F;VVS1;61.5;56;4.44;4.45;2.73;947
0.32;Ideal;G;SI1;61.3;56;4.39;4.42;2.7;477
0.32;Good;D;SI2;63.4;56;4.36;4.38;2.77;477
0.32;Ideal;D;SI2;62.6;56;4.38;4.4;2.75;477
0.32;Ideal;D;SI2;59.5;57;4.47;4.5;2.67;477
0.34;Ideal;E;SI2;62.4;57;4.47;4.5;2.8;477
0.32;Ideal;D;SI2;61.4;56;4.43;4.46;2.73;477
0.32;Very Good;G;SI1;63;56;4.35;4.38;2.75;477
0.32;Very Good;G;SI1;62.8;56;4.34;4.36;2.73;477
0.34;Very Good;E;SI2;62.5;59;4.43;4.46;2.78;477
0.32;Ideal;D;SI2;61.8;55;4.38;4.42;2.72;477
0.32;Ideal;D;SI2;61.7;55;4.38;4.4;2.71;477
0.32;Premium;G;SI1;59.6;60;4.43;4.46;2.65;477
0.32;Premium;G;SI1;62.6;58;4.31;4.35;2.71;477
0.32;Premium;G;SI1;62.5;58;4.4;4.43;2.76;477
0.34;Premium;E;SI2;62.4;59;4.42;4.46;2.77;477
0.32;Very Good;G;SI1;61;61;4.38;4.41;2.68;477
0.32;Ideal;G;SI1;62.5;55;4.35;4.38;2.73;477
0.32;Ideal;D;SI2;59.8;57;4.4;4.46;2.65;477
0.34;Premium;E;SI2;59.9;59;4.55;4.57;2.73;477
0.24;Very Good;F;VVS2;62.5;56;3.98;4.02;2.5;478
0.24;Very Good;F;VVS2;62.1;58;3.96;4.03;2.48;478
0.24;Very Good;E;VVS2;62.8;58;3.92;3.95;2.47;478
0.24;Very Good;E;VVS2;61.1;60;4.01;4.07;2.47;478
0.24;Very Good;E;VVS2;57.7;61;4.12;4.13;2.38;478
0.23;Very Good;E;VVS2;60.6;55;4.02;4.07;2.45;478
0.24;Very Good;E;VVS2;60.6;62;4.03;4.06;2.45;478
0.24;Very Good;D;VVS2;61.9;58;4.02;4.03;2.49;478
0.24;Very Good;D;VVS2;61.5;58;3.96;3.98;2.44;478
0.29;Very Good;H;VVS1;62;55;4.24;4.27;2.64;478
0.24;Very Good;F;VVS1;61.8;58;3.95;3.98;2.45;478
0.4;Ideal;E;VS1;62.5;55;4.67;4.71;2.93;947
0.53;Ideal;I;SI2;61.8;54;5.22;5.24;3.23;947
0.41;Premium;D;SI1;59.2;62;4.85;4.82;2.86;947
0.41;Very Good;D;SI1;63.3;55;4.77;4.74;3.01;947
0.41;Very Good;D;SI1;63.2;58;4.77;4.72;3;947
0.41;Very Good;D;SI1;63.2;57;4.77;4.73;3;947
0.41;Very Good;D;SI1;63.4;55;4.72;4.68;2.98;947
0.41;Good;D;SI1;63.8;56;4.72;4.68;3;947
0.33;Very Good;D;VVS1;61.2;59;4.4;4.43;2.7;948
0.42;Ideal;D;VS2;62.6;56;4.76;4.8;2.99;948
0.39;Ideal;E;VS1;62;54;4.68;4.71;2.91;948
0.39;Ideal;E;VS1;62.2;55;4.67;4.7;2.91;948
0.43;Ideal;F;SI1;61.3;56;4.9;4.86;2.99;948
0.43;Premium;F;SI1;61.7;58;4.84;4.82;2.98;948
0.43;Good;F;SI1;63.8;57;4.82;4.8;3.07;948
0.43;Good;F;SI1;63.6;53;4.83;4.79;3.06;948
0.43;Premium;E;SI1;61.5;60;4.85;4.78;2.96;948
0.43;Very Good;E;SI1;63.1;56;4.83;4.8;3.04;948
0.43;Very Good;E;SI1;63.4;57;4.84;4.81;3.06;948
0.43;Very Good;E;SI1;63.2;57;4.84;4.78;3.04;948
0.37;Premium;F;VVS2;62.9;56;4.58;4.52;2.86;948
0.35;Premium;J;VS1;62.4;58;5.67;5.64;3.53;949
0.35;Premium;J;VS1;62.4;58;5.67;5.64;3.53;949
0.4;Premium;E;VS2;61.2;60;4.79;4.68;2.9;949
0.3;Very Good;E;IF;60.9;59;4.29;4.32;2.62;949
0.41;Good;D;VVS2;63.3;59;4.71;4.73;2.99;949
0.3;Ideal;E;VVS2;60.8;56;4.35;4.37;2.65;949
0.3;Ideal;E;VVS2;61.3;57;4.3;4.32;2.64;949
0.3;Ideal;E;VVS2;61.4;55;4.33;4.36;2.67;949
0.3;Ideal;E;VVS2;61.4;56;4.33;4.37;2.67;949
0.38;Ideal;H;VVS1;61.1;56;4.68;4.71;2.87;949
0.38;Ideal;G;VVS1;61.2;54;4.69;4.72;2.88;949
0.31;Ideal;D;VVS1;62.3;54;4.36;4.4;2.73;949
0.41;Ideal;G;VS2;60.9;56;4.82;4.84;2.94;949
0.36;Ideal;E;VS2;61.8;56;4.57;4.59;2.83;949
0.4;Ideal;E;VS2;62.6;56;4.67;4.69;2.93;949
0.36;Ideal;G;VS1;61.4;56;4.55;4.6;2.81;949
0.3;Ideal;D;VS1;61.8;57;4.27;4.3;2.65;949
0.32;Ideal;F;IF;60.9;56;4.42;4.44;2.7;949
0.32;Ideal;F;IF;61.2;57;4.4;4.42;2.7;949
0.49;Premium;E;SI2;61.7;57;5.08;5.06;3.13;949
0.31;Premium;H;IF;60.8;59;4.39;4.36;2.66;949
0.5;Fair;J;VS1;66.8;57;4.89;4.84;3.25;949
0.33;Ideal;E;VVS2;61;54;4.52;4.49;2.75;950
0.3;Premium;D;VVS2;60.7;59;4.34;4.33;2.63;950
0.3;Ideal;D;VVS2;59.5;56;4.42;4.38;2.62;950
0.33;Premium;E;VVS2;61.3;59;4.47;4.44;2.73;950
0.37;Ideal;E;VS1;60.9;56;4.65;4.68;2.84;950
0.52;Ideal;I;SI1;61.8;54;5.17;5.19;3.2;950
0.4;Ideal;D;SI1;62.5;55;4.73;4.71;2.95;950
0.41;Very Good;F;VS2;59.4;60;4.85;4.89;2.89;951
0.4;Very Good;F;VS1;62;56;4.71;4.73;2.92;951
0.41;Premium;F;VVS2;61.6;59;4.73;4.79;2.93;951
0.4;Ideal;E;VS1;62.2;58;4.72;4.74;2.94;951
0.4;Ideal;E;VS1;62.4;54;4.73;4.75;2.96;951
0.43;Ideal;G;SI1;61.1;57;4.88;4.9;2.99;951
0.39;Premium;E;VS2;61.3;61;4.7;4.66;2.87;951
0.39;Premium;E;VS2;61.4;58;4.73;4.68;2.89;951
0.39;Premium;G;VS1;61.7;62;4.69;4.65;2.88;951
0.39;Premium;E;VS2;60.1;61;4.76;4.72;2.85;951
0.39;Premium;E;VS2;62.5;60;4.67;4.64;2.91;951
0.45;Fair;E;VS2;65.8;58;4.81;4.74;3.14;951
0.4;Very Good;D;VS1;59.4;60;4.77;4.83;2.85;952
0.39;Ideal;G;VVS2;61.6;56.6;4.68;4.71;2.9;952
0.39;Ideal;G;VVS2;62;54.5;4.67;4.7;2.91;952
0.39;Ideal;G;VVS2;61.7;54.2;4.69;4.75;2.91;952
0.39;Ideal;G;VVS2;62.2;54;4.67;4.7;2.91;952
0.34;Ideal;G;IF;61.1;57;4.47;4.51;2.75;952
0.34;Ideal;G;IF;61.5;56;4.52;4.54;2.79;952
0.4;Good;G;VS1;59.6;61;4.82;4.85;2.88;952
0.35;Ideal;D;VS1;60.8;57;4.61;4.57;2.79;952
0.43;Ideal;J;IF;62.4;56;4.87;4.84;3.03;952
0.4;Very Good;D;VS2;63.5;55;4.69;4.66;2.97;952
0.32;Premium;G;IF;59.4;60;4.47;4.45;2.65;952
0.32;Premium;G;IF;61;59;4.41;4.38;2.68;952
0.46;Ideal;I;VS2;62.3;59;4.95;4.91;3.07;952
0.47;Ideal;J;VVS2;62.1;54.5;4.97;4.99;3.09;953
0.46;Ideal;J;VVS1;61.8;56;4.93;4.97;3.06;953
0.46;Ideal;J;VVS1;62.5;56;4.89;4.93;3.07;953
0.46;Ideal;F;SI1;62.5;56;4.92;4.94;3.08;953
0.41;Ideal;I;IF;61.1;57;4.78;4.81;2.93;953
0.33;Ideal;E;VVS2;61.8;56;4.46;4.44;2.75;953
0.42;Premium;E;SI1;60;61;4.88;4.85;2.92;953
0.42;Ideal;E;SI1;62.1;55;4.81;4.79;2.98;953
0.56;Premium;F;I1;62.6;60;5.3;5.15;3.27;953
0.41;Premium;E;SI2;61.7;58;4.8;4.76;2.95;953
0.41;Very Good;E;SI1;63.3;57;4.72;4.67;2.98;953
0.42;Very Good;G;VVS2;61.2;56;4.84;4.86;2.97;954
0.4;Very Good;H;VVS1;62.9;56;4.69;4.72;2.96;954
0.41;Very Good;E;VS1;62.2;58;4.74;4.78;2.96;954
0.41;Very Good;E;VS1;63.2;59;4.71;4.75;2.99;954
0.4;Very Good;D;VS1;60.8;59;4.74;4.76;2.89;954
0.43;Ideal;G;VVS2;62;55;4.86;4.89;3.02;954
0.32;Very Good;G;IF;62.4;55;4.4;4.42;2.75;954
0.32;Ideal;E;VVS1;61.7;55;4.39;4.42;2.72;954
0.32;Ideal;E;VVS1;60.9;57;4.42;4.45;2.7;954
0.32;Very Good;G;IF;62.9;55;4.37;4.41;2.76;954
0.32;Premium;G;IF;59.9;58;4.42;4.43;2.65;954
0.32;Very Good;G;IF;61.8;55;4.39;4.45;2.73;954
0.32;Ideal;E;VVS1;61.7;56;4.4;4.42;2.72;954
0.32;Premium;E;VVS1;60.5;58;4.42;4.47;2.69;954
0.32;Premium;G;IF;59.4;59;4.48;4.51;2.67;954
0.32;Ideal;G;IF;60.5;57;4.42;4.44;2.68;954
0.32;Ideal;E;VVS1;61.3;57;4.38;4.43;2.7;954
0.32;Ideal;G;IF;61.8;55;4.41;4.43;2.73;954
0.32;Very Good;E;VVS1;60.8;58;4.38;4.41;2.67;954
0.32;Ideal;E;VVS1;61.9;55;4.38;4.41;2.72;954
0.32;Ideal;G;IF;61.2;57;4.4;4.43;2.7;954
0.32;Premium;G;IF;62;60;4.37;4.41;2.72;954
0.32;Premium;E;VVS1;61.8;59;4.35;4.39;2.7;954
0.32;Ideal;G;IF;60.9;56;4.41;4.43;2.69;954
0.32;Ideal;E;VVS1;61.6;56;4.41;4.42;2.72;954
0.38;Ideal;F;VVS2;60.9;58;4.66;4.7;2.85;954
0.38;Ideal;D;VS2;61.5;56;4.66;4.7;2.88;954
0.41;Good;E;VS1;61.3;61;4.77;4.79;2.93;954
0.4;Good;D;VS1;60.5;63;4.75;4.77;2.88;954
0.33;Ideal;F;VVS1;61.8;57;4.44;4.46;2.75;955
0.33;Ideal;F;VVS1;61.9;56;4.42;4.47;2.75;955
0.33;Ideal;F;VVS1;61.7;57;4.44;4.47;2.75;955
0.33;Ideal;F;VVS1;61.9;55;4.42;4.44;2.74;955
0.33;Ideal;D;VVS2;60.9;57;4.46;4.48;2.72;955
0.33;Ideal;F;VVS1;62.4;55;4.44;4.47;2.78;955
0.33;Ideal;F;VVS1;62.4;55;4.4;4.42;2.75;955
0.33;Ideal;F;VVS1;61.8;57;4.43;4.47;2.75;955
0.33;Ideal;D;VVS2;61.1;56;4.44;4.46;2.72;955
0.38;Ideal;G;VS2;60.6;57;4.7;4.73;2.86;955
0.38;Ideal;H;VS1;61.7;55;4.65;4.7;2.89;955
0.38;Ideal;D;VS1;61;57;4.66;4.69;2.85;955
0.51;Premium;F;SI2;62.3;62;5.09;5.02;3.15;956
0.52;Ideal;H;SI2;60.5;56;5.25;5.23;3.17;956
0.56;Very Good;H;SI2;62;63;5.26;5.21;3.27;956
0.51;Very Good;I;SI2;61.2;56;5.12;5.14;3.14;956
0.35;Ideal;F;VVS2;62.1;56;4.56;4.52;2.82;956
0.3;Ideal;E;VVS1;61.2;57;4.36;4.33;2.66;956
0.3;Ideal;E;VVS1;60.5;57;4.39;4.34;2.64;956
0.3;Premium;E;VVS1;60;60;4.38;4.35;2.62;956
0.3;Ideal;E;VVS1;60.1;57;4.41;4.38;2.64;956
0.39;Premium;F;VS1;61.7;58;4.71;4.69;2.9;956
0.34;Ideal;E;VS2;62.1;54;4.52;4.5;2.8;956
0.34;Ideal;F;VS1;62.2;56;4.47;4.44;2.77;956
0.34;Ideal;G;VVS1;62.1;57;4.47;4.45;2.77;956
0.3;Premium;E;VVS1;61.3;59;4.33;4.28;2.64;956
0.3;Ideal;E;VVS1;61.4;56;4.37;4.33;2.67;956
0.34;Premium;F;VS1;60.4;58;4.53;4.51;2.73;956
0.34;Ideal;F;VS1;62.1;57;4.53;4.49;2.8;956
0.3;Ideal;G;IF;62;56;4.31;4.3;2.67;956
0.3;Ideal;E;VVS1;60.6;57;4.35;4.33;2.63;956
0.3;Ideal;E;VVS1;61.5;57;4.35;4.33;2.67;956
0.3;Ideal;E;VVS1;61.8;56;4.31;4.3;2.66;956
0.51;Premium;J;SI1;61.7;56;5.17;5.14;3.18;956
0.39;Very Good;G;VVS2;63.4;57;4.65;4.62;2.94;956
0.39;Ideal;F;VS1;60.9;56;4.75;4.68;2.87;956
0.35;Premium;H;VVS1;60.1;62;4.57;4.52;2.73;956
0.34;Ideal;G;VVS1;62.1;55;4.49;4.46;2.78;956
0.34;Ideal;G;VVS1;62.5;53;4.49;4.47;2.8;956
0.34;Premium;E;VS2;60.9;60;4.51;4.49;2.74;956
0.34;Premium;E;VS2;58.8;59;4.59;4.56;2.69;956
0.34;Ideal;E;VS2;62.1;55;4.49;4.47;2.78;956
0.34;Ideal;E;VS2;62.2;55;4.49;4.48;2.79;956
0.34;Ideal;E;VS2;62.4;54;4.49;4.48;2.8;956
0.34;Premium;E;VS2;61;59;4.51;4.48;2.74;956
0.34;Ideal;E;VS2;62.4;55;4.53;4.48;2.81;956
0.34;Ideal;E;VS2;62.6;57;4.47;4.45;2.79;956
0.34;Premium;E;VS2;61.1;60;4.48;4.45;2.73;956
0.34;Ideal;E;VS2;62.4;56;4.49;4.45;2.79;956
0.34;Ideal;E;VS2;62.5;55;4.5;4.46;2.8;956
0.34;Premium;E;VS2;62.6;58;4.45;4.43;2.78;956
0.34;Ideal;E;VS2;62.6;55;4.45;4.43;2.78;956
0.34;Premium;E;VS2;62.8;58;4.45;4.43;2.79;956
0.34;Premium;E;VS2;61.9;58;4.45;4.43;2.75;956
0.3;Premium;G;IF;60;59;4.34;4.32;2.6;956
0.3;Premium;G;IF;61;62;4.34;4.32;2.64;956
0.3;Ideal;G;IF;61.4;57;4.37;4.33;2.67;956
0.3;Premium;G;IF;60.2;58;4.39;4.35;2.63;956
0.3;Ideal;G;IF;62.1;55;4.35;4.31;2.69;956
0.3;Ideal;G;IF;62.8;57;4.32;4.28;2.7;956
0.3;Ideal;G;IF;60.9;57;4.32;4.29;2.62;956
0.3;Premium;G;IF;61.6;60;4.32;4.29;2.65;956
0.3;Ideal;G;IF;61.7;55;4.34;4.31;2.67;956
0.3;Ideal;G;IF;62.8;57;4.3;4.27;2.69;956
0.3;Ideal;G;IF;62.6;57;4.32;4.28;2.69;956
0.3;Premium;G;IF;62.9;58;4.25;4.21;2.66;956
0.3;Good;G;IF;63.8;55;4.28;4.24;2.72;956
0.3;Ideal;G;IF;63;53;4.3;4.24;2.69;956
0.3;Very Good;G;IF;63.5;55;4.28;4.26;2.71;956
0.51;Premium;I;SI2;60.4;59;5.2;5.17;3.13;956
0.51;Premium;F;SI2;62.9;59;5.11;5.07;3.2;956
0.7;Fair;G;I1;67.3;57;5.53;5.38;3.68;956
0.7;Fair;G;I1;67.3;59;5.51;5.45;3.69;956
0.7;Fair;G;I1;65.2;58;5.57;5.49;3.61;956
0.7;Fair;G;I1;64.3;62;5.59;5.49;3.57;956
0.7;Fair;G;I1;66.7;55;5.64;5.49;3.71;956
0.33;Very Good;E;IF;61.8;55;4.47;4.52;2.78;957
0.3;Very Good;E;IF;61.8;54;4.34;4.37;2.69;957
0.44;Ideal;I;VVS2;61.1;57;4.91;4.95;3.01;957
0.56;Very Good;J;SI1;60.3;59;5.3;5.34;3.21;957
0.41;Good;E;VVS1;64.3;54;4.68;4.72;3.02;957
0.36;Ideal;D;VVS2;61.9;53;4.57;4.6;2.84;957
0.33;Ideal;F;IF;62.2;53;4.46;4.48;2.78;957
0.33;Ideal;F;IF;61.2;56;4.48;4.5;2.75;957
0.3;Ideal;E;IF;61.3;58;4.28;4.33;2.64;957
0.3;Ideal;E;IF;61.1;57;4.31;4.33;2.64;957
0.3;Ideal;E;IF;61.2;58;4.31;4.38;2.66;957
0.3;Ideal;E;IF;62.2;55;4.32;4.36;2.7;957
0.34;Good;D;VVS1;57.4;62;4.67;4.71;2.69;957
0.37;Premium;H;VVS2;62.2;59;4.56;4.54;2.83;957
0.37;Premium;H;VVS2;61.3;58;4.63;4.6;2.83;957
0.37;Premium;G;VS1;61.5;58;4.6;4.57;2.82;957
0.37;Premium;G;VS1;61.4;58;4.61;4.58;2.82;957
0.37;Premium;G;VS1;59.2;61;4.7;4.63;2.76;957
0.37;Very Good;G;VS1;63.1;56;4.59;4.57;2.89;957
0.37;Premium;F;VS2;61.2;58;4.69;4.63;2.85;957
0.37;Premium;F;VS2;59.7;59;4.68;4.64;2.78;957
0.37;Ideal;F;VS2;60.6;56;4.64;4.63;2.81;957
0.37;Premium;F;VS2;59.8;59;4.66;4.63;2.78;957
0.37;Premium;F;VS2;60.6;58;4.67;4.63;2.82;957
0.37;Ideal;F;VS2;61.1;57;4.67;4.63;2.84;957
0.37;Premium;F;VS2;61.2;60;4.63;4.59;2.82;957
0.37;Ideal;F;VS2;61.4;56;4.63;4.59;2.83;957
0.37;Premium;F;VS2;61;58;4.63;4.61;2.82;957
0.37;Very Good;F;VS2;63.3;56;4.63;4.56;2.91;957
0.37;Premium;F;VS2;61.9;59;4.61;4.57;2.84;957
0.37;Premium;F;VS2;62.7;58;4.58;4.55;2.86;957
0.37;Premium;F;VS2;61.9;58;4.6;4.54;2.83;957
0.33;Ideal;D;VS1;60.9;57;4.5;4.47;2.73;957
0.31;Very Good;E;IF;61.6;54;4.38;4.42;2.71;958
0.5;Good;D;SI2;58.5;64;5.2;5.12;3.02;958
0.5;Good;D;SI2;63.1;56;5.05;4.96;3.16;958
0.42;Very Good;E;VS2;62.8;59;4.76;4.8;3;958
0.42;Ideal;E;VS2;61.8;57;4.77;4.81;2.96;958
0.42;Ideal;E;VS2;62.4;55;4.79;4.83;3;958
0.42;Premium;E;VS2;60.9;59;4.81;4.85;2.94;958
0.42;Ideal;E;VS2;62.4;55;4.79;4.8;2.99;958
0.39;Ideal;F;VS1;62.2;56;4.63;4.7;2.9;958
0.39;Premium;D;VS2;61.3;58;4.7;4.73;2.89;958
0.39;Very Good;D;VS2;60.2;59;4.74;4.76;2.86;958
0.42;Ideal;E;VS2;62.4;55;4.79;4.83;3;958
0.42;Ideal;E;VS2;62;55;4.8;4.82;2.98;958
0.42;Premium;E;VS2;61;60;4.82;4.85;2.95;958
0.42;Ideal;E;VS2;61.3;56;4.81;4.85;2.96;958
0.39;Very Good;G;VVS2;60.7;61;4.7;4.73;2.86;958
0.42;Premium;E;VS2;61;59;4.82;4.85;2.95;958
0.42;Ideal;E;VS2;62.3;55;4.77;4.83;2.99;958
0.42;Ideal;E;VS2;62.2;55;4.79;4.83;2.99;958
0.42;Very Good;E;VS2;61.9;59;4.75;4.81;2.96;958
0.39;Ideal;F;VS1;62.3;57;4.65;4.69;2.91;958
0.39;Premium;D;VS2;61.4;60;4.7;4.72;2.89;958
0.42;Ideal;E;VS2;62.1;56;4.77;4.8;2.97;958
0.42;Ideal;E;VS2;61.7;56;4.8;4.82;2.97;958
0.5;Ideal;H;SI2;62.9;57;5.04;5.01;3.16;958
0.5;Premium;H;SI2;61;58;5.14;5.05;3.11;958
0.32;Ideal;F;IF;61.2;57;4.44;4.45;2.72;958
0.31;Ideal;E;IF;62.2;53;4.35;4.4;2.72;958
0.4;Very Good;E;VS1;62.9;56;4.67;4.71;2.95;959
0.51;Good;I;SI1;63.1;56;5.06;5.14;3.22;959
0.34;Ideal;F;VVS1;61.7;55;4.51;4.5;2.78;959
0.55;Ideal;H;SI2;61.4;55;5.27;5.29;3.24;959
0.35;Ideal;G;IF;60.7;57;4.59;4.61;2.79;959
0.35;Ideal;G;IF;60.2;57;4.6;4.64;2.78;959
0.5;Good;J;SI1;59.6;60;5.15;5.18;3.08;959
0.31;Ideal;F;VVS1;61.8;56;4.36;4.34;2.69;959
0.31;Ideal;F;VVS1;62.1;56;4.38;4.35;2.71;959
0.31;Premium;F;VVS1;62.4;60;4.31;4.28;2.68;959
0.31;Ideal;F;VVS1;62.4;57;4.32;4.3;2.69;959
0.31;Premium;F;VVS1;61.8;59;4.35;4.33;2.68;959
0.33;Ideal;H;IF;61;55;4.5;4.49;2.74;959
0.33;Ideal;H;IF;60.5;56;4.54;4.52;2.74;959
0.33;Ideal;H;IF;60.6;57;4.51;4.5;2.73;959
0.4;Ideal;E;VS1;62.1;55;4.79;4.75;2.96;960
0.41;Very Good;E;VS2;62.5;56;4.75;4.79;2.98;960
0.41;Ideal;G;VVS2;60.9;56;4.81;4.84;2.94;960
0.37;Ideal;F;VVS1;61.3;55;4.62;4.65;2.84;960
0.4;Ideal;F;VS1;61.4;57;4.74;4.77;2.92;960
0.48;Premium;G;SI1;59.7;59;5.07;5.04;3.02;960
0.4;Fair;G;SI1;59.9;67;4.81;4.77;2.87;960
0.32;Ideal;E;VS2;60.2;57;4.51;4.46;2.7;960
0.42;Ideal;G;VVS2;62.3;53;4.83;4.86;3.02;961
0.42;Ideal;D;VS2;61.5;55;4.83;4.86;2.98;961
0.42;Ideal;I;IF;62.1;54;4.82;4.84;3;961
0.42;Ideal;I;IF;61.7;55;4.83;4.86;2.99;961
0.42;Ideal;I;IF;62;54;4.82;4.85;3;961
0.34;Ideal;D;VS1;62.6;56;4.52;4.49;2.82;961
0.41;Premium;H;VVS2;62.2;58;4.74;4.71;2.94;961
0.41;Ideal;H;VVS2;62.5;56;4.77;4.74;2.97;961
0.41;Ideal;H;VVS2;62;56;4.78;4.74;2.95;961
0.41;Premium;G;VS1;60.7;58;4.83;4.79;2.92;961
0.41;Premium;G;VS1;60.2;59;4.84;4.79;2.9;961
0.41;Ideal;G;VS1;60.8;57;4.84;4.8;2.93;961
0.41;Premium;G;VS1;60.5;57;4.85;4.81;2.92;961
0.41;Ideal;G;VS1;59.8;57;4.86;4.81;2.89;961
0.41;Premium;G;VS1;62.3;56;4.8;4.77;2.98;961
0.41;Premium;G;VS1;60;61;4.86;4.77;2.89;961
0.41;Ideal;G;VS1;61.4;55;4.8;4.78;2.94;961
0.41;Ideal;G;VS1;61.7;57;4.81;4.78;2.96;961
0.41;Ideal;G;VS1;60.8;56;4.82;4.79;2.92;961
0.41;Premium;G;VS1;61.9;58;4.78;4.75;2.95;961
0.41;Premium;G;VS1;60.5;58;4.8;4.76;2.89;961
0.41;Premium;G;VS1;61.5;58;4.8;4.76;2.94;961
0.41;Ideal;G;VS1;61.9;57;4.81;4.76;2.96;961
0.41;Ideal;G;VS1;61.5;56;4.79;4.77;2.94;961
0.24;Very Good;F;VVS1;60.6;60;4.03;4.06;2.45;478
0.24;Very Good;F;VVS1;59.4;60;4.04;4.08;2.41;478
0.24;Very Good;F;VVS1;57.2;63;4.1;4.15;2.36;478
0.23;Very Good;E;VVS1;62.5;54;3.94;3.96;2.47;478
0.24;Very Good;E;VVS1;63.4;57;3.91;3.95;2.49;478
0.23;Very Good;E;VVS1;61.2;57;3.96;3.98;2.43;478
0.23;Very Good;E;VVS1;62.9;58;3.94;3.95;2.48;478
0.23;Very Good;E;VVS1;60.2;59;3.97;4.01;2.4;478
0.23;Very Good;E;VVS1;61.7;59;3.97;4;2.46;478
0.24;Very Good;D;VVS1;59.2;59;4.04;4.1;2.41;478
0.23;Very Good;D;VVS1;63.3;57;3.9;3.93;2.48;478
0.34;Very Good;F;SI2;60.6;58;4.55;4.57;2.76;478
0.26;Ideal;H;VVS2;61.8;55.7;4.08;4.1;2.53;478
0.35;Ideal;J;VS1;61.5;56;4.56;4.58;2.81;478
0.26;Ideal;G;VS1;62.1;55;4.09;4.12;2.55;478
0.23;Good;D;VVS1;64.8;58;3.83;3.85;2.49;478
0.32;Ideal;H;SI1;61.8;55;4.39;4.41;2.72;479
0.32;Ideal;H;SI1;61;56;4.4;4.42;2.69;479
0.3;Very Good;D;SI1;58.8;63;4.32;4.35;2.55;479
0.28;Very Good;H;VVS1;58.5;61;4.27;4.31;2.51;480
0.25;Very Good;E;VS2;61.3;57;4.05;4.08;2.49;480
0.25;Very Good;F;VS1;60.7;57;4.06;4.09;2.47;480
0.27;Ideal;I;VVS2;61.3;56;4.15;4.17;2.55;480
0.27;Ideal;I;VVS2;61.6;55;4.17;4.21;2.58;480
0.33;Ideal;I;VS2;62.3;54;4.45;4.48;2.78;480
0.33;Ideal;I;VS2;61.4;56;4.45;4.48;2.74;480
0.27;Ideal;H;VS1;61.6;56;4.16;4.19;2.57;480
0.27;Ideal;H;VS1;61.6;56;4.18;4.2;2.58;480
0.28;Good;H;VVS1;56;64;4.38;4.41;2.46;480
0.32;Very Good;J;SI1;63.2;56;4.36;4.31;2.74;480
0.41;Premium;G;VS1;61.7;57;4.78;4.75;2.94;961
0.41;Premium;G;VS1;61.9;60;4.76;4.7;2.93;961
0.41;Premium;G;VS1;62.4;57;4.74;4.71;2.95;961
0.41;Premium;G;VS1;62.1;60;4.78;4.72;2.95;961
0.41;Premium;G;VS1;62.5;59;4.77;4.73;2.97;961
0.41;Ideal;G;VS1;61.6;57;4.77;4.74;2.93;961
0.41;Premium;G;VS1;62.7;57;4.77;4.74;2.98;961
0.41;Ideal;G;VS1;62.4;57;4.75;4.7;2.95;961
0.41;Premium;G;VS1;62.6;58;4.75;4.7;2.96;961
0.34;Ideal;D;VS1;60.7;57;4.55;4.51;2.75;961
0.39;Very Good;E;VVS2;62.2;55;4.66;4.7;2.91;962
0.42;Ideal;G;VVS2;61.4;54;4.81;4.9;2.98;962
0.41;Ideal;H;VS1;61.8;56;4.78;4.73;2.94;962
0.38;Good;G;VS1;63.9;60;4.59;4.52;2.91;962
0.43;Premium;D;VS2;59.7;59;4.93;4.89;2.93;963
0.4;Very Good;F;VVS2;63;57;4.63;4.7;2.94;963
0.4;Very Good;D;VS1;63.2;60;4.65;4.69;2.95;963
0.42;Premium;G;VVS2;61.6;60;4.8;4.85;2.97;963
0.5;Good;J;VS2;57.7;60;5.28;5.26;3.04;963
0.38;Ideal;F;VVS2;62;55;4.66;4.7;2.9;963
0.38;Ideal;F;VVS2;61.3;55;4.71;4.72;2.89;963
0.38;Ideal;F;VVS2;60.8;58;4.69;4.72;2.86;963
0.38;Ideal;F;VVS2;60.8;53;4.72;4.76;2.88;963
0.24;Ideal;F;VVS1;61.1;56;4.01;4.05;2.47;963
0.5;Very Good;J;SI1;63.3;60;4.99;4.97;3.15;963
0.38;Ideal;E;VS2;61.9;57;4.66;4.61;2.87;963
0.51;Good;H;SI2;63.7;61;4.99;4.96;3.17;964
0.51;Premium;H;SI2;60;62;5.18;5.15;3.1;964
0.41;Premium;E;VS1;60.7;59;4.77;4.79;2.9;964
0.41;Ideal;E;VS1;62.2;55;4.76;4.79;2.97;964
0.33;Ideal;F;VVS1;61.5;56;4.46;4.49;2.75;964
0.54;Ideal;I;SI2;61.8;54;5.24;5.27;3.25;964
0.5;Ideal;H;SI2;62.4;55;5.09;5.11;3.18;964
0.5;Ideal;H;SI2;62.3;53;5.1;5.14;3.19;964
0.54;Ideal;J;SI1;62.5;54;5.22;5.25;3.27;964
0.41;Ideal;G;SI1;61.1;56;4.82;4.84;2.95;964
0.41;Ideal;G;SI1;61.6;55;4.81;4.84;2.97;964
0.35;Ideal;D;VS2;60.6;57;4.63;4.58;2.79;964
0.39;Very Good;F;VVS2;61.7;56;4.7;4.74;2.91;965
0.44;Premium;G;VS1;62.3;59;4.82;4.87;3.02;965
0.5;Good;J;VS2;63.2;60;5.01;5.06;3.18;965
0.5;Premium;I;SI1;61.7;58;5.09;5.15;3.16;965
0.55;Very Good;J;SI1;62.5;57;5.22;5.24;3.27;965
0.3;Premium;D;VVS2;62.4;58;4.3;4.26;2.67;965
0.3;Ideal;D;VVS2;62.9;56;4.29;4.27;2.69;965
0.33;Ideal;H;VVS1;61.7;56;4.48;4.46;2.76;965
0.33;Premium;H;VVS1;61.4;59;4.44;4.42;2.72;965
0.33;Ideal;H;VVS1;62.1;55;4.44;4.42;2.75;965
0.33;Ideal;H;VVS1;62.2;55;4.44;4.4;2.75;965
0.33;Premium;G;VVS2;60.6;58;4.5;4.47;2.72;965
0.33;Ideal;G;VVS2;60.1;57;4.51;4.48;2.7;965
0.33;Premium;G;VVS2;59.5;60;4.55;4.52;2.7;965
0.33;Very Good;G;VVS2;60;63;4.49;4.45;2.68;965
0.33;Premium;G;VVS2;60.9;59;4.49;4.45;2.72;965
0.33;Ideal;G;VVS2;61.5;56;4.49;4.45;2.75;965
0.33;Premium;G;VVS2;60.9;57;4.5;4.43;2.72;965
0.33;Premium;G;VVS2;61;58;4.48;4.44;2.72;965
0.33;Ideal;G;VVS2;61.7;56;4.46;4.42;2.74;965
0.33;Ideal;G;VVS2;61.7;55;4.46;4.42;2.74;965
0.33;Ideal;G;VVS2;62.7;55;4.46;4.41;2.78;965
0.33;Premium;G;VVS2;61.2;57;4.44;4.42;2.71;965
0.33;Premium;G;VVS2;61.7;58;4.42;4.39;2.72;965
0.33;Premium;G;VVS2;61.7;59;4.42;4.39;2.72;965
0.33;Premium;G;VVS2;61.9;58;4.43;4.39;2.73;965
0.33;Ideal;G;VVS2;62.5;54;4.45;4.41;2.77;965
0.33;Premium;G;VVS2;62;59;4.46;4.41;2.75;965
0.33;Ideal;G;VVS2;63;57;4.42;4.38;2.77;965
0.3;Good;F;VVS1;63.7;59;4.24;4.17;2.68;965
0.49;Premium;H;VS2;59.6;62;5.17;5.14;3.07;965
0.33;Premium;G;VVS2;62.8;57;4.47;4.39;2.78;965
0.35;Very Good;F;VVS1;61.6;56;4.53;4.55;2.79;966
0.42;Premium;F;SI1;60.6;58;4.89;4.81;2.94;966
0.4;Premium;G;VS2;61.9;58;4.76;4.74;2.94;966
0.4;Premium;G;VS2;60.4;58;4.78;4.75;2.88;966
0.4;Very Good;D;VS1;63.3;57;4.66;4.72;2.97;967
0.4;Very Good;D;VS1;64.2;57;4.67;4.7;3.01;967
0.4;Very Good;D;VS1;63.1;55;4.7;4.74;2.98;967
0.38;Premium;H;VVS1;61.2;60;4.68;4.7;2.87;967
0.38;Very Good;H;VVS1;59.1;58;4.71;4.76;2.8;967
0.38;Good;H;VVS1;63.3;58;4.57;4.62;2.91;967
0.4;Ideal;G;VVS1;61.7;57;4.75;4.78;2.94;967
0.34;Ideal;F;VVS1;61.4;57;4.5;4.53;2.77;967
0.34;Ideal;F;VVS1;62;56;4.45;4.49;2.77;967
0.34;Ideal;D;VS2;61;56;4.51;4.54;2.76;967
0.34;Ideal;D;VS2;61.4;55;4.51;4.54;2.78;967
0.46;Good;E;SI1;62.7;58;4.87;4.92;3.07;967
0.35;Ideal;E;VVS1;61.8;56;4.53;4.5;2.79;967
0.35;Ideal;E;VVS1;61.9;56;4.55;4.53;2.81;967
0.31;Ideal;E;VS1;61.2;55;4.42;4.4;2.7;967
0.32;Premium;E;IF;60;61;4.5;4.46;2.69;967
0.36;Very Good;E;VVS2;61.8;58;4.55;4.58;2.82;968
0.4;Very Good;H;VVS1;63.9;57;4.62;4.68;2.97;968
0.46;Very Good;E;SI1;61.8;57;4.93;4.98;3.06;968
0.38;Ideal;E;VS2;61.5;54;4.67;4.69;2.88;968
0.33;Ideal;G;IF;61.7;58;4.42;4.46;2.74;968
0.43;Ideal;G;SI1;62.9;55;4.87;4.83;3.05;968
0.43;Ideal;I;VVS1;62.2;57;4.84;4.81;3;968
0.43;Ideal;I;VVS1;63;56;4.86;4.83;3.05;968
0.43;Premium;G;SI1;62.7;56;4.83;4.8;3.02;968
0.43;Premium;G;SI1;60.4;58;4.9;4.87;2.95;968
0.43;Premium;F;VS2;61.2;59;4.87;4.84;2.97;968
0.43;Premium;F;VS2;61.1;57;4.9;4.86;2.98;968
0.43;Ideal;F;VS2;61.1;56;4.91;4.88;2.99;968
0.43;Premium;F;VS2;59.8;58;4.94;4.89;2.94;968
0.43;Premium;F;VS2;61;57;4.87;4.84;2.96;968
0.43;Premium;F;VS2;61.3;59;4.84;4.81;2.96;968
0.43;Premium;G;SI1;62.3;59;4.81;4.79;2.99;968
0.42;Ideal;H;VVS1;61.8;55;4.8;4.85;2.98;969
0.48;Ideal;G;SI1;61.4;56;5.02;5.07;3.1;969
0.55;Good;J;VS1;63.8;61;5.09;5.12;3.26;969
0.41;Ideal;F;SI1;62.8;57;4.73;4.69;2.96;969
0.41;Good;I;VS1;63.7;57;4.72;4.67;2.99;969
0.41;Ideal;I;VS1;60.9;53;4.85;4.8;2.94;969
0.41;Premium;F;SI1;59.8;59;4.85;4.82;2.89;969
0.41;Premium;F;SI1;61;60;4.81;4.77;2.92;969
0.41;Premium;F;SI1;61.8;58;4.76;4.75;2.94;969
0.41;Premium;F;SI1;62.6;55;4.78;4.74;2.98;969
0.41;Ideal;F;SI1;62.9;56;4.73;4.71;2.97;969
0.41;Ideal;F;SI1;62.7;57;4.74;4.7;2.96;969
0.41;Good;F;SI1;63.9;56;4.74;4.68;3.01;969
0.41;Very Good;F;SI1;63.3;57;4.72;4.69;2.98;969
0.41;Very Good;F;SI1;63.2;59;4.72;4.68;2.97;969
0.41;Premium;E;SI1;60.2;60;4.82;4.78;2.89;969
0.41;Premium;E;SI1;61;59;4.82;4.78;2.93;969
0.41;Premium;E;SI1;60.1;60;4.83;4.79;2.89;969
0.41;Premium;E;SI1;61.4;56;4.81;4.77;2.94;969
0.41;Premium;E;SI1;60.5;61;4.8;4.78;2.9;969
0.41;Ideal;E;SI1;62.1;54;4.81;4.76;2.97;969
0.41;Ideal;E;SI1;62.5;57;4.79;4.74;2.98;969
0.41;Premium;E;SI1;62.4;58;4.77;4.75;2.97;969
0.41;Premium;E;SI1;61.3;58;4.8;4.76;2.93;969
0.41;Ideal;E;SI1;62.6;57;4.73;4.72;2.96;969
0.41;Ideal;E;SI1;62.9;56;4.76;4.72;2.98;969
0.41;Ideal;E;SI1;62.9;57;4.76;4.72;2.98;969
0.41;Very Good;E;SI1;63.3;57;4.75;4.73;3;969
0.41;Ideal;E;SI1;62.5;55;4.77;4.73;2.97;969
0.41;Ideal;E;SI1;62.9;57;4.78;4.73;2.99;969
0.41;Premium;E;SI1;62.8;59;4.75;4.74;2.98;969
0.41;Ideal;E;SI1;62.7;57;4.77;4.74;2.98;969
0.41;Ideal;E;SI1;62.4;55;4.78;4.74;2.97;969
0.41;Good;E;SI1;63.9;58;4.72;4.7;3.01;969
0.41;Very Good;E;SI1;63.5;57;4.73;4.69;2.99;969
0.31;Premium;E;VVS1;58.9;59;4.48;4.41;2.62;969
0.38;Ideal;G;SI1;62.1;54;4.67;4.64;2.9;969
0.38;Ideal;G;SI1;61.8;54;4.69;4.67;2.9;969
0.38;Ideal;G;SI1;62;55;4.67;4.64;2.89;969
0.38;Ideal;F;VS2;62.4;54;4.65;4.6;2.89;969
0.38;Ideal;F;VS2;61.9;55;4.69;4.63;2.89;969
0.38;Ideal;F;VS2;61.9;55;4.68;4.64;2.89;969
0.38;Ideal;G;SI1;61.6;56;4.68;4.63;2.86;969
0.4;Premium;H;SI1;61.9;57;4.75;4.71;2.93;969
0.5;Fair;I;VS1;66.9;56;4.85;4.81;3.23;969
0.38;Very Good;G;VVS1;59.9;56;4.73;4.75;2.84;970
0.4;Ideal;I;VVS2;61.8;56;4.76;4.79;2.95;970
0.33;Ideal;E;VVS2;60;56;4.53;4.56;2.72;970
0.39;Ideal;F;VS2;61.2;57;4.69;4.73;2.88;970
0.43;Good;E;VS1;59.9;61;4.89;4.93;2.94;970
0.44;Good;F;SI1;63.8;54;4.85;4.8;3.08;970
0.42;Premium;D;SI1;61.5;58;4.83;4.8;2.96;970
0.42;Premium;D;SI1;60.2;57;4.89;4.85;2.93;970
0.42;Ideal;D;SI1;63;57;4.81;4.77;3.02;970
0.42;Ideal;D;SI1;61.9;55;4.84;4.79;2.98;970
0.42;Ideal;D;SI1;63;55;4.79;4.76;3.01;970
0.44;Very Good;E;SI1;63.4;57;4.85;4.81;3.06;970
0.44;Very Good;E;SI1;63.2;53;4.87;4.84;3.07;970
0.39;Very Good;E;VVS2;61.9;58;4.66;4.68;2.89;971
0.52;Ideal;D;I1;61.1;57;5.18;5.2;3.17;971
0.39;Very Good;F;VS1;62;56;4.72;4.64;2.9;971
0.37;Premium;D;VVS2;60.7;59;4.63;4.66;2.82;971
0.39;Ideal;F;VS2;62.3;55;4.69;4.71;2.93;971
0.37;Premium;E;VVS2;59.6;60;4.75;4.68;2.81;971
0.36;Ideal;D;VVS2;60.7;56;4.59;4.63;2.8;971
0.41;Ideal;H;VVS1;60.5;55;4.83;4.89;2.94;971
0.33;Ideal;G;VVS1;61;56;4.49;4.52;2.75;971
0.4;Ideal;F;VS1;61.8;55;4.76;4.78;2.95;971
0.42;Ideal;G;SI2;60.9;56;4.87;4.89;2.97;971
0.33;Ideal;F;IF;62.2;53;4.47;4.5;2.79;971
0.33;Ideal;F;IF;61.3;55;4.48;4.49;2.75;971
0.37;Premium;E;VS2;60.2;58;4.68;4.65;2.81;971
0.37;Premium;E;VS2;60.6;58;4.65;4.62;2.81;971
0.4;Very Good;F;VVS2;62.9;55;4.72;4.75;2.98;972
0.4;Ideal;F;VVS2;61.1;57;4.73;4.8;2.91;972
0.32;Ideal;E;VS1;61.5;56;4.4;4.38;2.7;972
0.32;Ideal;E;VS1;61.9;56;4.41;4.38;2.72;972
0.32;Premium;D;VS2;62;57;4.42;4.38;2.73;972
0.32;Ideal;D;VS2;62.4;57;4.38;4.34;2.72;972
0.32;Ideal;E;VS1;61.7;56;4.42;4.39;2.72;972
0.32;Ideal;E;VS1;61.7;57;4.42;4.39;2.72;972
0.32;Ideal;E;VS1;61.8;55;4.43;4.4;2.73;972
0.32;Ideal;E;VS1;61.6;57;4.39;4.35;2.69;972
0.32;Ideal;E;VS1;59.9;55;4.49;4.46;2.68;972
0.32;Ideal;D;VS2;61.7;57;4.39;4.36;2.7;972
0.32;Ideal;D;VS2;62.2;56;4.39;4.36;2.72;972
0.36;Premium;I;IF;59.9;59;4.63;4.58;2.76;972
0.32;Ideal;D;VS2;61;56;4.46;4.42;2.71;972
0.32;Ideal;D;VS2;61;57;4.46;4.42;2.71;972
0.32;Ideal;D;VS2;60.5;56;4.48;4.45;2.7;972
0.32;Ideal;D;VS2;62.1;54;4.46;4.4;2.75;972
0.32;Ideal;D;VS2;61.5;56;4.44;4.41;2.72;972
0.32;Premium;D;VS2;60.3;60;4.44;4.42;2.67;972
0.32;Ideal;D;VS2;62.7;57;4.44;4.4;2.77;972
0.32;Ideal;D;VS2;62.1;56;4.43;4.39;2.74;972
0.32;Ideal;D;VS2;62.3;57;4.41;4.39;2.74;972
0.32;Ideal;D;VS2;61.5;56;4.42;4.39;2.71;972
0.32;Ideal;D;VS2;61.9;55;4.43;4.39;2.73;972
0.32;Ideal;D;VS2;61.1;56;4.41;4.39;2.69;972
0.32;Ideal;D;VS2;62;55;4.42;4.38;2.73;972
0.32;Premium;D;VS2;61.7;59;4.43;4.38;2.72;972
0.32;Ideal;D;VS2;61.7;54;4.43;4.38;2.72;972
0.32;Ideal;D;VS2;62.5;56;4.45;4.38;2.76;972
0.32;Ideal;D;VS2;62.2;56;4.4;4.38;2.73;972
0.32;Ideal;D;VS2;62;55;4.41;4.37;2.72;972
0.32;Ideal;D;VS2;62.2;55;4.41;4.37;2.73;972
0.32;Ideal;D;VS2;61.3;56;4.41;4.37;2.69;972
0.32;Ideal;D;VS2;61.6;56;4.4;4.37;2.7;972
0.32;Ideal;D;VS2;61.6;56;4.4;4.37;2.7;972
0.32;Ideal;D;VS2;62.6;55;4.39;4.37;2.74;972
0.32;Ideal;D;VS2;62.5;57;4.39;4.34;2.73;972
0.32;Ideal;D;VS2;61.8;57;4.36;4.35;2.69;972
0.32;Ideal;D;VS2;62.7;54;4.38;4.36;2.74;972
0.32;Ideal;D;VS2;61.9;57;4.39;4.37;2.71;972
0.32;Premium;D;VS2;61.7;58;4.38;4.34;2.69;972
0.48;Premium;H;SI2;58.5;59;5.16;5.13;3.01;972
0.46;Fair;I;VS1;65.6;57;4.85;4.82;3.17;972
0.54;Premium;H;SI2;61.8;60;5.2;5.16;3.2;972
0.32;Ideal;D;VS2;62.6;57;4.41;4.37;2.75;972
0.32;Ideal;D;VS2;61.9;55;4.44;4.41;2.74;972
0.32;Ideal;D;VVS1;61.8;56;4.4;4.37;2.71;973
0.32;Premium;D;VVS1;62;60;4.4;4.37;2.72;973
0.38;Ideal;G;VVS1;62.1;56;4.61;4.64;2.87;973
0.34;Ideal;E;VVS1;61.4;56;4.51;4.54;2.78;973
0.34;Ideal;E;VVS1;62.2;54;4.52;4.55;2.82;973
0.53;Ideal;I;SI2;62;54;5.19;5.23;3.23;973
0.51;Ideal;G;SI2;60.6;57;5.17;5.2;3.14;973
0.46;Ideal;I;VS1;62.3;56;4.96;4.93;3.08;974
0.41;Very Good;F;VS1;61.5;57;4.77;4.81;2.95;974
0.52;Very Good;I;SI2;60.9;59;5.14;5.18;3.14;974
0.39;Ideal;G;VVS2;61.1;56;4.7;4.72;2.88;974
0.35;Ideal;G;IF;61.8;56;4.52;4.57;2.81;974
0.4;Good;G;VVS2;61.4;64;4.65;4.7;2.87;974
0.33;Ideal;F;VVS2;60.9;56;4.47;4.5;2.73;974
0.46;Ideal;I;VVS1;61.7;57;4.96;4.99;3.07;974
0.34;Ideal;G;IF;61.2;56;4.53;4.55;2.78;974
0.34;Ideal;G;IF;62.1;54;4.48;4.5;2.79;974
0.34;Ideal;G;IF;61.4;56;4.5;4.53;2.77;974
0.34;Ideal;G;IF;61.9;54;4.51;4.53;2.8;974
0.34;Ideal;G;IF;61.5;55;4.51;4.53;2.78;974
0.34;Ideal;G;IF;61;55;4.51;4.54;2.76;974
0.34;Ideal;G;IF;61.3;56;4.52;4.55;2.78;974
0.34;Ideal;G;IF;61.9;54;4.5;4.52;2.79;974
0.34;Ideal;G;IF;60.9;56;4.5;4.53;2.75;974
0.34;Ideal;G;IF;61.9;55;4.51;4.54;2.8;974
0.34;Ideal;G;IF;62.2;53;4.49;4.52;2.8;974
0.34;Ideal;G;IF;61.6;54;4.49;4.53;2.78;974
0.34;Ideal;G;IF;61.3;55;4.53;4.57;2.79;974
0.34;Ideal;G;IF;60.7;57;4.51;4.55;2.75;974
0.44;Good;F;SI2;56.6;63;5.11;5.06;2.88;974
0.38;Good;E;VVS1;62.4;64;4.61;4.59;2.87;975
0.38;Very Good;H;VVS1;60;57;4.75;4.79;2.86;975
0.52;Fair;F;SI2;56.3;59;5.41;5.35;3.03;975
0.31;Ideal;F;VVS1;61.6;55;4.36;4.41;2.7;975
0.31;Ideal;F;VVS1;61.1;56;4.37;4.4;2.68;975
0.43;Ideal;F;SI1;62.5;56;4.84;4.82;3.02;975
0.43;Ideal;E;SI1;62.6;56;4.82;4.79;3.01;975
0.4;Ideal;E;VS2;61.1;56;4.77;4.75;2.91;975
0.4;Premium;E;VS2;59.3;59;4.81;4.77;2.84;975
0.4;Ideal;E;VS2;62.2;56;4.74;4.72;2.94;975
0.4;Premium;E;VS2;61.9;59;4.75;4.72;2.93;975
0.4;Ideal;E;VS2;62.3;56;4.75;4.72;2.95;975
0.4;Ideal;E;VS2;62.9;55;4.74;4.73;2.98;975
0.4;Ideal;E;VS2;62.9;55;4.73;4.72;2.97;975
0.4;Premium;E;VS2;60.7;60;4.75;4.7;2.87;975
0.4;Premium;E;VS2;62.2;59;4.74;4.71;2.94;975
0.4;Ideal;E;VS2;62.4;55;4.74;4.71;2.95;975
0.4;Ideal;E;VS2;62.4;56;4.74;4.71;2.95;975
0.4;Ideal;E;VS2;62.6;57;4.73;4.7;2.95;975
0.4;Ideal;E;VS2;62;57;4.7;4.66;2.9;975
0.4;Premium;E;VS2;62.2;58;4.72;4.67;2.92;975
0.4;Premium;E;VS2;62.5;58;4.73;4.65;2.93;975
0.4;Ideal;F;VS2;61.9;55;4.77;4.73;2.94;975
0.52;Premium;H;SI2;60.9;61;5.15;5.1;3.12;975
0.5;Good;F;SI1;64.3;57;5.03;4.94;3.21;975
0.39;Premium;E;VS2;59.7;59;4.83;4.79;2.87;975
0.43;Very Good;G;VVS2;61.7;56;4.84;4.88;2.99;976
0.43;Very Good;G;VVS2;60.2;56;4.95;4.97;2.99;976
0.41;Very Good;G;VS1;60.6;56;4.83;4.87;2.94;976
0.3;Ideal;G;VVS1;61.9;55;4.32;4.34;2.68;976
0.43;Good;D;VS2;59.9;61;4.84;4.88;2.91;976
0.51;Very Good;J;SI1;63.2;56;5.06;5.1;3.21;977
0.4;Very Good;D;VVS2;59.4;61;4.77;4.82;2.85;977
0.4;Very Good;D;VVS2;58.4;60;4.81;4.84;2.82;977
0.4;Ideal;G;VVS1;61.3;56;4.74;4.75;2.91;977
0.32;Ideal;D;VS1;61.2;55;4.41;4.45;2.71;977
0.31;Ideal;F;VVS2;61.2;56;4.39;4.37;2.68;977
0.31;Ideal;F;VVS2;62.4;55;4.36;4.33;2.71;977
0.31;Ideal;H;IF;60.8;57;4.4;4.38;2.67;977
0.31;Premium;G;VVS1;58;62;4.47;4.42;2.58;977
0.31;Ideal;G;VVS1;62.8;57;4.33;4.3;2.71;977
0.31;Premium;H;IF;60.4;58;4.43;4.41;2.67;977
0.31;Premium;F;IF;61.9;58;4.39;4.36;2.71;977
0.32;Premium;J;SI1;61.6;58;4.4;4.36;2.7;480
0.32;Very Good;I;SI2;63.4;56;4.37;4.34;2.76;480
0.32;Very Good;I;SI2;63.1;58;4.41;4.34;2.76;480
0.32;Premium;J;SI1;63;58;4.35;4.32;2.73;480
0.29;Very Good;E;VS1;61.4;61;4.22;4.25;2.6;481
0.28;Ideal;H;VS1;62.3;55;4.21;4.24;2.63;481
0.34;Ideal;D;SI2;61.4;56;4.5;4.55;2.78;481
0.28;Ideal;F;SI1;60.6;55;4.26;4.3;2.6;481
0.32;Very Good;H;SI1;61.8;56;4.38;4.41;2.71;482
0.26;Ideal;H;VS1;62.3;54;4.07;4.11;2.55;482
0.26;Ideal;H;VS1;62.2;55;4.12;4.14;2.57;482
0.26;Ideal;H;VS1;62.1;55;4.07;4.11;2.54;482
0.26;Ideal;H;VS1;62.2;54;4.09;4.11;2.55;482
0.26;Ideal;H;VS1;62.2;55;4.08;4.09;2.54;482
0.35;Ideal;J;VS1;62.6;53.7;4.51;4.54;2.83;483
0.3;Good;J;VVS2;57.4;61;4.41;4.44;2.54;483
0.23;Very Good;F;VS1;63.2;58;3.89;3.86;2.45;483
0.23;Very Good;G;VVS1;61.5;56;3.92;3.96;2.42;484
0.23;Very Good;G;VVS1;62;56;3.95;3.98;2.46;484
0.3;Very Good;G;VS2;62.1;57;4.27;4.29;2.66;484
0.23;Ideal;H;VVS1;61.1;55;3.98;4.01;2.44;484
0.3;Ideal;G;VS2;61;57;4.33;4.36;2.65;484
0.4;Ideal;I;SI2;61;58;4.74;4.77;2.9;484
0.3;Good;F;VS2;63.1;55;4.24;4.29;2.69;484
0.3;Good;F;VS2;63.5;55;4.25;4.28;2.71;484
0.24;Very Good;E;VVS2;63.6;54;3.96;4;2.53;485
0.24;Very Good;E;VVS2;64.4;53;3.92;3.94;2.53;485
0.24;Very Good;E;VVS2;63.3;57;3.95;3.98;2.51;485
0.24;Very Good;E;VVS2;63.4;57;3.95;3.97;2.51;485
0.24;Very Good;E;VVS2;62.9;57;3.96;3.99;2.5;485
0.32;Good;F;VVS1;63.8;54;4.38;4.31;2.77;977
0.31;Premium;G;VVS1;59.8;62;4.41;4.35;2.62;977
0.52;Good;I;SI1;63.6;60;5.05;5.1;3.23;978
0.52;Very Good;I;SI1;62.5;59;5.06;5.12;3.18;978
0.52;Good;I;SI1;63.3;55;5.1;5.13;3.24;978
0.45;Ideal;J;VVS1;61.9;56;4.93;4.95;3.06;978
0.39;Ideal;G;VVS1;62;56;4.66;4.7;2.9;978
0.38;Ideal;F;VS1;62.5;56;4.6;4.62;2.88;978
0.33;Ideal;D;VS1;61.2;55;4.48;4.51;2.75;978
0.33;Ideal;D;VS1;61;56;4.49;4.52;2.75;978
0.54;Ideal;J;SI2;61.3;58;5.24;5.27;3.22;978
0.33;Ideal;F;IF;61.8;56;4.42;4.46;2.74;978
0.5;Premium;G;SI2;60.7;57;5.15;5.07;3.1;978
0.7;Fair;G;I1;68.3;56;5.52;5.4;3.73;978
0.3;Ideal;E;VVS1;62.5;54;4.32;4.29;2.69;979
0.31;Ideal;F;IF;62;56;4.32;4.36;2.69;979
0.31;Ideal;F;IF;62.1;56;4.33;4.36;2.7;979
0.31;Ideal;F;IF;61.8;54;4.33;4.37;2.69;979
0.31;Ideal;F;IF;62.2;56;4.31;4.34;2.69;979
0.31;Ideal;F;IF;62.1;55;4.34;4.35;2.7;979
0.31;Premium;F;IF;61.5;58;4.33;4.35;2.67;979
0.31;Ideal;E;VVS2;61.2;56;4.37;4.39;2.68;979
0.31;Ideal;E;VVS2;60.9;56;4.39;4.41;2.68;979
0.38;Ideal;G;VVS1;59.7;60;4.71;4.74;2.82;979
0.38;Ideal;E;VS1;62.6;53.5;4.61;4.66;2.9;979
0.38;Ideal;E;VS1;61.9;55.2;4.62;4.65;2.87;979
0.39;Ideal;D;VS1;61.8;57;4.68;4.7;2.9;979
0.46;Ideal;G;SI1;61.5;55;4.98;5.01;3.07;979
0.35;Ideal;G;IF;62.6;57;4.51;4.53;2.82;979
0.35;Ideal;G;IF;60.2;55;4.63;4.64;2.79;979
0.35;Ideal;G;IF;61.2;57;4.54;4.57;2.79;979
0.32;Premium;H;IF;61.8;58;4.39;4.35;2.7;979
0.5;Good;D;SI2;63.7;60;5.09;5.02;3.22;979
0.3;Premium;D;VS1;61.6;57;4.33;4.3;2.66;979
0.4;Very Good;E;VS1;60.3;58;4.8;4.82;2.9;980
0.36;Ideal;H;IF;60.6;56;4.64;4.66;2.82;980
0.49;Premium;F;SI2;60.8;60;5.12;5.04;3.09;980
0.4;Premium;G;VVS2;61.3;59;4.78;4.74;2.92;980
0.4;Ideal;G;VS2;62.8;54;4.7;4.67;2.94;980
0.45;Fair;E;VS2;66.9;60;4.78;4.71;3.18;980
0.33;Very Good;F;VVS1;63.3;57;4.44;4.38;2.79;980
0.33;Very Good;E;VVS2;60.1;63;4.45;4.5;2.69;981
0.43;Ideal;E;VS2;62.1;56;4.83;4.87;3.01;981
0.43;Ideal;E;VS1;61.2;56;4.89;4.94;3.01;981
0.43;Very Good;E;VS2;62.8;56;4.79;4.86;3.03;981
0.43;Ideal;E;VS2;61.9;56;4.85;4.88;3.01;981
0.43;Premium;E;VS2;61.6;59;4.81;4.84;2.97;981
0.43;Ideal;E;VS2;62.2;57;4.8;4.84;3;981
0.43;Ideal;E;VS2;62;57;4.82;4.85;3;981
0.4;Good;E;VVS2;57.7;62;4.82;4.88;2.8;981
0.41;Good;E;VS2;63.1;64;4.66;4.63;2.93;981
0.31;Ideal;D;VVS2;61.6;56;4.38;4.34;2.69;982
0.31;Ideal;D;VVS2;62.4;56;4.38;4.34;2.72;982
0.31;Ideal;D;VVS2;61.9;56;4.39;4.37;2.71;982
0.31;Ideal;D;VVS2;62;56;4.37;4.34;2.7;982
0.31;Premium;F;VVS1;59.4;58;4.45;4.41;2.63;982
0.31;Ideal;D;VVS2;61.9;57;4.35;4.31;2.68;982
0.4;Very Good;F;VVS2;60.5;57;4.76;4.79;2.89;982
0.4;Premium;G;VVS2;62;58;4.68;4.74;2.92;982
0.4;Very Good;G;VVS2;58.9;58;4.8;4.84;2.84;982
0.4;Very Good;D;VS2;59.1;57;4.81;4.87;2.86;982
0.4;Very Good;F;VS1;62.9;58;4.67;4.71;2.95;982
0.4;Ideal;D;VS2;61.5;55;4.71;4.75;2.91;982
0.4;Very Good;F;VS1;62.5;57;4.69;4.72;2.94;982
0.4;Premium;F;VS1;61.9;59;4.67;4.7;2.9;982
0.4;Ideal;D;VS2;61.6;57;4.71;4.77;2.92;982
0.4;Premium;F;VS1;62.4;59;4.67;4.69;2.92;982
0.4;Very Good;G;VVS2;62.5;60;4.65;4.7;2.92;982
0.4;Premium;F;VS1;61.1;59;4.71;4.75;2.89;982
0.4;Premium;G;VVS2;59.7;58;4.78;4.8;2.86;982
0.4;Ideal;F;VS1;61.3;56;4.73;4.76;2.91;982
0.4;Premium;F;VS1;62.5;59;4.66;4.69;2.92;982
0.4;Premium;G;VVS2;61.1;58;4.74;4.76;2.9;982
0.4;Premium;F;VS1;60.5;60;4.76;4.8;2.89;982
0.4;Premium;D;VS2;62.4;59;4.7;4.72;2.94;982
0.4;Premium;D;VS2;61.7;59;4.73;4.76;2.93;982
0.4;Premium;G;VVS2;62.7;59;4.69;4.72;2.95;982
0.4;Premium;F;VS1;62.6;58;4.68;4.72;2.94;982
0.4;Very Good;F;VS1;60.4;61;4.74;4.77;2.87;982
0.4;Ideal;G;VVS2;62.4;56;4.72;4.74;2.95;982
0.4;Premium;D;VS2;62.5;59;4.66;4.72;2.93;982
0.4;Premium;F;VS1;60.4;59;4.75;4.76;2.87;982
0.4;Premium;F;VS1;61.4;58;4.73;4.75;2.91;982
0.4;Premium;F;VS1;60.3;60;4.77;4.81;2.89;982
0.4;Ideal;D;VS2;61.3;57;4.75;4.77;2.92;982
0.4;Premium;D;VS2;60.5;59;4.76;4.8;2.89;982
0.4;Ideal;I;IF;62.4;56;4.7;4.73;2.94;982
0.4;Premium;F;VS1;61.4;58;4.73;4.75;2.91;982
0.4;Very Good;F;VS1;61.5;59;4.71;4.76;2.91;982
0.4;Ideal;G;VVS2;62.4;56;4.64;4.68;2.91;982
0.4;Ideal;F;VS1;62.7;55;4.74;4.76;2.98;982
0.4;Very Good;D;VS2;62.8;57;4.68;4.72;2.95;982
0.4;Premium;D;VS2;61.7;59;4.72;4.75;2.92;982
0.4;Ideal;I;IF;62.2;56;4.71;4.75;2.94;982
0.4;Ideal;D;VS2;60.4;56;4.73;4.77;2.87;982
0.4;Ideal;F;VS1;61.1;56;4.75;4.78;2.91;982
0.4;Ideal;D;VS2;62.3;57;4.72;4.75;2.95;982
0.4;Ideal;D;VS2;61.3;56;4.74;4.79;2.92;982
0.4;Premium;G;VVS2;61.7;59;4.73;4.76;2.93;982
0.55;Ideal;J;SI1;61.2;55;5.29;5.3;3.24;982
0.5;Ideal;I;SI1;62;55;5.08;5.11;3.16;982
0.5;Ideal;I;SI1;61.9;58;5.06;5.09;3.14;982
0.5;Ideal;I;SI1;62;55;5.09;5.14;3.17;982
0.41;Good;E;VS2;61.1;61;4.77;4.82;2.93;982
0.3;Ideal;E;VVS1;61.1;56;4.38;4.36;2.67;982
0.46;Fair;F;VS2;66;58;4.9;4.76;3.19;982
0.39;Good;G;VS2;63.8;59;4.66;4.59;2.95;982
0.32;Very Good;D;VVS1;61.9;54;4.42;4.46;2.75;983
0.5;Very Good;G;SI2;58.6;61;5.16;5.21;3.04;983
0.37;Ideal;D;VVS2;60.5;57;4.65;4.68;2.82;983
0.46;Ideal;H;VS1;62.3;53;4.96;4.99;3.1;983
0.38;Ideal;D;VS1;61.8;54;4.67;4.71;2.9;983
0.38;Ideal;D;VS1;62.3;54;4.64;4.7;2.9;983
0.38;Ideal;D;VS1;61.9;53.5;4.66;4.69;2.9;983
0.51;Ideal;H;SI2;61.8;53;5.14;5.18;3.19;983
0.51;Ideal;H;SI2;62.5;55;5.1;5.14;3.2;983
0.51;Ideal;H;SI2;61.9;54;5.13;5.15;3.18;983
0.46;Ideal;F;SI1;61.6;54;4.97;5;3.07;983
0.38;Premium;G;VS2;59.9;58;4.77;4.72;2.84;983
0.38;Ideal;I;VVS2;62.6;54;4.65;4.62;2.9;983
0.38;Premium;H;VS1;61.6;58;4.7;4.65;2.88;983
0.38;Premium;G;VS2;59.2;60;4.73;4.7;2.79;983
0.38;Premium;G;VS2;59.3;59;4.74;4.71;2.8;983
0.38;Premium;G;VS2;60.4;57;4.7;4.67;2.83;983
0.38;Ideal;G;VS2;62.2;56;4.64;4.62;2.88;983
0.38;Premium;G;VS2;60.1;61;4.66;4.63;2.79;983
0.38;Premium;G;VS2;60.8;61;4.66;4.65;2.83;983
0.47;Ideal;J;SI1;60.6;54;5.04;5;3.09;983
0.36;Premium;F;VVS2;62.7;58;4.55;4.51;2.84;983
0.39;Ideal;H;VS2;60.6;55;4.81;4.76;2.9;983
0.33;Ideal;E;VVS1;61.2;56;4.45;4.51;2.74;984
0.33;Ideal;E;VVS1;61.5;57;4.44;4.47;2.74;984
0.33;Ideal;G;IF;61.8;55;4.45;4.48;2.76;984
0.33;Ideal;E;VVS1;61.8;57;4.4;4.43;2.73;984
0.33;Ideal;E;VVS1;61.5;56;4.46;4.49;2.75;984
0.33;Ideal;G;IF;61.3;57;4.42;4.46;2.72;984
0.33;Ideal;G;IF;61.6;56;4.45;4.48;2.75;984
0.33;Ideal;E;VVS1;60.9;56;4.46;4.48;2.72;984
0.34;Premium;D;VVS2;60.1;58;4.53;4.55;2.73;984
0.33;Ideal;G;IF;61.6;53;4.43;4.47;2.74;984
0.33;Premium;E;VVS1;60.1;58;4.47;4.51;2.7;984
0.33;Ideal;G;IF;61.6;55;4.48;4.51;2.77;984
0.33;Premium;G;IF;60.8;58;4.42;4.46;2.7;984
0.33;Good;G;IF;57.9;60;4.55;4.57;2.64;984
0.33;Ideal;E;VVS1;61.7;56;4.46;4.48;2.76;984
0.33;Ideal;G;IF;62.2;56;4.43;4.45;2.76;984
0.33;Ideal;G;IF;61.7;55;4.45;4.47;2.75;984
0.33;Premium;E;VVS1;59.7;58;4.49;4.52;2.69;984
0.33;Ideal;G;IF;62.1;56;4.41;4.44;2.75;984
0.33;Ideal;E;VVS1;61.7;56;4.42;4.46;2.74;984
0.33;Ideal;E;VVS1;60.2;57;4.47;4.5;2.7;984
0.33;Ideal;G;IF;61.9;54;4.42;4.46;2.75;984
0.51;Good;J;VS2;63.1;56;5.1;5.13;3.23;984
0.51;Premium;I;SI1;62.7;59;5.06;5.09;3.18;984
0.51;Very Good;J;VS2;61.9;61;5.09;5.12;3.16;984
0.51;Ideal;I;SI1;62.2;56;5.08;5.12;3.17;984
0.5;Very Good;H;SI1;63.1;55;5.09;5.02;3.19;984
0.31;Ideal;D;VVS1;60.4;56;4.38;4.43;2.66;984
0.3;Ideal;G;VS2;61.9;57;4.26;4.3;2.65;984
0.34;Ideal;G;IF;62.2;56;4.45;4.46;2.77;984
0.32;Ideal;F;IF;61.1;55;4.47;4.44;2.72;984
0.35;Premium;E;VS2;59.5;58;4.62;4.59;2.74;984
0.35;Ideal;E;VS2;62.2;56;4.53;4.51;2.81;984
0.35;Premium;F;VS1;60.7;58;4.58;4.54;2.77;984
0.35;Premium;E;VS2;60.4;60;4.55;4.52;2.74;984
0.35;Ideal;E;VS2;62.4;57;4.55;4.52;2.83;984
0.35;Ideal;E;VS2;62;57;4.55;4.51;2.81;984
0.42;Premium;H;VVS2;62.4;55;4.81;4.78;2.99;984
0.42;Premium;H;VVS2;62.4;57;4.83;4.78;3;984
0.42;Ideal;H;VVS2;62.9;56;4.79;4.75;3;984
0.42;Ideal;H;VVS2;62.4;56;4.8;4.78;2.99;984
0.42;Premium;G;VS1;59.4;59;4.9;4.86;2.9;984
0.42;Ideal;G;VS1;61.2;54;4.86;4.82;2.96;984
0.42;Premium;G;VS1;60.6;58;4.95;4.82;2.96;984
0.42;Ideal;G;VS1;61.4;56;4.85;4.82;2.97;984
0.42;Ideal;G;VS1;61.8;56;4.84;4.8;2.98;984
0.42;Premium;G;VS1;60.9;58;4.84;4.81;2.94;984
0.42;Ideal;G;VS1;62.7;54;4.83;4.8;3.02;984
0.42;Ideal;G;VS1;62;55;4.83;4.78;2.98;984
0.42;Ideal;G;VS1;61.8;57;4.82;4.79;2.97;984
0.42;Premium;G;VS1;60.5;59;4.83;4.79;2.91;984
0.42;Ideal;G;VS1;62.5;54;4.84;4.79;3.01;984
0.42;Premium;G;VS1;60.8;59;4.85;4.79;2.93;984
0.42;Ideal;G;VS1;61.3;57;4.81;4.78;2.94;984
0.42;Premium;G;VS1;62.4;59;4.8;4.78;2.99;984
0.42;Ideal;G;VS1;61.9;56;4.82;4.77;2.97;984
0.42;Premium;G;VS1;62.5;59;4.79;4.72;2.97;984
0.35;Ideal;H;IF;61.7;56;4.55;4.53;2.8;984
0.35;Ideal;H;IF;60.5;56;4.59;4.56;2.77;984
0.35;Ideal;H;IF;61.9;55;4.54;4.51;2.8;984
0.35;Premium;G;VVS1;59.3;61;4.62;4.58;2.73;984
0.35;Premium;E;VS2;60.9;59;4.56;4.54;2.77;984
0.35;Ideal;E;VS2;61.7;55;4.57;4.54;2.81;984
0.35;Premium;E;VS2;60.7;60;4.58;4.55;2.77;984
0.35;Premium;E;VS2;59.2;58;4.63;4.59;2.73;984
0.35;Premium;E;VS2;58.9;59;4.64;4.59;2.72;984
0.35;Premium;E;VS2;62.1;59;4.49;4.46;2.78;984
0.35;Ideal;E;VS2;61.6;55;4.54;4.49;2.78;984
0.35;Ideal;E;VS2;62.5;55;4.52;4.5;2.82;984
0.35;Ideal;E;VS2;62.1;56;4.53;4.52;2.81;984
0.35;Ideal;E;VS2;61.6;56;4.54;4.52;2.79;984
0.35;Ideal;E;VS2;62;55;4.54;4.52;2.81;984
0.35;Ideal;E;VS2;61.5;55;4.56;4.52;2.79;984
0.35;Ideal;E;VS2;61.7;56;4.56;4.52;2.8;984
0.35;Premium;E;VS2;61.6;58;4.57;4.52;2.8;984
0.53;Premium;E;SI2;62.2;57;5.2;5.16;3.22;984
0.53;Premium;E;SI2;59.9;58;5.31;5.27;3.17;984
0.53;Premium;E;SI2;59.9;58;5.31;5.27;3.17;984
0.53;Premium;E;SI2;62.2;57;5.2;5.16;3.22;984
0.35;Premium;F;VS1;60.5;58;4.59;4.57;2.77;984
0.5;Ideal;J;VS1;63;56;5.08;5.05;3.19;984
0.3;Premium;E;IF;61.9;61;4.32;4.27;2.66;984
0.43;Fair;H;SI1;62.7;66;4.78;4.72;2.98;984
0.43;Good;F;SI1;63.7;57;4.79;4.73;3.04;984
0.41;Premium;H;SI1;61.8;59;4.81;4.77;2.96;984
0.46;Fair;F;SI1;66.3;56;4.86;4.79;3.2;984
0.5;Good;F;SI2;57.7;62;5.22;5.18;3;984
0.49;Very Good;F;SI1;62.3;57;5.05;5.07;3.15;985
0.36;Ideal;G;IF;61.5;56;4.59;4.62;2.83;985
0.36;Ideal;G;IF;61.7;56;4.57;4.6;2.83;985
0.34;Ideal;F;IF;62.3;54;4.48;4.51;2.8;985
0.31;Ideal;F;VVS1;62.4;55;4.34;4.32;2.7;985
0.42;Premium;F;VS1;59.8;57;4.89;4.85;2.91;985
0.42;Ideal;F;VS1;60.6;56;4.87;4.83;2.94;985
0.39;Ideal;E;VS2;60.4;56;4.73;4.7;2.85;985
0.44;Very Good;H;VVS1;61;59;4.87;4.9;2.98;986
0.33;Ideal;E;VVS1;62.2;55;4.42;4.46;2.76;986
0.41;Good;G;VVS1;61;61;4.77;4.8;2.92;986
0.41;Good;D;VS1;60.2;62;4.8;4.84;2.9;986
0.44;Very Good;E;VS2;60.3;58;4.9;4.92;2.96;987
0.31;Very Good;E;IF;58.1;60;4.45;4.5;2.6;987
0.47;Premium;D;SI1;60.6;61;5.04;5;3.04;987
0.47;Good;D;SI1;63.8;59;4.9;4.88;3.12;987
0.37;Ideal;F;VVS2;61.1;56;4.62;4.65;2.83;987
0.39;Ideal;F;VVS2;61.2;56;4.7;4.75;2.89;987
0.43;Ideal;H;VVS1;61.7;56;4.86;4.9;3.01;987
0.31;Ideal;E;IF;61.9;54;4.38;4.41;2.72;987
0.31;Ideal;E;IF;62.2;54;4.33;4.35;2.7;987
0.31;Ideal;E;IF;60.9;55;4.39;4.41;2.68;987
0.5;Good;I;VS2;64.6;59;4.9;4.95;3.18;987
0.47;Good;E;SI1;60.2;64;5.1;5.04;3.05;987
0.38;Very Good;F;VS1;58.7;63;4.75;4.79;2.8;988
0.38;Very Good;F;VS1;59.7;61;4.69;4.73;2.81;988
0.38;Very Good;I;IF;59.5;57;4.72;4.76;2.82;988
0.4;Ideal;E;VVS2;61.5;55;4.77;4.79;2.94;988
0.4;Premium;E;VVS2;60.8;59;4.73;4.77;2.89;988
0.4;Ideal;E;VVS2;61.6;56;4.73;4.78;2.93;988
0.4;Ideal;E;VVS2;61.7;57;4.73;4.77;2.93;988
0.4;Very Good;E;VVS2;61.4;56;4.74;4.81;2.93;988
0.39;Ideal;F;VVS2;61.7;56;4.7;4.73;2.91;988
0.39;Ideal;F;VVS2;62;54;4.7;4.72;2.92;988
0.39;Ideal;F;VVS2;62.1;55;4.7;4.74;2.93;988
0.39;Ideal;F;VVS2;61.6;55;4.71;4.74;2.91;988
0.39;Ideal;F;VVS2;61.3;56;4.73;4.77;2.91;988
0.51;Ideal;J;VS1;61.6;54;5.14;5.18;3.18;988
0.38;Ideal;F;VS1;61.5;55;4.68;4.69;2.88;988
0.39;Ideal;D;VS1;61.8;54;4.69;4.73;2.91;988
0.51;Ideal;J;SI1;62.5;56;5.06;5.12;3.18;988
0.31;Ideal;E;VVS1;61.8;56;4.36;4.34;2.69;988
0.31;Ideal;E;VVS1;61;57;4.36;4.33;2.65;988
0.31;Ideal;E;VVS1;61.7;56;4.36;4.33;2.68;988
0.31;Premium;E;VVS1;61.3;58;4.39;4.36;2.68;988
0.31;Premium;E;VVS1;61.5;58;4.37;4.35;2.68;988
0.32;Ideal;D;VVS1;62.1;54;4.43;4.4;2.74;988
0.31;Ideal;G;IF;61.9;56;4.39;4.36;2.71;988
0.31;Ideal;G;IF;61;56;4.38;4.37;2.67;988
0.31;Ideal;G;IF;61;56;4.39;4.37;2.67;988
0.31;Premium;G;IF;61.6;55;4.42;4.38;2.71;988
0.31;Ideal;G;IF;61.6;55;4.39;4.34;2.69;988
0.31;Premium;G;IF;61.4;59;4.39;4.34;2.68;988
0.31;Premium;G;IF;61;59;4.36;4.33;2.65;988
0.31;Premium;G;IF;61.7;54;4.36;4.33;2.68;988
0.31;Ideal;G;IF;61.7;56;4.38;4.34;2.69;988
0.31;Good;G;IF;63.9;58;4.3;4.27;2.74;988
0.31;Ideal;G;IF;62.6;57;4.32;4.3;2.7;988
0.31;Ideal;G;IF;62.7;57;4.34;4.31;2.71;988
0.34;Ideal;H;IF;60.8;56;4.56;4.55;2.77;988
0.31;Premium;D;VVS2;61.7;58;4.39;4.33;2.69;988
0.41;Good;D;VS1;64.2;55;4.72;4.75;3.04;989
0.47;Ideal;H;VS2;62.7;55;4.95;5.08;3.15;989
0.37;Premium;D;VS2;61;56;4.68;4.63;2.84;989
0.5;Very Good;J;SI1;62.8;58;5.05;5.08;3.18;990
0.39;Good;F;VVS2;63.5;58;4.61;4.65;2.94;990
0.4;Ideal;F;VVS2;60.1;57;4.78;4.83;2.89;990
0.41;Ideal;E;VS1;61.3;55;4.8;4.83;2.95;990
0.46;Ideal;G;SI1;61.4;56;4.97;4.99;3.06;990
0.32;Ideal;F;IF;60.7;56;4.43;4.46;2.7;990
0.32;Ideal;F;VVS1;62.3;56;4.38;4.35;2.72;990
0.32;Ideal;F;VVS1;61.8;56;4.45;4.42;2.74;990
0.32;Premium;D;VVS2;61.5;60;4.41;4.37;2.7;990
0.35;Ideal;D;VS1;63;57;4.51;4.48;2.83;990
0.32;Premium;F;VVS1;61.9;59;4.39;4.34;2.7;990
0.32;Ideal;F;VVS1;61.4;56;4.42;4.38;2.7;990
0.32;Ideal;F;VVS1;61.8;55;4.41;4.36;2.71;990
0.32;Premium;F;VVS1;61.3;58;4.4;4.37;2.69;990
0.32;Ideal;F;VVS1;62.1;56;4.43;4.39;2.74;990
0.32;Ideal;F;VVS1;61.7;56;4.42;4.4;2.72;990
0.44;Ideal;G;SI1;62.7;57;4.85;4.82;3.03;990
0.44;Premium;G;SI1;61.9;58;4.87;4.83;3;990
0.44;Ideal;G;SI1;61.5;57;4.88;4.87;3;990
0.24;Very Good;E;VVS2;64;56;3.94;3.97;2.53;485
0.24;Very Good;E;VVS2;62.5;58;3.96;4.01;2.49;485
0.24;Very Good;E;VVS2;63.9;53;3.93;3.96;2.52;485
0.24;Very Good;E;VVS2;58.9;63;4.05;4.07;2.39;485
0.24;Very Good;E;VVS2;62.2;60;3.97;4.01;2.48;485
0.23;Very Good;E;VVS2;63.8;57;3.88;3.9;2.48;485
0.24;Very Good;E;VVS2;59.7;60;4.08;4.1;2.44;485
0.23;Very Good;E;VVS2;59.7;54;4.02;4.05;2.41;485
0.23;Very Good;E;VVS2;59;63;3.98;4.05;2.37;485
0.23;Very Good;E;VVS2;61.1;62;3.92;3.94;2.4;485
0.23;Very Good;E;VVS2;62.1;62;3.91;3.95;2.44;485
0.23;Very Good;E;VVS2;58.8;62;4.04;4.06;2.38;485
0.23;Very Good;E;VVS2;63.7;55;3.87;3.89;2.47;485
0.24;Very Good;D;VVS2;61.3;58;3.99;4.03;2.46;485
0.23;Very Good;D;VVS2;63.5;58;3.86;3.89;2.46;485
0.24;Very Good;D;VVS2;58.7;61;4.04;4.07;2.38;485
0.24;Very Good;D;VVS2;61.5;61;4.02;4.04;2.48;485
0.24;Very Good;F;VVS1;63.5;54;3.92;3.96;2.5;485
0.24;Very Good;F;VVS1;61.7;56;3.98;4;2.46;485
0.24;Very Good;E;VVS1;62.8;59;3.94;3.96;2.48;485
0.24;Very Good;E;VVS1;61.7;61;3.95;3.99;2.45;485
0.24;Very Good;E;VVS1;61.5;59;3.99;4.01;2.46;485
0.24;Very Good;E;VVS1;61.7;58;3.95;3.99;2.45;485
0.24;Very Good;E;VVS1;61.7;58;3.94;4;2.45;485
0.24;Very Good;E;VVS1;60.4;62;3.99;4.02;2.42;485
0.24;Very Good;E;VVS1;62;60;3.96;4.01;2.47;485
0.24;Very Good;E;VVS1;61.2;55;4.03;4.08;2.48;485
0.24;Very Good;E;VVS1;60.7;60;4.01;4.06;2.45;485
0.23;Very Good;E;VVS1;58.8;61;3.98;4.01;2.35;485
0.24;Very Good;E;VVS1;63.1;55;3.96;4;2.51;485
0.44;Premium;I;VVS1;60.8;57;4.93;4.88;2.98;990
0.44;Premium;I;VVS1;61.5;58;4.95;4.87;3.02;990
0.44;Premium;I;VVS1;62.5;60;4.87;4.82;3.03;990
0.44;Premium;F;VS2;62.2;58;4.88;4.83;3.02;990
0.44;Premium;G;SI1;61.9;59;4.87;4.82;3;990
0.44;Premium;G;SI1;61.6;61;4.88;4.83;2.99;990
0.44;Premium;G;SI1;61;60;4.93;4.88;2.99;990
0.4;Ideal;D;SI1;60.8;57;4.81;4.77;2.91;990
0.4;Ideal;D;SI1;59.6;57;4.82;4.77;2.86;990
0.4;Ideal;D;SI1;61.8;55;4.78;4.74;2.94;990
0.4;Premium;D;SI1;59.9;60;4.77;4.75;2.85;990
0.4;Premium;D;SI1;60.8;59;4.8;4.77;2.91;990
0.4;Premium;D;SI1;61.1;58;4.75;4.74;2.9;990
0.4;Premium;D;SI1;61.3;60;4.75;4.71;2.9;990
0.4;Premium;D;SI1;61.4;56;4.83;4.72;2.93;990
0.4;Ideal;D;SI1;62.1;56;4.74;4.7;2.93;990
0.4;Premium;D;SI1;61.6;58;4.73;4.69;2.9;990
0.4;Premium;D;SI1;61.7;58;4.74;4.7;2.91;990
0.4;Ideal;D;SI1;62;56;4.71;4.68;2.91;990
0.39;Premium;H;VVS1;61.5;56;4.73;4.7;2.9;990
0.41;Premium;H;VS1;58.2;59;4.92;4.88;2.85;990
0.41;Premium;G;VS2;60.7;59;4.85;4.8;2.93;990
0.48;Premium;H;SI1;61.9;58;5.04;5.01;3.11;990
0.32;Premium;F;VVS1;62.7;60;4.35;4.32;2.72;990
0.33;Ideal;F;VS1;59.9;56;4.54;4.51;2.71;990
0.44;Premium;G;SI1;61.1;59;4.9;4.86;2.98;990
0.44;Premium;G;SI1;60.1;60;4.95;4.86;2.95;990
0.41;Very Good;H;VVS1;59.5;58;4.82;4.86;2.88;991
0.41;Very Good;H;VVS1;61.7;58;4.74;4.79;2.94;991
0.41;Very Good;D;VS1;63.4;56;4.7;4.76;3;991
0.51;Ideal;I;SI2;61.3;55;5.18;5.19;3.18;991
0.48;Good;J;SI1;64.4;58;4.87;4.92;3.15;991
0.38;Ideal;D;VVS2;60.3;57;4.71;4.77;2.86;992
0.33;Ideal;G;IF;61.5;56;4.46;4.48;2.75;992
0.42;Ideal;F;SI1;60.6;57;4.9;4.84;2.95;992
0.42;Ideal;I;VS1;62;55;4.85;4.83;3;992
0.42;Ideal;F;SI1;60.9;55;4.88;4.84;2.96;992
0.42;Premium;F;SI1;60;59;4.88;4.85;2.92;992
0.42;Premium;F;SI1;60.8;58;4.87;4.83;2.95;992
0.42;Premium;F;SI1;62.9;57;4.77;4.73;2.99;992
0.42;Premium;F;SI1;61.5;58;4.83;4.8;2.96;992
0.42;Premium;F;SI1;62.7;55;4.83;4.8;3.02;992
0.42;Ideal;F;SI1;62;57;4.83;4.81;2.99;992
0.42;Premium;F;SI1;61.8;58;4.84;4.81;2.98;992
0.42;Premium;E;SI1;61.6;59;4.85;4.83;2.98;992
0.42;Ideal;E;SI1;61.5;55;4.9;4.82;2.99;992
0.42;Premium;E;SI1;62.5;55;4.83;4.8;3.01;992
0.42;Ideal;E;SI1;62.6;57;4.84;4.81;3.02;992
0.42;Premium;E;SI1;62.3;58;4.81;4.76;2.98;992
0.42;Premium;E;SI1;62.7;57;4.83;4.77;3.01;992
0.42;Premium;E;SI1;62.7;59;4.79;4.78;3;992
0.42;Ideal;E;SI1;61.3;57;4.81;4.79;2.94;992
0.42;Premium;E;SI1;62.8;59;4.78;4.74;2.99;992
0.42;Very Good;E;SI1;63.4;56;4.82;4.74;3.03;992
0.42;Ideal;E;SI1;62.3;57;4.8;4.76;2.98;992
0.7;Fair;F;I1;65.4;59;5.6;5.49;3.63;992
0.7;Fair;F;I1;70.8;56;5.38;5.33;3.79;992
0.7;Fair;F;I1;66.5;62;5.54;5.49;3.67;992
0.42;Ideal;H;VS2;62.9;56;4.79;4.72;2.99;992
0.42;Premium;H;VS2;62.1;57;4.8;4.76;2.97;992
0.42;Ideal;H;VS2;62.5;57;4.81;4.76;2.99;992
0.4;Very Good;D;VS2;62.8;58;4.66;4.71;2.94;993
0.38;Ideal;G;VVS1;61.7;55;4.67;4.7;2.89;993
0.38;Ideal;G;VVS1;61.9;56;4.67;4.7;2.9;993
0.43;Premium;D;SI1;61;58;4.88;4.83;2.96;993
0.43;Premium;D;SI1;61;57;4.88;4.85;2.97;993
0.43;Very Good;D;SI1;63.4;55;4.84;4.78;3.05;993
0.43;Good;D;SI1;63.8;55;4.8;4.79;3.06;993
0.43;Ideal;D;SI1;62.5;55;4.83;4.8;3.01;993
0.43;Premium;D;SI1;61.2;60;4.84;4.8;2.95;993
0.43;Very Good;H;VS2;63.4;55;4.82;4.86;3.07;994
0.4;Ideal;F;VVS2;60.4;56;4.79;4.82;2.9;994
0.35;Ideal;F;VVS1;60.6;56;4.58;4.59;2.78;994
0.35;Ideal;F;VVS1;60.6;57;4.57;4.6;2.78;994
0.41;Premium;J;VVS1;60.1;58;4.83;4.79;2.89;994
0.41;Ideal;J;VVS1;61.2;57;4.82;4.79;2.94;994
0.41;Premium;J;VVS1;62.2;59;4.75;4.71;2.94;994
0.41;Ideal;J;VVS1;62;57;4.79;4.73;2.95;994
0.48;Fair;F;SI1;56.4;59;5.28;5.26;2.97;994
0.48;Good;F;SI1;59.3;64;5.13;5.1;3.03;994
0.5;Fair;F;SI1;66.5;59;5.01;4.91;3.3;994
0.5;Fair;F;SI1;65.1;59;5.01;4.92;3.23;994
0.51;Very Good;I;SI2;63.3;58;5.09;5.02;3.2;995
0.41;Very Good;D;VS2;59.2;58;4.83;4.87;2.87;995
0.4;Very Good;D;VS1;64;57;4.66;4.69;2.99;995
0.37;Very Good;F;IF;60.4;57;4.65;4.68;2.81;995
0.38;Very Good;G;VVS1;61.3;57;4.62;4.68;2.85;995
0.38;Very Good;D;VS1;58.2;58;4.77;4.81;2.79;995
0.4;Ideal;G;VVS1;62.6;57;4.66;4.73;2.94;995
0.34;Premium;E;VVS2;62.7;59;4.43;4.41;2.77;995
0.47;Premium;G;SI1;62.7;58;4.99;4.97;3.12;995
0.34;Premium;H;VVS1;61.2;60;4.5;4.46;2.74;995
0.34;Premium;H;VVS1;61.1;59;4.52;4.48;2.75;995
0.34;Very Good;H;VVS1;63.2;58;4.45;4.41;2.8;995
0.34;Ideal;H;VVS1;61.8;57;4.46;4.44;2.75;995
0.34;Ideal;H;VVS1;62.9;57;4.47;4.44;2.8;995
0.34;Premium;H;VVS1;61.5;60;4.49;4.45;2.75;995
0.34;Ideal;H;VVS1;62;54;4.48;4.46;2.77;995
0.34;Premium;G;VVS2;61.4;59;4.52;4.47;2.76;995
0.34;Ideal;G;VVS2;61.1;57;4.52;4.48;2.75;995
0.34;Ideal;G;VVS2;62.6;54;4.47;4.44;2.79;995
0.34;Ideal;G;VVS2;61.9;57;4.48;4.44;2.76;995
0.34;Ideal;G;VVS2;62.1;55;4.48;4.44;2.77;995
0.34;Premium;G;VVS2;61.6;58;4.49;4.44;2.75;995
0.34;Premium;G;VVS2;61.2;59;4.5;4.46;2.74;995
0.34;Ideal;G;VVS2;61.6;56;4.49;4.47;2.76;995
0.34;Premium;G;VVS2;61.7;56;4.51;4.47;2.77;995
0.3;Very Good;E;VVS1;63.5;57;4.27;4.23;2.7;995
0.3;Ideal;F;VVS1;61.9;57;4.32;4.3;2.67;995
0.41;Good;F;VVS2;63.6;56;4.68;4.72;2.99;996
0.53;Very Good;J;VS2;62.7;56;5.15;5.18;3.24;996
0.45;Premium;F;SI2;62.6;57;4.94;4.87;3.07;996
0.45;Ideal;F;SI2;62.5;57;4.9;4.86;3.05;996
0.51;Fair;J;VS2;65.3;55;4.97;4.96;3.24;996
0.5;Very Good;F;SI2;62.2;54;5.08;5.14;3.18;997
0.5;Good;F;SI2;63.5;58;4.98;5.03;3.18;997
0.37;Ideal;D;VVS2;61.6;54;4.61;4.64;2.85;997
0.4;Ideal;G;VVS1;60.2;60;4.78;4.82;2.89;997
0.37;Ideal;F;VVS1;61.3;56;4.65;4.68;2.86;997
0.46;Ideal;I;VS1;62;54;4.97;4.99;3.09;997
0.41;Ideal;E;VS1;60.5;58;4.81;4.85;2.92;997
0.31;Ideal;D;VVS2;61.9;55;4.39;4.36;2.71;997
0.31;Ideal;D;VVS2;60.9;57;4.42;4.38;2.68;997
0.5;Premium;D;SI2;62.9;58;5.06;5.01;3.17;997
0.5;Premium;D;SI2;62.9;58;5.06;5.01;3.17;997
0.31;Fair;D;VVS2;54.2;65;4.61;4.58;2.49;997
0.31;Premium;F;VVS1;59.2;62;4.41;4.34;2.59;997
0.43;Very Good;G;VS1;59.3;58;4.97;5.02;2.96;998
0.43;Very Good;I;IF;61;56;4.9;4.93;3;998
0.36;Ideal;E;VVS2;61.9;55;4.57;4.61;2.84;998
0.34;Ideal;D;VS1;60.3;56;4.53;4.56;2.74;998
0.38;Ideal;F;VS1;62.4;54;4.68;4.64;2.91;998
0.38;Premium;F;VS1;60.9;58;4.71;4.68;2.86;998
0.38;Ideal;D;VS2;62;56;4.68;4.64;2.89;998
0.38;Ideal;F;VS1;62.8;56;4.64;4.59;2.9;998
0.38;Premium;F;VS1;62.4;59;4.63;4.57;2.87;998
0.38;Premium;D;VS2;61.6;59;4.66;4.62;2.86;998
0.38;Premium;D;VS2;60.9;58;4.67;4.63;2.83;998
0.38;Ideal;G;VS1;62.5;56;4.64;4.58;2.88;998
0.44;Premium;E;SI1;62.3;58;4.88;4.85;3.03;998
0.34;Very Good;F;IF;61.1;54;4.54;4.56;2.78;999
0.53;Ideal;J;SI1;61.6;55;5.2;5.23;3.21;999
0.34;Ideal;F;IF;61.8;55;4.49;4.51;2.78;999
0.41;Ideal;E;VS2;61.8;57;4.78;4.76;2.95;999
0.41;Ideal;E;VS2;61.8;54;4.79;4.76;2.95;999
0.41;Ideal;E;VS2;62.4;54;4.79;4.76;2.98;999
0.41;Premium;E;VS2;59.8;60;4.87;4.83;2.9;999
0.41;Premium;E;VS2;61.3;58;4.79;4.74;2.92;999
0.41;Ideal;E;VS2;62.1;57;4.79;4.74;2.96;999
0.41;Premium;E;VS2;62.1;58;4.78;4.75;2.96;999
0.41;Ideal;E;VS2;61.6;55;4.79;4.75;2.94;999
0.41;Ideal;E;VS2;62;56;4.79;4.72;2.95;999
0.41;Ideal;E;VS2;62.1;56;4.76;4.74;2.95;999
0.41;Ideal;E;VS2;62.3;56;4.77;4.74;2.96;999
0.41;Ideal;E;VS2;62.5;55;4.77;4.74;2.97;999
0.41;Ideal;E;VS2;61.8;56;4.78;4.74;2.94;999
0.41;Premium;H;VVS2;59.8;60;4.86;4.79;2.88;999
0.37;Premium;E;VS1;61.5;55;4.7;4.66;2.88;999
0.37;Ideal;E;VS1;61.3;55;4.68;4.65;2.86;999
0.38;Very Good;E;VVS2;61.8;56;4.66;4.68;2.88;1000
0.39;Very Good;F;VS1;57.1;61;4.86;4.91;2.79;1000
0.38;Very Good;E;VS1;61.5;58;4.64;4.69;2.87;1000
0.38;Premium;E;VS1;60.7;59;4.65;4.7;2.84;1000
0.38;Ideal;E;VS1;61.6;56;4.65;4.67;2.87;1000
0.53;Very Good;G;SI2;62.5;55;5.14;5.19;3.23;1000
0.57;Very Good;I;SI2;62.1;57;5.29;5.33;3.3;1000
0.38;Ideal;E;VS1;61.9;56;4.63;4.67;2.88;1000
0.5;Good;E;SI2;63.2;61;5.02;5.05;3.18;1000
0.3;Ideal;D;VVS1;61.3;57;4.29;4.32;2.64;1000
0.38;Premium;E;VS1;60.7;59;4.69;4.73;2.86;1000
0.38;Premium;E;VS1;60.2;58;4.66;4.71;2.82;1000
0.3;Ideal;D;VVS1;61.1;57;4.34;4.36;2.66;1000
0.38;Ideal;E;VS1;62.1;56;4.62;4.65;2.88;1000
0.38;Ideal;E;VS1;61.6;56;4.62;4.66;2.86;1000
0.38;Ideal;E;VS1;62.7;55;4.6;4.65;2.9;1000
0.5;Premium;G;SI2;62.5;57;5.04;5.01;3.14;1000
0.34;Ideal;G;VVS1;61.8;56;4.45;4.51;2.77;1000
0.41;Ideal;G;VVS1;61.8;55;4.76;4.79;2.95;1000
0.35;Ideal;E;VVS1;61.7;54;4.56;4.58;2.82;1000
0.53;Ideal;H;SI2;61.5;56;5.21;5.23;3.21;1000
0.51;Ideal;I;SI1;61.9;54;5.12;5.15;3.18;1000
0.51;Ideal;I;SI1;61.7;54;5.18;5.19;3.2;1000
0.43;Good;H;VVS1;60;61;4.91;4.93;2.95;1000
0.5;Very Good;J;SI1;63.2;55;5.07;5.03;3.19;1000
0.35;Very Good;G;IF;60.5;56;4.56;4.6;2.77;1001
0.41;Ideal;F;VVS1;61.3;56;4.8;4.82;2.95;1001
0.34;Ideal;E;VVS1;61.8;57;4.47;4.5;2.77;1001
0.35;Ideal;G;IF;62;54;4.54;4.56;2.82;1001
0.35;Ideal;G;IF;61.7;55;4.52;4.55;2.8;1001
0.35;Ideal;G;IF;61.5;55;4.53;4.57;2.8;1001
0.35;Ideal;G;IF;61.9;54;4.56;4.58;2.83;1001
0.35;Ideal;G;IF;61.3;55;4.57;4.6;2.81;1001
0.44;Good;E;VS2;59;64;5.01;4.94;2.93;1001
0.7;Fair;G;I1;66.9;55;5.6;5.52;3.72;1001
0.52;Premium;G;SI2;62.5;59;5.1;5.07;3.18;1001
0.36;Ideal;D;VS1;61.8;55;4.58;4.54;2.82;1002
0.36;Very Good;G;IF;60.4;62;4.6;4.64;2.79;1002
0.41;Good;E;VVS1;63.5;57;4.73;4.75;3.01;1002
0.51;Good;G;SI2;63.2;57;5.03;5.07;3.19;1002
0.32;Ideal;F;VVS2;61.3;56;4.42;4.45;2.72;1002
0.53;Ideal;J;SI2;62.3;58;5.13;5.17;3.21;1002
0.31;Ideal;E;IF;61.3;58;4.37;4.4;2.69;1002
0.33;Ideal;D;VS2;62.1;56;4.48;4.44;2.77;1002
0.33;Ideal;E;VS1;61.6;56;4.46;4.43;2.74;1002
0.33;Premium;E;VS1;61.6;58;4.45;4.41;2.73;1002
0.33;Premium;E;VS1;60.9;58;4.49;4.45;2.72;1002
0.33;Ideal;E;VS1;60.2;57;4.52;4.48;2.71;1002
0.33;Ideal;E;VS1;59.6;56;4.54;4.49;2.69;1002
0.33;Ideal;E;VS1;60.6;57;4.54;4.5;2.74;1002
0.33;Ideal;D;VS2;62.1;56;4.47;4.42;2.76;1002
0.33;Ideal;D;VS2;61.8;56;4.48;4.45;2.76;1002
0.33;Ideal;D;VS2;61.8;56;4.44;4.4;2.73;1002
0.33;Ideal;D;VS2;60.7;57;4.5;4.46;2.72;1002
0.33;Ideal;D;VS2;60.9;55;4.5;4.46;2.73;1002
0.33;Ideal;D;VS2;60.9;55;4.5;4.47;2.73;1002
0.33;Ideal;D;VS2;61.9;53;4.49;4.46;2.77;1002
0.33;Premium;D;VS2;60.7;58;4.5;4.46;2.72;1002
0.33;Ideal;D;VS2;62.1;55;4.46;4.43;2.76;1002
0.33;Ideal;D;VS2;62.1;54;4.46;4.43;2.76;1002
0.33;Ideal;D;VS2;62.3;56;4.46;4.43;2.77;1002
0.33;Ideal;D;VS2;62.5;56;4.46;4.43;2.78;1002
0.33;Ideal;D;VS2;62.8;54;4.46;4.43;2.79;1002
0.33;Ideal;D;VS2;62.3;57;4.45;4.41;2.76;1002
0.33;Ideal;D;VS2;62.5;55;4.45;4.41;2.77;1002
0.33;Ideal;D;VS2;61.9;56;4.44;4.42;2.74;1002
0.33;Ideal;D;VS2;61.9;57;4.47;4.42;2.75;1002
0.33;Ideal;D;VS2;62.6;56;4.43;4.39;2.76;1002
0.33;Premium;D;VS2;61.2;58;4.44;4.41;2.71;1002
0.33;Ideal;E;VS1;62.6;57;4.42;4.4;2.76;1002
0.33;Premium;E;VS1;61.5;59;4.46;4.42;2.73;1002
0.33;Ideal;E;VS1;62.7;57;4.45;4.38;2.77;1002
0.46;Fair;G;VS2;65.3;56;4.83;4.76;3.13;1002
0.33;Premium;D;VVS2;62.6;56;4.47;4.44;2.79;1002
0.37;Very Good;G;IF;61.8;56;4.6;4.64;2.85;1003
0.4;Ideal;D;VS1;60.6;56;4.78;4.82;2.91;1003
0.44;Ideal;E;VS2;61.5;56;4.9;4.92;3.02;1003
0.44;Premium;E;VS2;62.3;59;4.81;4.91;3.03;1003
0.44;Premium;E;VS2;60.4;58;4.87;4.93;2.96;1003
0.44;Ideal;E;VS2;62.4;57;4.88;4.9;3.05;1003
0.44;Premium;E;VS2;60.4;59;4.9;4.93;2.97;1003
0.44;Ideal;E;VS2;61.9;55;4.86;4.89;3.02;1003
0.34;Ideal;F;VVS2;61;56;4.54;4.57;2.78;1003
0.34;Ideal;F;VVS2;61.8;55;4.46;4.51;2.77;1003
0.4;Ideal;G;VS2;60.5;57;4.74;4.8;2.89;1003
0.37;Ideal;D;VS2;61.4;55;4.64;4.67;2.86;1003
0.39;Ideal;F;VS1;62;55;4.66;4.69;2.9;1003
0.46;Fair;F;SI1;64.9;58;4.81;4.77;3.11;1003
0.4;Very Good;D;VS1;62.9;55;4.73;4.77;2.99;1004
0.39;Ideal;G;VVS1;58.8;62;4.77;4.79;2.81;1004
0.38;Ideal;F;VS1;61.1;56;4.7;4.65;2.86;1004
0.39;Ideal;E;VS1;62.2;53.3;4.68;4.7;2.92;1004
0.39;Ideal;E;VS1;62.3;54.4;4.66;4.69;2.91;1004
0.41;Ideal;E;VS1;61.6;54;4.77;4.8;2.95;1004
0.39;Ideal;E;VS1;62.7;53.6;4.67;4.69;2.93;1004
0.51;Ideal;J;SI1;61.5;56;5.14;5.17;3.17;1004
0.32;Ideal;E;IF;60.6;60;4.43;4.45;2.69;1004
0.51;Premium;G;SI2;59.9;60;5.14;5.07;3.06;1004
0.42;Very Good;E;VS1;62.9;57;4.75;4.79;3;1005
0.38;Very Good;D;VS2;63.1;55;4.6;4.59;2.9;1005
0.43;Ideal;G;VS1;61.6;55.1;4.85;4.89;3;1005
0.4;Very Good;G;VS1;63.4;56;4.72;4.68;2.98;1005
0.4;Ideal;E;VS1;61.2;55;4.79;4.76;2.92;1005
0.48;Premium;E;SI2;62.9;60;4.93;4.9;3.09;1005
0.3;Very Good;E;VVS1;61.8;56;4.29;4.32;2.66;1006
0.46;Ideal;I;VVS2;61.4;57;4.96;5;3.06;1006
0.42;Ideal;D;VS1;61.4;55;4.8;4.9;2.98;1006
0.5;Premium;G;SI2;61.9;58;5.12;5.09;3.16;1006
0.47;Ideal;H;VS2;62;54;4.99;5.01;3.1;1006
0.33;Ideal;D;VS1;61.3;55;4.46;4.48;2.74;1006
0.36;Ideal;G;IF;62;57;4.54;4.58;2.82;1006
0.37;Premium;D;VS1;61.9;58;4.62;4.56;2.84;1006
0.46;Very Good;F;SI1;63.1;56;4.9;4.87;3.08;1006
0.41;Ideal;F;VS1;62.1;56;4.77;4.8;2.97;1007
0.41;Very Good;G;VVS2;62.9;56;4.7;4.74;2.97;1007
0.41;Ideal;D;VS2;61.6;55;4.74;4.77;2.93;1007
0.41;Ideal;D;VS2;62.4;54;4.74;4.78;2.97;1007
0.41;Ideal;G;VVS2;61.8;56;4.74;4.78;2.94;1007
0.41;Ideal;F;VS1;61.9;55;4.76;4.8;2.96;1007
0.41;Ideal;D;VS2;62.2;57;4.72;4.76;2.95;1007
0.41;Ideal;G;VVS2;62.5;55;4.75;4.76;2.97;1007
0.41;Ideal;D;VS2;61.7;56;4.78;4.81;2.96;1007
0.41;Ideal;F;VS1;61.8;56;4.75;4.79;2.95;1007
0.41;Ideal;F;VS1;61.3;55;4.79;4.83;2.95;1007
0.41;Premium;F;VS1;62.7;58;4.74;4.77;2.98;1007
0.41;Ideal;G;VVS2;61;57;4.78;4.8;2.92;1007
0.41;Ideal;D;VS2;61.9;56;4.77;4.8;2.96;1007
0.41;Ideal;E;VS1;61.4;55;4.8;4.84;2.96;1007
0.41;Ideal;F;VS1;62.1;56;4.74;4.76;2.95;1007
0.41;Ideal;F;VS1;60.8;56;4.76;4.79;2.92;1007
0.41;Ideal;F;VS1;62;55;4.77;4.81;2.97;1007
0.41;Ideal;I;IF;62.6;57;4.74;4.78;2.98;1007
0.41;Very Good;G;VVS2;61.6;56;4.76;4.78;2.94;1007
0.41;Very Good;F;VS1;60.7;56;4.77;4.82;2.91;1007
0.41;Premium;D;VS2;62.4;60;4.71;4.75;2.95;1007
0.41;Ideal;D;VS2;62.4;55;4.76;4.79;2.98;1007
0.41;Ideal;F;VS1;61.9;57;4.73;4.77;2.94;1007
0.41;Ideal;D;VS2;62.2;54;4.77;4.81;2.98;1007
0.41;Premium;F;VS1;62.6;58;4.74;4.75;2.97;1007
0.41;Ideal;F;VS1;60.6;57;4.79;4.84;2.92;1007
0.41;Ideal;F;VS1;62.3;55;4.77;4.79;2.98;1007
0.23;Very Good;E;VVS1;63.3;57;3.88;3.95;2.48;485
0.23;Very Good;E;VVS1;59.3;62;3.99;4;2.37;485
0.23;Very Good;E;VVS1;61;58;3.99;4.01;2.44;485
0.23;Very Good;D;VVS1;61.7;59;3.94;3.97;2.44;485
0.23;Very Good;F;IF;61;62;3.95;3.99;2.42;485
0.32;Ideal;I;VS2;60.6;56;4.42;4.46;2.69;485
0.23;Good;E;VVS2;63.4;61;3.85;3.91;2.46;485
0.3;Good;H;SI2;63.9;57;4.27;4.24;2.72;485
0.3;Very Good;H;SI2;63.2;55;4.29;4.26;2.7;485
0.3;Premium;H;SI2;61.9;60;4.29;4.27;2.65;485
0.24;Premium;D;VS2;61.4;55;4.05;3.99;2.47;485
0.26;Very Good;H;VVS2;62.5;56;4.07;4.09;2.55;486
0.26;Very Good;H;VVS2;60.5;56;4.13;4.16;2.51;486
0.26;Very Good;G;VVS2;62.3;56;4.07;4.09;2.54;486
0.26;Very Good;G;VVS2;62.6;56;4.1;4.13;2.57;486
0.26;Very Good;G;VVS2;62.5;55;4.1;4.12;2.57;486
0.26;Very Good;G;VVS2;62.2;56;4.09;4.12;2.55;486
0.3;Ideal;H;VS2;62.5;53.2;4.29;4.34;2.69;486
0.3;Ideal;H;VS2;61.9;54.6;4.27;4.33;2.67;486
0.3;Ideal;I;VS1;62.2;53.9;4.29;4.33;2.68;486
0.24;Ideal;E;SI1;62.5;56;4.01;3.99;2.5;486
0.27;Premium;H;VVS2;60.7;59;4.19;4.21;2.55;486
0.27;Very Good;H;VVS2;62.1;57;4.1;4.15;2.56;486
0.33;Very Good;H;VS2;58.8;62;4.49;4.53;2.65;486
0.36;Good;I;SI1;63.1;57;4.51;4.55;2.86;486
0.36;Premium;I;SI1;60.4;60;4.58;4.62;2.78;486
0.32;Very Good;E;SI1;62;60;4.38;4.43;2.73;486
0.28;Very Good;E;VS2;63;59;4.11;4.15;2.6;487
0.28;Very Good;E;VS2;60.4;59;4.22;4.26;2.56;487
0.28;Very Good;E;VS2;62.7;58;4.15;4.18;2.61;487
0.41;Premium;F;VS1;61.1;58;4.74;4.78;2.91;1007
0.41;Premium;G;VVS2;61.6;58;4.74;4.8;2.94;1007
0.41;Ideal;F;VS1;61.3;57;4.77;4.79;2.93;1007
0.41;Very Good;F;VS1;58.6;61;4.83;4.87;2.84;1007
0.41;Ideal;G;VVS2;61.3;56;4.77;4.79;2.93;1007
0.41;Ideal;G;VVS2;62.2;56;4.75;4.8;2.97;1007
0.41;Ideal;D;VS2;61.5;57;4.77;4.79;2.94;1007
0.41;Ideal;F;VS1;62.6;55;4.75;4.77;2.98;1007
0.41;Premium;G;VVS2;61.4;58;4.75;4.8;2.93;1007
0.41;Ideal;G;VVS2;61.1;55;4.8;4.83;2.94;1007
0.41;Ideal;F;VS1;62;57;4.73;4.76;2.94;1007
0.41;Ideal;F;VS1;62.5;57;4.75;4.76;2.97;1007
0.41;Premium;F;VS1;62.4;60;4.71;4.77;2.96;1007
0.41;Ideal;F;VS1;62;56;4.77;4.81;2.97;1007
0.41;Very Good;D;VS2;62.8;55;4.7;4.73;2.96;1007
0.41;Ideal;F;VS1;60.8;57;4.77;4.8;2.91;1007
0.41;Very Good;F;VS1;60.8;58;4.76;4.82;2.91;1007
0.41;Ideal;G;VVS2;60.4;56;4.8;4.83;2.91;1007
0.41;Ideal;G;VVS2;61.3;56;4.76;4.77;2.92;1007
0.41;Ideal;F;VS1;62.7;55;4.74;4.77;2.98;1007
0.41;Very Good;F;VS1;61.2;57;4.77;4.8;2.93;1007
0.41;Ideal;E;VS1;61.5;56;4.77;4.79;2.94;1007
0.41;Premium;F;VS1;59.9;58;4.81;4.84;2.89;1007
0.33;Ideal;D;VS1;61.7;55;4.48;4.5;2.77;1007
0.4;Good;G;VS2;63.8;59;4.64;4.57;2.94;1007
0.4;Very Good;H;VS1;63.4;58;4.74;4.66;2.98;1007
0.32;Premium;E;VS1;62;58;4.35;4.29;2.68;1008
0.4;Very Good;G;VVS1;60.6;58;4.69;4.78;2.87;1008
0.51;Very Good;J;VS2;58;62;5.24;5.27;3.05;1008
0.51;Very Good;J;VS2;61.6;58;5.09;5.14;3.15;1008
0.51;Very Good;H;SI1;61.2;55;5.19;5.21;3.18;1008
0.39;Ideal;G;VS1;62;55;4.66;4.71;2.9;1008
0.39;Ideal;G;VS1;62.6;55;4.66;4.69;2.93;1008
0.38;Ideal;E;VVS2;59.9;61;4.71;4.74;2.83;1008
0.32;Ideal;D;VVS2;60.9;57;4.39;4.45;2.7;1008
0.39;Ideal;G;VVS1;61.8;54.4;4.69;4.73;2.92;1008
0.39;Ideal;G;VVS1;62.1;54.7;4.64;4.72;2.91;1008
0.39;Ideal;G;VVS1;62.4;53.6;4.65;4.7;2.92;1008
0.5;Ideal;I;SI1;61.5;54;5.13;5.15;3.16;1008
0.32;Ideal;F;VVS2;61.9;57;4.39;4.36;2.71;1008
0.32;Premium;F;VVS2;61.8;60;4.41;4.36;2.71;1008
0.32;Ideal;F;VVS2;62.1;54;4.44;4.41;2.75;1008
0.32;Ideal;F;VVS2;61.2;57;4.43;4.4;2.7;1008
0.32;Ideal;F;VVS2;62;55;4.41;4.39;2.73;1008
0.43;Ideal;H;VVS2;62.3;55;4.85;4.82;3.01;1008
0.43;Ideal;H;VVS2;61.3;56;4.9;4.86;2.99;1008
0.43;Ideal;G;VS1;61.9;55;4.86;4.84;3;1008
0.43;Ideal;G;VS1;61.9;55;4.86;4.84;3;1008
0.43;Ideal;G;VS1;61.3;57;4.88;4.85;2.98;1008
0.43;Ideal;G;VS1;61.1;56;4.9;4.86;2.98;1008
0.43;Premium;G;VS1;60.9;57;4.91;4.88;2.98;1008
0.43;Premium;G;VS1;61;58;4.92;4.89;2.99;1008
0.43;Premium;G;VS1;62.2;59;4.84;4.81;3;1008
0.43;Ideal;G;VS1;62.3;56;4.85;4.82;3.01;1008
0.43;Premium;G;VS1;61.8;59;4.88;4.83;3;1008
0.43;Very Good;F;VS1;63.4;57;4.8;4.76;3.03;1008
0.32;Ideal;G;VVS1;61.8;56;4.41;4.39;2.72;1008
0.4;Premium;F;VVS2;59.4;59;4.85;4.78;2.86;1008
0.42;Premium;H;SI1;60.5;58;4.85;4.83;2.93;1008
0.38;Premium;D;VVS2;60.8;55;4.71;4.67;2.85;1009
0.31;Very Good;D;VVS2;60.5;56;4.38;4.41;2.66;1009
0.42;Very Good;D;VS1;60.6;58;4.87;4.9;2.96;1009
0.44;Good;D;VS2;63.6;56;4.81;4.84;3.07;1009
0.5;Good;G;SI2;63.8;57;4.98;5.02;3.19;1009
0.6;Ideal;I;SI2;61.8;55;5.44;5.46;3.37;1009
0.39;Premium;I;VVS2;63;56;4.68;4.62;2.93;1009
0.39;Premium;H;VS1;61.7;57;4.68;4.65;2.88;1009
0.39;Premium;G;VS2;62.3;59;4.69;4.65;2.91;1009
0.39;Premium;G;VS2;60.4;61;4.7;4.67;2.83;1009
0.39;Premium;G;VS2;61.2;60;4.73;4.68;2.88;1009
0.39;Very Good;G;VS2;63.3;57;4.65;4.61;2.93;1009
0.39;Very Good;G;VS2;63.4;57;4.67;4.63;2.95;1009
0.39;Premium;G;VS2;62.4;56;4.68;4.64;2.91;1009
0.39;Premium;G;VS2;60.9;59;4.74;4.69;2.87;1009
0.5;Very Good;E;SI2;58;63;5.22;5.19;3.02;1009
0.33;Premium;H;IF;61.7;59;4.45;4.43;2.74;1010
0.32;Ideal;F;IF;62.2;55;4.38;4.4;2.73;1010
0.4;Ideal;D;VVS2;62.5;55;4.73;4.77;2.97;1010
0.4;Very Good;D;VVS2;62.2;62;4.68;4.71;2.92;1010
0.38;Ideal;F;VVS2;61.3;56.2;4.69;4.71;2.88;1010
0.38;Ideal;F;VVS2;62.1;54.6;4.65;4.69;2.9;1010
0.38;Ideal;F;VVS2;61.7;55.4;4.66;4.68;2.88;1010
0.38;Ideal;F;VVS2;62;54.1;4.66;4.68;2.9;1010
0.32;Ideal;E;VVS2;61.3;55;4.41;4.43;2.71;1010
0.32;Ideal;E;VVS2;61.5;56;4.41;4.44;2.72;1010
0.4;Ideal;G;VS2;61;57;4.74;4.77;2.9;1010
0.3;Very Good;D;VVS2;63.5;58;4.31;4.23;2.71;1010
0.33;Premium;H;IF;62.9;58;4.43;4.38;2.77;1010
0.39;Premium;F;VS1;62;56;4.72;4.64;2.9;1010
0.37;Premium;G;VVS2;62.2;58;4.6;4.56;2.85;1010
0.35;Fair;F;VVS1;54.6;59;4.85;4.79;2.63;1011
0.35;Fair;D;VVS2;53.2;62;4.87;4.8;2.57;1011
0.55;Premium;H;SI2;59.8;59;5.33;5.3;3.18;1011
0.5;Ideal;G;SI2;61.2;56;5.13;5.17;3.15;1011
0.35;Ideal;F;VS1;62.4;57;4.52;4.49;2.81;1011
0.41;Ideal;H;VVS1;61.5;55;4.81;4.79;2.95;1011
0.39;Very Good;F;VS2;63.3;55;4.66;4.63;2.94;1011
0.49;Premium;H;SI2;59.9;59;5.17;5.12;3.08;1011
0.31;Premium;D;VS1;59.7;58;4.45;4.4;2.64;1011
0.49;Premium;E;SI2;60.9;57;5.11;5.07;3.1;1011
0.31;Premium;E;VVS1;62;59;4.34;4.3;2.68;1012
0.31;Premium;E;VVS1;61.8;59;4.33;4.31;2.67;1012
0.4;Very Good;F;VVS2;60.5;57;4.76;4.79;2.89;1012
0.34;Fair;E;VVS1;54;56;4.8;4.76;2.58;1012
0.4;Ideal;F;VVS2;62.2;55;4.75;4.77;2.96;1012
0.45;Good;F;VS1;59;62;5.02;5.04;2.97;1012
0.57;Premium;D;SI2;61.3;59;5.32;5.28;3.25;1012
0.54;Premium;F;SI2;61.2;60;5.26;5.16;3.19;1013
0.41;Ideal;E;VVS2;62.5;57;4.71;4.76;2.96;1013
0.38;Ideal;E;VVS2;62.5;53;4.62;4.66;2.9;1013
0.38;Ideal;D;VS2;61.8;56;4.65;4.67;2.88;1013
0.38;Ideal;F;VS1;61.1;56;4.69;4.71;2.87;1013
0.3;Ideal;E;IF;61.1;57;4.31;4.33;2.64;1013
0.4;Good;G;VVS1;59.1;61;4.86;4.88;2.88;1013
0.36;Ideal;F;VS1;60.1;57;4.67;4.62;2.79;1013
0.3;Premium;E;VVS2;61.9;59;4.32;4.27;2.66;1013
0.3;Ideal;E;VVS2;61.9;57;4.31;4.28;2.66;1013
0.3;Premium;E;VVS2;61.3;59;4.32;4.3;2.64;1013
0.3;Premium;F;IF;61.6;58;4.35;4.32;2.67;1013
0.3;Ideal;F;IF;61.1;57;4.39;4.35;2.67;1013
0.3;Premium;E;VVS2;61.8;58;4.29;4.26;2.64;1013
0.3;Premium;E;VVS2;61.4;59;4.34;4.32;2.66;1013
0.3;Ideal;E;VVS2;60.2;57;4.4;4.37;2.64;1013
0.3;Premium;E;VVS2;61.5;60;4.31;4.28;2.64;1013
0.3;Ideal;E;VVS2;61.7;57;4.34;4.31;2.67;1013
0.36;Premium;F;VS1;60.7;58;4.62;4.57;2.79;1013
0.3;Premium;E;VVS2;60.8;60;4.31;4.27;2.61;1013
0.3;Ideal;E;VVS2;61.9;57;4.32;4.28;2.66;1013
0.3;Ideal;E;VVS2;61.8;56;4.33;4.31;2.67;1013
0.3;Premium;F;IF;60.7;58;4.37;4.33;2.64;1013
0.3;Premium;E;VVS2;61.4;60;4.28;4.25;2.62;1013
0.3;Premium;E;VVS2;61.4;58;4.28;4.25;2.62;1013
0.36;Ideal;E;VS2;61.2;56;4.63;4.59;2.82;1013
0.36;Ideal;F;VS1;61.9;56;4.59;4.56;2.83;1013
0.3;Premium;E;VVS2;60.1;59;4.37;4.32;2.61;1013
0.3;Ideal;E;VVS2;61.8;56;4.35;4.33;2.68;1013
0.3;Ideal;F;IF;62;56;4.34;4.3;2.68;1013
0.3;Ideal;E;VVS2;61.7;55;4.31;4.28;2.65;1013
0.3;Ideal;E;VVS2;61.6;57;4.32;4.29;2.65;1013
0.3;Ideal;E;VVS2;61.4;57;4.34;4.32;2.66;1013
0.36;Ideal;E;VS2;60.8;56;4.64;4.6;2.81;1013
0.36;Ideal;E;VS2;62.6;56;4.56;4.52;2.84;1013
0.36;Ideal;E;VS2;61.7;55;4.63;4.57;2.84;1013
0.45;Premium;I;VVS1;63;56;4.9;4.88;3.08;1013
0.42;Premium;F;VS2;60.1;61;4.88;4.84;2.92;1013
0.36;Ideal;H;IF;61.9;57;4.6;4.55;2.83;1013
0.36;Premium;E;VS2;59.3;59;4.68;4.6;2.75;1013
0.36;Ideal;E;VS2;61.9;56;4.59;4.56;2.83;1013
0.36;Premium;E;VS2;59.8;62;4.61;4.56;2.74;1013
0.36;Premium;E;VS2;60.3;59;4.64;4.58;2.78;1013
0.36;Ideal;E;VS2;61.2;56;4.62;4.6;2.82;1013
0.36;Ideal;E;VS2;61.1;56;4.63;4.6;2.82;1013
0.36;Ideal;E;VS2;61.9;56;4.56;4.55;2.82;1013
0.36;Premium;E;VS2;61.3;60;4.59;4.55;2.8;1013
0.36;Premium;E;VS2;62.1;59;4.59;4.55;2.84;1013
0.36;Premium;E;VS2;60.3;62;4.59;4.56;2.76;1013
0.36;Premium;E;VS2;62.3;58;4.55;4.51;2.82;1013
0.36;Premium;E;VS2;61.8;58;4.57;4.52;2.81;1013
0.36;Ideal;E;VS2;62.1;55;4.58;4.54;2.83;1013
0.36;Premium;E;VS2;61.3;60;4.59;4.54;2.8;1013
0.36;Ideal;E;VS2;62.8;55;4.56;4.49;2.84;1013
0.36;Ideal;E;VS2;62.8;56;4.54;4.51;2.84;1013
0.3;Premium;H;IF;60.4;60;4.34;4.3;2.61;1013
0.3;Ideal;H;IF;61.5;56;4.34;4.31;2.66;1013
0.3;Ideal;H;IF;60.8;56;4.37;4.35;2.65;1013
0.3;Premium;H;IF;62.9;58;4.29;4.26;2.69;1013
0.3;Ideal;H;IF;62.1;55;4.3;4.27;2.66;1013
0.3;Ideal;H;IF;61.8;55;4.31;4.3;2.66;1013
0.3;Ideal;G;VVS1;61.7;55;4.34;4.32;2.67;1013
0.3;Premium;G;VVS1;60.6;61;4.35;4.33;2.63;1013
0.3;Premium;G;VVS1;60.5;59;4.36;4.33;2.63;1013
0.3;Premium;G;VVS1;60.7;59;4.37;4.33;2.64;1013
0.3;Premium;G;VVS1;60.7;58;4.36;4.34;2.64;1013
0.3;Ideal;G;VVS1;62;55;4.34;4.31;2.68;1013
0.3;Ideal;G;VVS1;62.6;54;4.32;4.31;2.7;1013
0.3;Ideal;G;VVS1;62.3;54;4.33;4.31;2.69;1013
0.3;Ideal;G;VVS1;62.3;55;4.31;4.29;2.68;1013
0.3;Ideal;G;VVS1;61.7;57;4.32;4.3;2.66;1013
0.3;Ideal;G;VVS1;61.3;56;4.34;4.3;2.65;1013
0.3;Premium;G;VVS1;62.1;56;4.31;4.29;2.67;1013
0.3;Very Good;G;VVS1;63.4;56;4.31;4.27;2.72;1013
0.3;Premium;G;VVS1;61.9;59;4.31;4.28;2.66;1013
0.3;Very Good;G;VVS1;63.1;58;4.31;4.28;2.71;1013
0.3;Premium;G;VVS1;61.8;59;4.33;4.28;2.66;1013
0.3;Ideal;G;VVS1;62.2;57;4.31;4.27;2.67;1013
0.3;Very Good;G;VVS1;63.3;55;4.3;4.26;2.71;1013
0.3;Premium;G;VVS1;62.4;57;4.29;4.27;2.67;1013
0.3;Premium;G;VVS1;62.6;58;4.29;4.27;2.68;1013
0.3;Premium;G;VVS1;62.1;61;4.3;4.27;2.66;1013
0.3;Premium;G;VVS1;62.8;58;4.3;4.27;2.69;1013
0.3;Ideal;G;VVS1;62.6;54;4.28;4.25;2.67;1013
0.3;Very Good;G;VVS1;63.1;56;4.28;4.25;2.69;1013
0.3;Premium;G;VVS1;61.7;58;4.3;4.26;2.64;1013
0.3;Ideal;G;VVS1;62.9;57;4.3;4.26;2.69;1013
0.3;Premium;G;VVS1;62.7;59;4.27;4.22;2.66;1013
0.3;Very Good;G;VVS1;63.5;57;4.27;4.24;2.7;1013
0.3;Very Good;G;VVS1;63.5;57;4.27;4.23;2.7;1013
0.3;Very Good;G;VVS1;63.2;58;4.25;4.23;2.68;1013
0.5;Very Good;I;VS1;63.1;56;5.07;5.01;3.18;1013
0.54;Premium;I;SI2;61.2;60;5.22;5.2;3.19;1013
0.36;Premium;F;VS1;61.3;57;4.58;4.56;2.8;1013
0.45;Ideal;I;VS2;61.7;59;4.96;4.91;3.04;1013
0.75;Good;F;I1;64;59;5.78;5.62;3.66;1013
0.25;Fair;F;SI2;54.4;64;4.3;4.23;2.32;1013
0.36;Premium;E;VS2;62;58;4.56;4.54;2.82;1013
0.32;Ideal;D;VVS2;62.2;56;4.41;4.37;2.73;1014
0.32;Ideal;D;VVS2;61.7;55;4.42;4.39;2.72;1014
0.53;Very Good;J;SI1;62.7;54;5.17;5.23;3.26;1014
0.33;Very Good;F;IF;60.3;58;4.49;4.46;2.7;1014
0.34;Ideal;E;VVS1;62;56;4.48;4.52;2.79;1014
0.34;Ideal;E;VVS1;62.2;56;4.44;4.46;2.77;1014
0.34;Ideal;E;VVS1;62.3;56;4.45;4.48;2.78;1014
0.34;Ideal;E;VVS1;62.1;57;4.46;4.5;2.78;1014
0.34;Ideal;E;VVS1;61.9;56;4.47;4.51;2.78;1014
0.34;Ideal;G;IF;61.9;54;4.46;4.49;2.77;1014
0.34;Ideal;G;IF;61.7;55;4.48;4.5;2.77;1014
0.34;Ideal;E;VVS1;62.2;56;4.45;4.49;2.78;1014
0.34;Ideal;G;IF;60.1;57;4.54;4.58;2.74;1014
0.34;Ideal;G;IF;61.6;56;4.48;4.51;2.77;1014
0.34;Very Good;E;VVS1;61.7;58;4.43;4.48;2.75;1014
0.34;Ideal;G;IF;61.9;57;4.47;4.48;2.77;1014
0.34;Premium;G;IF;62.3;59;4.46;4.49;2.79;1014
0.42;Ideal;E;VS1;61.7;57;4.78;4.81;2.96;1014
0.7;Fair;I;I1;66.3;63;5.58;5.43;3.66;1014
0.32;Very Good;D;VVS1;61.6;54;4.4;4.43;2.72;1015
0.4;Ideal;F;VVS2;62;56;4.73;4.76;2.94;1015
0.53;Premium;H;SI2;62.5;60;5.16;5.18;3.23;1015
0.4;Ideal;F;VVS2;61.5;59;4.75;4.81;2.94;1015
0.41;Ideal;D;SI1;61;57;4.8;4.78;2.92;1015
0.41;Ideal;D;SI1;61.6;55;4.8;4.78;2.95;1015
0.41;Ideal;D;SI1;60.8;57;4.84;4.8;2.93;1015
0.41;Premium;D;SI1;59.6;59;4.85;4.82;2.88;1015
0.41;Ideal;D;SI1;60.3;57;4.86;4.82;2.92;1015
0.41;Premium;D;SI1;61.4;58;4.78;4.76;2.93;1015
0.41;Ideal;D;SI1;62.3;55;4.79;4.77;2.98;1015
0.41;Ideal;D;SI1;61.4;56;4.8;4.77;2.94;1015
0.41;Ideal;D;SI1;61.7;54;4.79;4.78;2.95;1015
0.41;Premium;D;SI1;61;59;4.78;4.76;2.91;1015
0.41;Ideal;D;SI1;62.7;56;4.78;4.73;2.98;1015
0.41;Premium;D;SI1;62.1;59;4.76;4.74;2.95;1015
0.41;Ideal;D;SI1;62.6;57;4.78;4.74;2.98;1015
0.41;Ideal;D;SI1;62.2;57;4.76;4.7;2.94;1015
0.41;Premium;D;SI1;62.9;58;4.75;4.7;2.97;1015
0.41;Very Good;D;SI1;63.1;59;4.71;4.7;2.97;1015
0.41;Very Good;E;SI1;63.2;56;4.74;4.72;2.99;1015
0.5;Very Good;D;SI2;63.1;56;5.05;4.96;3.16;1015
0.5;Good;D;SI2;58.5;64;5.2;5.12;3.02;1015
0.41;Premium;D;SI1;60.5;60;4.81;4.77;2.9;1015
0.5;Premium;F;SI2;62.3;59;5.1;5.04;3.16;1016
0.5;Ideal;F;SI2;61.6;57;5.14;5.08;3.15;1016
0.44;Very Good;H;VVS1;63.1;56;4.83;4.87;3.06;1016
0.44;Very Good;G;SI2;60.6;55;4.94;4.96;3;1016
0.51;Ideal;H;SI2;62.1;55;5.12;5.14;3.18;1016
0.43;Premium;H;VS2;61.9;55;4.95;4.8;3.02;1016
0.43;Premium;F;SI1;62.5;56;4.85;4.82;3.02;1016
0.43;Premium;F;SI1;61.3;60;4.86;4.83;2.97;1016
0.43;Premium;F;SI1;61.6;59;4.87;4.83;2.99;1016
0.43;Ideal;F;SI1;61.8;56;4.87;4.84;3;1016
0.43;Premium;F;SI1;60.5;60;4.88;4.84;2.94;1016
0.43;Ideal;F;SI1;61.7;54;4.9;4.86;3.01;1016
0.43;Ideal;F;SI1;61.6;57;4.85;4.8;2.97;1016
0.43;Premium;F;SI1;62.4;56;4.84;4.81;3.01;1016
0.43;Premium;F;SI1;62.9;60;4.8;4.77;3.01;1016
0.43;Premium;F;SI1;62.4;57;4.82;4.79;3;1016
0.43;Premium;F;SI1;62.6;58;4.81;4.77;3;1016
0.43;Premium;E;SI1;62.4;56;4.83;4.79;3;1016
0.43;Ideal;E;SI1;62.9;56;4.83;4.8;3.03;1016
0.43;Ideal;E;SI1;61.5;56;4.9;4.85;3;1016
0.43;Premium;E;SI1;60.2;60;4.94;4.89;2.96;1016
0.43;Ideal;E;SI1;62.3;57;4.82;4.78;2.99;1016
0.43;Premium;F;SI1;60.6;59;4.87;4.84;2.94;1016
0.41;Premium;F;VVS2;61.6;59;4.79;4.73;2.93;1017
0.4;Very Good;E;VVS2;63.5;54;4.69;4.73;2.99;1017
0.4;Very Good;E;VVS2;60.3;59;4.74;4.78;2.87;1017
0.4;Very Good;E;VVS2;62.4;58;4.7;4.76;2.95;1017
0.4;Premium;H;VVS1;61.8;58;4.69;4.72;2.91;1017
0.4;Ideal;H;VVS1;61.4;57;4.74;4.81;2.93;1017
0.4;Ideal;H;VVS1;62;54;4.72;4.76;2.94;1017
0.4;Ideal;H;VVS1;62.3;54;4.74;4.77;2.96;1017
0.4;Ideal;H;VVS1;62.2;55;4.7;4.75;2.94;1017
0.43;Ideal;H;VVS1;61.6;55;4.85;4.89;3;1017
0.5;Good;H;SI1;64.5;58;4.97;4.99;3.21;1017
0.4;Ideal;H;VS1;62.7;59;4.74;4.7;2.96;1017
0.4;Ideal;H;VS1;61.8;59;4.74;4.72;2.92;1017
0.35;Ideal;H;IF;60.8;56;4.61;4.6;2.8;1017
0.35;Ideal;H;IF;60.7;56;4.62;4.61;2.8;1017
0.41;Very Good;D;VS1;62.3;59;4.72;4.79;2.96;1018
0.41;Very Good;D;VS1;61.7;58;4.76;4.8;2.95;1018
0.35;Very Good;D;VS1;60.8;56;4.56;4.58;2.78;1018
0.32;Very Good;E;IF;61.4;55;4.43;4.46;2.73;1018
0.39;Ideal;D;VVS2;60;56;4.77;4.79;2.87;1018
0.41;Ideal;D;VS1;61.2;57;4.77;4.81;2.93;1018
0.41;Ideal;D;VS1;62.3;56;4.71;4.79;2.96;1018
0.32;Ideal;E;IF;62.3;54;4.38;4.41;2.74;1018
0.32;Ideal;E;IF;62.9;54;4.37;4.41;2.76;1018
0.32;Ideal;E;IF;61.1;56;4.42;4.48;2.72;1018
0.32;Ideal;E;IF;61.1;58;4.42;4.45;2.71;1018
0.32;Ideal;E;IF;62.3;53;4.39;4.41;2.74;1018
0.32;Ideal;E;IF;61.9;55;4.38;4.41;2.72;1018
0.36;Ideal;D;VS1;62.8;55;4.55;4.52;2.85;1018
0.31;Ideal;J;SI1;62.4;53;4.38;4.4;2.74;379
0.31;Very Good;J;VS2;62.3;60;4.29;4.34;2.69;380
0.31;Premium;J;VS2;62.5;60;4.31;4.36;2.71;380
0.31;Very Good;J;VS2;62.7;58;4.3;4.34;2.71;380
0.31;Premium;J;VS2;62.4;60;4.29;4.33;2.69;380
0.26;Very Good;F;VS2;62.5;55;4.05;4.08;2.54;381
0.28;Very Good;G;SI1;62;55;4.2;4.25;2.62;382
0.3;Very Good;I;SI1;62.5;57;4.27;4.3;2.68;382
0.3;Ideal;G;SI2;61.7;57;4.26;4.3;2.64;382
0.3;Ideal;G;SI2;62.5;56;4.28;4.3;2.68;382
0.3;Ideal;I;SI1;61.8;57;4.3;4.34;2.67;382
0.26;Premium;H;VS1;62.3;59;4.06;4.1;2.54;382
0.26;Premium;G;VS1;61.3;60;4.07;4.12;2.51;382
0.31;Very Good;I;SI2;60.6;61;4.4;4.45;2.68;383
0.27;Ideal;H;SI1;61.3;55;4.17;4.21;2.57;383
0.24;Good;F;VS1;60.2;65;3.97;4;2.4;383
0.29;Very Good;I;VS2;62.4;55;4.25;4.27;2.66;384
0.26;Very Good;E;SI1;62;54;4.08;4.11;2.54;384
0.3;Ideal;J;VS2;62.1;56;4.29;4.34;2.68;384
0.3;Ideal;J;VS2;61.6;56;4.31;4.33;2.66;384
0.23;Ideal;G;VS1;61.6;55;3.96;3.99;2.45;384
0.32;Ideal;J;SI1;61.8;54.9;4.39;4.42;2.72;384
0.26;Ideal;I;VS2;62;56;4.13;4.09;2.55;385
0.21;Very Good;E;VS2;63.2;54;3.82;3.78;2.4;386
0.21;Premium;E;VS2;60.5;59;3.87;3.83;2.33;386
0.21;Premium;E;VS2;59.6;56;3.93;3.89;2.33;386
0.21;Premium;D;VS2;61.6;59;3.82;3.78;2.34;386
0.21;Premium;D;VS2;60.6;60;3.85;3.81;2.32;386
0.21;Premium;D;VS2;59.1;62;3.89;3.86;2.29;386
0.21;Premium;D;VS2;58.3;59;3.96;3.93;2.3;386
0.28;Very Good;E;VS2;63.7;58;4.12;4.14;2.63;487
0.28;Very Good;F;VS2;62.7;58;4.14;4.15;2.6;487
0.28;Very Good;F;VS2;61.7;58;4.17;4.19;2.58;487
0.28;Very Good;F;VS2;60.8;58;4.19;4.26;2.57;487
0.28;Very Good;F;VS1;62.1;59;4.16;4.21;2.6;487
0.28;Very Good;F;VS1;60.8;58;4.24;4.28;2.59;487
0.28;Very Good;F;VS1;61;59;4.18;4.24;2.57;487
0.28;Very Good;F;VS1;61;59;4.23;4.29;2.6;487
0.28;Very Good;E;VS1;60.9;59;4.19;4.22;2.56;487
0.28;Very Good;E;VS1;60.2;58;4.23;4.27;2.56;487
0.28;Very Good;E;VS1;59.5;59;4.29;4.35;2.57;487
0.28;Very Good;E;VS1;58.9;58;4.27;4.32;2.53;487
0.28;Very Good;D;VS1;61.7;58;4.19;4.24;2.6;487
0.28;Ideal;D;VS2;61.2;57;4.2;4.23;2.58;487
0.3;Ideal;G;SI1;61.2;56;4.33;4.36;2.65;487
0.3;Ideal;G;SI1;60.6;57;4.34;4.37;2.63;487
0.3;Ideal;G;SI1;61.8;56;4.31;4.34;2.67;487
0.28;Good;F;VS1;58.3;58;4.33;4.35;2.53;487
0.28;Ideal;E;VS1;61.4;56;4.2;4.24;2.59;487
0.28;Ideal;D;VS2;62.4;57;4.16;4.2;2.61;487
0.37;Ideal;J;VS1;62.6;57;4.54;4.57;2.85;487
0.35;Very Good;D;SI2;62.4;57;4.47;4.5;2.8;487
0.28;Ideal;E;VS1;62;56;4.18;4.21;2.6;487
0.37;Ideal;J;VS1;62.4;55;4.59;4.64;2.88;487
0.37;Very Good;F;SI2;60.7;57;4.62;4.67;2.82;487
0.37;Good;G;SI2;63.4;57;4.55;4.57;2.89;487
0.37;Very Good;F;SI2;60.2;60;4.6;4.7;2.8;487
0.37;Good;G;SI2;63.3;55;4.58;4.61;2.91;487
0.31;Good;I;SI1;64.3;55;4.29;4.27;2.75;488
0.31;Premium;J;VS2;62.7;58;4.34;4.3;2.71;488
0.46;Ideal;J;VVS1;61.8;56;4.97;4.93;3.06;1018
0.46;Ideal;J;VVS1;62.5;56;4.93;4.89;3.07;1018
0.46;Ideal;F;SI1;62.5;56;4.94;4.92;3.08;1018
0.44;Premium;F;VS2;61.1;62;4.98;4.92;3.03;1018
0.44;Good;F;SI1;56.9;61;5.12;5.07;2.9;1018
0.41;Very Good;E;VVS2;63.8;58;4.67;4.7;2.99;1019
0.52;Very Good;J;SI1;62.5;59;5.14;5.16;3.22;1019
0.41;Ideal;D;VS1;62.6;55;4.75;4.77;2.98;1019
0.52;Ideal;I;SI1;62;54;5.17;5.19;3.21;1019
0.57;Ideal;G;I1;59.5;57;5.46;5.42;3.24;1019
0.5;Very Good;F;SI2;63.1;60;5;5.04;3.17;1020
0.5;Very Good;F;SI2;62.9;57;5.02;5.06;3.17;1020
0.5;Very Good;F;SI2;62.5;56;5.05;5.09;3.17;1020
0.4;Ideal;E;VS2;61.9;54;4.74;4.73;2.93;1020
0.53;Ideal;H;SI2;61.6;54;5.22;5.26;3.23;1020
0.53;Ideal;H;SI2;61.9;54;5.21;5.23;3.23;1020
0.5;Ideal;F;SI2;61.3;58;5.1;5.12;3.13;1020
0.32;Premium;E;VVS1;60.8;58;4.41;4.38;2.67;1020
0.32;Premium;E;VVS1;60.5;58;4.47;4.42;2.69;1020
0.32;Ideal;E;VVS1;61.7;55;4.42;4.39;2.72;1020
0.32;Ideal;E;VVS1;60.9;57;4.45;4.42;2.7;1020
0.32;Ideal;E;VVS1;61.6;56;4.42;4.41;2.72;1020
0.32;Ideal;E;VVS1;61.3;57;4.43;4.38;2.7;1020
0.32;Ideal;E;VVS1;61.7;56;4.42;4.4;2.72;1020
0.32;Premium;E;VVS1;61.8;59;4.39;4.35;2.7;1020
0.32;Ideal;E;VVS1;61.9;55;4.41;4.38;2.72;1020
0.51;Premium;J;SI1;62.6;59;5.1;5.06;3.18;1020
0.32;Ideal;G;IF;60.5;57;4.44;4.42;2.68;1020
0.32;Premium;G;IF;59.4;59;4.51;4.48;2.67;1020
0.32;Ideal;G;IF;61.8;55;4.43;4.41;2.73;1020
0.32;Premium;G;IF;59.9;58;4.43;4.42;2.65;1020
0.32;Premium;G;IF;62;60;4.41;4.37;2.72;1020
0.32;Ideal;G;IF;62.9;55;4.41;4.37;2.76;1020
0.32;Premium;G;IF;61.8;55;4.45;4.39;2.73;1020
0.32;Ideal;G;IF;62.4;55;4.42;4.4;2.75;1020
0.32;Ideal;G;IF;61.2;57;4.43;4.4;2.7;1020
0.32;Ideal;G;IF;60.9;56;4.43;4.41;2.69;1020
0.48;Premium;F;SI1;59.6;59;5.13;5.11;3.05;1020
0.5;Premium;G;I1;62.2;59;5.07;5.03;3.14;1020
0.4;Ideal;G;SI1;62.6;55;4.71;4.69;2.93;1020
0.34;Premium;F;VS1;61.5;55;4.58;4.49;2.79;1020
0.51;Premium;J;VS2;61.5;58;5.14;5.1;3.15;1020
0.47;Very Good;F;SI1;61.1;61;4.97;5.01;3.05;1021
0.36;Ideal;F;VVS1;61.5;54;4.59;4.62;2.83;1021
0.33;Ideal;F;VVS1;61.8;57;4.47;4.43;2.75;1021
0.33;Ideal;F;VVS1;61.9;56;4.47;4.42;2.75;1021
0.33;Ideal;D;VVS2;60.9;57;4.48;4.46;2.72;1021
0.33;Ideal;F;VVS1;62.4;55;4.42;4.4;2.75;1021
0.33;Ideal;F;VVS1;61.7;57;4.47;4.44;2.75;1021
0.33;Ideal;F;VVS1;62.4;55;4.47;4.44;2.78;1021
0.33;Ideal;F;VVS1;61.9;55;4.44;4.42;2.74;1021
0.33;Ideal;F;VVS1;61.8;57;4.46;4.44;2.75;1021
0.33;Ideal;D;VVS2;61.1;56;4.46;4.44;2.72;1021
0.4;Premium;H;VS1;61.3;59;4.79;4.74;2.92;1021
0.38;Premium;D;VS2;60.8;58;4.73;4.68;2.86;1021
0.6;Very Good;J;SI2;62.9;60;5.34;5.38;3.37;1022
0.43;Premium;D;SI1;62.4;60;4.82;4.79;3;1022
0.51;Ideal;I;SI1;62.5;57;5.07;5.1;3.18;1023
0.53;Good;J;VS2;63.8;57;5.1;5.12;3.26;1023
0.53;Very Good;J;VS2;60.9;59;5.2;5.27;3.19;1023
0.53;Good;J;VS2;63.3;56;5.12;5.18;3.26;1023
0.5;Very Good;J;VS2;63.4;58;5.07;5.02;3.2;1023
0.42;Ideal;G;VVS1;60.9;55;4.83;4.89;2.96;1023
0.51;Ideal;J;SI1;62.5;58;5.11;5.13;3.2;1023
0.44;Premium;F;SI1;60.9;58;4.96;4.92;3.01;1023
0.5;Premium;H;SI2;62.6;61;5.06;5.03;3.1;1024
0.41;Very Good;I;VVS2;59.9;57;4.87;4.91;2.93;1024
0.41;Ideal;H;VS1;61;54;4.84;4.8;2.94;1024
0.39;Ideal;F;VS1;62.3;57;4.69;4.65;2.91;1024
0.39;Ideal;F;VS1;62.2;56;4.7;4.63;2.9;1024
0.42;Premium;E;VS2;61;59;4.85;4.82;2.95;1024
0.42;Premium;E;VS2;61;60;4.85;4.82;2.95;1024
0.42;Ideal;E;VS2;61.3;56;4.85;4.81;2.96;1024
0.42;Ideal;E;VS2;61.7;56;4.82;4.8;2.97;1024
0.42;Ideal;E;VS2;62;55;4.82;4.8;2.98;1024
0.42;Premium;E;VS2;60.9;59;4.85;4.81;2.94;1024
0.42;Ideal;E;VS2;62.3;55;4.83;4.77;2.99;1024
0.42;Ideal;E;VS2;62.4;55;4.8;4.79;2.99;1024
0.42;Ideal;E;VS2;62.2;55;4.83;4.79;2.99;1024
0.42;Ideal;E;VS2;62.4;55;4.83;4.79;3;1024
0.42;Ideal;E;VS2;62.4;55;4.83;4.79;3;1024
0.42;Premium;E;VS2;61.9;59;4.81;4.75;2.96;1024
0.42;Premium;E;VS2;62.8;59;4.8;4.76;3;1024
0.42;Ideal;E;VS2;62.1;56;4.8;4.77;2.97;1024
0.42;Ideal;E;VS2;61.8;57;4.81;4.77;2.96;1024
0.39;Premium;G;VVS2;60.7;61;4.73;4.7;2.86;1024
0.39;Premium;G;VS1;62.7;58;4.69;4.63;2.92;1024
0.39;Premium;D;VS2;61.3;58;4.73;4.7;2.89;1024
0.39;Premium;D;VS2;60.2;59;4.76;4.74;2.86;1024
0.35;Premium;H;VVS1;59.9;59;4.61;4.57;2.75;1024
0.35;Premium;H;VVS1;61.2;60;4.54;4.51;2.77;1024
0.35;Ideal;H;VVS1;62.3;55;4.55;4.51;2.82;1024
0.35;Premium;H;VVS1;60.6;60;4.57;4.51;2.75;1024
0.35;Ideal;H;VVS1;61.5;57;4.54;4.53;2.79;1024
0.35;Ideal;H;VVS1;61.7;56;4.55;4.53;2.8;1024
0.35;Premium;H;VVS1;61.2;60;4.55;4.5;2.77;1024
0.35;Ideal;H;VVS1;62.6;57;4.47;4.45;2.79;1024
0.35;Premium;H;VVS1;62.1;58;4.52;4.46;2.79;1024
0.35;Ideal;G;VVS2;62.1;56;4.51;4.47;2.79;1024
0.35;Premium;G;VVS2;62.4;56;4.53;4.47;2.81;1024
0.35;Premium;G;VVS2;62.2;58;4.54;4.49;2.81;1024
0.35;Ideal;G;VVS2;61;57;4.58;4.54;2.78;1024
0.35;Premium;G;VVS2;62.8;58;4.48;4.44;2.8;1024
0.35;Premium;E;VVS2;60.2;58;4.66;4.61;2.79;1024
0.39;Premium;D;VS2;61.4;60;4.72;4.7;2.89;1024
0.35;Very Good;E;IF;57.9;56;4.71;4.75;2.74;1025
0.3;Ideal;G;IF;62.4;55;4.32;4.3;2.69;1025
0.4;Ideal;E;VS2;62.3;56;4.78;4.72;2.96;1025
0.39;Ideal;E;VS1;62.3;57;4.64;4.67;2.9;1026
0.3;Premium;E;IF;61.9;58;4.26;4.3;2.65;1026
0.3;Very Good;E;IF;60.1;60;4.3;4.32;2.59;1026
0.3;Premium;E;IF;61;59;4.29;4.33;2.63;1026
0.39;Premium;E;VS1;59.6;60;4.72;4.75;2.82;1026
0.42;Very Good;H;VVS1;60.9;62;4.8;4.86;2.94;1026
0.51;Premium;G;SI2;62.5;56;5.12;5.09;3.19;1026
0.51;Premium;G;SI2;58.6;59;5.3;5.25;3.09;1026
0.41;Ideal;F;VVS2;61.4;55.7;4.76;4.79;2.94;1026
0.48;Ideal;H;VS2;62.2;54;5.04;5.05;3.14;1026
0.35;Ideal;D;VS1;61.4;56;4.55;4.58;2.8;1026
0.38;Ideal;F;VS2;62.2;57;4.63;4.6;2.87;1026
0.38;Premium;F;VS2;60.5;59;4.72;4.67;2.84;1026
0.38;Ideal;F;VS2;62.8;57;4.62;4.58;2.89;1026
0.38;Premium;F;VS2;61.9;59;4.66;4.61;2.87;1026
0.38;Ideal;F;VS2;62.1;57;4.67;4.61;2.88;1026
0.38;Ideal;F;VS2;62;56;4.66;4.63;2.88;1026
0.38;Premium;F;VS2;60.9;56;4.72;4.67;2.86;1026
0.49;Premium;G;SI1;60.6;60;5.1;5.06;3.08;1026
0.49;Premium;G;SI1;62.5;58;5.03;4.98;3.13;1026
0.3;Good;E;VVS2;59.8;64;4.34;4.29;2.58;1026
0.35;Very Good;F;IF;62;54;4.55;4.58;2.83;1027
0.38;Ideal;E;VVS2;62.4;56;4.63;4.69;2.91;1027
0.38;Ideal;E;VS1;62.1;57;4.62;4.65;2.88;1027
0.45;Fair;G;VS1;66.3;56;4.82;4.65;3.14;1027
0.45;Ideal;D;SI1;60.6;55;4.99;4.97;3.02;1027
0.4;Very Good;E;VVS2;63.6;55;4.67;4.7;2.98;1028
0.35;Ideal;G;VVS1;61;56;4.56;4.59;2.79;1028
0.36;Ideal;F;VVS1;61;55;4.6;4.62;2.81;1028
0.54;Ideal;G;SI2;61.8;55;5.23;5.26;3.24;1028
0.35;Ideal;H;IF;60.9;57;4.58;4.6;2.8;1028
0.33;Ideal;F;IF;61.8;55;4.47;4.49;2.77;1028
0.31;Ideal;E;VVS1;62.4;56;4.37;4.35;2.72;1028
0.31;Ideal;G;IF;62;54;4.39;4.35;2.71;1028
0.31;Ideal;F;VVS1;61.9;55;4.42;4.37;2.72;1028
0.31;Premium;F;VVS1;59.7;59;4.49;4.45;2.67;1028
0.44;Premium;E;SI2;59.7;61;4.97;4.91;2.95;1028
0.51;Good;G;SI2;63.6;54;5.05;5.08;3.22;1029
0.36;Ideal;G;IF;62.2;53;4.59;4.61;2.86;1029
0.36;Ideal;G;IF;61.9;55;4.56;4.59;2.83;1029
0.42;Premium;G;VVS2;61.6;60;4.85;4.8;2.97;1029
0.37;Premium;D;VS1;60.2;60;4.68;4.63;2.8;1030
0.38;Very Good;D;VVS2;63.8;57;4.57;4.61;2.93;1030
0.38;Very Good;F;VVS1;63.8;58;4.58;4.61;2.93;1030
0.46;Very Good;D;VS2;63.4;59;4.88;4.83;3.08;1030
0.38;Ideal;E;VVS2;62;57;4.64;4.69;2.89;1030
0.34;Ideal;E;VVS1;61.6;55;4.5;4.52;2.78;1030
0.35;Ideal;E;VVS1;60.7;55;4.56;4.6;2.78;1030
0.32;Ideal;D;VVS2;61.2;56;4.43;4.39;2.7;1030
0.41;Premium;E;VS1;60.7;59;4.79;4.77;2.9;1030
0.41;Ideal;E;VS1;62.2;55;4.79;4.76;2.97;1030
0.52;Fair;J;VS2;65.3;56;5.05;5;3.28;1030
0.32;Premium;D;VS1;60.5;59;4.49;4.45;2.7;1030
0.4;Very Good;I;VS2;61.9;55;4.73;4.77;2.94;1031
0.38;Very Good;G;VS1;60.7;55;4.71;4.74;2.87;1031
0.38;Ideal;H;VVS2;62.1;56;4.64;4.67;2.89;1031
0.42;Ideal;F;VS1;61;57;4.84;4.87;2.96;1031
0.42;Ideal;F;VS1;61.9;57;4.79;4.81;2.97;1031
0.42;Ideal;D;VS2;62.2;55;4.75;4.8;2.97;1031
0.42;Ideal;G;VVS2;62.1;57;4.77;4.8;2.97;1031
0.42;Ideal;G;VVS2;61.3;56;4.81;4.82;2.95;1031
0.42;Very Good;G;VVS2;60.4;59;4.78;4.82;2.9;1031
0.42;Premium;F;VS1;61.8;59;4.81;4.83;2.98;1031
0.42;Ideal;D;VS2;61.4;56;4.8;4.84;2.96;1031
0.42;Ideal;F;VS1;61.3;57;4.8;4.85;2.96;1031
0.42;Premium;F;VS1;60.9;59;4.8;4.85;2.94;1031
0.42;Ideal;G;VVS2;60.7;55;4.86;4.89;2.96;1031
0.42;Ideal;D;VS2;61.8;56;4.8;4.84;2.98;1031
0.42;Ideal;F;VS1;61.4;57;4.78;4.83;2.95;1031
0.42;Very Good;F;VS1;59.9;61;4.84;4.88;2.91;1031
0.42;Ideal;G;VVS2;62.6;55;4.77;4.78;2.99;1031
0.42;Ideal;F;VS1;62.3;55;4.77;4.79;2.98;1031
0.42;Ideal;F;VS1;60.9;57;4.84;4.88;2.96;1031
0.42;Ideal;D;VS2;61.2;56;4.8;4.84;2.95;1031
0.42;Premium;F;VS1;61.2;58;4.82;4.86;2.96;1031
0.42;Very Good;F;VS1;61.9;55;4.78;4.82;2.97;1031
0.42;Ideal;G;VVS2;62.4;55;4.79;4.82;3;1031
0.42;Ideal;D;VS2;62.1;54;4.8;4.83;2.99;1031
0.42;Ideal;D;VS2;62.4;55;4.8;4.82;3;1031
0.42;Ideal;G;VVS2;62.7;56;4.74;4.77;2.98;1031
0.42;Ideal;G;VVS2;62.2;56;4.77;4.81;2.98;1031
0.4;Ideal;E;VVS1;60.6;56;4.77;4.8;2.9;1031
0.5;Very Good;H;SI1;61.9;63;5.08;5.04;3.13;1031
0.39;Ideal;F;VVS2;60.4;60;4.73;4.78;2.87;1031
0.4;Ideal;H;SI1;62.2;55;4.72;4.76;2.95;1031
0.47;Good;H;VS1;65.1;59;4.81;4.87;3.15;1031
0.44;Premium;G;VS1;62.3;59;4.87;4.82;3.02;1031
0.5;Fair;F;SI2;65.5;54;5.06;4.92;3.25;1031
0.5;Premium;F;SI2;58;62;5.21;5.18;3.01;1031
0.5;Fair;F;SI2;65.5;54;5.06;4.92;3.25;1031
0.5;Ideal;I;SI1;59.8;59;5.18;5.15;3.09;1031
0.5;Premium;G;SI2;62;59;5.1;5.03;3.14;1031
0.5;Fair;G;VS2;65.7;57;4.97;4.9;3.24;1031
0.44;Ideal;G;SI1;61.7;55;4.88;4.91;3.02;1032
0.46;Very Good;E;SI1;59.3;63;5.09;5.02;3;1032
0.4;Very Good;G;VVS2;61.1;58;4.73;4.76;2.9;1033
0.38;Ideal;F;VVS2;62.7;56;4.61;4.64;2.9;1033
0.36;Ideal;D;VVS2;62;54;4.57;4.63;2.85;1033
0.37;Ideal;G;IF;62.4;56;4.6;4.64;2.88;1033
0.53;Good;I;SI1;61.3;62;5.14;5.17;3.16;1033
0.34;Ideal;D;VS2;62.1;55;4.49;4.46;2.78;1033
0.34;Ideal;E;VS1;62.1;56;4.5;4.48;2.79;1033
0.34;Ideal;E;VS1;62.2;55;4.52;4.49;2.8;1033
0.34;Premium;E;VS1;59.9;58;4.58;4.54;2.73;1033
0.34;Ideal;E;VS1;60.8;57;4.53;4.49;2.74;1033
0.34;Ideal;E;VS1;61.8;57;4.5;4.47;2.77;1033
0.34;Ideal;E;VS1;61.8;56;4.51;4.47;2.78;1033
0.34;Ideal;E;VS1;62;56;4.52;4.48;2.79;1033
0.34;Ideal;E;VS1;62.4;55;4.47;4.44;2.78;1033
0.34;Ideal;D;VS2;62.4;53;4.52;4.49;2.81;1033
0.34;Ideal;E;VS1;61.2;57;4.5;4.45;2.74;1033
0.34;Ideal;E;VS1;61.2;57;4.51;4.45;2.74;1033
0.34;Ideal;E;VS1;61;57;4.52;4.49;2.75;1033
0.38;Premium;H;VVS1;59.1;58;4.76;4.71;2.8;1033
0.38;Premium;H;VVS1;61.2;60;4.7;4.68;2.87;1033
0.38;Very Good;H;VVS1;63.3;58;4.62;4.57;2.91;1033
0.34;Ideal;D;VS2;60.8;57;4.52;4.5;2.74;1033
0.34;Ideal;D;VS2;61.4;56;4.53;4.5;2.77;1033
0.34;Ideal;D;VS2;60.6;57;4.53;4.51;2.74;1033
0.34;Premium;D;VS2;60.4;60;4.56;4.51;2.74;1033
0.34;Premium;D;VS2;59.3;58;4.55;4.52;2.69;1033
0.34;Ideal;D;VS2;62.3;55;4.48;4.45;2.78;1033
0.34;Ideal;D;VS2;62;55;4.49;4.45;2.77;1033
0.34;Premium;D;VS2;62.1;58;4.5;4.45;2.78;1033
0.34;Ideal;D;VS2;61.3;57;4.5;4.47;2.75;1033
0.34;Ideal;D;VS2;62;54;4.52;4.48;2.79;1033
0.34;Ideal;D;VS2;62.5;57;4.47;4.4;2.77;1033
0.34;Ideal;D;VS2;62.9;55;4.47;4.43;2.8;1033
0.34;Ideal;D;VS2;62.9;56;4.5;4.44;2.81;1033
0.34;Ideal;D;VS2;62;55;4.48;4.45;2.77;1033
0.34;Ideal;E;VS1;61.4;57;4.5;4.46;2.75;1033
0.6;Fair;E;SI2;66.5;56;5.31;5.21;3.5;1033
0.41;Premium;H;VS1;62.8;59;4.73;4.64;2.94;1033
0.5;Very Good;J;VS1;61.4;57.8;5.09;5.14;3.15;1034
0.55;Good;J;VS2;64.1;54;5.18;5.21;3.33;1034
0.39;Ideal;E;VVS2;61.9;55;4.7;4.74;2.92;1034
0.39;Ideal;E;VVS2;61.9;55;4.7;4.73;2.92;1034
0.31;Ideal;D;VVS2;61.2;55;4.37;4.42;2.69;1034
0.31;Ideal;D;VVS2;62;56;4.35;4.37;2.7;1034
0.31;Ideal;D;VVS2;61.1;56;4.38;4.39;2.68;1034
0.5;Very Good;I;SI1;62.5;57;5.06;5.09;3.17;1035
0.45;Premium;I;VS1;62.3;58;4.86;4.84;3.02;1035
0.5;Fair;G;SI2;65.6;56;4.99;4.92;3.25;1035
0.35;Ideal;D;VS1;61.2;56;4.54;4.58;2.79;1035
0.52;Ideal;H;SI2;61.5;56;5.17;5.21;3.19;1035
0.5;Ideal;H;SI1;61.7;58;5.07;5.11;3.14;1035
0.5;Ideal;H;SI1;61.8;56;5.1;5.12;3.16;1035
0.35;Ideal;F;IF;60.9;56;4.54;4.56;2.77;1035
0.4;Ideal;H;VS1;61.8;56;4.78;4.74;2.94;1035
0.46;Premium;E;SI1;61.8;57;4.98;4.93;3.06;1035
0.42;Ideal;H;VVS1;61.8;55;4.85;4.8;2.98;1035
0.4;Ideal;I;VVS2;62.4;55;4.73;4.7;2.94;1035
0.4;Ideal;I;VVS2;62;56;4.77;4.74;2.95;1035
0.4;Premium;H;VS1;62.6;58;4.73;4.66;2.94;1035
0.4;Premium;H;VS1;62.6;58;4.71;4.68;2.94;1035
0.4;Premium;H;VS1;62.6;58;4.71;4.68;2.94;1035
0.4;Premium;H;VS1;62.4;60;4.74;4.69;2.94;1035
0.4;Premium;H;VS1;62.7;56;4.73;4.71;2.96;1035
0.4;Premium;G;VS2;62.8;61;4.67;4.63;2.92;1035
0.4;Very Good;G;VS2;63.5;56;4.7;4.68;2.98;1035
0.4;Ideal;G;VS2;62.9;56;4.72;4.69;2.96;1035
0.4;Ideal;G;VS2;62.3;57;4.71;4.7;2.93;1035
0.4;Ideal;G;VS2;61.2;57;4.78;4.73;2.91;1035
0.36;Premium;E;VVS1;62.4;56;4.57;4.53;2.84;1035
0.4;Premium;G;VS1;60;57;4.83;4.74;2.87;1035
0.46;Fair;G;VS1;58;66;5.08;5.03;2.93;1035
0.5;Premium;J;VS1;62.4;61;4.98;4.96;3.1;1035
0.41;Ideal;F;VVS2;62.1;55;4.77;4.79;2.97;1036
0.39;Ideal;F;VVS2;61.9;54.8;4.68;4.69;2.9;1036
0.43;Ideal;D;SI1;61.6;56;4.86;4.82;2.98;1036
0.51;Premium;F;SI2;62.8;60;5.1;5.03;3.18;1036
0.51;Premium;F;SI2;58.3;61;5.18;5.14;3.01;1036
0.57;Very Good;J;SI1;60.6;61;5.36;5.4;3.26;1037
0.43;Ideal;G;VVS1;61.4;57;4.85;4.89;2.99;1037
0.55;Ideal;H;SI2;62.6;56;5.24;5.27;3.29;1037
0.43;Good;H;VVS1;61.2;61;4.84;4.9;2.98;1037
0.45;Fair;F;VS2;64.2;58;4.9;4.75;3.1;1037
0.52;Premium;E;I1;60.8;60;5.2;5.17;3.15;1037
0.53;Ideal;J;VS2;62.6;53;5.21;5.24;3.27;1038
0.38;Ideal;E;VS2;61.7;54;4.66;4.68;2.88;1038
0.5;Ideal;G;SI2;60;57;5.17;5.2;3.11;1038
0.53;Ideal;I;SI1;61.5;54;5.22;5.26;3.22;1038
0.37;Premium;D;VVS2;60.7;59;4.66;4.63;2.82;1038
0.4;Ideal;E;VS2;62.6;57;4.7;4.68;2.93;1038
0.4;Premium;E;VS2;62;58;4.73;4.69;2.92;1038
0.31;Very Good;E;VVS1;60;56;4.45;4.49;2.68;1039
0.46;Ideal;H;SI1;61.2;56;4.99;5.04;3.07;1039
0.39;Ideal;H;IF;61.9;55.6;4.68;4.7;2.91;1039
0.4;Ideal;F;VVS2;62.9;55;4.75;4.72;2.98;1039
0.4;Ideal;F;VVS2;61.1;57;4.8;4.73;2.91;1039
0.39;Very Good;D;VS2;59.5;57;4.79;4.82;2.86;1040
0.46;Ideal;I;VVS2;62.7;56;4.9;4.93;3.08;1040
0.31;Premium;J;VS2;62.5;60;4.36;4.31;2.71;488
0.31;Premium;J;VS2;62.3;60;4.34;4.29;2.69;488
0.31;Premium;J;VS2;62.4;60;4.33;4.29;2.69;488
0.28;Very Good;E;VS1;61.8;55;4.21;4.24;2.61;489
0.3;Very Good;F;SI1;57.9;61;4.39;4.49;2.57;489
0.3;Very Good;F;SI1;58.4;59;4.42;4.45;2.59;489
0.3;Ideal;J;IF;61.5;56;4.32;4.33;2.66;489
0.3;Ideal;J;IF;61.5;57;4.29;4.36;2.66;489
0.31;Ideal;H;VS2;62.2;55;4.35;4.39;2.72;489
0.31;Very Good;I;VS1;63;58;4.29;4.32;2.71;489
0.31;Good;H;VS2;63.1;57;4.27;4.32;2.71;489
0.31;Ideal;H;VS2;62.2;55;4.36;4.39;2.72;489
0.31;Good;I;VS1;63.5;57;4.26;4.28;2.71;489
0.31;Premium;I;VS1;62.6;59;4.29;4.33;2.7;489
0.31;Ideal;H;VS2;62.6;57;4.34;4.38;2.73;489
0.31;Ideal;H;VS2;62.2;53;4.38;4.43;2.74;489
0.31;Good;H;VS2;63.1;57;4.28;4.31;2.71;489
0.31;Good;H;VS2;63.2;57;4.32;4.35;2.74;489
0.31;Ideal;H;VS2;61.5;57;4.33;4.38;2.68;489
0.31;Very Good;H;VS2;62.5;54;4.35;4.39;2.73;489
0.31;Premium;I;VS1;62.3;59;4.29;4.35;2.69;489
0.31;Ideal;H;VS2;62.1;55;4.32;4.35;2.69;489
0.31;Very Good;H;VS2;60;60;4.4;4.43;2.65;489
0.31;Very Good;H;VS2;63;57;4.32;4.34;2.73;489
0.31;Very Good;H;VS2;59.7;61;4.39;4.42;2.63;489
0.31;Premium;I;VS1;60.8;59;4.37;4.41;2.67;489
0.31;Very Good;H;VS2;63;57;4.32;4.34;2.73;489
0.31;Very Good;H;VS2;60.5;63;4.33;4.37;2.63;489
0.31;Ideal;H;VS2;61.9;55;4.35;4.38;2.7;489
0.31;Very Good;H;VS2;62.5;60;4.31;4.36;2.71;489
0.42;Premium;E;VS1;62.3;57;4.83;4.8;3;1040
0.34;Fair;F;VVS1;55.2;59;4.72;4.77;2.62;1040
0.33;Ideal;F;VVS2;62.2;56;4.45;4.43;2.76;1040
0.33;Ideal;F;VVS2;61.9;56;4.46;4.42;2.75;1040
0.33;Ideal;F;VVS2;61.3;56;4.46;4.44;2.73;1040
0.33;Ideal;F;VVS2;61.4;56;4.49;4.44;2.74;1040
0.44;Premium;H;VS2;61.3;58;4.91;4.88;3;1040
0.44;Premium;I;VS1;62.8;56;4.88;4.83;3.05;1040
0.44;Ideal;F;SI1;61;57;4.91;4.89;2.99;1040
0.44;Ideal;E;SI1;61.1;56;4.92;4.9;3;1040
0.44;Premium;E;SI1;62.9;58;4.88;4.85;3.06;1040
0.42;Premium;D;SI1;59.8;59;4.91;4.86;2.92;1040
0.42;Ideal;D;SI1;61.5;56;4.85;4.81;2.97;1040
0.42;Ideal;D;SI1;61.9;56;4.84;4.82;2.99;1040
0.42;Premium;D;SI1;60.8;59;4.85;4.82;2.94;1040
0.42;Ideal;D;SI1;62;55;4.84;4.83;3;1040
0.42;Ideal;D;SI1;61.9;57;4.82;4.77;2.97;1040
0.42;Ideal;D;SI1;62.4;57;4.84;4.77;3;1040
0.42;Premium;D;SI1;61.1;60;4.83;4.79;2.94;1040
0.42;Ideal;D;SI1;61.7;56;4.83;4.79;2.97;1040
0.42;Premium;D;SI1;61.9;59;4.81;4.76;2.96;1040
0.42;Premium;D;SI1;62.1;59;4.79;4.77;2.97;1040
0.42;Ideal;D;SI1;62.3;57;4.8;4.77;2.98;1040
0.42;Ideal;D;SI1;61.8;57;4.81;4.77;2.96;1040
0.42;Premium;D;SI1;62.8;58;4.79;4.76;3;1040
0.33;Ideal;G;VVS1;62.3;55;4.44;4.42;2.76;1040
0.38;Ideal;G;VS1;62.1;56;4.68;4.63;2.89;1040
0.33;Premium;G;VVS1;61.5;59;4.46;4.42;2.73;1040
0.33;Premium;F;VVS2;62.5;59;4.47;4.4;2.77;1040
0.7;Premium;F;I1;63;61;5.69;5.55;3.54;1040
0.7;Good;F;I1;63.9;60;5.65;5.52;3.58;1040
0.44;Premium;E;SI1;62.3;59;4.88;4.84;3.03;1040
0.44;Ideal;E;SI1;62.6;56;4.9;4.84;3.05;1040
0.44;Premium;E;SI1;62.2;60;4.86;4.79;3;1040
0.55;Very Good;I;SI2;63.1;58;5.15;5.19;3.26;1041
0.52;Very Good;I;SI1;60.3;61;5.14;5.2;3.12;1041
0.3;Ideal;D;VVS2;61.4;55;4.34;4.36;2.67;1041
0.3;Ideal;D;VVS2;61.6;56;4.32;4.35;2.67;1041
0.3;Ideal;D;VVS2;61.7;57;4.3;4.32;2.66;1041
0.3;Ideal;D;VVS2;61.5;55;4.34;4.38;2.68;1041
0.3;Ideal;F;VVS1;61.5;56;4.32;4.36;2.67;1041
0.3;Ideal;F;VVS1;61.4;56;4.33;4.37;2.67;1041
0.3;Ideal;F;VVS1;61.9;55;4.32;4.34;2.68;1041
0.3;Ideal;F;VVS1;61.6;57;4.33;4.34;2.67;1041
0.3;Ideal;F;VVS1;61.7;57;4.28;4.31;2.65;1041
0.3;Ideal;F;VVS1;61.1;55;4.36;4.38;2.67;1041
0.39;Good;G;VVS1;61.6;61;4.71;4.74;2.91;1041
0.37;Ideal;E;VS2;61.6;57;4.65;4.61;2.85;1041
0.37;Ideal;E;VS2;61.2;57;4.64;4.58;2.82;1041
0.37;Ideal;E;VS2;62;57;4.63;4.6;2.86;1041
0.37;Ideal;F;VS1;61.7;56;4.63;4.61;2.85;1041
0.37;Ideal;F;VS1;61.1;57;4.65;4.61;2.83;1041
0.37;Ideal;E;VS2;62.5;56;4.61;4.58;2.87;1041
0.37;Premium;E;VS2;61.1;57;4.66;4.63;2.84;1041
0.37;Premium;E;VS2;59.5;59;4.71;4.64;2.78;1041
0.37;Premium;E;VS2;58.9;61;4.68;4.66;2.75;1041
0.37;Ideal;E;VS2;61.9;53;4.65;4.62;2.87;1041
0.37;Premium;E;VS2;60.3;58;4.66;4.63;2.8;1041
0.37;Premium;E;VS2;61;59;4.63;4.59;2.81;1041
0.37;Premium;E;VS2;61.5;58;4.66;4.61;2.85;1041
0.37;Ideal;E;VS2;62.3;56;4.59;4.56;2.85;1041
0.37;Premium;E;VS2;62.3;59;4.59;4.56;2.85;1041
0.37;Ideal;E;VS2;61.5;56;4.62;4.59;2.83;1041
0.37;Ideal;E;VS2;62.6;56;4.61;4.56;2.87;1041
0.37;Premium;E;VS2;61.8;59;4.6;4.56;2.83;1041
0.37;Premium;E;VS2;63;58;4.58;4.53;2.87;1041
0.37;Ideal;E;VS2;62.7;56;4.6;4.55;2.87;1041
0.35;Ideal;G;IF;61.8;56;4.57;4.52;2.81;1041
0.37;Premium;E;VS2;59.1;60;4.68;4.66;2.76;1041
0.42;Very Good;H;VVS1;63.9;56;4.73;4.75;3.03;1042
0.46;Very Good;E;SI1;61.4;62;4.92;4.95;3.03;1042
0.54;Premium;J;VS2;62.6;58;5.16;5.22;3.25;1042
0.36;Ideal;D;VVS2;61.6;57;4.56;4.59;2.82;1042
0.33;Ideal;F;IF;61.5;55;4.44;4.47;2.74;1042
0.52;Ideal;G;SI2;59.7;56;5.28;5.31;3.16;1042
0.53;Ideal;J;SI1;61.4;56;5.2;5.23;3.2;1042
0.42;Good;E;VVS2;61.9;61;4.72;4.78;2.94;1042
0.41;Ideal;G;VS2;61.4;59;4.78;4.76;2.93;1042
0.4;Very Good;E;VVS2;62.3;57;4.68;4.72;2.93;1043
0.5;Good;F;SI1;63.1;61;5.06;4.98;3.17;1043
0.41;Ideal;H;VVS1;62.2;57;4.74;4.78;2.96;1043
0.41;Ideal;H;VVS1;62.7;54;4.78;4.79;3;1043
0.41;Premium;H;VVS1;60.4;58;4.79;4.85;2.91;1043
0.41;Very Good;H;VVS1;61.4;60;4.73;4.78;2.92;1043
0.41;Ideal;H;VVS1;61.4;56;4.77;4.8;2.94;1043
0.4;Ideal;G;VVS1;61.2;56;4.77;4.8;2.93;1043
0.4;Ideal;G;VVS1;62.3;54;4.75;4.76;2.96;1043
0.4;Ideal;G;VVS1;62;56;4.73;4.76;2.94;1043
0.4;Ideal;G;VVS1;62.1;53;4.75;4.79;2.96;1043
0.4;Ideal;G;VVS1;62.3;54;4.75;4.76;2.96;1043
0.4;Ideal;G;VVS1;62.4;54;4.74;4.78;2.97;1043
0.4;Ideal;G;VVS1;62.4;54;4.73;4.75;2.96;1043
0.4;Ideal;G;VVS1;62;55;4.74;4.78;2.95;1043
0.4;Ideal;G;VVS1;62.4;54;4.73;4.76;2.96;1043
0.36;Ideal;E;VVS1;61.4;57;4.64;4.61;2.54;1043
0.4;Ideal;D;VS1;62.2;57;4.71;4.74;2.94;1043
0.45;Ideal;I;IF;62;54;4.94;4.97;3.07;1043
0.32;Ideal;E;VVS1;62.5;56;4.42;4.38;2.75;1044
0.32;Premium;E;VVS1;60.8;59;4.45;4.43;2.7;1044
0.53;Very Good;J;SI1;61.5;56;5.18;5.21;3.19;1044
0.4;Very Good;H;IF;64;56;4.66;4.69;2.99;1044
0.35;Very Good;G;IF;62.2;58;4.45;4.52;2.79;1044
0.35;Premium;E;VVS1;60.7;59;4.55;4.58;2.77;1044
0.35;Ideal;E;VVS1;62.2;56;4.51;4.53;2.81;1044
0.35;Very Good;G;IF;59.1;59;4.59;4.62;2.72;1044
0.35;Ideal;G;IF;61.8;55;4.54;4.56;2.81;1044
0.35;Ideal;G;IF;61.4;55;4.56;4.59;2.81;1044
0.35;Ideal;G;IF;62.3;55;4.5;4.52;2.81;1044
0.35;Premium;E;VVS1;61;58;4.52;4.56;2.77;1044
0.35;Ideal;G;IF;61.1;56;4.54;4.59;2.79;1044
0.35;Ideal;E;VVS1;60.7;57;4.53;4.57;2.76;1044
0.35;Premium;G;IF;60.6;60;4.54;4.57;2.76;1044
0.35;Ideal;E;VVS1;62;56;4.51;4.58;2.82;1044
0.41;Ideal;F;VVS2;61.8;55;4.77;4.81;2.96;1044
0.32;Ideal;D;VS1;61.4;57;4.43;4.4;2.71;1044
0.43;Ideal;H;SI1;61.5;57;4.88;4.84;2.99;1045
0.53;Very Good;H;SI2;61.4;57;5.21;5.25;3.21;1046
0.51;Very Good;I;SI1;63.5;60;5.03;5.05;3.2;1046
0.5;Very Good;E;SI2;60.8;61;5.08;5.09;3.09;1046
0.53;Ideal;I;VS2;62.1;54;5.2;5.24;3.24;1046
0.51;Ideal;F;SI2;62.7;57;5.08;5.1;3.19;1046
0.43;Ideal;I;IF;62.3;53;4.82;4.9;3.02;1046
0.31;Ideal;E;IF;61.9;55;4.38;4.41;2.72;1046
0.31;Ideal;F;IF;62.1;56;4.36;4.33;2.7;1046
0.31;Ideal;F;IF;62;56;4.36;4.32;2.69;1046
0.31;Premium;E;VVS2;61.4;60;4.36;4.34;2.67;1046
0.31;Ideal;E;VVS2;61;56;4.43;4.39;2.69;1046
0.31;Ideal;F;IF;62.2;56;4.34;4.31;2.69;1046
0.31;Ideal;F;IF;61.8;54;4.37;4.33;2.69;1046
0.31;Premium;E;VVS2;60.8;55;4.43;4.38;2.68;1046
0.31;Ideal;E;VVS2;60.8;57;4.39;4.36;2.66;1046
0.31;Premium;E;VVS2;61.4;58;4.36;4.33;2.67;1046
0.31;Ideal;E;VVS2;61.6;55;4.38;4.35;2.69;1046
0.31;Premium;E;VVS2;61.9;58;4.38;4.35;2.7;1046
0.31;Ideal;E;VVS2;61.6;57;4.37;4.33;2.68;1046
0.31;Premium;E;VVS2;60.4;59;4.37;4.34;2.63;1046
0.31;Premium;F;IF;61.5;58;4.35;4.33;2.67;1046
0.31;Ideal;F;IF;62.1;55;4.35;4.34;2.7;1046
0.31;Ideal;E;VVS2;61.7;56;4.36;4.33;2.68;1046
0.31;Premium;E;VVS2;61.3;60;4.35;4.33;2.66;1046
0.31;Ideal;H;IF;60;57;4.41;4.39;2.64;1046
0.31;Premium;H;IF;60.5;58;4.44;4.38;2.67;1046
0.31;Ideal;H;IF;61.8;56;4.38;4.36;2.7;1046
0.31;Premium;H;IF;61;58;4.38;4.34;2.66;1046
0.31;Premium;H;IF;61.7;58;4.36;4.33;2.68;1046
0.31;Ideal;H;IF;62.1;54;4.37;4.33;2.7;1046
0.31;Ideal;G;VVS1;59.5;56;4.43;4.41;2.63;1046
0.31;Premium;G;VVS1;60.2;59;4.43;4.38;2.65;1046
0.31;Premium;G;VVS1;59.5;60;4.41;4.39;2.62;1046
0.31;Ideal;G;VVS1;60.7;57;4.4;4.37;2.66;1046
0.31;Premium;G;VVS1;60.7;58;4.4;4.37;2.66;1046
0.31;Premium;G;VVS1;60.4;59;4.41;4.37;2.65;1046
0.31;Ideal;G;VVS1;60.6;57;4.4;4.38;2.66;1046
0.31;Ideal;G;VVS1;61.7;57;4.38;4.34;2.69;1046
0.31;Premium;G;VVS1;62.1;59;4.39;4.34;2.71;1046
0.31;Premium;G;VVS1;59.9;62;4.37;4.35;2.61;1046
0.31;Ideal;G;VVS1;61.6;56;4.39;4.35;2.69;1046
0.31;Ideal;G;VVS1;60.8;56;4.39;4.36;2.66;1046
0.31;Ideal;G;VVS1;62.8;53;4.36;4.34;2.73;1046
0.31;Ideal;G;VVS1;61.2;56;4.38;4.34;2.67;1046
0.31;Very Good;G;VVS1;63.4;57;4.36;4.32;2.75;1046
0.31;Ideal;G;VVS1;62.5;55;4.34;4.33;2.71;1046
0.31;Very Good;G;VVS1;63.1;56;4.35;4.33;2.74;1046
0.31;Ideal;G;VVS1;62.5;54;4.37;4.33;2.72;1046
0.31;Premium;G;VVS1;60.5;60;4.4;4.33;2.64;1046
0.31;Premium;G;VVS1;61.4;58;4.35;4.32;2.66;1046
0.31;Premium;G;VVS1;62.1;59;4.35;4.32;2.69;1046
0.31;Premium;G;VVS1;61.2;59;4.34;4.32;2.65;1046
0.31;Premium;G;VVS1;61.1;58;4.35;4.32;2.65;1046
0.31;Very Good;G;VVS1;63.5;57;4.33;4.3;2.74;1046
0.31;Ideal;G;VVS1;61.9;55;4.36;4.3;2.68;1046
0.31;Premium;G;VVS1;62.5;57;4.4;4.3;2.72;1046
0.31;Ideal;G;VVS1;62.5;57;4.36;4.31;2.71;1046
0.31;Premium;G;VVS1;62.2;59;4.32;4.3;2.68;1046
0.45;Premium;F;SI1;61.1;58;4.97;4.95;3.03;1046
0.31;Premium;G;VVS1;62.6;61;4.31;4.28;2.69;1046
0.31;Premium;G;VVS1;63;58;4.32;4.29;2.71;1046
0.39;Ideal;I;VS1;62.5;54;4.7;4.67;2.92;1047
0.51;Very Good;J;VS2;62.5;56;5.08;5.12;3.19;1047
0.38;Premium;E;VVS1;60.6;59;4.62;4.65;2.81;1047
0.5;Good;I;VS2;60.4;64;5.12;5.08;3.08;1047
0.7;Very Good;G;I1;61.5;63;5.73;5.65;3.5;1047
0.5;Very Good;I;SI1;62.4;58;5;5.06;3.14;1048
0.5;Very Good;I;SI1;62.2;60;5.02;5.05;3.13;1048
0.5;Very Good;I;SI1;63.5;56;5.02;5.06;3.2;1048
0.32;Ideal;D;VVS2;61.3;55.8;4.43;4.44;2.71;1048
0.42;Ideal;G;VS2;61.9;57;4.83;4.79;2.98;1048
0.42;Ideal;H;VS1;61.2;57;4.87;4.8;2.96;1048
0.43;Ideal;E;VS2;61.9;56;4.88;4.85;3.01;1048
0.43;Premium;E;VS2;61.6;59;4.84;4.81;2.97;1048
0.43;Ideal;E;VS2;62;57;4.85;4.82;3;1048
0.43;Ideal;E;VS2;62.1;56;4.87;4.83;3.01;1048
0.43;Ideal;E;VS2;62.2;57;4.84;4.8;3;1048
0.43;Ideal;E;VS2;62.8;56;4.86;4.79;3.03;1048
0.4;Very Good;F;VVS2;60.9;52;4.81;4.83;2.94;1049
0.4;Very Good;F;VVS2;62;56;4.71;4.74;2.93;1049
0.52;Good;G;SI2;63.1;56;5.08;5.12;3.22;1049
0.46;Very Good;G;VS1;62.8;57;4.92;4.83;3.06;1049
0.52;Very Good;G;SI2;63;55;5.12;5.14;3.23;1049
0.37;Ideal;F;VVS1;62;55;4.6;4.63;2.86;1049
0.73;Fair;I;I1;70.8;55;5.51;5.34;3.84;1049
0.39;Fair;E;VS2;65.4;57;4.61;4.54;2.99;1049
0.33;Very Good;D;VVS2;60.8;58;4.47;4.48;2.72;1050
0.47;Ideal;I;VVS1;61;56;5.02;5.04;3.07;1050
0.37;Ideal;D;VS2;61.1;56;4.64;4.66;2.84;1050
0.5;Fair;G;SI1;65;59;4.99;4.97;3.24;1050
0.56;Premium;J;SI1;60.3;59;5.34;5.3;3.21;1050
0.4;Ideal;I;IF;62.4;56;4.73;4.7;2.94;1050
0.4;Ideal;I;IF;62.2;56;4.75;4.71;2.94;1050
0.4;Premium;G;VVS2;59.7;58;4.8;4.78;2.86;1050
0.4;Premium;G;VVS2;58.9;58;4.84;4.8;2.84;1050
0.4;Premium;G;VVS2;61.7;59;4.76;4.73;2.93;1050
0.4;Premium;G;VVS2;61.1;58;4.76;4.74;2.9;1050
0.4;Ideal;G;VVS2;62.4;56;4.68;4.64;2.91;1050
0.4;Premium;G;VVS2;62.5;60;4.7;4.65;2.92;1050
0.4;Ideal;G;VVS2;62.4;56;4.74;4.72;2.95;1050
0.4;Premium;G;VVS2;62.7;59;4.72;4.69;2.95;1050
0.4;Premium;G;VVS2;62;58;4.74;4.68;2.92;1050
0.4;Premium;F;VS1;60.4;61;4.77;4.74;2.87;1050
0.4;Premium;F;VS1;60.4;59;4.76;4.75;2.87;1050
0.4;Ideal;F;VS1;61.1;56;4.78;4.75;2.91;1050
0.4;Premium;F;VS1;60.5;60;4.8;4.76;2.89;1050
0.4;Premium;F;VS1;60.3;60;4.81;4.77;2.89;1050
0.4;Ideal;F;VS1;61.3;56;4.76;4.73;2.91;1050
0.4;Ideal;F;VS1;62.7;55;4.76;4.74;2.98;1050
0.4;Premium;F;VS1;61.5;59;4.76;4.71;2.91;1050
0.4;Premium;F;VS1;61.4;58;4.75;4.73;2.91;1050
0.4;Premium;F;VS1;61.4;58;4.75;4.73;2.91;1050
0.4;Premium;F;VS1;62.6;58;4.72;4.68;2.94;1050
0.4;Premium;F;VS1;62.5;57;4.72;4.69;2.94;1050
0.4;Premium;F;VS1;61.1;59;4.75;4.71;2.89;1050
0.4;Premium;F;VS1;62.9;58;4.71;4.67;2.95;1050
0.4;Premium;F;VS1;61.9;59;4.7;4.67;2.9;1050
0.4;Premium;F;VS1;62.4;59;4.69;4.67;2.92;1050
0.4;Premium;F;VS1;62.5;59;4.69;4.66;2.92;1050
0.4;Ideal;D;VS2;61.3;57;4.77;4.75;2.92;1050
0.4;Premium;D;VS2;60.5;59;4.8;4.76;2.89;1050
0.4;Premium;D;VS2;59.1;57;4.87;4.81;2.86;1050
0.4;Ideal;D;VS2;62.3;57;4.75;4.72;2.95;1050
0.4;Premium;D;VS2;61.7;59;4.76;4.73;2.93;1050
0.4;Ideal;D;VS2;60.4;56;4.77;4.73;2.87;1050
0.4;Ideal;D;VS2;61.3;56;4.79;4.74;2.92;1050
0.4;Ideal;D;VS2;62.8;57;4.72;4.68;2.95;1050
0.4;Premium;D;VS2;62.4;59;4.72;4.7;2.94;1050
0.4;Ideal;D;VS2;61.5;55;4.75;4.71;2.91;1050
0.4;Ideal;D;VS2;61.6;57;4.77;4.71;2.92;1050
0.4;Premium;D;VS2;61.7;59;4.75;4.72;2.92;1050
0.4;Premium;D;VS2;62.5;59;4.72;4.66;2.93;1050
0.4;Good;G;VVS2;61.4;64;4.7;4.65;2.87;1050
0.4;Ideal;G;VS1;62.3;57;4.73;4.68;2.93;1050
0.41;Very Good;G;VVS2;63.3;59;4.69;4.71;2.97;1051
0.43;Very Good;E;VS1;61.9;53;4.86;4.89;3.02;1051
0.4;Ideal;G;VVS1;61.5;59;4.71;4.75;2.91;1051
0.51;Ideal;I;SI2;60.8;56;5.14;5.26;3.16;1051
0.31;Ideal;E;IF;60.7;56;4.36;4.4;2.66;1051
0.51;Fair;F;SI1;65.6;54;5.07;5.02;3.31;1052
0.38;Ideal;F;VVS2;60.3;55;4.69;4.79;2.86;1052
0.42;Ideal;H;VVS1;61.4;55;4.81;4.83;2.96;1052
0.53;Ideal;I;SI1;62.8;57;5.15;5.2;3.25;1052
0.33;Ideal;E;VVS1;60.2;57;4.5;4.47;2.7;1052
0.33;Ideal;E;VVS1;61.2;56;4.51;4.45;2.74;1052
0.33;Ideal;E;VVS1;61.8;57;4.43;4.4;2.73;1052
0.33;Ideal;E;VVS1;61.7;56;4.48;4.46;2.76;1052
0.33;Ideal;E;VVS1;61.5;56;4.49;4.46;2.75;1052
0.34;Premium;D;VVS2;60.1;58;4.55;4.53;2.73;1052
0.33;Premium;E;VVS1;60.1;58;4.51;4.47;2.7;1052
0.33;Premium;E;VVS1;59.7;58;4.52;4.49;2.69;1052
0.33;Ideal;E;VVS1;61.7;56;4.46;4.42;2.74;1052
0.33;Ideal;E;VVS1;61.5;57;4.47;4.44;2.74;1052
0.33;Ideal;E;VVS1;60.9;56;4.48;4.46;2.72;1052
0.51;Very Good;I;SI1;63.1;56;5.14;5.06;3.22;1052
0.33;Ideal;G;IF;61.6;55;4.51;4.48;2.77;1052
0.33;Good;G;IF;57.9;60;4.57;4.55;2.64;1052
0.33;Ideal;G;IF;62.2;56;4.45;4.43;2.76;1052
0.33;Ideal;G;IF;61.6;53;4.47;4.43;2.74;1052
0.33;Ideal;G;IF;61.7;55;4.47;4.45;2.75;1052
0.33;Ideal;G;IF;61.6;56;4.48;4.45;2.75;1052
0.33;Ideal;G;IF;61.8;55;4.48;4.45;2.76;1052
0.33;Ideal;G;IF;62.1;56;4.44;4.41;2.75;1052
0.33;Premium;G;IF;60.8;58;4.46;4.42;2.7;1052
0.33;Ideal;G;IF;61.3;57;4.46;4.42;2.72;1052
0.33;Ideal;G;IF;61.9;54;4.46;4.42;2.75;1052
0.51;Premium;F;SI2;58.1;59;5.26;5.24;3.05;1052
0.51;Premium;F;SI2;58.1;59;5.26;5.24;3.05;1052
0.51;Premium;G;SI2;60.8;59;5.2;5.19;3.16;1052
0.33;Premium;D;VVS2;60.4;60;4.51;4.46;2.71;1052
0.31;Good;E;IF;64.2;60;4.28;4.22;2.73;1052
0.38;Very Good;E;VVS1;60;59;4.66;4.68;2.8;1053
0.48;Very Good;I;VS1;62.4;55;4.99;5.03;3.12;1053
0.36;Very Good;E;IF;59.5;57;4.68;4.73;2.8;1053
0.4;Premium;E;VS1;61.2;59;4.72;4.76;2.9;1053
0.4;Premium;E;VS1;60.4;59;4.76;4.81;2.89;1053
0.4;Ideal;E;VS1;62.3;56;4.71;4.73;2.94;1053
0.4;Ideal;E;VS1;62.2;55;4.72;4.76;2.95;1053
0.4;Very Good;E;VS1;62.6;56;4.67;4.72;2.94;1053
0.4;Very Good;E;VS1;60.1;58;4.72;4.76;2.85;1053
0.4;Very Good;E;VS1;61.8;56;4.74;4.77;2.94;1053
0.4;Ideal;E;VS1;61.6;56;4.73;4.78;2.93;1053
0.4;Ideal;E;VS1;62;54;4.74;4.77;2.95;1053
0.4;Premium;E;VS1;60.3;58;4.8;4.82;2.9;1053
0.31;Premium;H;VS2;62.2;58;4.31;4.34;2.69;489
0.31;Very Good;H;VS2;62.2;59;4.34;4.38;2.71;489
0.31;Premium;H;VS2;61.3;60;4.32;4.36;2.66;489
0.31;Ideal;I;VS1;61.9;54;4.34;4.38;2.7;489
0.31;Premium;H;VS2;62.7;59;4.29;4.32;2.7;489
0.31;Ideal;H;VS2;62.6;57;4.31;4.35;2.71;489
0.31;Very Good;I;VS1;62.8;55;4.31;4.35;2.72;489
0.31;Ideal;H;VS2;62.2;55;4.35;4.37;2.71;489
0.31;Good;I;VS1;63.8;56;4.27;4.32;2.74;489
0.31;Ideal;H;VS2;62;57;4.33;4.38;2.7;489
0.31;Good;H;VS2;63.1;58;4.27;4.32;2.71;489
0.31;Very Good;I;VS1;62.8;57;4.28;4.32;2.7;489
0.31;Good;H;VS2;63.1;58;4.31;4.34;2.73;489
0.31;Good;I;VS1;63.7;55;4.3;4.33;2.75;489
0.31;Very Good;H;VS2;61.9;58;4.37;4.39;2.71;489
0.31;Good;H;VS2;63.5;57;4.32;4.34;2.75;489
0.31;Good;I;VS1;63.9;56;4.28;4.3;2.74;489
0.31;Premium;I;VS1;59.2;60;4.4;4.45;2.62;489
0.31;Good;H;VS2;63.2;58;4.31;4.33;2.73;489
0.31;Premium;H;VS2;62.4;59;4.31;4.34;2.7;489
0.31;Good;I;VS1;63.2;56;4.28;4.33;2.72;489
0.31;Ideal;I;VS1;61.6;55;4.34;4.36;2.68;489
0.31;Ideal;H;VS2;62.4;55;4.33;4.36;2.71;489
0.31;Very Good;G;SI1;61.8;55;4.35;4.38;2.69;490
0.27;Ideal;G;VS2;61.5;56;4.16;4.18;2.56;490
0.27;Ideal;G;VS2;61.5;55;4.18;4.21;2.58;490
0.27;Ideal;G;VS2;61.6;54;4.17;4.2;2.58;490
0.28;Ideal;F;VS2;61.8;54;4.18;4.23;2.6;490
0.27;Ideal;G;VS1;62.3;56;4.14;4.16;2.58;490
0.28;Ideal;G;VS1;62.1;55;4.22;4.25;2.63;490
0.4;Very Good;E;VS1;60.5;61;4.72;4.74;2.86;1053
0.4;Very Good;E;VS1;62.8;59;4.63;4.67;2.92;1053
0.3;Ideal;E;VVS2;61.4;55;4.34;4.36;2.67;1053
0.4;Very Good;E;VS1;62.4;54;4.71;4.75;2.95;1053
0.4;Ideal;E;VS1;61.2;57;4.74;4.77;2.91;1053
0.4;Premium;E;VS1;62.5;58;4.69;4.72;2.94;1053
0.4;Ideal;E;VS1;61.7;55;4.73;4.76;2.93;1053
0.43;Ideal;E;VS2;61.6;54;4.9;4.88;3.01;1053
0.4;Ideal;D;VS1;61.3;54;4.76;4.8;2.93;1053
0.4;Ideal;I;IF;62.8;54;4.7;4.72;2.96;1053
0.36;Good;E;IF;57.7;54;4.74;4.79;2.75;1053
0.39;Premium;F;VS2;58.8;59;4.83;4.8;2.83;1053
0.39;Ideal;F;VS2;60;57;4.76;4.7;2.84;1053
0.39;Premium;I;VVS1;61.5;59;4.7;4.67;2.88;1053
0.39;Premium;F;VS2;62.4;58;4.65;4.61;2.89;1053
0.39;Premium;F;VS2;58.4;62;4.79;4.76;2.79;1053
0.36;Ideal;H;VVS1;62.3;56;4.57;4.54;2.84;1053
0.36;Premium;G;VVS2;61.9;58;4.6;4.54;2.83;1053
0.36;Ideal;G;VVS2;62.3;56;4.56;4.53;2.83;1053
0.36;Ideal;G;VVS1;62.8;57;4.55;4.52;2.85;1053
0.51;Premium;G;SI1;62;59;5.12;5.1;3.17;1053
0.5;Very Good;I;SI1;62.8;60;5.04;5.08;3.18;1054
0.39;Very Good;E;VVS2;59.5;58;4.74;4.77;2.83;1054
0.34;Ideal;D;VVS2;61.3;56;4.51;4.53;2.77;1054
0.5;Ideal;J;VS2;61.9;54;5.1;5.14;3.17;1054
0.53;Ideal;H;SI2;61.6;56;5.16;5.19;3.19;1054
0.52;Ideal;H;SI2;61;55;5.19;5.23;3.18;1054
0.59;Premium;J;VS2;62.7;61;5.35;5.28;3.33;1055
0.37;Very Good;E;VVS1;60.9;56;4.65;4.67;2.84;1055
0.47;Premium;G;SI1;58.5;60;5.09;5.06;2.97;1055
0.41;Ideal;G;VVS1;61.6;57;4.75;4.77;2.93;1055
0.45;Ideal;G;VS1;59;60;4.98;5.05;2.96;1055
0.45;Ideal;G;VS1;62.8;58;4.83;4.88;3.05;1055
0.42;Ideal;G;VS1;61;56;4.86;4.82;2.95;1055
0.42;Ideal;H;VVS2;62;57;4.82;4.79;2.98;1055
0.51;Premium;G;SI2;63;61;5.08;4.99;3.17;1056
0.4;Ideal;E;VVS2;61.6;56;4.78;4.73;2.93;1056
0.4;Premium;E;VVS2;60.8;59;4.77;4.73;2.89;1056
0.4;Ideal;E;VVS2;61.5;55;4.79;4.77;2.94;1056
0.4;Ideal;E;VVS2;61.7;57;4.77;4.73;2.93;1056
0.39;Very Good;D;VVS2;61.4;59;4.69;4.73;2.89;1056
0.43;Ideal;I;IF;62;55;4.83;4.85;3;1056
0.43;Premium;D;VS2;60.2;59;4.88;4.92;2.95;1056
0.43;Ideal;G;VVS2;61.4;55;4.83;4.88;2.98;1056
0.43;Ideal;G;VVS2;61.9;55;4.84;4.86;3;1056
0.43;Very Good;G;VVS2;62.3;60;4.78;4.85;3;1056
0.43;Ideal;D;VS2;61.8;56;4.81;4.83;2.98;1056
0.43;Very Good;F;VS1;62.2;61;4.75;4.83;2.98;1056
0.43;Premium;F;VS1;62.5;58;4.78;4.85;3.01;1056
0.43;Premium;D;VS2;60.7;58;4.84;4.88;2.95;1056
0.43;Premium;I;IF;61.2;58;4.83;4.88;2.97;1056
0.43;Very Good;F;VS1;61;57;4.84;4.89;2.97;1056
0.43;Premium;F;VS1;59.9;58;4.89;4.93;2.94;1056
0.43;Ideal;D;VS2;62;55;4.81;4.86;3;1056
0.43;Ideal;D;VS2;60.7;57;4.88;4.91;2.97;1056
0.43;Ideal;G;VVS2;60.9;57;4.85;4.9;2.97;1056
0.43;Very Good;G;VVS2;62.2;55;4.81;4.84;3;1056
0.43;Ideal;G;VVS2;60.1;57;4.88;4.91;2.94;1056
0.52;Good;H;SI1;57.6;61;5.34;5.32;3.07;1056
0.39;Ideal;E;VVS2;61.7;56;4.73;4.75;2.92;1056
0.36;Ideal;G;VVS1;60.9;55;4.64;4.68;2.84;1056
0.41;Ideal;I;VS2;61.2;56;4.77;4.81;2.93;1056
0.41;Ideal;H;SI1;62.2;55;4.76;4.79;2.97;1056
0.41;Ideal;H;SI1;61.7;56;4.76;4.8;2.95;1056
0.41;Ideal;H;SI1;61.3;55;4.81;4.85;2.96;1056
0.37;Ideal;G;IF;62.1;55;4.6;4.64;2.87;1056
0.37;Ideal;G;IF;61.4;55;4.63;4.66;2.85;1056
0.37;Ideal;G;IF;61.2;56;4.65;4.67;2.85;1056
0.37;Ideal;G;IF;62.1;54;4.6;4.64;2.87;1056
0.37;Ideal;G;IF;61.2;56;4.61;4.64;2.83;1056
0.37;Ideal;G;IF;61.5;56;4.6;4.64;2.84;1056
0.36;Ideal;F;IF;62.5;54;4.54;4.58;2.85;1056
0.39;Good;D;VVS2;58.1;60;4.82;4.85;2.81;1056
0.4;Premium;E;VVS2;61.4;56;4.81;4.74;2.93;1056
0.41;Premium;G;VVS2;62.2;58;4.82;4.76;2.98;1056
0.52;Very Good;F;SI2;62.3;60;5.1;5.13;3.19;1057
0.41;Very Good;E;VVS1;60;61;4.78;4.86;2.89;1057
0.41;Very Good;E;VVS1;59.8;62;4.79;4.84;2.88;1057
0.41;Ideal;E;VVS1;62.1;56;4.76;4.78;2.96;1057
0.41;Premium;E;VVS1;61.2;58;4.74;4.8;2.92;1057
0.55;Ideal;H;SI2;62.2;54;5.28;5.3;3.29;1057
0.54;Ideal;I;SI1;62.1;54;5.24;5.26;3.26;1057
0.54;Ideal;I;SI1;62;55;5.21;5.25;3.24;1057
0.54;Ideal;I;SI1;61.9;54;5.25;5.28;3.26;1057
0.38;Very Good;F;VS1;62.1;54.7;4.63;4.66;2.89;1058
0.39;Good;F;VVS2;57.7;61;4.91;4.8;2.8;1058
0.39;Very Good;F;VVS2;63.5;58;4.65;4.61;2.94;1058
0.57;Premium;E;SI2;62.5;54;5.35;5.3;3.33;1058
0.57;Premium;E;SI2;62.5;54;5.35;5.3;3.33;1058
0.47;Ideal;H;VS2;62.7;55;5.08;4.95;3.15;1058
0.7;Fair;H;I1;66.5;57;5.51;5.4;3.64;1058
0.47;Very Good;F;SI2;63.3;59;4.9;4.86;3.09;1058
0.52;Very Good;E;SI2;64;55;5.07;5.11;3.26;1059
0.36;Ideal;F;VVS2;61.4;56;4.61;4.64;2.84;1059
0.4;Ideal;G;VVS1;61.2;56;4.74;4.8;2.92;1059
0.4;Ideal;G;VVS1;62.2;54;4.73;4.76;2.95;1059
0.4;Ideal;G;VVS1;61.5;57;4.74;4.79;2.93;1059
0.4;Ideal;G;VVS1;61.8;53;4.75;4.77;2.94;1059
0.4;Ideal;D;VS1;62.3;56;4.74;4.77;2.96;1059
0.52;Ideal;F;SI2;61.8;55;5.17;5.21;3.21;1059
0.4;Good;E;VVS2;58.5;60;4.82;4.86;2.83;1059
0.44;Good;E;VS2;62.2;62;4.79;4.85;3;1059
0.55;Ideal;J;SI1;62.5;57;5.24;5.22;3.27;1059
0.5;Very Good;J;VS2;63.2;60;5.06;5.01;3.18;1059
0.5;Premium;I;SI1;61.7;58;5.15;5.09;3.16;1059
0.4;Ideal;F;VS2;62;59;4.77;4.71;2.95;1059
0.4;Ideal;F;VS2;63.4;54;4.73;4.68;2.99;1059
0.59;Fair;H;SI2;64.5;57;5.37;5.16;3.42;1059
0.41;Premium;E;SI1;62.3;56;4.78;4.76;2.97;1059
0.31;Premium;D;VVS1;61.1;56;4.42;4.35;2.68;1060
0.38;Ideal;D;VVS2;60.3;57;4.77;4.71;2.86;1060
0.38;Very Good;F;VVS2;61.9;59.7;4.64;4.65;2.87;1060
0.31;Premium;E;IF;61;59;4.36;4.39;2.67;1060
0.31;Ideal;E;IF;61.9;56;4.35;4.37;2.7;1060
0.41;Good;E;VVS2;63.1;58;4.72;4.75;2.99;1060
0.51;Ideal;I;VS2;60.6;57;5.16;5.21;3.14;1060
0.34;Ideal;E;VS1;62.4;54;4.49;4.45;2.79;1060
0.51;Good;H;SI2;56.7;60;5.38;5.35;3.04;1060
0.48;Ideal;I;VVS2;62.1;56;5.01;5.04;3.12;1061
0.31;Ideal;F;IF;61.5;55;4.34;4.37;2.68;1061
0.31;Ideal;F;IF;61.4;56;4.38;4.41;2.7;1061
0.32;Ideal;E;VVS1;61.6;56;4.43;4.37;2.71;1061
0.41;Premium;I;VVS2;59.9;58;4.87;4.81;2.9;1061
0.41;Very Good;J;IF;63.5;54;4.75;4.7;3;1061
0.41;Good;J;IF;63.6;54;4.75;4.72;3.01;1061
0.41;Premium;I;VVS2;62.1;58;4.78;4.76;2.96;1061
0.41;Ideal;I;VVS2;61.7;56;4.8;4.77;2.95;1061
0.41;Premium;I;VVS2;62.9;58;4.74;4.71;2.97;1061
0.41;Good;I;VVS2;63.9;55;4.74;4.71;3.02;1061
0.41;Very Good;I;VVS2;63.1;56;4.75;4.72;2.99;1061
0.41;Very Good;I;VVS2;63.5;57;4.76;4.72;3.01;1061
0.41;Ideal;I;VVS2;62.3;56;4.77;4.73;2.96;1061
0.41;Ideal;I;VVS2;61.6;57;4.78;4.76;2.94;1061
0.41;Premium;I;VVS2;62.4;60;4.73;4.7;2.94;1061
0.41;Ideal;H;VS1;61.8;56;4.81;4.77;2.96;1061
0.41;Very Good;H;VS1;63.5;56;4.7;4.69;2.98;1061
0.41;Ideal;H;VS1;62.7;56;4.77;4.73;2.98;1061
0.41;Premium;H;VS1;62;56;4.78;4.74;2.95;1061
0.41;Premium;H;VS1;62.6;60;4.77;4.75;2.98;1061
0.41;Ideal;H;VS1;61.9;56;4.78;4.75;2.95;1061
0.41;Ideal;G;VS2;59.8;57;4.85;4.81;2.89;1061
0.41;Premium;G;VS2;59.9;59;4.86;4.82;2.9;1061
0.41;Premium;G;VS2;60.8;59;4.8;4.78;2.91;1061
0.41;Ideal;G;VS2;62.4;54;4.81;4.78;2.99;1061
0.41;Premium;G;VS2;59.8;61;4.82;4.78;2.87;1061
0.41;Ideal;G;VS2;60.9;57;4.84;4.79;2.93;1061
0.41;Premium;G;VS2;61.5;58;4.82;4.8;2.96;1061
0.41;Premium;G;VS2;59.2;58;4.83;4.8;2.85;1061
0.41;Premium;G;VS2;60.9;58;4.83;4.8;2.93;1061
0.41;Premium;G;VS2;59.8;58;4.84;4.8;2.88;1061
0.41;Premium;G;VS2;61;56;4.83;4.81;2.94;1061
0.41;Premium;G;VS2;59.7;59;4.84;4.81;2.88;1061
0.41;Premium;G;VS2;61.4;59;4.79;4.75;2.93;1061
0.41;Ideal;G;VS2;62.7;55;4.79;4.75;2.99;1061
0.41;Ideal;G;VS2;61.4;55;4.8;4.75;2.93;1061
0.41;Premium;G;VS2;61.3;57;4.8;4.76;2.93;1061
0.41;Ideal;G;VS2;61.4;54;4.84;4.77;2.95;1061
0.41;Premium;G;VS2;61.8;58;4.77;4.75;2.94;1061
0.41;Ideal;G;VS2;62.5;54;4.78;4.75;2.98;1061
0.41;Premium;G;VS2;61.4;59;4.79;4.75;2.93;1061
0.41;Premium;G;VS2;61.6;58;4.78;4.73;2.93;1061
0.41;Premium;G;VS2;60.9;61;4.75;4.74;2.89;1061
0.41;Ideal;G;VS2;62.7;56;4.77;4.74;2.98;1061
0.41;Premium;G;VS2;61.8;59;4.76;4.72;2.93;1061
0.41;Premium;G;VS2;62.4;58;4.76;4.72;2.96;1061
0.41;Ideal;G;VS2;62.7;56;4.76;4.72;2.97;1061
0.41;Ideal;G;VS2;62.1;57;4.78;4.72;2.95;1061
0.41;Ideal;G;VS2;62.4;55;4.76;4.73;2.96;1061
0.41;Premium;G;VS2;62.6;59;4.76;4.73;2.97;1061
0.41;Premium;G;VS2;61.9;59;4.77;4.73;2.94;1061
0.41;Premium;G;VS2;61.7;61;4.74;4.7;2.91;1061
0.41;Premium;G;VS2;62.9;59;4.75;4.7;2.97;1061
0.41;Ideal;G;VS2;62.2;57;4.74;4.71;2.94;1061
0.41;Premium;G;VS2;62.6;58;4.74;4.71;2.96;1061
0.41;Ideal;G;VS2;62.7;56;4.76;4.71;2.97;1061
0.41;Ideal;G;VS2;62.5;56;4.75;4.72;2.96;1061
0.32;Ideal;E;VVS1;62.2;55;4.41;4.37;2.73;1061
0.32;Ideal;F;VVS1;61.1;56;4.45;4.42;2.71;1061
0.43;Ideal;E;VVS2;60.8;57;4.87;4.9;2.97;1062
0.55;Very Good;J;VS2;62.6;57;5.17;5.21;3.25;1062
0.33;Ideal;D;VVS2;60.3;57;4.52;4.47;2.71;1062
0.33;Ideal;F;VVS1;62.1;56;4.46;4.43;2.76;1062
0.5;Ideal;D;SI2;61.3;54;5.11;5.03;3.11;1063
0.46;Premium;G;SI1;60.6;59;5.04;5;3.04;1063
0.44;Premium;I;VVS2;61.5;57;4.92;4.87;3.01;1063
0.36;Ideal;F;IF;61.4;56;4.57;4.61;2.82;1063
0.36;Ideal;F;IF;60.3;57;4.61;4.65;2.79;1063
0.35;Ideal;E;VS1;61.9;56;4.53;4.51;2.8;1063
0.35;Ideal;E;VS1;61.6;57;4.53;4.5;2.78;1063
0.35;Premium;E;VS1;60.8;58;4.58;4.55;2.78;1063
0.35;Ideal;E;VS1;61.2;56;4.55;4.53;2.78;1063
0.35;Premium;E;VS1;62.3;60;4.52;4.5;2.81;1063
0.35;Ideal;E;VS1;62.3;56;4.52;4.5;2.81;1063
0.35;Ideal;D;VS2;61.3;56;4.56;4.54;2.79;1063
0.45;Good;E;SI1;63.9;57;4.86;4.81;3.09;1063
0.44;Premium;G;VS2;60.6;58;4.96;4.9;2.99;1063
0.4;Premium;J;IF;62.7;60;4.7;4.64;2.93;1063
0.4;Premium;J;IF;62.2;61;4.71;4.68;2.92;1063
0.4;Ideal;J;IF;62.4;56;4.74;4.71;2.95;1063
0.4;Ideal;J;IF;62.6;56;4.75;4.71;2.96;1063
0.35;Premium;D;VS2;59.7;58;4.61;4.57;2.74;1063
0.35;Ideal;D;VS2;60.7;56;4.6;4.56;2.78;1063
0.35;Ideal;D;VS2;61.8;55;4.56;4.53;2.81;1063
0.35;Premium;D;VS2;60.4;58;4.58;4.53;2.75;1063
0.35;Premium;D;VS2;62;58;4.56;4.54;2.82;1063
0.35;Ideal;D;VS2;60.6;56;4.57;4.54;2.76;1063
0.35;Ideal;D;VS2;61.6;56;4.56;4.53;2.8;1063
0.35;Ideal;D;VS2;60.9;57;4.55;4.51;2.76;1063
0.35;Premium;D;VS2;61.9;58;4.6;4.51;2.82;1063
0.35;Ideal;D;VS2;62.3;55;4.54;4.52;2.82;1063
0.35;Ideal;D;VS2;61.5;56;4.55;4.53;2.79;1063
0.35;Ideal;D;VS2;62.5;55;4.55;4.5;2.83;1063
0.35;Ideal;D;VS2;61.9;55;4.54;4.5;2.8;1063
0.35;Ideal;D;VS2;62.4;55;4.52;4.48;2.81;1063
0.35;Ideal;D;VS2;62;55;4.53;4.47;2.79;1063
0.5;Very Good;G;SI2;63.3;57;5.03;4.99;3.17;1063
0.5;Premium;F;SI1;61.2;59;5.13;5.1;3.13;1063
0.5;Premium;E;SI2;59.7;59;5.18;5.11;3.07;1063
0.35;Ideal;D;VS2;61.8;56;4.55;4.51;2.8;1063
0.35;Ideal;D;VS2;62.4;57;4.56;4.51;2.83;1063
0.31;Ideal;E;VVS1;61.3;56;4.39;4.43;2.7;1064
0.36;Ideal;D;VS1;61.7;55;4.59;4.62;2.84;1064
0.4;Ideal;D;VS1;62.3;54;4.7;4.74;2.94;1064
0.38;Ideal;H;IF;60;60;4.71;4.76;2.84;1064
0.38;Ideal;H;IF;58.9;58;4.69;4.81;2.8;1064
0.38;Premium;D;VS1;58.2;58;4.81;4.77;2.79;1064
0.43;Premium;D;SI1;60.1;58;4.93;4.89;2.95;1064
0.43;Ideal;D;SI1;61.5;56;4.87;4.82;2.98;1064
0.43;Premium;D;SI1;61.2;58;4.87;4.83;2.97;1064
0.43;Premium;D;SI1;61.1;59;4.89;4.83;2.97;1064
0.41;Good;F;VVS2;63.6;56;4.72;4.68;2.99;1064
0.32;Ideal;D;VVS1;61;57;4.45;4.43;2.71;1064
0.38;Premium;G;VVS1;61.3;57;4.68;4.62;2.85;1064
0.37;Premium;G;IF;59.8;58;4.71;4.69;2.81;1064
0.54;Very Good;H;SI1;61.7;54;5.23;5.27;3.24;1065
0.35;Ideal;D;VS1;61;56;4.53;4.58;2.78;1065
0.63;Ideal;J;SI2;61.4;54;5.54;5.56;3.41;1065
0.54;Ideal;F;SI2;62.2;56;5.21;5.24;3.25;1065
0.54;Ideal;F;SI2;61.8;56;5.26;5.29;3.26;1065
0.54;Ideal;H;SI1;62;54;5.23;5.28;3.26;1065
0.39;Very Good;E;VS2;63.1;56;4.69;4.63;2.94;1065
0.52;Ideal;H;SI2;61;55;5.22;5.19;3.18;1065
0.4;Very Good;E;VVS2;62.8;58;4.68;4.71;2.95;1066
0.4;Very Good;G;VVS1;60.7;55;4.81;4.84;2.93;1066
0.42;Very Good;D;VS1;60.7;60;4.81;4.88;2.94;1066
0.32;Ideal;D;VVS2;60.6;56;4.47;4.5;2.72;1066
0.43;Ideal;F;VS2;61.1;57;4.88;4.91;2.99;1066
0.32;Ideal;D;VS2;61.7;55;4.39;4.42;2.72;1066
0.5;Ideal;I;SI1;61.4;56;5.13;5.16;3.16;1066
0.45;Good;F;VS2;56.8;62;5.1;5.14;2.91;1066
0.58;Premium;H;SI2;59;61;5.45;5.42;3.21;1066
0.38;Ideal;D;SI1;62.2;54;4.69;4.65;2.9;1066
0.7;Fair;J;I1;64.7;59;5.59;5.5;3.59;1066
0.32;Ideal;D;VVS1;61.5;57;4.43;4.45;2.73;1067
0.51;Very Good;E;SI2;63;56;5.12;5.14;3.23;1067
0.32;Ideal;D;VVS1;61.9;56;4.36;4.39;2.71;1067
0.38;Ideal;D;VS1;62;55;4.64;4.68;2.89;1067
0.38;Premium;D;VS1;62.4;59;4.6;4.63;2.88;1067
0.32;Ideal;D;VVS1;61.7;55;4.41;4.44;2.73;1067
0.32;Ideal;D;VVS1;61.3;57;4.39;4.42;2.7;1067
0.38;Ideal;D;VS1;62.2;57;4.63;4.66;2.89;1067
0.38;Ideal;G;VVS1;61.6;57;4.65;4.73;2.89;1067
0.38;Ideal;D;VS1;62.5;56;4.64;4.67;2.91;1067
0.38;Premium;D;VS1;61.9;60;4.62;4.66;2.87;1067
0.32;Ideal;D;VVS1;61.8;56;4.39;4.41;2.72;1067
0.32;Ideal;D;VVS1;61.8;56;4.39;4.41;2.72;1067
0.33;Ideal;F;VVS2;62.4;56;4.43;4.41;2.76;1067
0.51;Very Good;I;SI1;62.5;58;5.05;5.12;3.18;1068
0.51;Very Good;I;SI1;63.5;55;5.07;5.11;3.23;1068
0.5;Very Good;F;SI2;61.4;61;5.09;5.14;3.14;1068
0.5;Very Good;H;SI1;62.9;58;5.01;5.04;3.16;1068
0.42;Ideal;H;VVS1;62.4;55;4.79;4.8;2.99;1068
0.42;Premium;H;VVS1;62;58;4.79;4.82;2.98;1068
0.51;Very Good;I;VS2;60.3;63;5.16;5.13;3.1;1068
0.51;Premium;F;SI2;62.1;56;5.16;5.11;3.19;1068
0.32;Ideal;F;VVS2;60.7;57;4.42;4.45;2.69;1068
0.38;Ideal;E;VVS2;60.9;56;4.71;4.68;2.06;1068
0.41;Ideal;G;VVS1;60.8;56;4.82;4.85;2.94;1068
0.41;Ideal;G;VVS1;62.4;55;4.74;4.78;2.97;1068
0.41;Ideal;G;VVS1;62.4;53;4.79;4.8;2.99;1068
0.41;Ideal;G;VVS1;62.5;53;4.76;4.78;2.98;1068
0.37;Premium;D;VVS1;61.4;58;4.63;4.65;2.85;1069
0.42;Ideal;F;VVS2;61.6;55;4.84;4.87;2.99;1069
0.4;Fair;E;VVS2;57.3;60;4.84;4.89;2.79;1069
0.38;Ideal;E;VS1;61.9;56;4.67;4.63;2.88;1069
0.38;Ideal;E;VS1;61.6;56;4.67;4.65;2.87;1069
0.38;Ideal;E;VS1;62.7;55;4.65;4.6;2.9;1069
0.38;Premium;E;VS1;60.7;59;4.73;4.69;2.86;1069
0.38;Ideal;E;VS1;62.1;56;4.65;4.62;2.88;1069
0.3;Ideal;D;VVS1;61.3;57;4.32;4.29;2.64;1069
0.3;Ideal;D;VVS1;61.1;57;4.36;4.34;2.66;1069
0.38;Ideal;E;VS1;61.6;56;4.66;4.62;2.86;1069
0.38;Premium;H;VVS2;62;58;4.64;4.62;2.87;1069
0.38;Premium;G;VS1;61;58;4.71;4.67;2.86;1069
0.38;Premium;G;VS1;61.9;56;4.68;4.63;2.88;1069
0.38;Ideal;G;VS1;61.8;56;4.65;4.64;2.87;1069
0.38;Premium;G;VS1;60.6;58;4.67;4.64;2.82;1069
0.38;Ideal;G;VS1;60.8;56;4.71;4.66;2.85;1069
0.38;Premium;G;VS1;61.9;59;4.67;4.63;2.88;1069
0.38;Premium;G;VS1;61.9;58;4.66;4.62;2.87;1069
0.24;Ideal;G;VS1;61.8;54;4.01;4.02;2.48;490
0.31;Ideal;F;SI1;61.7;55;4.35;4.37;2.69;490
0.31;Ideal;F;SI1;62.3;55;4.34;4.39;2.72;490
0.25;Good;F;VVS1;59.1;60;4.1;4.12;2.43;490
0.32;Ideal;E;I1;60.7;57;4.45;4.41;2.69;490
0.34;Good;H;SI1;63.3;56;4.45;4.46;2.82;490
0.34;Ideal;H;SI1;60.7;56;4.52;4.58;2.76;490
0.34;Ideal;H;SI1;62.6;56;4.46;4.48;2.8;490
0.43;Good;J;SI2;63.7;57;4.76;4.79;3.04;490
0.34;Good;H;SI1;63.7;57;4.44;4.45;2.83;490
0.3;Ideal;H;VS2;61.7;56;4.32;4.34;2.67;491
0.3;Ideal;H;VS2;62.3;56;4.29;4.31;2.68;491
0.3;Ideal;H;VS2;62.4;54;4.31;4.34;2.7;491
0.3;Ideal;H;VS2;62.2;54;4.33;4.35;2.7;491
0.3;Ideal;H;VS2;62.1;57;4.27;4.3;2.66;491
0.3;Ideal;H;VS2;61.9;57;4.28;4.31;2.66;491
0.3;Ideal;H;VS2;62.1;56;4.32;4.34;2.69;491
0.3;Ideal;H;VS2;61.8;58;4.26;4.28;2.64;491
0.3;Ideal;H;VS2;61.4;55;4.34;4.36;2.67;491
0.3;Ideal;H;VS2;62.1;55;4.33;4.36;2.7;491
0.3;Ideal;H;VS2;60.9;58;4.29;4.32;2.62;491
0.3;Ideal;H;VS2;62.3;57;4.25;4.29;2.66;491
0.3;Ideal;H;VS2;62.3;54;4.31;4.36;2.7;491
0.3;Ideal;H;VS2;62.4;55;4.28;4.31;2.68;491
0.3;Ideal;H;VS2;62.6;55;4.28;4.31;2.69;491
0.3;Ideal;H;VS2;62.5;57;4.26;4.29;2.67;491
0.3;Ideal;H;VS2;62.3;57;4.27;4.3;2.67;491
0.3;Ideal;H;VS2;62.3;56;4.27;4.3;2.67;491
0.3;Ideal;I;VS1;62;58;4.28;4.3;2.66;491
0.3;Ideal;I;VS1;61.4;56;4.3;4.33;2.65;491
0.38;Premium;E;VS1;60.7;59;4.7;4.65;2.84;1069
0.38;Premium;E;VS1;60.2;58;4.71;4.66;2.82;1069
0.38;Premium;E;VS1;61.5;58;4.69;4.64;2.87;1069
0.44;Ideal;H;SI1;61.9;56;4.91;4.87;3.03;1069
0.44;Ideal;H;SI1;60.9;57;4.92;4.9;2.99;1069
0.38;Ideal;H;VVS1;60.7;56;4.75;4.74;2.88;1069
0.7;Fair;G;I1;60.4;58;5.74;5.68;3.45;1069
0.7;Fair;G;I1;67.5;55;5.59;5.37;3.71;1069
0.7;Fair;G;I1;62.5;59;5.65;5.48;3.48;1069
0.5;Fair;F;SI1;64.7;60;4.99;4.84;3.18;1069
0.55;Premium;G;SI2;61.2;59;5.3;5.26;3.23;1069
0.33;Premium;D;VS2;61.1;56;4.54;4.5;2.76;1069
0.33;Premium;E;VS1;61;55;4.51;4.47;2.74;1069
0.38;Ideal;H;VVS2;61.4;57;4.65;4.63;2.85;1069
0.51;Very Good;F;SI2;62.7;56;5.06;5.08;3.18;1070
0.53;Very Good;G;SI2;60.8;58;5.19;5.21;3.16;1070
0.38;Ideal;D;VVS2;61.4;57;4.66;4.72;2.88;1070
0.38;Ideal;F;VVS1;61;57;4.66;4.69;2.85;1070
0.46;Fair;E;VS2;66.8;61;4.84;4.71;3.2;1070
0.52;Very Good;H;SI1;61.3;60;5.15;5.23;3.18;1071
0.37;Premium;D;VVS2;61;60;4.61;4.64;2.82;1071
0.37;Ideal;D;VVS2;61.6;56;4.61;4.65;2.85;1071
0.51;Good;J;SI1;63.9;55;5.01;4.97;3.19;1071
0.51;Very Good;J;SI1;63.3;56;5.12;5.02;3.21;1071
0.3;Ideal;E;VVS1;61.3;57;4.32;4.36;2.66;1071
0.3;Ideal;E;VVS1;61.7;57;4.32;4.34;2.67;1071
0.51;Fair;G;SI1;65.2;55;5.04;5.02;3.28;1071
0.34;Ideal;E;VVS2;62.3;57;4.48;4.44;2.78;1071
0.34;Premium;G;VVS1;59;62;4.6;4.56;2.7;1071
0.35;Premium;E;VVS1;63;59;4.48;4.44;2.81;1071
0.51;Premium;G;SI1;61.4;58;5.17;5.14;3.16;1071
0.51;Ideal;D;I1;62.1;56;5.15;5.06;3.17;1071
0.34;Ideal;F;VVS2;59.1;57;4.66;4.61;2.74;1071
0.3;Premium;G;IF;58.4;62;4.43;4.4;2.58;1071
0.4;Ideal;D;VS1;60.6;56;4.82;4.78;2.91;1072
0.57;Good;I;SI1;63.3;56;5.27;5.29;3.34;1072
0.57;Very Good;J;VS2;60.2;62;5.33;5.4;3.23;1072
0.49;Premium;F;SI1;60.5;60;5.1;5.08;3.08;1072
0.49;Premium;G;SI1;62.4;58;5.05;4.99;3.13;1072
0.47;Premium;E;SI2;58.7;60;5.13;5.09;3;1072
0.37;Ideal;G;VVS2;60.7;55;4.66;4.7;2.84;1073
0.52;Good;H;SI1;63.6;62;5.11;5.04;3.23;1073
0.38;Ideal;E;VVS2;62.1;54.5;4.62;4.66;2.88;1073
0.38;Ideal;E;VVS2;61.9;53.8;4.66;4.7;2.9;1073
0.38;Ideal;E;VVS2;61.8;53.7;4.67;4.69;2.89;1073
0.38;Ideal;E;VVS2;62.2;53.8;4.62;4.66;2.88;1073
0.38;Ideal;E;VVS2;61.8;54.2;4.66;4.69;2.89;1073
0.46;Ideal;I;VS2;62.2;56;4.96;4.9;3.07;1073
0.54;Ideal;H;SI2;61.6;56;5.25;5.28;3.24;1073
0.35;Ideal;F;IF;60.7;57;4.6;4.56;2.78;1073
0.52;Good;I;SI1;63.6;60;5.1;5.05;3.23;1073
0.52;Premium;I;SI1;62.5;59;5.12;5.06;3.18;1073
0.52;Very Good;I;SI1;63.3;55;5.13;5.1;3.24;1073
0.44;Ideal;E;VS2;61.5;56;4.92;4.9;3.02;1073
0.44;Premium;E;VS2;60.4;59;4.93;4.9;2.97;1073
0.44;Premium;E;VS2;60.4;58;4.93;4.87;2.96;1073
0.44;Ideal;E;VS2;62.4;57;4.9;4.88;3.05;1073
0.44;Premium;E;VS2;62.3;59;4.91;4.81;3.03;1073
0.44;Ideal;E;VS2;61.9;55;4.89;4.86;3.02;1073
0.52;Premium;F;SI2;62.7;57;5.11;5.07;3.19;1073
0.52;Premium;F;SI2;62.7;57;5.11;5.07;3.19;1073
0.52;Very Good;G;SI2;63.3;58;5.11;5.06;3.22;1073
0.52;Premium;F;SI2;61.7;58;5.23;5.18;3.15;1073
0.5;Premium;E;SI1;62.2;58;5.03;4.87;3.1;1073
0.49;Premium;F;SI2;62.2;59;5.09;5.04;3.15;1073
0.5;Very Good;I;SI1;63.4;62;5;4.95;3.15;1073
0.36;Premium;G;IF;61;59;4.55;4.6;2.79;1074
0.36;Premium;G;IF;62.5;60;4.49;4.53;2.82;1074
0.36;Ideal;G;IF;61.6;55;4.57;4.59;2.82;1074
0.34;Ideal;F;IF;60.7;57;4.5;4.53;2.74;1074
0.5;Very Good;D;SI2;58.5;60;5.19;5.21;3.04;1074
0.5;Very Good;H;VS2;61.8;63;5.05;5.08;3.13;1074
0.41;Premium;G;VVS1;59.7;60;4.83;4.85;2.89;1074
0.31;Ideal;D;VVS2;61;55;4.38;4.41;2.68;1074
0.31;Ideal;F;VVS1;61.4;55;4.37;4.39;2.69;1074
0.5;Ideal;G;SI2;62.1;55;5.12;5.15;3.19;1074
0.52;Ideal;I;SI1;61.8;55;5.16;5.19;3.2;1074
0.52;Ideal;H;SI1;62.3;54;5.15;5.18;3.22;1074
0.4;Ideal;H;IF;61.9;55;4.76;4.77;2.95;1074
0.4;Ideal;H;IF;60.9;58;4.75;4.78;2.9;1074
0.38;Ideal;G;IF;61.6;56;4.67;4.72;2.89;1074
0.31;Ideal;E;VVS2;61.6;56;4.39;4.35;2.69;1074
0.4;Ideal;E;SI1;62.2;54;4.76;4.72;2.95;1074
0.42;Ideal;D;VS1;61.4;55;4.9;4.8;2.98;1075
0.4;Very Good;E;VVS2;63.7;59;4.66;4.69;2.98;1075
0.47;Fair;E;VS2;56.3;64;5.19;5.14;2.91;1075
0.52;Ideal;I;SI1;61.8;56;5.15;5.18;3.19;1075
0.31;Premium;D;VVS1;61.2;59;4.38;4.35;2.67;1075
0.41;Ideal;G;VVS1;60.2;57;4.8;4.83;2.9;1076
0.41;Ideal;G;VVS1;62.2;54;4.79;4.82;2.99;1076
0.5;Ideal;I;SI1;62.3;56;5.04;5.08;3.15;1076
0.55;Ideal;I;SI1;61.4;54;5.3;5.35;3.27;1076
0.42;Good;G;VVS2;57.7;59.8;4.95;4.96;2.86;1076
0.41;Ideal;D;VS2;62.4;55;4.79;4.76;2.98;1076
0.41;Ideal;I;IF;62.6;57;4.78;4.74;2.98;1076
0.41;Premium;G;VVS2;61.6;56;4.78;4.76;2.94;1076
0.41;Ideal;G;VVS2;61.3;56;4.79;4.77;2.93;1076
0.41;Ideal;G;VVS2;61;57;4.8;4.78;2.92;1076
0.41;Ideal;G;VVS2;60.4;56;4.83;4.8;2.91;1076
0.41;Ideal;G;VVS2;61.1;55;4.83;4.8;2.94;1076
0.41;Premium;G;VVS2;61.4;58;4.8;4.75;2.93;1076
0.41;Ideal;G;VVS2;62.2;56;4.8;4.75;2.97;1076
0.41;Ideal;G;VVS2;61.3;56;4.77;4.76;2.92;1076
0.41;Ideal;G;VVS2;62.5;55;4.76;4.75;2.97;1076
0.41;Premium;G;VVS2;61.6;58;4.8;4.74;2.94;1076
0.41;Ideal;G;VVS2;61.8;56;4.78;4.74;2.94;1076
0.41;Ideal;G;VVS2;62.9;56;4.74;4.7;2.97;1076
0.41;Premium;F;VS1;58.6;61;4.87;4.83;2.84;1076
0.41;Premium;F;VS1;60.7;56;4.82;4.77;2.91;1076
0.41;Premium;F;VS1;59.9;58;4.84;4.81;2.89;1076
0.41;Ideal;F;VS1;60.6;57;4.84;4.79;2.92;1076
0.41;Ideal;F;VS1;61.3;55;4.83;4.79;2.95;1076
0.41;Ideal;F;VS1;62;55;4.81;4.77;2.97;1076
0.41;Ideal;F;VS1;62;56;4.81;4.77;2.97;1076
0.41;Ideal;F;VS1;62.3;55;4.79;4.77;2.98;1076
0.41;Ideal;F;VS1;60.8;57;4.8;4.77;2.91;1076
0.41;Premium;F;VS1;61.2;57;4.8;4.77;2.93;1076
0.41;Ideal;F;VS1;62.1;56;4.8;4.77;2.97;1076
0.41;Ideal;F;VS1;61.3;57;4.79;4.77;2.93;1076
0.41;Ideal;F;VS1;61.9;55;4.8;4.76;2.96;1076
0.41;Premium;F;VS1;60.8;58;4.82;4.76;2.91;1076
0.41;Ideal;F;VS1;62.6;55;4.77;4.75;2.98;1076
0.41;Ideal;F;VS1;61.8;56;4.79;4.75;2.95;1076
0.41;Ideal;F;VS1;60.8;56;4.79;4.76;2.92;1076
0.41;Premium;F;VS1;61.1;58;4.78;4.74;2.91;1076
0.41;Ideal;F;VS1;62.5;57;4.76;4.75;2.97;1076
0.41;Ideal;F;VS1;61.9;57;4.77;4.73;2.94;1076
0.41;Premium;F;VS1;62.6;58;4.75;4.74;2.97;1076
0.41;Ideal;F;VS1;62.7;55;4.77;4.74;2.98;1076
0.41;Premium;F;VS1;62.7;58;4.77;4.74;2.98;1076
0.41;Ideal;F;VS1;62.1;56;4.76;4.74;2.95;1076
0.41;Premium;F;VS1;62.4;60;4.77;4.71;2.96;1076
0.41;Ideal;F;VS1;62;57;4.76;4.73;2.94;1076
0.41;Ideal;D;VS2;61.5;57;4.79;4.77;2.94;1076
0.41;Ideal;D;VS2;61.9;56;4.8;4.77;2.96;1076
0.41;Ideal;D;VS2;62.2;54;4.81;4.77;2.98;1076
0.41;Ideal;D;VS2;61.7;56;4.81;4.78;2.96;1076
0.41;Ideal;D;VS2;62.8;55;4.73;4.7;2.96;1076
0.41;Premium;D;VS2;62.4;60;4.75;4.71;2.95;1076
0.41;Ideal;D;VS2;62.2;57;4.76;4.72;2.95;1076
0.41;Ideal;D;VS2;61.6;55;4.77;4.74;2.93;1076
0.41;Ideal;D;VS2;62.4;54;4.78;4.74;2.97;1076
0.52;Premium;G;SI2;58.4;62;5.33;5.28;3.1;1076
0.52;Premium;G;SI2;58.4;62;5.33;5.28;3.1;1076
0.41;Ideal;E;VS1;61.4;55;4.84;4.8;2.96;1076
0.41;Ideal;E;VS1;61.5;56;4.79;4.77;2.94;1076
0.41;Premium;G;VS1;58.9;60;4.87;4.84;2.86;1076
0.53;Ideal;H;SI1;62.6;56;5.28;5.1;3.25;1077
0.5;Good;E;SI2;63.3;56;5.05;5.09;3.21;1077
0.5;Very Good;E;SI2;61.5;58;5.03;5.09;3.11;1077
0.5;Very Good;E;SI2;62.8;55;5.05;5.08;3.18;1077
0.5;Good;E;SI2;63.7;55;5.03;5.08;3.22;1077
0.5;Very Good;E;SI2;63;57;5.04;5.09;3.19;1077
0.5;Good;E;SI2;63.1;58;5.05;5.09;3.2;1077
0.57;Ideal;H;SI2;62.3;56;5.31;5.28;3.3;1077
0.33;Ideal;D;VS1;61;56;4.47;4.45;2.72;1077
0.39;Ideal;G;VS1;62.6;55;4.69;4.66;2.93;1077
0.39;Ideal;G;VS1;62;55;4.71;4.66;2.9;1077
0.47;Very Good;D;SI2;61.5;55;5;5.04;3.09;1078
0.4;Very Good;D;VVS2;58.3;59;4.88;4.9;2.85;1078
0.4;Ideal;D;VVS2;61.4;56;4.75;4.8;2.93;1078
0.53;Ideal;F;SI2;62.4;54;5.19;5.22;3.25;1078
0.53;Ideal;F;SI2;62.2;53;5.19;5.22;3.24;1078
0.5;Premium;G;SI2;58.6;61;5.21;5.16;3.04;1078
0.5;Fair;H;SI1;62.3;60;5.09;5.06;3.16;1078
0.53;Very Good;G;SI2;63.4;55;5.1;5.19;3.26;1079
0.53;Very Good;G;SI2;60;56;5.28;5.32;3.18;1079
0.54;Very Good;I;SI1;61.3;60;5.2;5.24;3.2;1079
0.41;Ideal;E;VS1;61.8;57;4.76;4.79;2.95;1079
0.41;Ideal;E;VS1;61.4;57;4.79;4.82;2.95;1079
0.41;Premium;E;VS1;60;58;4.8;4.83;2.89;1079
0.41;Premium;E;VS1;61.8;58;4.73;4.75;2.93;1079
0.41;Very Good;E;VS1;62.8;58;4.7;4.72;2.96;1079
0.41;Premium;E;VS1;61.2;58;4.76;4.78;2.92;1079
0.41;Ideal;E;VS1;62.1;55;4.77;4.8;2.97;1079
0.41;Premium;E;VS1;62;60;4.74;4.78;2.95;1079
0.41;Ideal;E;VS1;61.8;55;4.75;4.8;2.95;1079
0.41;Premium;E;VS1;60.8;59;4.76;4.82;2.91;1079
0.41;Ideal;E;VS1;61.7;55;4.75;4.78;2.94;1079
0.41;Premium;E;VS1;60.6;59;4.77;4.8;2.9;1079
0.41;Ideal;E;VS1;62;54;4.76;4.79;2.96;1079
0.41;Ideal;E;VS1;61.9;55;4.76;4.8;2.96;1079
0.41;Ideal;E;VS1;62.7;57;4.72;4.76;2.97;1079
0.41;Ideal;E;VS1;61.7;57;4.76;4.8;2.95;1079
0.41;Premium;E;VS1;59.9;58;4.83;4.88;2.91;1079
0.41;Ideal;E;VS1;62.1;55;4.75;4.78;2.96;1079
0.41;Very Good;E;VS1;59.8;61;4.79;4.85;2.88;1079
0.41;Ideal;E;VS1;62.7;55;4.72;4.76;2.97;1079
0.41;Very Good;E;VS1;62.2;57;4.74;4.78;2.96;1079
0.41;Very Good;E;VS1;62;57;4.74;4.77;2.95;1079
0.41;Premium;E;VS1;62.3;59;4.74;4.76;2.96;1079
0.41;Premium;E;VS1;60.7;58;4.79;4.83;2.92;1079
0.41;Ideal;E;VS1;60.9;57;4.76;4.79;2.91;1079
0.41;Ideal;E;VS1;62.3;57;4.74;4.77;2.96;1079
0.41;Ideal;E;VS1;62;55;4.74;4.77;2.95;1079
0.41;Ideal;E;VS1;62.1;56;4.75;4.78;2.96;1079
0.41;Premium;E;VS1;60.4;58;4.78;4.82;2.9;1079
0.41;Premium;E;VS1;61.9;59;4.77;4.8;2.96;1079
0.41;Premium;E;VS1;60.1;58;4.81;4.84;2.9;1079
0.5;Ideal;F;SI2;61.6;54;5.09;5.14;3.15;1079
0.33;Ideal;E;IF;60.8;57;4.44;4.47;2.71;1079
0.48;Very Good;J;SI2;62.3;63;5.02;4.96;3.11;1080
0.36;Ideal;G;VVS1;60.9;57;4.63;4.57;2.8;1080
0.54;Very Good;J;SI1;61.3;55;5.23;5.28;3.22;1080
0.51;Ideal;J;VS2;62.5;57;5.04;5.08;3.16;1080
0.5;Ideal;G;SI2;62.1;55;5.09;5.12;3.17;1080
0.5;Ideal;F;SI2;61.7;55;5.13;5.15;3.17;1080
0.4;Good;D;VVS2;60.8;62;4.74;4.77;2.89;1080
0.4;Good;F;VVS1;60.6;62;4.71;4.73;2.86;1080
0.32;Ideal;F;IF;62.2;55;4.4;4.38;2.73;1080
0.32;Ideal;E;VVS2;62.3;56;4.4;4.37;2.73;1080
0.32;Ideal;E;VVS2;62;55;4.4;4.38;2.72;1080
0.32;Ideal;E;VVS2;62.3;56;4.4;4.37;2.73;1080
0.32;Premium;E;VVS2;59.9;58;4.5;4.45;2.68;1080
0.32;Ideal;E;VVS2;61.5;57;4.41;4.4;2.71;1080
0.32;Ideal;E;VVS2;61.6;57;4.43;4.4;2.72;1080
0.32;Ideal;E;VVS2;60.8;57;4.46;4.42;2.7;1080
0.32;Premium;E;VVS2;61.5;58;4.42;4.36;2.7;1080
0.32;Premium;E;VVS2;61.1;58;4.45;4.42;2.71;1080
0.36;Premium;E;VS2;62;57;4.57;4.52;2.82;1080
0.51;Premium;J;VS2;61.9;61;5.12;5.09;3.16;1080
0.51;Very Good;J;VS2;63.1;56;5.13;5.1;3.23;1080
0.51;Ideal;I;SI1;62.2;56;5.12;5.08;3.17;1080
0.51;Premium;I;SI1;62.7;59;5.09;5.06;3.18;1080
0.4;Premium;I;VVS1;60.8;58;4.78;4.76;2.9;1080
0.4;Premium;I;VVS1;59.5;59;4.79;4.76;2.84;1080
0.4;Ideal;I;VVS1;60.5;57;4.79;4.76;2.89;1080
0.4;Very Good;I;VVS1;63.5;57;4.68;4.65;2.96;1080
0.4;Premium;I;VVS1;62.7;59;4.71;4.67;2.94;1080
0.4;Very Good;I;VVS1;63.3;57;4.71;4.67;2.97;1080
0.4;Premium;I;VVS1;61.5;58;4.76;4.7;2.91;1080
0.4;Good;I;VVS1;63.9;56;4.68;4.64;2.98;1080
0.4;Premium;F;VS2;60.7;60;4.8;4.75;2.9;1080
0.4;Premium;F;VS2;61.6;58;4.8;4.75;2.94;1080
0.4;Ideal;F;VS2;60.6;55;4.82;4.78;2.91;1080
0.4;Premium;F;VS2;59.3;59;4.83;4.79;2.85;1080
0.4;Premium;F;VS2;59.7;58;4.83;4.79;2.87;1080
0.4;Ideal;F;VS2;62.7;56;4.77;4.73;2.98;1080
0.4;Premium;F;VS2;61;58;4.79;4.72;2.9;1080
0.4;Premium;F;VS2;62.1;58;4.76;4.71;2.94;1080
0.4;Ideal;F;VS2;62.9;57;4.72;4.69;2.96;1080
0.4;Premium;F;VS2;61;59;4.76;4.71;2.89;1080
0.4;Premium;F;VS2;62.6;58;4.72;4.68;2.94;1080
0.4;Ideal;F;VS2;62;57;4.74;4.68;2.92;1080
0.32;Ideal;H;IF;60.9;56;4.42;4.41;2.69;1080
0.32;Premium;H;IF;61.2;58;4.39;4.37;2.68;1080
0.32;Premium;G;VVS1;58.1;59;4.53;4.49;2.62;1080
0.32;Ideal;G;VVS1;61.1;53;4.44;4.4;2.7;1080
0.32;Ideal;G;VVS1;61.1;57;4.43;4.41;2.7;1080
0.32;Ideal;G;VVS1;61.4;55;4.44;4.42;2.72;1080
0.32;Ideal;G;VVS1;60.2;56;4.49;4.45;2.69;1080
0.32;Ideal;G;VVS1;62.4;55;4.38;4.37;2.73;1080
0.32;Premium;G;VVS1;60.9;61;4.4;4.37;2.67;1080
0.32;Ideal;G;VVS1;60.8;56;4.44;4.37;2.68;1080
0.32;Ideal;G;VVS1;62.2;55;4.4;4.38;2.73;1080
0.32;Premium;G;VVS1;62.6;58;4.41;4.38;2.75;1080
0.32;Ideal;G;VVS1;62;57;4.42;4.38;2.73;1080
0.32;Ideal;G;VVS1;61.9;56;4.4;4.39;2.72;1080
0.32;Ideal;G;VVS1;62.4;56;4.39;4.36;2.73;1080
0.32;Premium;G;VVS1;61.9;58;4.39;4.36;2.71;1080
0.45;Fair;F;VS2;64.3;59;4.8;4.75;3.07;1080
0.36;Ideal;E;VS2;60.2;56;4.65;4.62;2.79;1080
0.36;Premium;F;VS1;61.8;58;4.56;4.53;2.81;1080
0.4;Premium;G;VS1;62.2;55;4.83;4.69;2.96;1080
0.32;Premium;F;IF;59.3;58;4.47;4.44;2.62;1080
0.64;Good;E;SI2;56.6;59;5.77;5.74;3.26;1080
0.44;Very Good;F;VS1;61.2;61;4.83;4.88;2.97;1081
0.44;Ideal;E;VS1;61.5;56;4.9;4.92;3.02;1081
0.44;Very Good;G;VVS2;60.9;57;4.89;4.93;2.99;1081
0.44;Ideal;G;VVS2;61.8;56;4.9;4.94;3.04;1081
0.44;Ideal;D;VS2;60.4;56;4.91;4.95;2.98;1081
0.44;Premium;F;VS1;61.9;59;4.84;4.88;3.01;1081
0.44;Premium;G;VVS2;61.3;60;4.88;4.94;3.01;1081
0.55;Premium;G;SI2;60.3;58;5.33;5.35;3.22;1081
0.46;Very Good;E;VS2;61.3;57;4.99;5.02;3.07;1081
0.42;Ideal;I;VS2;61.4;56;4.83;4.85;2.97;1081
0.42;Ideal;I;VS2;62.1;56;4.78;4.85;2.99;1081
0.31;Ideal;H;IF;60.8;56;4.42;4.4;2.68;1081
0.41;Ideal;E;VVS2;62.5;57;4.76;4.71;2.96;1082
0.41;Premium;D;VS1;60.6;59;4.84;4.8;2.92;1082
0.5;Ideal;J;VS1;62.5;57;5.06;5.09;3.17;1082
0.39;Good;E;VS1;57.8;58;4.86;4.9;2.82;1082
0.37;Ideal;E;VVS2;62.2;56;4.63;4.6;2.87;1082
0.37;Premium;G;VVS2;59.1;60;4.71;4.69;2.78;1082
0.37;Ideal;E;VVS2;61.8;54;4.63;4.6;2.85;1082
0.37;Premium;E;VVS2;59.7;61;4.71;4.67;2.8;1082
0.37;Premium;E;VVS2;60.9;59;4.65;4.61;2.82;1082
0.42;Ideal;F;VS1;61.6;56;4.82;4.8;2.96;1082
0.38;Very Good;E;VS1;58.1;59;4.78;4.82;2.79;1083
0.54;Very Good;G;SI2;59.5;60;5.27;5.31;3.15;1083
0.46;Ideal;H;VS2;62.2;54;4.95;4.97;3.09;1083
0.41;Ideal;G;VVS1;62.1;54;4.79;4.84;2.99;1084
0.55;Ideal;H;SI1;62.2;54;5.24;5.28;3.27;1084
0.4;Ideal;G;SI1;60.1;56;4.8;4.85;2.9;1084
0.4;Ideal;G;SI1;61.3;55;4.72;4.81;2.92;1084
0.34;Premium;E;VVS1;61.7;58;4.48;4.43;2.75;1084
0.34;Ideal;E;VVS1;62.1;57;4.5;4.46;2.78;1084
0.34;Ideal;E;VVS1;62.3;56;4.48;4.45;2.78;1084
0.34;Ideal;E;VVS1;61.9;56;4.51;4.47;2.78;1084
0.34;Ideal;E;VVS1;62;56;4.52;4.48;2.79;1084
0.3;Ideal;I;VS1;61;58;4.3;4.33;2.63;491
0.3;Ideal;I;VS1;62.4;54;4.3;4.32;2.69;491
0.35;Ideal;I;SI1;62.2;54;4.52;4.55;2.82;491
0.31;Ideal;H;SI1;62;53.9;4.35;4.39;2.7;491
0.32;Ideal;F;SI1;61.9;55;4.38;4.41;2.72;491
0.32;Ideal;F;SI1;61.3;55;4.44;4.47;2.73;491
0.26;Premium;H;VS1;62.3;59;4.1;4.06;2.54;491
0.26;Premium;G;VS1;61.3;60;4.12;4.07;2.51;491
0.35;Very Good;H;SI1;60;61;4.57;4.6;2.75;491
0.35;Ideal;E;SI2;61.7;56;4.53;4.55;2.8;491
0.3;Very Good;H;VS1;62.4;60;4.23;4.29;2.66;491
0.35;Ideal;H;SI1;62.3;57;4.5;4.55;2.82;491
0.35;Ideal;I;VS2;59.8;57;4.59;4.6;2.75;491
0.35;Ideal;I;VS2;62.5;57;4.5;4.53;2.82;491
0.3;Ideal;G;VS2;60.8;57;4.33;4.38;2.65;491
0.35;Good;E;SI2;63.9;55;4.48;4.5;2.87;491
0.35;Premium;E;SI2;61;58;4.52;4.56;2.77;491
0.37;Very Good;H;SI1;62.6;63;4.6;4.5;2.85;491
0.3;Good;G;VS2;63.1;58;4.23;4.27;2.68;491
0.3;Very Good;G;VS2;59.3;59;4.38;4.42;2.61;491
0.35;Premium;E;SI2;61.5;59;4.52;4.56;2.79;491
0.3;Very Good;G;VS2;62.6;62;4.21;4.25;2.65;491
0.35;Very Good;I;VS2;62.9;57;4.5;4.53;2.84;491
0.4;Good;F;I1;63.3;60.4;4.64;4.68;2.95;491
0.3;Very Good;G;VS2;61.1;62;4.28;4.33;2.63;491
0.35;Premium;I;VS2;61.2;58;4.55;4.57;2.79;491
0.3;Ideal;J;VS2;61.9;56;4.3;4.33;2.67;491
0.35;Ideal;E;SI2;61.4;56;4.51;4.55;2.78;491
0.35;Very Good;H;SI1;61;62;4.52;4.56;2.77;491
0.35;Good;H;SI1;63.1;58;4.46;4.51;2.83;491
0.34;Ideal;E;VVS1;62.2;56;4.49;4.45;2.78;1084
0.34;Ideal;E;VVS1;62.2;56;4.46;4.44;2.77;1084
0.34;Ideal;G;IF;61.9;57;4.48;4.47;2.77;1084
0.34;Ideal;G;IF;61.7;55;4.5;4.48;2.77;1084
0.34;Ideal;G;IF;61.6;56;4.51;4.48;2.77;1084
0.34;Ideal;G;IF;60.1;57;4.58;4.54;2.74;1084
0.34;Ideal;G;IF;61.9;54;4.49;4.46;2.77;1084
0.34;Premium;G;IF;62.3;59;4.49;4.46;2.79;1084
0.49;Premium;G;SI2;59.4;60;5.17;5.14;3.06;1084
0.49;Premium;E;SI1;61.5;58;5.08;5.06;3.12;1084
0.51;Premium;I;SI1;61.3;58;5.16;5.11;3.15;1084
0.41;Ideal;E;VVS2;62.3;58;4.73;4.78;2.96;1085
0.4;Ideal;F;VVS2;62;56;4.76;4.73;2.94;1085
0.3;Premium;F;IF;61.6;58;4.34;4.3;2.66;1085
0.41;Ideal;F;VS2;62.4;58;4.77;4.75;2.97;1085
0.47;Premium;G;SI1;58.8;58;5.11;5.06;2.99;1086
0.47;Fair;G;SI1;58.4;60;5.16;5.12;3;1086
0.47;Very Good;F;SI1;63.3;60;4.98;4.94;3.14;1086
0.38;Very Good;F;VVS1;61.7;56;4.63;4.66;2.86;1087
0.55;Very Good;I;SI2;61.5;60;5.23;5.25;3.22;1087
0.5;Very Good;I;SI1;63.2;57;5.07;5.09;3.21;1087
0.4;Ideal;G;VS1;61.4;55;4.77;4.78;2.93;1087
0.37;Ideal;E;VS1;61.4;55;4.62;4.66;2.85;1087
0.42;Premium;G;VS2;59.8;58;4.9;4.86;2.92;1087
0.42;Premium;H;VS1;61.2;60;4.84;4.77;2.94;1087
0.42;Premium;H;VS1;61.6;58;4.82;4.79;2.96;1087
0.42;Ideal;H;VS1;62;57;4.82;4.8;2.98;1087
0.42;Premium;H;VS1;61.7;59;4.83;4.76;2.96;1087
0.42;Ideal;H;VS1;62.4;57;4.79;4.76;2.98;1087
0.42;Premium;G;VS2;59.5;59;4.89;4.83;2.89;1087
0.42;Ideal;G;VS2;61.8;56;4.84;4.81;2.98;1087
0.42;Ideal;G;VS2;61.6;56;4.83;4.82;2.97;1087
0.42;Ideal;G;VS2;60.8;57;4.85;4.82;2.94;1087
0.42;Premium;G;VS2;60.6;58;4.88;4.83;2.94;1087
0.42;Premium;G;VS2;60.1;61;4.84;4.81;2.9;1087
0.42;Premium;G;VS2;60.1;61;4.86;4.79;2.9;1087
0.42;Ideal;G;VS2;62.2;54;4.82;4.8;2.99;1087
0.42;Ideal;G;VS2;62.2;56;4.82;4.8;2.99;1087
0.42;Ideal;G;VS2;61.7;57;4.83;4.8;2.97;1087
0.42;Ideal;G;VS2;61.2;56;4.84;4.8;2.95;1087
0.42;Premium;G;VS2;61.9;58;4.82;4.77;2.97;1087
0.42;Ideal;G;VS2;62.4;54;4.83;4.78;3;1087
0.42;Premium;G;VS2;60.6;59;4.85;4.78;2.92;1087
0.42;Ideal;G;VS2;62.1;56;4.84;4.79;2.99;1087
0.42;Premium;G;VS2;62;58;4.81;4.77;2.97;1087
0.42;Premium;G;VS2;62.6;57;4.8;4.76;2.99;1087
0.41;Ideal;E;VS2;62.2;56;4.8;4.75;2.97;1087
0.47;Premium;E;SI1;59.3;56;5.07;5.05;3.02;1087
0.7;Fair;F;I1;66.2;59;5.59;5.4;3.65;1087
0.42;Ideal;H;VS1;61.4;56;4.85;4.82;2.97;1087
0.47;Premium;E;SI1;60.2;61;5.05;4.96;3.02;1087
0.46;Premium;G;VS1;62.8;57;4.92;4.83;3.06;1087
0.39;Ideal;D;VVS2;60;56;4.79;4.77;2.87;1088
0.52;Very Good;I;SI1;62.4;55;5.1;5.12;3.19;1088
0.4;Ideal;F;VVS2;61.7;56;4.72;4.74;2.92;1088
0.4;Premium;F;VVS2;60.7;58;4.7;4.75;2.87;1088
0.4;Very Good;F;VVS2;62.8;56;4.69;4.73;2.96;1088
0.4;Premium;F;VVS2;62.2;59;4.65;4.7;2.91;1088
0.4;Ideal;F;VVS2;61.7;55;4.74;4.76;2.93;1088
0.4;Premium;F;VVS2;60.8;59;4.72;4.76;2.88;1088
0.4;Ideal;F;VVS2;62.4;57;4.69;4.73;2.94;1088
0.4;Premium;F;VVS2;60.8;59;4.71;4.73;2.87;1088
0.4;Ideal;F;VVS2;62.4;56;4.72;4.74;2.95;1088
0.4;Very Good;F;VVS2;62.8;57;4.66;4.73;2.95;1088
0.52;Premium;E;SI2;61.1;57;5.23;5.12;3.16;1088
0.4;Good;E;VVS1;59.4;61;4.8;4.83;2.86;1088
0.48;Good;G;VS2;65.4;59;4.79;4.88;3.16;1088
0.42;Good;F;VS1;59.9;65;4.83;4.89;2.91;1088
0.4;Ideal;H;VVS1;62.3;54;4.77;4.74;2.96;1088
0.4;Ideal;H;VVS1;61.4;57;4.81;4.74;2.93;1088
0.4;Premium;H;VVS1;61.8;58;4.72;4.69;2.91;1088
0.4;Ideal;H;VVS1;62.2;55;4.75;4.7;2.94;1088
0.4;Ideal;H;VVS1;62;54;4.76;4.72;2.94;1088
0.58;Fair;F;SI2;64.7;56;5.31;5.24;3.41;1088
0.4;Very Good;F;VS1;62.2;57.6;4.74;4.76;2.96;1089
0.5;Very Good;H;SI1;63.5;56;5.01;5.04;3.19;1089
0.46;Good;I;VVS1;63.5;57;4.85;4.91;3.1;1089
0.39;Ideal;F;VVS1;60.9;55;4.75;4.8;2.91;1089
0.58;Ideal;J;SI1;61.5;55;5.36;5.4;3.31;1089
0.44;Premium;D;SI1;62.9;58;4.85;4.82;3.04;1089
0.44;Premium;D;SI1;61.9;59;4.9;4.86;3.02;1089
0.55;Good;I;SI1;57.7;61;5.37;5.34;3.09;1089
0.44;Ideal;H;VS1;61.3;57;4.98;4.91;3.03;1089
0.41;Fair;D;VVS2;64.5;57;4.68;4.65;3.01;1089
0.44;Very Good;E;VS1;59.7;59;4.94;5.01;2.97;1090
0.5;Good;E;SI1;64;56;5.03;4.97;3.2;1090
0.5;Very Good;E;SI1;62.4;58;5.06;5.01;3.14;1090
0.5;Good;E;SI1;64.2;59;5.03;4.97;3.21;1090
0.51;Very Good;F;SI2;58.9;60;5.19;5.24;3.07;1090
0.51;Very Good;H;SI1;63;57;5.11;5.14;3.23;1090
0.54;Premium;G;SI2;61.4;59;5.21;5.24;3.21;1090
0.52;Ideal;G;SI2;61.6;55;5.16;5.19;3.19;1090
0.5;Good;E;SI1;64;57;5.04;4.99;3.21;1090
0.5;Good;E;SI1;63.7;59;5.07;5.01;3.21;1090
0.58;Very Good;J;VS2;62.8;57;5.28;5.33;3.33;1090
0.4;Ideal;E;VVS2;62.3;54;4.74;4.76;2.96;1090
0.4;Ideal;E;VS2;62.2;55;4.71;4.77;2.95;1090
0.56;Very Good;G;SI2;62.8;58;5.19;5.23;3.27;1091
0.51;Ideal;G;SI2;61.3;58;5.15;5.19;3.17;1091
0.35;Ideal;E;VS1;61.9;56;4.55;4.53;2.81;1091
0.45;Premium;E;SI1;62.8;58;4.88;4.84;3.05;1091
0.5;Premium;H;SI1;58.7;59;5.15;5.11;3.01;1091
0.53;Very Good;G;SI2;60.9;55;5.26;5.29;3.21;1092
0.39;Very Good;D;VVS1;63;60;4.61;4.63;2.91;1092
0.4;Ideal;E;VS2;61.6;57;4.73;4.75;2.92;1092
0.38;Ideal;D;VS1;62.4;54.1;4.62;4.67;2.9;1092
0.38;Ideal;D;VS1;62.1;53.9;4.65;4.67;2.9;1092
0.37;Ideal;F;IF;62;57;4.59;4.62;2.85;1092
0.7;Fair;G;I1;68.6;59;5.45;5.31;3.7;1092
0.35;Ideal;G;VVS2;61.2;55;4.62;4.59;2.82;1092
0.52;Premium;G;SI1;58.6;62;5.28;5.24;3.08;1092
0.39;Premium;F;VS1;60.6;55;4.77;4.73;2.88;1092
0.43;Ideal;F;VVS2;61.4;56;4.87;4.9;3;1093
0.47;Good;I;VVS1;61.8;62;4.94;4.97;3.06;1093
0.53;Premium;J;VS2;62.7;56;5.18;5.15;3.24;1093
0.53;Ideal;G;SI2;62.4;56;5.18;5.14;3.22;1093
0.43;Ideal;G;VS2;62.4;56;4.87;4.84;3.02;1093
0.5;Good;F;SI2;63.8;59;5.02;4.95;3.18;1094
0.5;Ideal;F;SI2;60.9;57;5.15;5.1;3.12;1094
0.5;Premium;H;SI1;62.3;59;5.02;4.99;3.12;1094
0.3;Ideal;D;VVS1;62.1;56;4.32;4.31;2.68;1094
0.43;Ideal;H;VVS1;62.3;54;4.84;4.85;3.02;1094
0.5;Fair;H;SI1;64.9;54;5.01;4.98;3.24;1094
0.42;Ideal;H;VVS1;61.9;54.2;4.8;4.82;2.98;1094
0.56;Ideal;J;VS2;61.7;54;5.31;5.36;3.29;1094
0.43;Ideal;E;VS1;63;55;4.85;4.87;3.06;1094
0.36;Ideal;D;VS1;60.8;57;4.59;4.62;2.8;1094
0.36;Ideal;D;VS1;61.7;55;4.58;4.62;2.84;1094
0.51;Ideal;G;SI2;61.3;55;5.17;5.19;3.17;1094
0.56;Ideal;I;SI1;62.1;54;5.3;5.32;3.3;1094
0.53;Ideal;I;SI1;61.5;56;5.21;5.23;3.21;1094
0.52;Ideal;I;SI1;61.8;54;5.16;5.19;3.2;1094
0.36;Premium;D;VS2;60.5;58;4.63;4.6;2.79;1094
0.36;Ideal;E;VS1;62;56;4.59;4.57;2.84;1094
0.36;Premium;E;VS1;61.3;58;4.58;4.56;2.8;1094
0.36;Ideal;E;VS1;61.8;56;4.6;4.56;2.83;1094
0.36;Ideal;E;VS1;62.4;55;4.61;4.59;2.87;1094
0.36;Ideal;E;VS1;61.6;57;4.58;4.54;2.81;1094
0.36;Ideal;E;VS1;61.7;56;4.58;4.56;2.82;1094
0.36;Premium;E;VS1;60.4;58;4.67;4.64;2.81;1094
0.36;Ideal;D;VS2;61.8;56;4.6;4.56;2.83;1094
0.36;Ideal;D;VS2;61;56;4.63;4.59;2.81;1094
0.5;Very Good;F;SI2;63.5;58;5.03;4.98;3.18;1094
0.5;Premium;F;SI2;62.2;54;5.14;5.08;3.18;1094
0.36;Premium;D;VS2;61;58;4.62;4.59;2.81;1094
0.36;Premium;D;VS2;59.1;58;4.68;4.63;2.75;1094
0.36;Premium;D;VS2;61.8;58;4.58;4.55;2.82;1094
0.36;Ideal;D;VS2;61.5;57;4.58;4.56;2.81;1094
0.36;Ideal;D;VS2;60.6;57;4.61;4.57;2.78;1094
0.36;Premium;D;VS2;61;59;4.61;4.57;2.8;1094
0.36;Ideal;D;VS2;61.7;55;4.6;4.58;2.83;1094
0.36;Ideal;D;VS2;61.6;56;4.57;4.55;2.81;1094
0.33;Premium;G;IF;59.4;59;4.54;4.49;2.68;1094
0.36;Ideal;D;VS2;61.1;57;4.62;4.58;2.81;1094
0.3;Ideal;G;VVS1;62.1;56;4.35;4.28;2.68;1094
0.58;Very Good;J;SI1;62.1;57;5.35;5.41;3.34;1095
0.39;Premium;G;VVS1;59.9;59;4.73;4.75;2.84;1095
0.39;Ideal;D;VS1;61.9;57;4.69;4.71;2.91;1095
0.32;Ideal;E;IF;62.6;55;4.38;4.41;2.75;1095
0.39;Ideal;D;VS1;60.3;56;4.71;4.77;2.86;1095
0.32;Ideal;E;IF;61.9;56;4.4;4.42;2.73;1095
0.39;Premium;G;VVS1;60.4;59;4.72;4.75;2.86;1095
0.39;Ideal;G;VVS1;62.3;57;4.64;4.7;2.91;1095
0.39;Ideal;D;VS1;62;57;4.67;4.71;2.91;1095
0.32;Premium;E;IF;61.6;58;4.38;4.39;2.7;1095
0.38;Ideal;D;VS1;62.4;56;4.64;4.68;2.91;1095
0.36;Ideal;D;VS1;61.1;56;4.6;4.63;2.82;1095
0.5;Ideal;F;SI2;62;58;5.08;5.11;3.16;1095
0.38;Ideal;D;VVS2;59.7;62;4.71;4.74;2.82;1096
0.38;Ideal;D;VVS2;62.5;53;4.63;4.68;2.91;1096
0.38;Ideal;F;VVS1;62.4;53;4.63;4.67;2.9;1096
0.38;Ideal;F;VVS1;62.1;55;4.66;4.71;2.91;1096
0.35;Ideal;F;VVS1;61.3;55;4.55;4.58;2.8;1096
0.38;Ideal;F;VVS1;61;57;4.67;4.71;2.86;1096
0.38;Ideal;F;VVS1;62.3;54;4.64;4.7;2.91;1096
0.38;Ideal;F;VVS1;62.4;54;4.66;4.7;2.92;1096
0.38;Ideal;F;VVS1;61.9;55;4.67;4.7;2.9;1096
0.42;Premium;H;VVS1;60.9;62;4.86;4.8;2.94;1096
0.54;Premium;F;SI2;61.8;61;5.28;5.18;3.23;1097
0.57;Premium;I;SI2;62.1;60;5.32;5.27;3.29;1097
0.5;Very Good;E;SI2;59.9;57;5.12;5.16;3.08;1097
0.39;Ideal;F;VVS2;61.8;55;4.68;4.75;2.92;1097
0.4;Ideal;G;VVS1;60.8;57;4.78;4.81;2.91;1097
0.4;Ideal;G;VVS1;61.7;55;4.75;4.78;2.94;1097
0.4;Ideal;G;VVS1;61.8;56;4.72;4.75;2.92;1097
0.4;Ideal;G;VVS1;61.7;57;4.71;4.74;2.91;1097
0.4;Ideal;G;VVS1;60.8;54;4.8;4.83;2.93;1097
0.5;Very Good;E;SI2;63.2;61;5.05;5.02;3.18;1097
0.3;Premium;E;IF;61;59;4.33;4.29;2.63;1097
0.38;Ideal;E;VS1;62.1;57;4.65;4.62;2.88;1097
0.3;Premium;E;IF;61.9;58;4.3;4.26;2.65;1097
0.38;Ideal;E;VVS2;62.4;56;4.69;4.63;2.91;1097
0.3;Premium;E;IF;60.1;60;4.32;4.3;2.59;1097
0.57;Premium;I;SI2;62.1;57;5.33;5.29;3.3;1097
0.39;Premium;H;VVS2;62.1;58;4.65;4.63;2.88;1097
0.39;Premium;G;VS1;62.6;58;4.7;4.66;2.93;1097
0.39;Premium;G;VS1;62.4;57;4.68;4.62;2.9;1097
0.39;Premium;E;VS1;59.6;60;4.75;4.72;2.82;1097
0.39;Ideal;E;VS1;62.3;57;4.67;4.64;2.9;1097
0.39;Premium;E;VS1;58.8;59;4.76;4.73;2.79;1097
0.5;Premium;E;SI2;62.4;59;5.09;5;3.15;1097
0.5;Premium;E;SI2;61;62;5.13;5.09;3.12;1097
0.5;Very Good;G;SI1;61.1;57;5.14;5.2;3.16;1098
0.5;Very Good;E;SI2;63;57;5.01;5.05;3.17;1098
0.51;Very Good;E;SI2;62;57;5.09;5.13;3.17;1098
0.51;Ideal;E;SI2;61;56;5.16;5.2;3.16;1098
0.38;Very Good;E;VVS1;62.4;57;4.62;4.71;2.91;1098
0.51;Very Good;E;SI2;60.3;56;5.19;5.22;3.14;1098
0.54;Ideal;F;SI2;62;54;5.23;5.28;3.26;1098
0.52;Ideal;H;SI1;61.9;56;5.16;5.22;3.2;1098
0.5;Good;E;SI2;58.2;59;5.24;5.27;3.06;1098
0.5;Fair;E;SI1;66.5;58;4.87;4.9;3.25;1098
0.54;Very Good;H;SI2;62.7;59;5.17;5.2;3.25;1099
0.5;Ideal;J;VS2;61.6;57;5.08;5.12;3.14;1099
0.41;Ideal;H;IF;61.1;54;4.8;4.85;2.95;1099
0.3;Premium;D;VVS2;59.6;61;4.39;4.34;2.6;1099
0.51;Very Good;F;SI2;62.7;56;5.07;5.1;3.19;1100
0.55;Very Good;J;SI1;60.9;56;5.29;5.35;3.24;1100
0.38;Ideal;E;VVS2;62.2;56;4.58;4.65;2.87;1100
0.38;Ideal;E;VVS2;62;57;4.61;4.62;2.86;1100
0.38;Ideal;E;VVS2;61.6;55;4.67;4.72;2.89;1100
0.38;Ideal;E;VVS2;61.6;55;4.63;4.66;2.86;1100
0.38;Ideal;E;VVS2;61.9;57;4.63;4.65;2.87;1100
0.57;Good;J;VS2;63.3;56;5.24;5.28;3.33;1100
0.33;Ideal;D;VVS1;61;55;4.47;4.52;2.74;1100
0.39;Ideal;E;VVS2;62.1;54.6;4.67;4.7;2.91;1100
0.52;Ideal;G;SI2;61.1;56;5.19;5.22;3.18;1100
0.51;Ideal;F;SI2;61;55;5.18;5.21;3.17;1100
0.55;Ideal;J;SI1;60.9;57;5.24;5.3;3.21;1100
0.41;Ideal;H;IF;61.8;55;4.79;4.82;2.97;1100
0.51;Very Good;G;SI2;63.2;57;5.07;5.03;3.19;1100
0.38;Ideal;F;VVS1;62;54.7;4.62;4.67;2.88;1101
0.38;Ideal;F;VVS1;62.3;54.1;4.63;4.66;2.9;1101
0.55;Ideal;J;SI1;61;56;5.31;5.34;3.25;1101
0.39;Ideal;G;IF;61.9;54;4.67;4.73;2.91;1101
0.5;Good;E;SI2;58.3;58;5.23;5.2;3.04;1101
0.38;Premium;F;VS1;62.7;57;4.71;4.64;2.93;1101
0.62;Fair;J;SI1;65.4;59;5.39;5.28;3.49;1101
0.42;Ideal;H;VVS2;61.9;55;4.83;4.86;3;1102
0.3;Ideal;E;VVS1;61.2;57;4.33;4.36;2.66;1102
0.49;Ideal;H;SI1;59.9;56;5.15;5.18;3.1;1102
0.36;Premium;E;VVS2;61.7;59;4.56;4.52;2.8;1102
0.47;Premium;G;VS2;61.8;60;4.98;4.95;3.07;1102
0.45;Fair;F;VS2;65.8;55;4.81;4.73;3.14;1102
0.33;Very Good;E;VVS1;61.5;57;4.44;4.48;2.75;1103
0.37;Ideal;E;VVS1;61.5;56;4.59;4.64;2.84;1103
0.56;Ideal;F;SI2;61.8;57;5.28;5.33;3.28;1103
0.35;Premium;G;VVS1;61.8;57;4.53;4.5;2.79;1103
0.42;Ideal;G;VVS2;60.7;55;4.89;4.86;2.96;1103
0.42;Ideal;G;VVS2;61.3;56;4.82;4.81;2.95;1103
0.42;Ideal;G;VVS2;62.4;55;4.82;4.79;3;1103
0.42;Ideal;G;VVS2;62.7;56;4.77;4.74;2.98;1103
0.42;Ideal;G;VVS2;62.6;55;4.78;4.77;2.99;1103
0.42;Ideal;G;VVS2;62.1;57;4.8;4.77;2.97;1103
0.42;Ideal;G;VVS2;62.2;56;4.81;4.77;2.98;1103
0.42;Premium;G;VVS2;60.4;59;4.82;4.78;2.9;1103
0.42;Premium;F;VS1;59.9;61;4.88;4.84;2.91;1103
0.42;Ideal;F;VS1;60.9;57;4.88;4.84;2.96;1103
0.42;Premium;F;VS1;61.2;58;4.86;4.82;2.96;1103
0.42;Ideal;F;VS1;61;57;4.87;4.84;2.96;1103
0.42;Ideal;F;VS1;61.3;57;4.85;4.8;2.96;1103
0.42;Premium;F;VS1;61.8;59;4.83;4.81;2.98;1103
0.42;Ideal;F;VS1;61.4;57;4.83;4.78;2.95;1103
0.42;Ideal;F;VS1;61.9;57;4.81;4.79;2.97;1103
0.42;Premium;F;VS1;60.9;59;4.85;4.8;2.94;1103
0.42;Ideal;F;VS1;62.3;55;4.79;4.77;2.98;1103
0.42;Premium;F;VS1;61.9;55;4.82;4.78;2.97;1103
0.42;Ideal;D;VS2;61.4;56;4.84;4.8;2.96;1103
0.42;Ideal;D;VS2;61.8;56;4.84;4.8;2.98;1103
0.42;Ideal;D;VS2;61.2;56;4.84;4.8;2.95;1103
0.42;Ideal;D;VS2;62.2;55;4.8;4.75;2.97;1103
0.42;Ideal;D;VS2;62.4;55;4.82;4.8;3;1103
0.42;Ideal;D;VS2;62.1;54;4.83;4.8;2.99;1103
0.35;Ideal;H;IF;61.7;54;4.55;4.53;2.8;1103
0.49;Premium;H;VS2;59.5;62;5.14;5.12;3.05;1103
0.56;Premium;G;SI2;59.6;58;5.42;5.35;3.21;1103
0.5;Fair;G;SI1;67.1;59;4.96;4.84;3.29;1103
0.5;Very Good;E;SI2;60.6;59;5.07;5.12;3.09;1104
0.51;Very Good;E;SI2;60.7;56;5.17;5.21;3.15;1104
0.5;Ideal;E;SI2;62.6;56;5.05;5.11;3.18;1104
0.5;Ideal;E;SI2;61.8;58;5.08;5.11;3.15;1104
0.38;Ideal;F;VVS2;62.7;56;4.64;4.61;2.9;1104
0.4;Ideal;G;VS1;62.9;55;4.76;4.71;2.98;1104
0.73;Fair;H;I1;66.2;56;5.62;5.46;3.69;1104
0.54;Very Good;I;SI2;62.9;57;5.18;5.21;3.27;1105
0.51;Very Good;I;SI2;60.5;56;5.23;5.25;3.17;1105
0.45;Ideal;G;VVS2;61.8;57;4.9;4.94;3.04;1105
0.42;Very Good;E;VS1;62.1;55;4.81;4.85;3;1105
0.41;Ideal;D;VS1;62.4;56;4.75;4.8;2.98;1105
0.41;Premium;D;VVS2;61.9;59;4.75;4.78;2.95;1105
0.41;Ideal;D;VVS2;62.5;57;4.72;4.75;2.96;1105
0.41;Ideal;D;VVS2;61.1;56;4.78;4.81;2.93;1105
0.41;Premium;D;VVS2;62.2;58;4.78;4.8;2.98;1105
0.42;Premium;E;VS1;62.2;59;4.76;4.79;2.97;1105
0.42;Premium;E;VS1;59.5;59;4.86;4.88;2.9;1105
0.45;Very Good;G;VVS2;61.4;61;4.89;4.95;3.02;1105
0.42;Ideal;E;VS1;61.6;57;4.8;4.84;2.97;1105
0.31;Ideal;E;VVS1;61.7;55;4.38;4.4;2.71;1105
0.31;Ideal;E;VVS1;61.3;56;4.38;4.4;2.69;1105
0.31;Ideal;E;VVS1;61.5;56;4.34;4.37;2.68;1105
0.35;Very Good;I;VS2;61.7;57;4.52;4.56;2.8;491
0.34;Ideal;F;SI1;59.4;57;4.54;4.58;2.71;491
0.3;Premium;H;VS1;62.1;59;4.25;4.28;2.65;491
0.3;Good;H;VS1;63.2;58;4.22;4.26;2.68;491
0.24;Very Good;F;VVS2;61.9;56;3.97;4.01;2.47;492
0.23;Very Good;D;VVS2;62.5;58;3.89;3.92;2.44;492
0.24;Very Good;D;VVS2;62.9;59;3.95;3.97;2.49;492
0.24;Very Good;E;VVS1;63.5;57;3.94;3.96;2.51;492
0.23;Very Good;E;VVS1;62;58;3.92;3.95;2.44;492
0.24;Very Good;D;VVS1;61.9;54;3.99;4.02;2.48;492
0.23;Very Good;D;VVS1;61.3;61;3.94;3.99;2.43;492
0.28;Very Good;G;VS2;61.3;57;4.21;4.24;2.59;492
0.23;Very Good;E;IF;59.9;58;3.98;4.03;2.4;492
0.28;Good;F;VVS2;64.9;57;4.13;4.16;2.69;492
0.24;Good;F;VVS2;65;58;3.89;3.93;2.54;492
0.24;Good;E;VVS2;65;58;3.85;3.9;2.52;492
0.24;Good;F;VVS1;64.8;57;3.9;3.94;2.54;492
0.24;Good;E;VVS1;60.8;64;3.97;3.99;2.42;492
0.28;Good;E;VVS1;64.6;55;4.15;4.18;2.69;492
0.24;Good;F;IF;65.1;58;3.86;3.88;2.52;492
0.33;Premium;D;SI2;62.7;58;4.39;4.41;2.76;492
0.33;Ideal;D;SI2;62.4;57;4.39;4.42;2.75;492
0.33;Ideal;D;SI2;62.4;56;4.41;4.44;2.76;492
0.33;Good;G;SI1;63.2;57;4.39;4.44;2.79;492
0.33;Ideal;D;SI2;60.9;56;4.45;4.48;2.72;492
0.33;Good;D;SI2;63.4;56;4.4;4.43;2.8;492
0.33;Premium;D;SI2;59.5;59;4.48;4.5;2.67;492
0.33;Ideal;D;SI2;61.3;56;4.45;4.49;2.74;492
0.33;Good;D;SI2;63.3;53;4.39;4.42;2.79;492
0.33;Premium;D;SI2;61.6;59;4.41;4.42;2.72;492
0.5;Good;J;VVS2;64.1;57;5;4.95;3.19;1105
0.63;Very Good;G;SI2;63.3;59;5.51;5.31;3.45;1105
0.52;Premium;I;SI1;62.9;58;5.14;5.04;3.2;1105
0.59;Premium;H;SI1;62.2;59;5.38;5.32;3.33;1106
0.4;Very Good;E;VVS2;61;55;4.77;4.81;2.92;1106
0.53;Very Good;J;VS1;61.4;56;5.19;5.23;3.2;1106
0.4;Ideal;E;VVS2;62.6;54;4.71;4.74;2.96;1106
0.4;Ideal;E;VVS2;61.4;59;4.71;4.74;2.9;1106
0.4;Ideal;E;VVS2;62.5;54;4.73;4.77;2.97;1106
0.5;Very Good;F;SI1;63.1;61;5.06;4.98;3.17;1106
0.5;Very Good;F;SI1;63.2;58;5.08;5.04;3.2;1106
0.39;Very Good;F;VVS1;60.8;57;4.72;4.75;2.88;1107
0.51;Good;G;SI1;63.1;64;5.08;5.03;3.19;1107
0.43;Fair;E;VS2;60.5;59;4.92;4.9;2.97;1107
0.32;Ideal;D;VVS2;61.6;55;4.41;4.45;2.73;1107
0.44;Ideal;I;VVS1;61.2;55;4.92;4.95;3.02;1107
0.34;Ideal;E;VVS1;61.8;55;4.49;4.5;2.78;1107
0.5;Ideal;G;SI2;61.4;57;5.1;5.13;3.14;1107
0.5;Good;G;SI2;63.8;57;5.02;4.98;3.19;1107
0.41;Ideal;I;VVS1;61.3;56;4.85;4.8;2.96;1107
0.41;Premium;I;VVS1;62;56;4.77;4.75;2.95;1107
0.41;Premium;I;VVS1;61.5;59;4.81;4.75;2.94;1107
0.41;Ideal;I;VVS1;61.8;55;4.79;4.76;2.95;1107
0.41;Premium;I;VVS1;61.9;57;4.82;4.78;2.97;1107
0.41;Premium;I;VVS1;59.8;61;4.84;4.79;2.88;1107
0.41;Ideal;F;VS2;61;57;4.81;4.76;2.92;1107
0.41;Ideal;F;VS2;61.8;56;4.8;4.78;2.96;1107
0.41;Ideal;F;VS2;61.4;55;4.83;4.78;2.95;1107
0.41;Premium;F;VS2;61.1;56;4.84;4.79;2.94;1107
0.41;Premium;F;VS2;61.3;58;4.84;4.79;2.95;1107
0.41;Ideal;F;VS2;60.8;56;4.81;4.8;2.92;1107
0.41;Ideal;F;VS2;61.1;56;4.83;4.8;2.94;1107
0.41;Premium;F;VS2;60.3;58;4.85;4.8;2.91;1107
0.41;Premium;F;VS2;60.3;60;4.84;4.81;2.91;1107
0.41;Ideal;F;VS2;60;56;4.88;4.82;2.91;1107
0.41;Ideal;F;VS2;62.6;57;4.79;4.76;2.99;1107
0.41;Ideal;F;VS2;61.8;56;4.79;4.76;2.95;1107
0.41;Premium;F;VS2;61.6;59;4.77;4.74;2.93;1107
0.41;Ideal;F;VS2;60.9;57;4.78;4.74;2.9;1107
0.41;Ideal;F;VS2;62.1;56;4.79;4.74;2.96;1107
0.41;Premium;F;VS2;62.4;56;4.77;4.75;2.97;1107
0.41;Ideal;F;VS2;62.3;57;4.78;4.75;2.97;1107
0.41;Ideal;F;VS2;61.8;57;4.79;4.75;2.95;1107
0.41;Premium;F;VS2;62.6;58;4.81;4.75;2.99;1107
0.41;Very Good;F;VS2;63.2;57;4.76;4.74;3;1107
0.41;Ideal;F;VS2;61.9;56;4.76;4.74;2.94;1107
0.41;Ideal;F;VS2;62.7;57;4.78;4.73;2.98;1107
0.41;Premium;F;VS2;62.8;58;4.73;4.69;2.96;1107
0.41;Premium;F;VS2;62.6;57;4.74;4.71;2.96;1107
0.41;Ideal;F;VS2;62.7;56;4.78;4.72;2.98;1107
0.41;Ideal;F;VS2;62.8;57;4.76;4.73;2.98;1107
0.41;Ideal;F;VS2;61.8;57;4.78;4.73;2.94;1107
0.7;Premium;I;I1;62.3;58;5.69;5.55;3.51;1107
0.31;Premium;E;VVS2;62.3;56;4.34;4.3;2.69;1107
0.37;Very Good;D;VVS1;62.3;54;4.57;4.65;2.87;1108
0.51;Very Good;D;SI2;61.5;59;5.07;5.14;3.14;1108
0.42;Ideal;H;VVS1;62.8;57;4.79;4.79;3.01;1108
0.42;Very Good;D;VS1;62.5;57;4.75;4.85;3;1109
0.46;Good;F;VS1;56.5;61;5.11;5.05;2.87;1109
0.59;Very Good;I;SI1;62.8;59;5.34;5.36;3.36;1109
0.55;Ideal;I;SI2;60.4;56;5.32;5.36;3.23;1109
0.32;Ideal;E;VVS2;62.4;56;4.43;4.39;2.75;1109
0.34;Ideal;D;VS1;60.9;56;4.56;4.51;2.76;1109
0.51;Premium;D;SI2;60.2;58;5.24;5.2;3.14;1109
0.33;Very Good;D;VS1;63.2;56;4.45;4.44;2.81;1109
0.51;Fair;D;SI2;66.5;58;4.95;4.89;3.27;1109
0.53;Very Good;F;SI2;63.2;55;5.17;5.18;3.27;1110
0.48;Premium;F;SI1;60.6;62;5.06;5;3.05;1110
0.5;Ideal;I;VS2;62.4;55;5.09;5.11;3.18;1110
0.5;Ideal;I;VS2;62;55;5.1;5.12;3.17;1110
0.41;Ideal;G;SI1;61.6;57;4.77;4.81;2.95;1110
0.41;Ideal;G;SI1;62.1;55;4.78;4.81;2.98;1110
0.47;Premium;G;SI1;59.5;60;5.09;5.06;3.02;1110
0.4;Good;E;SI1;60.6;65;4.74;4.71;2.86;1110
0.4;Very Good;F;VVS1;62.9;55;4.71;4.74;2.97;1111
0.4;Very Good;F;VVS1;61.9;59;4.71;4.75;2.93;1111
0.4;Very Good;F;VVS1;62.3;60;4.65;4.69;2.91;1111
0.52;Premium;F;SI2;61.7;58;5.12;5.16;3.17;1111
0.52;Good;H;SI1;63.1;57;5.09;5.14;3.23;1111
0.52;Very Good;H;SI1;62.6;55;5.12;5.16;3.22;1111
0.4;Ideal;D;VVS2;62.8;56;4.68;4.72;2.95;1111
0.54;Ideal;E;SI2;62.7;57;5.2;5.23;3.27;1111
0.7;Good;I;I1;63.9;62;5.62;5.57;3.58;1111
0.52;Very Good;E;SI2;60.7;56;5.17;5.21;3.15;1112
0.52;Premium;F;SI1;62;59;5.18;5.15;3.2;1112
0.54;Good;E;SI2;63.9;54;5.18;5.12;3.29;1112
0.38;Ideal;E;VS2;60.1;56;4.72;4.69;2.83;1112
0.3;Ideal;D;VVS1;62.2;57;4.35;4.3;2.69;1112
0.38;Ideal;E;VS2;61.7;55;4.68;4.66;2.88;1112
0.38;Premium;E;VS2;60.5;62;4.74;4.65;2.84;1112
0.38;Premium;E;VS2;60.5;58;4.7;4.66;2.83;1112
0.38;Premium;E;VS2;60.3;58;4.72;4.67;2.83;1112
0.38;Premium;E;VS2;59.2;60;4.77;4.73;2.81;1112
0.38;Premium;E;VS2;62.2;59;4.67;4.63;2.89;1112
0.38;Premium;E;VS2;61.8;58;4.64;4.61;2.86;1112
0.38;Ideal;E;VS1;62.2;55;4.67;4.63;2.89;1112
0.57;Ideal;J;VS2;62.5;54;5.32;5.34;3.33;1113
0.53;Ideal;G;SI2;62.3;53;5.21;5.25;3.26;1113
0.57;Ideal;I;SI1;61.6;54;5.36;5.38;3.31;1113
0.46;Good;F;VS1;64.4;60;4.88;4.9;3.15;1113
0.43;Premium;G;VS2;60.8;59;4.91;4.86;2.97;1113
0.53;Premium;H;SI2;62.5;60;5.18;5.16;3.23;1113
0.43;Premium;H;VS1;62.3;58;4.81;4.75;2.98;1113
0.43;Premium;H;VS1;60;59;4.98;4.86;2.95;1113
0.43;Premium;G;VS2;61.3;58;4.86;4.83;2.97;1113
0.43;Premium;G;VS2;61.1;58;4.88;4.84;2.97;1113
0.43;Premium;G;VS2;61.2;58;4.9;4.84;2.98;1113
0.43;Premium;G;VS2;59.1;60;4.93;4.88;2.9;1113
0.43;Premium;G;VS2;62.9;59;4.83;4.78;3.02;1113
0.43;Premium;G;VS2;62.3;58;4.85;4.81;3.01;1113
0.43;Premium;G;VS2;61.1;59;4.86;4.83;2.96;1113
0.53;Very Good;J;VS2;62.9;58;5.16;5.18;3.25;1114
0.54;Ideal;I;SI1;61.4;56;5.25;5.27;3.23;1114
0.54;Ideal;I;SI1;61.7;56;5.25;5.29;3.25;1114
0.3;Ideal;F;VVS1;62.1;55;4.32;4.31;2.68;1114
0.3;Ideal;F;VVS1;62.4;56;4.31;4.28;2.68;1114
0.3;Premium;F;VVS1;62;59;4.28;4.24;2.64;1114
0.33;Premium;E;VVS2;60.3;58;4.49;4.47;2.7;1114
0.33;Ideal;F;IF;61.5;55;4.47;4.44;2.74;1114
0.3;Premium;F;VVS1;61.8;59;4.29;4.26;2.64;1114
0.36;Ideal;D;VVS2;61.6;57;4.59;4.56;2.82;1114
0.33;Ideal;E;VVS2;61.7;57;4.44;4.41;2.73;1114
0.33;Ideal;E;VVS2;61.2;57;4.47;4.45;2.73;1114
0.3;Ideal;F;VVS1;61.9;57;4.33;4.3;2.67;1114
0.33;Ideal;H;IF;62.1;55;4.44;4.41;2.75;1114
0.33;Ideal;H;IF;61.9;55;4.44;4.42;2.74;1114
0.33;Premium;H;IF;60.3;59;4.49;4.47;2.7;1114
0.33;Premium;H;IF;62;58;4.42;4.39;2.73;1114
0.33;Premium;H;IF;61.8;60;4.44;4.4;2.73;1114
0.33;Premium;G;VVS1;60.9;60;4.5;4.46;2.73;1114
0.33;Ideal;G;VVS1;61.7;54;4.48;4.47;2.76;1114
0.33;Premium;G;VVS1;60.9;58;4.47;4.43;2.71;1114
0.33;Premium;G;VVS1;60.4;59;4.47;4.44;2.69;1114
0.33;Ideal;G;VVS1;61.5;56;4.46;4.45;2.74;1114
0.33;Ideal;G;VVS1;61.7;56;4.47;4.45;2.75;1114
0.33;Ideal;G;VVS1;62;56;4.48;4.45;2.77;1114
0.33;Ideal;G;VVS1;62;56;4.48;4.45;2.77;1114
0.33;Ideal;G;VVS1;62.2;57;4.46;4.41;2.76;1114
0.33;Premium;G;VVS1;61.2;60;4.44;4.42;2.71;1114
0.33;Ideal;G;VVS1;61.8;55;4.45;4.42;2.74;1114
0.33;Ideal;G;VVS1;60.8;56;4.46;4.42;2.7;1114
0.33;Ideal;G;VVS1;62.3;55;4.46;4.43;2.77;1114
0.33;Premium;G;VVS1;61.9;59;4.41;4.38;2.72;1114
0.33;Premium;G;VVS1;62.8;59;4.44;4.38;2.77;1114
0.33;Premium;G;VVS1;61.4;60;4.44;4.39;2.71;1114
0.33;Premium;G;VVS1;62.1;58;4.43;4.4;2.74;1114
0.5;Fair;E;SI2;59.8;66;5.18;5.09;3.07;1114
0.54;Fair;F;SI1;61.4;66;5.24;5.18;3.2;1114
0.5;Fair;E;SI1;65.1;58;5.04;4.94;3.25;1114
0.32;Ideal;D;VS1;60.9;57;4.48;4.45;2.72;1114
0.41;Ideal;F;VVS2;61.9;55;4.78;4.79;2.96;1115
0.41;Premium;F;VVS2;60.1;59;4.79;4.82;2.89;1115
0.41;Very Good;F;VVS2;60.3;58;4.79;4.83;2.9;1115
0.41;Ideal;F;VVS2;61.9;55;4.74;4.79;2.95;1115
0.41;Ideal;F;VVS2;60.1;57;4.83;4.85;2.91;1115
0.41;Premium;F;VVS2;60.4;58;4.8;4.84;2.91;1115
0.41;Ideal;F;VVS2;61.7;57;4.73;4.8;2.94;1115
0.41;Premium;F;VVS2;61;59;4.77;4.83;2.93;1115
0.41;Ideal;F;VVS2;61;56;4.78;4.82;2.93;1115
0.41;Ideal;F;VVS2;62.6;55;4.73;4.76;2.97;1115
0.41;Premium;F;VVS2;61;59;4.79;4.82;2.93;1115
0.41;Very Good;F;VVS2;62.9;54;4.7;4.74;2.97;1115
0.41;Ideal;F;VVS2;60.6;57;4.81;4.86;2.93;1115
0.41;Ideal;F;VVS2;61.4;56;4.76;4.81;2.94;1115
0.41;Premium;F;VVS2;60.1;58;4.79;4.83;2.89;1115
0.41;Ideal;F;VVS2;61.2;56;4.78;4.8;2.93;1115
0.41;Ideal;F;VVS2;62.3;56;4.73;4.77;2.96;1115
0.41;Ideal;F;VVS2;62.5;56;4.72;4.75;2.96;1115
0.41;Ideal;F;VVS2;61.7;56;4.78;4.81;2.96;1115
0.41;Premium;F;VVS2;60.6;58;4.79;4.84;2.92;1115
0.41;Premium;F;VVS2;62.4;58;4.7;4.76;2.95;1115
0.41;Ideal;E;VS1;60.4;55;4.85;4.89;2.94;1115
0.41;Ideal;H;VVS1;62.7;54;4.79;4.78;3;1115
0.41;Premium;H;VVS1;60.4;58;4.85;4.79;2.91;1115
0.41;Premium;H;VVS1;61.4;60;4.78;4.73;2.92;1115
0.41;Ideal;H;VVS1;62.2;57;4.78;4.74;2.96;1115
0.41;Ideal;H;VVS1;61.4;56;4.8;4.77;2.94;1115
0.7;Premium;G;I1;59.2;61;5.76;5.7;3.39;1115
0.7;Very Good;G;I1;63.1;56;5.6;5.51;3.51;1115
0.7;Fair;G;I1;64.6;59;5.64;5.48;3.6;1115
0.51;Premium;H;SI1;60.6;59;5.17;5.13;3.12;1116
0.41;Very Good;E;VVS2;62.2;57;4.76;4.79;2.97;1116
0.4;Very Good;F;VVS1;63.7;58;4.65;4.68;2.97;1116
0.49;Very Good;F;SI1;62.5;57;4.99;5.02;3.13;1116
0.51;Premium;H;SI1;61.9;56;5.13;5.12;3.17;1116
0.51;Good;H;SI1;63.6;57;5.09;5.04;3.22;1116
0.38;Ideal;F;VS1;61.3;56;4.68;4.72;2.88;1116
0.35;Ideal;E;VVS1;62.2;56;4.53;4.51;2.81;1116
0.35;Ideal;G;IF;61.1;56;4.59;4.54;2.79;1116
0.35;Ideal;E;VVS1;62;56;4.58;4.51;2.82;1116
0.35;Ideal;E;VVS1;60.7;57;4.57;4.53;2.76;1116
0.35;Premium;E;VVS1;60.7;59;4.58;4.55;2.77;1116
0.35;Premium;E;VVS1;61;58;4.56;4.52;2.77;1116
0.46;Ideal;E;SI2;61.3;56;5.02;4.96;3.06;1116
0.35;Premium;G;IF;59.1;59;4.62;4.59;2.72;1116
0.35;Ideal;G;IF;61.4;55;4.59;4.56;2.81;1116
0.35;Premium;G;IF;60.6;60;4.57;4.54;2.76;1116
0.35;Ideal;G;IF;61.8;55;4.56;4.54;2.81;1116
0.35;Ideal;G;IF;62.3;55;4.52;4.5;2.81;1116
0.35;Premium;G;IF;62.2;58;4.52;4.45;2.79;1116
0.62;Good;J;SI1;59.9;65;5.58;5.5;3.32;1116
0.32;Ideal;H;IF;61.1;56;4.46;4.45;2.72;1116
0.32;Premium;H;IF;60.7;58;4.47;4.46;2.71;1116
0.47;Premium;G;VS2;61;59;5.03;5;3.06;1116
0.31;Premium;E;VVS2;62.2;56;4.31;4.28;2.67;1116
0.39;Very Good;F;VVS2;58.2;62;4.77;4.82;2.79;1117
0.58;Very Good;G;SI2;63.3;58;5.26;5.29;3.34;1117
0.38;Ideal;F;VVS2;61;57;4.69;4.72;2.87;1117
0.38;Very Good;D;VS2;63.4;55;4.67;4.63;2.95;1117
0.38;Premium;D;VS2;58.8;61;4.74;4.71;2.78;1117
0.38;Premium;F;VS1;60.2;58;4.73;4.71;2.84;1117
0.38;Premium;D;VS2;61.5;62;4.63;4.6;2.84;1117
0.38;Premium;D;VS2;58.8;61;4.77;4.72;2.79;1117
0.38;Premium;D;VS2;58.7;61;4.77;4.74;2.79;1117
0.55;Ideal;G;SI2;62.1;56;5.25;5.22;3.25;1117
0.38;Ideal;H;VS1;60.6;57;4.73;4.7;2.85;1117
0.43;Ideal;G;VVS1;61.5;56;4.87;4.89;3;1118
0.5;Ideal;F;SI2;60.5;56;5.17;5.19;3.14;1118
0.38;Premium;E;VVS1;60.6;59;4.65;4.62;2.81;1119
0.36;Very Good;D;VVS1;59;59;4.66;4.69;2.76;1119
0.44;Premium;H;VVS1;60.1;58;4.92;4.96;2.97;1119
0.51;Good;H;SI1;63.7;56;5.07;5.1;3.24;1119
0.51;Good;H;SI1;63.4;57;5.06;5.09;3.22;1119
0.56;Ideal;J;SI1;61.8;58;5.27;5.31;3.27;1119
0.5;Ideal;H;SI2;62.3;56;5.14;5.09;3.19;1119
0.52;Good;E;SI2;63.7;56;5.12;5.15;3.27;1120
0.52;Very Good;E;SI2;61.8;54;5.15;5.18;3.19;1120
0.52;Very Good;E;SI2;62.9;56;5.12;5.15;3.23;1120
0.43;Ideal;I;VVS1;60.6;57;4.88;4.94;2.97;1120
0.38;Ideal;F;VVS1;61.5;56;4.68;4.71;2.88;1120
0.3;Ideal;E;IF;60.9;56;4.31;4.33;2.63;1120
0.4;Good;G;IF;59.7;62;4.75;4.8;2.85;1120
0.5;Good;G;SI2;62.3;64;5.1;5.02;3.15;1121
0.5;Premium;G;SI2;62.6;58;5.09;5.03;3.17;1121
0.41;Ideal;G;VS1;61.1;55;4.79;4.83;2.94;1121
0.57;Ideal;H;SI2;62;57;5.3;5.35;3.3;1121
0.51;Ideal;G;SI2;61.9;55;5.12;5.14;3.17;1121
0.52;Ideal;F;SI2;61.5;55;5.17;5.2;3.19;1121
0.52;Ideal;F;SI2;61.3;55;5.18;5.2;3.18;1121
0.52;Premium;G;SI2;59.2;60;5.29;5.21;3.11;1121
0.39;Premium;E;VS2;60.9;60;4.71;4.68;2.86;1121
0.41;Very Good;F;VVS1;61.4;58;4.76;4.78;2.93;1122
0.5;Very Good;F;SI1;60;54;5.13;5.2;3.1;1122
0.51;Very Good;G;SI1;63.4;56;5.03;5.1;3.21;1122
0.53;Good;J;VS2;63.8;57;5.12;5.1;3.26;1122
0.53;Very Good;J;VS2;63.3;56;5.18;5.12;3.26;1122
0.53;Premium;J;VS2;60.9;59;5.27;5.2;3.19;1122
0.51;Ideal;I;SI1;62.5;57;5.1;5.07;3.18;1122
0.31;Ideal;F;IF;62.3;57;4.34;4.3;2.69;1122
0.31;Premium;F;IF;60.8;59;4.39;4.36;2.66;1122
0.31;Premium;F;IF;61.6;58;4.37;4.33;2.68;1122
0.5;Fair;H;VS2;62.4;69;5.07;4.99;3.14;1122
0.41;Ideal;D;SI1;61.8;56;4.78;4.73;2.94;1122
0.31;Ideal;F;IF;62.2;56;4.34;4.31;2.69;1122
0.34;Premium;G;VVS1;61.5;59;4.5;4.47;2.76;1122
0.39;Ideal;E;VS1;60.2;56;4.79;4.78;2.88;1123
0.5;Very Good;D;SI2;58.9;60;5.2;5.23;3.07;1123
0.4;Premium;G;VVS1;62.3;58;4.66;4.72;2.92;1123
0.4;Ideal;D;VS1;59.9;57;4.77;4.82;2.87;1123
0.4;Ideal;G;VVS1;62.4;57;4.74;4.78;2.97;1123
0.4;Very Good;G;VVS1;61.7;58;4.69;4.71;2.9;1123
0.4;Premium;D;VS1;62.1;58;4.7;4.73;2.93;1123
0.4;Very Good;G;VVS1;60.9;57;4.76;4.8;2.91;1123
0.4;Very Good;D;VS1;62.9;56;4.67;4.71;2.95;1123
0.4;Premium;D;VS1;60.9;58;4.78;4.81;2.92;1123
0.4;Premium;D;VS1;62.5;60;4.66;4.72;2.93;1123
0.4;Premium;G;VVS1;61.5;58;4.69;4.74;2.9;1123
0.4;Ideal;G;VVS1;61.6;57;4.75;4.76;2.93;1123
0.4;Ideal;G;VVS1;61.4;55;4.72;4.76;2.91;1123
0.4;Ideal;G;VVS1;61.2;56;4.75;4.79;2.92;1123
0.4;Premium;D;VS1;59.2;59;4.79;4.81;2.84;1123
0.41;Ideal;G;VVS1;61;55;4.8;4.82;2.93;1123
0.41;Ideal;G;VVS1;61.5;57;4.79;4.82;2.95;1123
0.39;Premium;D;VS1;61.7;59;4.69;4.64;2.88;1123
0.53;Very Good;J;VS2;62.4;58;5.15;5.24;3.24;1124
0.44;Ideal;H;VVS1;61.1;57;4.87;4.92;2.99;1124
0.39;Ideal;F;VVS1;62.2;54;4.71;4.74;2.94;1124
0.39;Ideal;F;VVS1;62.3;55;4.67;4.7;2.92;1124
0.39;Ideal;F;VVS1;61.8;55;4.69;4.73;2.91;1124
0.39;Ideal;F;VVS1;61.7;55;4.69;4.71;2.9;1124
0.39;Ideal;F;VVS1;62.1;55;4.69;4.71;2.92;1124
0.37;Premium;E;VS1;60.4;58;4.66;4.61;2.8;1124
0.37;Ideal;E;VS1;61.2;56;4.67;4.64;2.85;1124
0.37;Ideal;D;VS2;61.6;56;4.63;4.59;2.84;1124
0.37;Ideal;D;VS2;61.3;56;4.64;4.6;2.83;1124
0.37;Ideal;D;VS2;61;56;4.7;4.65;2.85;1124
0.37;Premium;D;VS2;61;59;4.63;4.59;2.81;1124
0.5;Good;F;SI1;63.7;61;5.02;4.99;3.19;1125
0.5;Very Good;F;SI2;62.9;63;4.99;4.93;3.12;1125
0.5;Premium;F;SI1;59.6;61;5.15;5.12;3.06;1125
0.51;Premium;H;SI2;62.9;56;5.08;5.06;3.19;1125
0.6;Ideal;I;SI2;62.2;54;5.4;5.44;3.37;1125
0.52;Ideal;I;SI2;61.9;55;5.17;5.23;3.22;1125
0.64;Ideal;H;SI2;60.8;56;5.57;5.61;3.4;1125
0.38;Ideal;G;IF;62;54;4.66;4.7;2.9;1125
0.3;Ideal;E;VVS2;61.4;55;4.36;4.34;2.67;1125
0.4;Premium;E;VS1;60.1;58;4.76;4.72;2.85;1125
0.4;Ideal;H;VVS2;60.8;55;4.82;4.79;2.92;1125
0.4;Premium;H;VVS2;60.9;58;4.79;4.74;2.9;1125
0.4;Premium;H;VVS2;60.6;60;4.79;4.75;2.89;1125
0.33;Premium;G;SI1;62.3;59;4.39;4.44;2.75;492
0.33;Premium;D;SI2;62.1;58;4.4;4.43;2.74;492
0.33;Very Good;G;SI1;61.6;57;4.42;4.45;2.73;492
0.33;Ideal;D;SI2;61.1;57;4.47;4.5;2.74;492
0.33;Very Good;D;SI2;62.9;56;4.41;4.43;2.78;492
0.33;Very Good;G;SI1;59.8;58;4.52;4.54;2.71;492
0.33;Ideal;G;SI1;61.3;56;4.46;4.51;2.75;492
0.33;Very Good;D;SI2;60.7;56;4.43;4.46;2.7;492
0.33;Very Good;G;SI1;61.1;59;4.42;4.45;2.71;492
0.33;Ideal;D;SI2;62;57;4.45;4.46;2.76;492
0.37;Very Good;E;SI2;61.6;56;4.61;4.65;2.85;493
0.23;Ideal;F;VS2;61.8;55;3.93;3.96;2.43;493
0.23;Ideal;F;VS1;61.9;56;3.94;3.96;2.44;493
0.31;Ideal;G;SI1;61.8;55;4.38;4.42;2.72;493
0.31;Ideal;G;SI1;61.6;57;4.32;4.35;2.67;493
0.31;Ideal;G;SI1;61.9;55;4.38;4.41;2.72;493
0.31;Ideal;G;SI1;61.2;56;4.37;4.39;2.68;493
0.31;Ideal;G;SI1;62.1;54;4.34;4.36;2.7;493
0.35;Very Good;F;SI2;61.2;55;4.56;4.57;2.79;494
0.32;Ideal;J;VVS1;62.3;54;4.41;4.43;2.75;494
0.32;Ideal;J;VVS1;60.8;56;4.47;4.48;2.72;494
0.3;Ideal;I;VVS2;62.2;56;4.25;4.3;2.66;495
0.3;Ideal;I;VVS2;62.5;54;4.27;4.31;2.68;495
0.34;Ideal;I;VS2;61.1;55;4.51;4.55;2.77;495
0.34;Ideal;I;VS2;61.5;55;4.53;4.55;2.79;495
0.3;Ideal;G;VS2;62.2;54;4.29;4.33;2.68;495
0.3;Ideal;E;I1;60.3;57;4.39;4.36;2.64;495
0.29;Very Good;E;VS1;62.1;57;4.2;4.24;2.62;496
0.27;Ideal;H;VVS2;61.9;55;4.14;4.16;2.57;496
0.3;Ideal;H;VS2;61.9;55;4.28;4.31;2.66;496
0.4;Ideal;H;VVS2;62.1;57;4.74;4.69;2.93;1125
0.4;Very Good;H;VVS2;63.2;55;4.73;4.7;2.98;1125
0.4;Ideal;H;VVS2;62.2;56;4.75;4.7;2.94;1125
0.4;Ideal;H;VVS2;62.3;57;4.73;4.71;2.94;1125
0.4;Ideal;H;VVS2;62.4;57;4.73;4.69;2.94;1125
0.4;Ideal;G;VS1;62.8;56;4.7;4.67;2.94;1125
0.4;Ideal;G;VS1;62.2;56;4.74;4.72;2.94;1125
0.4;Ideal;G;VS1;62.4;57;4.74;4.72;2.95;1125
0.4;Ideal;G;VS1;61.3;55;4.78;4.75;2.92;1125
0.4;Premium;G;VS1;60.3;59;4.8;4.76;2.88;1125
0.4;Premium;G;VS1;60.7;58;4.81;4.78;2.91;1125
0.4;Premium;G;VS1;61.3;60;4.71;4.66;2.87;1125
0.4;Ideal;E;VS1;61.6;56;4.78;4.73;2.93;1125
0.4;Ideal;E;VS1;61.2;57;4.77;4.74;2.91;1125
0.4;Premium;E;VS1;61.8;56;4.77;4.74;2.94;1125
0.4;Ideal;E;VS1;62;54;4.77;4.74;2.95;1125
0.4;Premium;E;VS1;60.4;59;4.81;4.76;2.89;1125
0.4;Premium;E;VS1;60.3;58;4.82;4.8;2.9;1125
0.4;Premium;E;VS1;62.8;59;4.67;4.63;2.92;1125
0.4;Ideal;E;VS1;62.6;56;4.72;4.67;2.94;1125
0.4;Premium;E;VS1;62.5;58;4.72;4.69;2.94;1125
0.4;Ideal;E;VS1;62.3;56;4.73;4.71;2.94;1125
0.4;Premium;E;VS1;62.4;54;4.75;4.71;2.95;1125
0.4;Premium;E;VS1;60.5;61;4.74;4.72;2.86;1125
0.4;Premium;E;VS1;61.2;59;4.76;4.72;2.9;1125
0.4;Premium;E;VS1;61.8;55;4.76;4.72;2.93;1125
0.4;Ideal;E;VS1;62.2;55;4.76;4.72;2.95;1125
0.4;Ideal;E;VS1;61.7;55;4.76;4.73;2.93;1125
0.5;Premium;F;SI2;59.9;60;5.22;5.16;3.11;1125
0.4;Ideal;D;VS2;60.5;57;4.8;4.76;2.89;1125
0.61;Very Good;J;SI2;58.1;63;5.62;5.6;3.26;1125
0.5;Premium;J;SI1;60.7;58;5.13;5.11;3.11;1125
0.36;Ideal;D;VVS2;61;56;4.57;4.61;2.8;1126
0.42;Ideal;H;IF;61.6;56;4.84;4.87;2.99;1126
0.39;Premium;E;VVS2;59.5;58;4.77;4.74;2.83;1126
0.5;Ideal;G;SI2;61;57;5.13;5.15;3.13;1127
0.53;Ideal;I;SI1;61.6;56.6;5.19;5.21;3.21;1127
0.45;Good;G;VS1;64.1;58.8;4.79;4.86;3.09;1127
0.53;Good;E;SI2;63;60;5.11;5.14;3.23;1127
0.39;Fair;G;IF;57.1;61;4.83;4.88;2.77;1127
0.56;Ideal;G;SI2;61;57;5.34;5.32;3.25;1127
0.5;Very Good;E;SI1;61.4;63;5.06;5.1;3.12;1128
0.4;Ideal;F;VVS1;61.7;57;4.72;4.75;2.92;1128
0.4;Ideal;F;VVS1;61.5;56;4.73;4.77;2.92;1128
0.4;Very Good;D;VVS2;62;61;4.7;4.72;2.92;1128
0.51;Good;H;VS2;61.8;65;5.07;5.02;3.12;1128
0.51;Ideal;E;SI2;61.3;61;5.13;5.15;3.15;1128
0.54;Very Good;J;VS2;63;57;5.17;5.21;3.27;1129
0.45;Very Good;E;VS2;61.8;58;4.9;4.94;3.04;1129
0.39;Premium;E;VVS2;61.1;59;4.68;4.74;2.88;1129
0.33;Premium;D;VVS1;61.8;58;4.4;4.43;2.73;1129
0.33;Ideal;E;IF;61.9;57;4.41;4.45;2.74;1129
0.33;Premium;E;IF;60.8;58;4.46;4.49;2.72;1129
0.39;Ideal;F;VVS1;61.4;54;4.7;4.73;2.9;1129
0.51;Ideal;G;SI2;61.5;55;5.16;5.18;3.18;1129
0.51;Good;G;SI2;63.6;54;5.08;5.05;3.22;1129
0.43;Ideal;I;IF;62;55;4.85;4.83;3;1129
0.43;Premium;I;IF;61.2;58;4.88;4.83;2.97;1129
0.43;Ideal;G;VVS2;61.9;55;4.86;4.84;3;1129
0.43;Ideal;G;VVS2;60.9;57;4.9;4.85;2.97;1129
0.43;Ideal;G;VVS2;60.1;57;4.91;4.88;2.94;1129
0.43;Premium;G;VVS2;62.3;60;4.85;4.78;3;1129
0.43;Premium;G;VVS2;62.2;55;4.84;4.81;3;1129
0.43;Ideal;G;VVS2;61.4;55;4.88;4.83;2.98;1129
0.43;Premium;F;VS1;62.5;58;4.85;4.78;3.01;1129
0.43;Premium;F;VS1;61;57;4.89;4.84;2.97;1129
0.43;Premium;F;VS1;59.9;58;4.93;4.89;2.94;1129
0.43;Premium;F;VS1;62.2;61;4.83;4.75;2.98;1129
0.43;Premium;D;VS2;60.7;58;4.88;4.84;2.95;1129
0.43;Ideal;D;VS2;60.7;57;4.91;4.88;2.97;1129
0.43;Premium;D;VS2;60.2;59;4.92;4.88;2.95;1129
0.43;Ideal;D;VS2;61.8;56;4.83;4.81;2.98;1129
0.43;Ideal;D;VS2;62;55;4.86;4.81;3;1129
0.3;Premium;D;IF;62.1;59;4.27;4.29;2.66;1130
0.51;Good;E;SI2;63.3;56;5.08;5.12;3.23;1130
0.34;Ideal;D;VVS2;61.8;55;4.46;4.48;2.76;1130
0.33;Ideal;E;VVS1;61.3;56;4.43;4.48;2.73;1130
0.33;Ideal;E;VVS1;61.6;55;4.44;4.46;2.74;1130
0.5;Ideal;I;VS1;61.9;54;5.12;5.16;3.18;1130
0.46;Ideal;H;SI1;61.1;55;4.97;5.01;3.05;1130
0.48;Good;G;VS2;60.3;60.7;5.06;5.11;3.06;1130
0.41;Premium;E;VVS1;60;61;4.86;4.78;2.89;1130
0.42;Very Good;F;VVS2;61.6;59;4.83;4.84;2.98;1131
0.43;Premium;E;VS1;62.3;58;4.78;4.82;2.99;1131
0.39;Very Good;F;IF;60.8;55;4.73;4.77;2.89;1131
0.54;Good;H;SI1;59.4;65;5.31;5.22;3.13;1131
0.36;Ideal;E;VVS2;61;55;4.6;4.62;2.81;1131
0.56;Ideal;J;VS2;61.4;56;5.32;5.34;3.27;1131
0.51;Ideal;I;VS2;62.1;54;5.12;5.16;3.19;1131
0.36;Ideal;D;VS1;61.7;55;4.58;4.6;2.83;1131
0.3;Ideal;F;IF;60.7;56;4.35;4.38;2.65;1131
0.38;Ideal;F;VS1;62.1;55;4.66;4.63;2.89;1131
0.53;Premium;H;SI1;59.4;60;5.24;5.26;3.12;1132
0.53;Good;H;SI1;63.7;55;5.12;5.15;3.27;1132
0.53;Very Good;F;SI2;62.5;57;5.11;5.17;3.21;1132
0.42;Ideal;D;VVS2;62;55;4.81;4.84;2.99;1132
0.42;Ideal;D;VVS2;61.7;57;4.8;4.82;2.97;1132
0.42;Ideal;D;VS1;61.8;56;4.82;4.86;2.99;1132
0.42;Premium;D;VVS2;59.6;59;4.9;4.96;2.94;1132
0.53;Good;H;SI1;63.9;55;5.14;5.19;3.3;1132
0.53;Very Good;F;SI2;60.5;60;5.19;5.23;3.15;1132
0.53;Ideal;G;SI2;59.9;57;5.25;5.3;3.16;1132
0.58;Ideal;I;SI1;62.2;54;5.35;5.39;3.34;1132
0.4;Very Good;D;VVS2;60.8;56;4.78;4.82;2.92;1133
0.47;Very Good;G;SI1;62.8;56;4.96;4.93;3.11;1133
0.5;Very Good;G;SI1;59.3;58;5.19;5.24;3.09;1133
0.5;Very Good;H;SI1;60.9;61;5.06;5.15;3.11;1133
0.34;Ideal;D;VVS1;61.7;56;4.46;4.48;2.76;1133
0.38;Ideal;E;VS1;62.2;54.1;4.63;4.65;2.89;1133
0.34;Ideal;D;VVS1;61.7;57;4.49;4.52;2.78;1133
0.34;Ideal;D;VVS1;61.5;56;4.47;4.5;2.76;1133
0.34;Ideal;D;VVS1;62.4;55;4.45;4.49;2.79;1133
0.55;Ideal;J;VS2;60.4;58;5.29;5.34;3.21;1133
0.54;Ideal;G;SI2;61.8;54;5.23;5.25;3.24;1133
0.54;Ideal;G;SI2;61.8;54;5.24;5.28;3.25;1133
0.54;Ideal;G;SI2;62.3;58;5.17;5.2;3.23;1133
0.31;Ideal;E;IF;61.9;56;4.37;4.35;2.7;1133
0.31;Premium;E;IF;61;59;4.39;4.36;2.67;1133
0.41;Very Good;E;VVS2;63.1;58;4.75;4.72;2.99;1133
0.57;Fair;F;SI1;65.8;58;5.2;5.1;3.39;1133
0.55;Premium;E;SI2;58.4;61;5.37;5.31;3.12;1134
0.55;Ideal;I;SI1;61.3;55;5.3;5.33;3.26;1134
0.55;Ideal;I;SI1;61.7;55;5.29;5.31;3.27;1134
0.55;Ideal;H;SI1;61.5;54;5.3;5.33;3.27;1134
0.55;Good;J;VS2;64.1;54;5.21;5.18;3.33;1134
0.63;Good;J;SI1;59.9;64;5.63;5.58;3.36;1134
0.58;Ideal;G;SI2;62;57;5.35;5.29;3.3;1134
0.5;Ideal;J;VS1;61.4;58;5.14;5.09;3.15;1134
0.7;Good;H;I1;56.5;57;5.97;5.86;3.33;1134
0.7;Fair;F;I1;64.9;59;5.58;5.53;3.61;1134
0.5;Fair;H;VS1;67.1;58;4.94;4.89;3.3;1134
0.5;Fair;H;VS1;66.6;58;4.95;4.84;3.26;1134
0.5;Fair;E;SI1;65.3;58;4.99;4.91;3.23;1134
0.7;Good;F;I1;63.8;60;5.64;5.45;3.54;1134
0.43;Ideal;E;VVS2;60.8;57;4.9;4.87;2.97;1135
0.54;Very Good;I;SI1;63.2;57;5.17;5.21;3.28;1135
0.45;Ideal;G;VVS2;61.2;56;4.91;4.96;3.02;1135
0.42;Ideal;H;IF;61;56;4.79;4.82;2.93;1135
0.4;Good;D;VVS2;60.2;63;4.74;4.8;2.87;1135
0.4;Ideal;J;VVS1;61.9;56;4.74;4.79;2.95;1136
0.47;Ideal;H;VS2;61.7;57;4.99;5.03;3.09;1136
0.42;Ideal;G;SI1;61.6;56;4.83;4.85;2.98;1136
0.5;Good;E;SI1;65.5;56;4.9;4.99;3.24;1136
0.5;Fair;H;VS1;66.3;55;4.86;4.91;3.24;1136
0.36;Ideal;F;IF;62.2;55;4.57;4.62;2.86;1137
0.55;Good;E;SI1;63.3;54;5.21;5.24;3.31;1138
0.5;Premium;G;SI1;63;56;5.07;5.02;3.18;1138
0.36;Ideal;F;IF;61.4;55.9;4.58;4.62;2.82;1138
0.52;Good;D;SI2;61.8;58;5.17;5.21;3.21;1138
0.7;Fair;G;I1;65.3;59;5.5;5.47;3.58;1138
0.5;Good;G;SI1;60.2;64;5.11;5.04;3.05;1138
0.52;Premium;H;SI1;61.6;57;5.2;5.15;3.19;1138
0.4;Good;E;VS1;63.8;57;4.72;4.69;3;1138
0.7;Premium;G;I1;61.6;56;5.8;5.63;3.52;1138
0.7;Premium;G;I1;59.7;59;5.76;5.57;3.39;1138
0.7;Fair;H;I1;62.1;66;5.56;5.52;3.44;1138
0.4;Very Good;H;VVS1;62.3;55;4.73;4.77;2.95;1139
0.51;Ideal;F;SI2;61.1;56;5.18;5.21;3.17;1139
0.46;Premium;F;VS1;63;57;4.93;4.79;3.06;1139
0.36;Very Good;E;VVS1;61.4;56;4.6;4.62;2.83;1140
0.51;Very Good;I;VS2;63.3;56;5.02;5.06;3.19;1140
0.76;Fair;H;I1;64.5;57;5.79;5.76;3.73;1140
0.31;Ideal;F;VVS1;60.7;57;4.41;4.39;2.67;1140
0.31;Ideal;F;VVS1;60.6;56;4.44;4.41;2.68;1140
0.32;Ideal;E;VVS1;61.5;56;4.43;4.45;2.73;1140
0.5;Ideal;H;SI1;62.2;57;5.07;5.09;3.16;1140
0.5;Ideal;H;SI1;62.4;56;5.07;5.09;3.17;1140
0.5;Ideal;H;SI1;62.1;58;5.04;5.07;3.14;1140
0.5;Ideal;H;SI1;62.5;57;5.06;5.08;3.17;1140
0.5;Ideal;H;SI1;62;56;5.08;5.11;3.16;1140
0.53;Good;E;SI2;57.9;58;5.34;5.39;3.11;1140
0.38;Ideal;D;VS1;62.5;56;4.67;4.64;2.91;1140
0.32;Ideal;D;VVS1;61.8;56;4.41;4.39;2.72;1140
0.32;Ideal;D;VVS1;61.5;57;4.45;4.43;2.73;1140
0.32;Ideal;D;VVS1;61.8;56;4.41;4.39;2.72;1140
0.32;Ideal;D;VVS1;61.3;57;4.42;4.39;2.7;1140
0.32;Ideal;D;VVS1;61.9;56;4.39;4.36;2.71;1140
0.38;Ideal;D;VS1;62.2;57;4.66;4.63;2.89;1140
0.32;Ideal;D;VVS1;61.7;55;4.44;4.41;2.73;1140
0.38;Ideal;D;VS1;62;55;4.68;4.64;2.89;1140
0.38;Ideal;G;VVS1;61.6;57;4.73;4.65;2.89;1140
0.38;Premium;D;VS1;61.9;60;4.66;4.62;2.87;1140
0.38;Premium;D;VS1;62.4;59;4.63;4.6;2.88;1140
0.64;Good;F;I1;57.3;64;5.75;5.69;3.28;1140
0.38;Premium;D;VS1;61.2;58;4.68;4.63;2.85;1140
0.52;Premium;I;VS1;59.6;60;5.17;5.14;3.07;1141
0.52;Very Good;J;VS2;60.7;56;5.19;5.23;3.16;1141
0.53;Premium;E;SI2;60.5;60;5.21;5.24;3.16;1141
0.53;Good;E;SI2;63.4;56;5.16;5.18;3.28;1141
0.53;Good;E;SI2;63.2;54;5.16;5.19;3.27;1141
0.55;Very Good;G;SI1;60.7;56;5.32;5.38;3.25;1141
0.33;Ideal;F;VVS1;61.8;55;4.44;4.46;2.75;1141
0.52;Ideal;J;VS2;61.6;57;5.16;5.19;3.19;1141
0.64;Good;J;SI2;64.7;54;5.39;5.43;3.5;1141
0.5;Good;D;SI2;57.1;63;5.23;5.27;3;1141
0.5;Premium;H;SI1;60.2;61;5.16;5.14;3.1;1141
0.5;Fair;E;SI2;65.2;57;4.96;4.91;3.22;1141
0.4;Very Good;E;VVS1;63.8;56;4.68;4.72;3;1142
0.42;Ideal;F;VVS2;62.1;55;4.79;4.81;2.98;1142
0.42;Premium;F;VVS2;59.6;59;4.83;4.86;2.89;1142
0.42;Ideal;F;VVS2;61.1;57;4.82;4.84;2.95;1142
0.42;Ideal;F;VVS2;60.6;57;4.82;4.85;2.93;1142
0.42;Premium;F;VVS2;61.7;59;4.78;4.82;2.96;1142
0.42;Ideal;F;VVS2;61.3;57;4.8;4.82;2.95;1142
0.42;Premium;F;VVS2;60.3;59;4.83;4.86;2.92;1142
0.42;Ideal;F;VVS2;61.6;56;4.83;4.85;2.98;1142
0.42;Ideal;F;VVS2;61.7;57;4.78;4.81;2.96;1142
0.42;Ideal;F;VVS2;62.2;56;4.79;4.82;2.99;1142
0.53;Ideal;F;SI2;61.7;56;5.23;5.24;3.23;1142
0.42;Premium;H;VVS1;62;58;4.82;4.79;2.98;1142
0.37;Premium;D;VVS1;61.4;58;4.65;4.63;2.85;1142
0.42;Ideal;H;VVS1;62.4;55;4.8;4.79;2.99;1142
0.43;Very Good;G;VVS1;60.7;57;4.87;4.89;2.96;1143
0.41;Very Good;F;VVS1;63.3;55;4.7;4.74;2.99;1143
0.47;Premium;H;VS1;61.8;58;4.94;4.99;3.07;1143
0.44;Ideal;G;VVS1;61.3;55;4.92;4.94;3.02;1143
0.61;Ideal;J;SI1;62;55;5.45;5.48;3.39;1143
0.54;Premium;J;VS2;62.6;58;5.22;5.16;3.25;1143
0.56;Very Good;H;SI2;59.5;57;5.4;5.43;3.22;1144
0.41;Ideal;E;VS1;61.2;56;4.82;4.89;2.97;1144
0.45;Good;F;VS1;58.6;62.2;5;5.05;2.95;1144
0.45;Good;F;VS1;57.6;62.5;5.05;5.09;2.91;1144
0.55;Very Good;E;SI2;59.6;57;5.34;5.39;3.2;1145
0.4;Good;F;VVS1;63.3;57;4.68;4.7;2.97;1145
0.5;Good;F;SI1;57.9;62;5.18;5.21;3.01;1145
0.4;Ideal;E;VVS2;61.6;56;4.74;4.77;2.93;1145
0.44;Ideal;I;VVS1;60.9;56;4.9;4.96;3;1145
0.48;Ideal;G;SI1;61.6;55;5.06;5.1;3.13;1145
0.37;Ideal;D;VVS2;61.6;56;4.65;4.61;2.85;1145
0.37;Premium;D;VVS2;61;60;4.64;4.61;2.82;1145
0.52;Very Good;E;SI2;61.1;57;5.2;5.24;3.19;1146
0.51;Good;D;SI2;64.2;56;5.02;5.05;3.23;1146
0.51;Ideal;F;SI2;61.3;57;5.16;5.19;3.17;1146
0.52;Ideal;E;SI2;61.8;57;5.14;5.18;3.19;1146
0.5;Very Good;F;SI2;62.4;56;5.08;5.12;3.18;1147
0.58;Very Good;J;VS2;59.5;62;5.41;5.44;3.23;1147
0.5;Good;E;SI1;64;56;5.03;4.9;3.18;1147
0.52;Good;G;SI1;64.3;61;5.01;4.97;3.21;1147
0.54;Ideal;I;VS1;61.5;56;5.24;5.26;3.23;1147
0.54;Ideal;H;SI1;62.5;56;5.2;5.23;3.26;1147
0.7;Fair;I;I1;68.6;57;5.46;5.34;3.71;1147
0.72;Fair;G;I1;65.1;57;5.65;5.55;3.65;1147
0.5;Very Good;H;SI1;60;55;5.2;5.23;3.13;1148
0.38;Premium;G;IF;62.5;60;4.61;4.64;2.89;1148
0.43;Ideal;F;VVS2;61.5;55;4.85;4.88;2.99;1148
0.39;Ideal;F;VVS1;61.7;57;4.68;4.71;2.89;1148
0.51;Ideal;G;SI2;62.1;56;5.1;5.13;3.18;1148
0.34;Ideal;F;IF;60.7;57;4.53;4.5;2.74;1148
0.36;Premium;G;IF;62.5;60;4.53;4.49;2.82;1148
0.36;Premium;G;IF;61;59;4.6;4.55;2.79;1148
0.36;Ideal;G;IF;61.6;55;4.59;4.57;2.82;1148
0.41;Premium;G;VVS1;59.7;60;4.85;4.83;2.89;1148
0.35;Premium;E;IF;59;61;4.64;4.62;2.73;1148
0.61;Very Good;J;SI1;60.8;58;5.46;5.49;3.33;1149
0.55;Very Good;I;SI1;63.6;57;5.15;5.19;3.29;1149
0.45;Good;D;VS2;63.7;61;4.81;4.73;3.04;1149
0.42;Ideal;G;VVS1;61.9;56;4.8;4.85;2.98;1150
0.52;Ideal;G;SI2;61.3;56;5.19;5.22;3.19;1150
0.41;Good;F;VVS2;59.2;63;4.82;4.87;2.87;1150
0.4;Ideal;E;VS2;61.4;57;4.78;4.75;2.92;1150
0.57;Very Good;I;SI1;61.1;61;5.34;5.37;3.27;1151
0.41;Ideal;D;VS1;61.3;54;4.8;4.83;2.95;1151
0.41;Ideal;F;IF;62.2;54;4.76;4.79;2.97;1151
0.41;Very Good;D;VS1;62.9;57;4.73;4.75;2.98;1151
0.41;Ideal;G;VVS1;61.7;55;4.77;4.79;2.95;1151
0.41;Ideal;D;VS1;61;57;4.78;4.82;2.93;1151
0.41;Ideal;D;VS1;61.8;57;4.75;4.8;2.95;1151
0.41;Ideal;G;VVS1;62;56;4.78;4.8;2.97;1151
0.41;Very Good;G;VVS1;60;59;4.83;4.84;2.9;1151
0.41;Very Good;G;VVS1;60.3;60;4.74;4.78;2.87;1151
0.41;Very Good;D;VS1;62.8;57;4.73;4.76;2.98;1151
0.41;Ideal;G;VVS1;61.8;55;4.76;4.78;2.95;1151
0.41;Very Good;G;VVS1;61;61;4.72;4.75;2.89;1151
0.41;Ideal;D;VS1;62.1;56;4.77;4.8;2.97;1151
0.41;Ideal;G;VVS1;62.1;55;4.74;4.79;2.96;1151
0.41;Premium;G;VVS1;59.9;59;4.79;4.83;2.88;1151
0.52;Ideal;J;VS2;61.4;57;5.17;5.21;3.19;1151
0.57;Ideal;H;SI2;61.5;55;5.35;5.38;3.3;1151
0.43;Ideal;H;IF;61.9;55;4.87;4.89;3.02;1151
0.52;Ideal;G;SI2;63;55;5.14;5.12;3.23;1151
0.52;Very Good;G;SI2;63.1;56;5.12;5.08;3.22;1151
0.4;Ideal;D;VVS2;61.4;56;4.8;4.75;2.93;1152
0.4;Premium;D;VVS2;58.3;59;4.9;4.88;2.85;1152
0.53;Very Good;H;SI1;61.7;60;5.17;5.21;3.2;1152
0.48;Premium;E;SI1;60.4;62;5.07;5.03;3.05;1152
0.52;Ideal;I;VS2;62.3;54;5.17;5.2;3.23;1152
0.52;Ideal;I;VS2;61.8;54;5.16;5.2;3.2;1152
0.5;Very Good;G;SI1;62.4;52;5.1;5.15;3.2;1153
0.5;Very Good;G;SI1;62.3;58;5.06;5.08;3.16;1153
0.54;Ideal;G;SI2;60.4;59;5.24;5.29;3.18;1153
0.5;Ideal;G;SI1;62.1;57;5.05;5.09;3.15;1153
0.4;Ideal;H;IF;61.9;56;4.72;4.75;2.93;1153
0.41;Premium;E;VS1;60.7;58;4.83;4.79;2.92;1153
0.41;Premium;E;VS1;59.8;61;4.85;4.79;2.88;1153
0.41;Premium;E;VS1;60;58;4.83;4.8;2.89;1153
0.41;Premium;E;VS1;60.1;58;4.84;4.81;2.9;1153
0.41;Premium;E;VS1;59.9;58;4.88;4.83;2.91;1153
0.41;Ideal;E;VS1;61.4;57;4.82;4.79;2.95;1153
0.41;Premium;E;VS1;60.6;59;4.8;4.77;2.9;1153
0.41;Premium;E;VS1;61.9;59;4.8;4.77;2.96;1153
0.29;Ideal;F;SI2;60.6;59;4.31;4.37;2.63;496
0.3;Fair;F;SI1;63.1;58;4.3;4.22;2.69;496
0.28;Ideal;I;VVS2;62.2;55;4.21;4.24;2.63;497
0.28;Ideal;G;VS2;62.2;54;4.21;4.24;2.63;497
0.28;Ideal;H;VS1;62;55;4.21;4.24;2.62;497
0.28;Ideal;H;VS1;61.8;57;4.2;4.22;2.6;497
0.37;Ideal;J;SI1;60.5;57;4.63;4.66;2.81;497
0.34;Fair;J;SI1;64.5;57;4.38;4.36;2.82;497
0.3;Premium;G;SI1;62.5;61;4.29;4.26;2.67;497
0.38;Ideal;F;I1;62.5;57;4.61;4.64;2.89;497
0.32;Very Good;F;SI1;60.7;62;4.4;4.43;2.68;497
0.23;Very Good;F;VVS2;61.7;55;3.99;4.05;2.48;498
0.23;Very Good;E;VVS2;63;58;3.92;3.95;2.48;498
0.23;Very Good;E;VVS2;60.7;58;3.96;4.01;2.42;498
0.24;Ideal;G;VVS2;61.2;56;3.99;4.02;2.45;498
0.29;Ideal;H;VS2;62.8;55;4.24;4.27;2.67;498
0.23;Ideal;F;VS2;60.9;57;3.96;3.99;2.42;498
0.23;Ideal;F;VS2;61.5;55;3.93;3.97;2.43;498
0.23;Ideal;F;VS2;61.9;55;3.94;3.97;2.45;498
0.29;Ideal;H;VS1;61.8;57;4.27;4.31;2.64;498
0.31;Ideal;I;SI1;62.1;53;4.34;4.36;2.7;498
0.33;Ideal;G;SI1;61.6;56;4.43;4.46;2.74;498
0.27;Good;F;VVS1;61.7;61;4.1;4.14;2.54;498
0.25;Good;E;VVS1;61.4;62;4.03;4.05;2.48;498
0.23;Good;E;VVS1;56.3;62;4.1;4.11;2.31;498
0.33;Very Good;J;VVS2;62.1;56;4.44;4.45;2.76;499
0.24;Very Good;D;VVS2;60.1;57;4.03;4.09;2.44;499
0.26;Very Good;F;VS2;61.4;56;4.09;4.12;2.53;499
0.26;Very Good;F;VS1;61.9;57;4.11;4.14;2.55;499
0.26;Very Good;F;VS1;60.4;56;4.14;4.16;2.51;499
0.41;Ideal;E;VS1;62.1;55;4.8;4.77;2.97;1153
0.41;Premium;E;VS1;60.8;59;4.82;4.76;2.91;1153
0.41;Ideal;E;VS1;62;54;4.79;4.76;2.96;1153
0.41;Ideal;E;VS1;61.7;57;4.8;4.76;2.95;1153
0.41;Ideal;E;VS1;61.9;55;4.8;4.76;2.96;1153
0.41;Ideal;E;VS1;60.9;57;4.79;4.76;2.91;1153
0.41;Ideal;E;VS1;61.8;57;4.79;4.76;2.95;1153
0.41;Premium;E;VS1;61.2;58;4.78;4.76;2.92;1153
0.41;Premium;E;VS1;62.2;57;4.78;4.74;2.96;1153
0.41;Ideal;E;VS1;61.7;55;4.78;4.75;2.94;1153
0.41;Ideal;E;VS1;62.1;56;4.78;4.75;2.96;1153
0.41;Ideal;E;VS1;62.1;55;4.78;4.75;2.96;1153
0.41;Ideal;E;VS1;61.8;55;4.8;4.75;2.95;1153
0.41;Ideal;E;VS1;62;55;4.77;4.74;2.95;1153
0.41;Ideal;E;VS1;62.3;57;4.77;4.74;2.96;1153
0.41;Premium;E;VS1;62;60;4.78;4.74;2.95;1153
0.41;Premium;E;VS1;62.3;59;4.76;4.74;2.96;1153
0.41;Premium;E;VS1;62;57;4.77;4.74;2.95;1153
0.41;Premium;E;VS1;62.8;58;4.72;4.7;2.96;1153
0.41;Premium;E;VS1;61.8;58;4.75;4.73;2.93;1153
0.41;Ideal;E;VS1;62.7;57;4.76;4.72;2.97;1153
0.41;Ideal;E;VS1;62.7;55;4.76;4.72;2.97;1153
0.41;Premium;E;VS1;60.4;58;4.82;4.78;2.9;1153
0.42;Very Good;F;VVS1;63;59;4.75;4.81;3.01;1154
0.45;Very Good;G;VS1;60;57.1;4.99;5.03;3;1154
0.4;Very Good;G;IF;61;59;4.75;4.79;2.91;1154
0.54;Ideal;F;SI2;61.1;56;5.22;5.26;3.2;1154
0.5;Very Good;E;SI2;62.4;57;5.03;5.07;3.15;1154
0.54;Premium;F;SI2;59.6;60;5.25;5.28;3.14;1154
0.5;Ideal;E;SI2;62.5;57;5.04;5.07;3.16;1154
0.5;Very Good;E;SI2;61.3;56;5.08;5.13;3.13;1154
0.54;Ideal;H;SI1;62.2;56;5.19;5.26;3.25;1154
0.54;Premium;H;SI1;61;58;5.23;5.27;3.2;1154
0.54;Ideal;H;SI1;61;56;5.24;5.28;3.21;1154
0.5;Ideal;E;SI2;61.4;57;5.09;5.14;3.14;1154
0.5;Very Good;E;SI2;61.4;58;5.09;5.11;3.13;1154
0.5;Very Good;E;SI2;61.7;58;5.06;5.12;3.14;1154
0.54;Good;H;SI1;63.3;57;5.15;5.22;3.28;1154
0.5;Premium;E;SI2;59.5;59;5.16;5.19;3.08;1154
0.38;Ideal;E;VVS1;61.5;56;4.67;4.7;2.88;1154
0.38;Ideal;E;VVS1;62.3;56;4.64;4.67;2.9;1154
0.41;Ideal;E;VS1;60.8;56;4.84;4.8;2.93;1154
0.5;Ideal;H;SI1;62.2;53;5.06;5.14;3.17;1154
0.51;Ideal;H;SI1;59.8;57;5.22;5.25;3.13;1154
0.39;Ideal;G;IF;61.7;55;4.68;4.72;2.9;1154
0.45;Good;G;VS1;58.1;61.2;5.02;5.07;2.93;1154
0.31;Ideal;F;IF;60.2;57;4.38;4.44;2.65;1155
0.44;Ideal;G;VVS2;61.8;56;4.94;4.9;3.04;1155
0.44;Premium;G;VVS2;60.9;57;4.93;4.89;2.99;1155
0.44;Premium;G;VVS2;61.3;60;4.94;4.88;3.01;1155
0.44;Premium;F;VS1;61.9;59;4.88;4.84;3.01;1155
0.44;Premium;F;VS1;61.2;61;4.88;4.83;2.97;1155
0.44;Ideal;E;VS1;61.5;56;4.92;4.9;3.02;1155
0.5;Fair;H;VS1;66.5;60;4.93;4.85;3.25;1155
0.5;Premium;E;SI1;61.4;58;5.17;5.09;3.15;1155
0.5;Premium;E;SI1;62.3;60;5.16;5.08;3.19;1155
0.5;Good;E;SI1;64;56;5.03;4.97;3.2;1155
0.5;Good;E;SI1;64.2;59;5.03;4.97;3.21;1155
0.4;Premium;G;VVS1;60.3;58;4.83;4.79;2.9;1155
0.5;Premium;E;SI1;62.4;58;5.06;5.01;3.14;1155
0.44;Ideal;D;VS2;60.4;56;4.95;4.91;2.98;1155
0.5;Good;E;SI1;64;57;5.04;4.99;3.21;1155
0.5;Very Good;E;SI1;63.4;58;5.09;5.01;3.2;1155
0.5;Premium;E;SI1;61.4;59;5.09;5.01;3.1;1155
0.5;Good;E;SI1;63.7;59;5.07;5.01;3.21;1155
0.53;Good;E;SI1;63.6;56;5.19;5.1;3.27;1156
0.46;Premium;E;VS2;61.3;57;5.02;4.99;3.07;1156
0.5;Fair;F;SI2;61.1;67;5.07;5.04;3.09;1156
0.5;Premium;H;SI1;59;59;5.22;5.18;3.07;1156
0.58;Fair;D;SI2;65.1;58;5.25;5.22;3.41;1156
0.38;Very Good;E;VVS2;59.7;63;4.71;4.73;2.82;1157
0.5;Good;D;SI2;63.4;59;5;5.03;3.18;1157
0.5;Good;D;SI2;63.2;56;5.01;5.05;3.18;1157
0.41;Ideal;F;VVS1;62.3;56;4.77;4.79;2.98;1157
0.46;Good;F;VS1;56.5;61;5.11;5.05;2.87;1157
0.4;Ideal;E;VVS2;61.5;56;4.74;4.79;2.93;1158
0.4;Ideal;E;VVS2;61.8;56;4.74;4.77;2.94;1158
0.4;Ideal;E;VVS2;62.2;56;4.71;4.78;2.95;1158
0.4;Ideal;E;VVS2;61.7;56;4.73;4.77;2.93;1158
0.4;Ideal;E;VVS2;61.7;55;4.74;4.76;2.93;1158
0.4;Ideal;E;VVS2;62.1;55;4.74;4.76;2.95;1158
0.44;Very Good;E;VS1;60.7;58;4.88;4.91;2.97;1158
0.4;Ideal;H;IF;62.7;57;4.68;4.7;2.94;1158
0.4;Ideal;E;VVS2;62.1;56;4.7;4.73;2.93;1158
0.4;Ideal;E;VVS2;61.8;55;4.74;4.78;2.94;1158
0.58;Ideal;I;SI2;61.3;56;5.38;5.45;3.32;1158
0.52;Ideal;D;SI2;61;56;5.17;5.22;3.17;1158
0.7;Fair;F;I1;65.9;57;5.64;5.5;3.67;1158
0.73;Fair;F;I1;66.9;54;5.62;5.54;3.74;1158
0.43;Premium;D;VVS2;59.5;59;4.95;4.97;2.95;1159
0.38;Good;D;VVS1;61.3;61;4.68;4.72;2.88;1159
0.62;Premium;H;SI2;61;62;5.47;5.42;3.32;1159
0.53;Premium;H;SI1;61.2;60;5.22;5.1;3.16;1159
0.41;Very Good;D;VVS2;62.5;54;4.79;4.81;3;1160
0.41;Very Good;E;VS1;63.4;55;4.7;4.73;2.99;1160
0.59;Very Good;H;SI2;60.3;56;5.43;5.48;3.29;1160
0.53;Very Good;E;SI2;58.3;62;5.3;5.36;3.11;1160
0.51;Fair;G;SI1;64.5;56;5.06;5.01;3.25;1160
0.44;Ideal;G;VVS1;62;54;4.89;4.91;3.04;1160
0.38;Ideal;F;VVS1;61.1;57;4.71;4.69;2.87;1160
0.38;Ideal;F;VVS1;60.9;57;4.73;4.69;2.87;1160
0.38;Ideal;E;VVS1;62.4;54;4.64;4.66;2.9;1160
0.5;Ideal;H;SI1;59.2;62;5.17;5.2;3.07;1160
0.41;Very Good;F;VVS1;62.3;54;4.75;4.79;2.97;1161
0.53;Very Good;G;SI1;63.4;54;5.09;5.13;3.24;1161
0.52;Very Good;H;SI1;62.6;59;5.06;5.13;3.19;1161
0.52;Very Good;G;SI1;60.6;61;5.17;5.19;3.14;1161
0.62;Ideal;I;SI2;62.5;55;5.45;5.49;3.42;1161
0.51;Ideal;H;SI1;62.1;54;5.13;5.15;3.19;1161
0.51;Ideal;H;SI1;61.3;57;5.1;5.14;3.14;1161
0.35;Very Good;D;VVS2;60;56;4.61;4.63;2.77;1162
0.37;Ideal;E;VVS2;61.6;55;4.62;4.63;2.85;1162
0.35;Ideal;D;VVS2;60.8;56;4.58;4.6;2.79;1162
0.54;Ideal;F;SI2;61.2;56;5.27;5.28;3.23;1162
0.46;Very Good;I;VVS1;62.9;57;4.91;4.95;3.1;1163
0.34;Ideal;E;IF;62;56;4.47;4.5;2.78;1163
0.34;Ideal;E;IF;62;56;4.49;4.51;2.79;1163
0.34;Ideal;E;IF;61.7;56;4.46;4.48;2.76;1163
0.54;Ideal;E;SI2;62.1;56;5.18;5.22;3.23;1163
0.54;Good;E;SI2;63.4;56;5.14;5.18;3.27;1163
0.54;Good;E;SI2;63.8;54;5.17;5.18;3.3;1163
0.54;Very Good;E;SI2;61.9;58;5.19;5.24;3.23;1163
0.36;Ideal;G;VVS1;61.7;55;4.58;4.6;2.83;1163
0.53;Ideal;I;VS2;62.2;56;5.15;5.2;3.22;1163
0.51;Ideal;H;VS2;61.6;55;5.13;5.16;3.17;1163
0.41;Ideal;H;VS2;60.7;55;4.83;4.86;2.94;1163
0.41;Ideal;H;VS2;61.7;56;4.77;4.79;2.95;1163
0.47;Ideal;G;SI1;60.8;56;5;5.03;3.05;1163
0.36;Ideal;H;IF;61.3;57;4.59;4.61;2.82;1163
0.4;Ideal;F;VVS2;61.7;55;4.76;4.74;2.93;1163
0.4;Ideal;F;VVS2;61.7;56;4.74;4.72;2.92;1163
0.4;Ideal;F;VVS2;62.4;56;4.74;4.72;2.95;1163
0.4;Premium;F;VVS2;60.8;59;4.76;4.72;2.88;1163
0.4;Premium;F;VVS2;60.8;59;4.73;4.71;2.87;1163
0.4;Premium;F;VVS2;62.2;59;4.7;4.65;2.91;1163
0.4;Ideal;F;VVS2;62.8;57;4.73;4.66;2.95;1163
0.4;Ideal;F;VVS2;62.4;57;4.73;4.69;2.94;1163
0.4;Ideal;F;VVS2;62.8;56;4.73;4.69;2.96;1163
0.4;Premium;F;VVS2;60.7;58;4.75;4.7;2.87;1163
0.51;Premium;H;SI1;60;61;5.2;5.17;3.11;1163
0.4;Very Good;E;VVS1;63.4;57;4.64;4.66;2.95;1164
0.42;Good;F;VVS1;61.2;64;4.75;4.8;2.92;1164
0.46;Very Good;I;VVS1;63.5;57;4.91;4.85;3.1;1164
0.55;Ideal;J;VS2;62.6;57;5.21;5.17;3.25;1165
0.41;Very Good;H;VVS1;62;56;4.77;4.81;2.97;1166
0.62;Premium;J;VS2;61.2;59;5.42;5.52;3.35;1166
0.37;Fair;F;IF;52.3;61;4.96;4.91;2.58;1166
0.4;Ideal;E;VVS2;62.4;59;4.7;4.73;2.94;1166
0.5;Ideal;J;VS2;62;56;5.08;5.12;3.16;1166
0.53;Ideal;G;SI1;62.1;53;5.22;5.27;3.26;1166
0.41;Good;E;VS1;63.9;53;4.75;4.7;3.02;1166
0.46;Fair;D;VS1;67.3;61;4.81;4.71;3.21;1166
0.72;Good;F;I1;63.6;58;5.72;5.62;3.6;1166
0.39;Premium;D;VVS1;63;60;4.63;4.61;2.91;1167
0.42;Very Good;E;VVS2;62.1;56;4.79;4.82;2.98;1167
0.42;Very Good;E;VVS2;59.8;56;4.9;4.92;2.94;1167
0.53;Very Good;E;SI2;63.1;58;5.15;5.18;3.26;1167
0.5;Very Good;D;SI2;61.9;56;5.09;5.14;3.16;1167
0.35;Premium;D;VVS1;60.8;58;4.53;4.55;2.76;1167
0.35;Ideal;D;VVS1;61.5;57;4.52;4.55;2.79;1167
0.31;Premium;D;IF;60.2;59;4.39;4.42;2.65;1167
0.43;Good;F;VS1;61.4;61.1;4.85;4.87;2.98;1167
0.4;Very Good;D;VVS2;62.6;55;4.7;4.72;2.95;1168
0.61;Good;E;I1;63.4;57.1;5.37;5.43;3.42;1168
0.4;Ideal;F;VVS1;61.4;56;4.77;4.81;2.94;1168
0.4;Ideal;F;VVS1;61.8;58;4.72;4.76;2.93;1168
0.4;Ideal;F;VVS1;62.3;54;4.75;4.78;2.97;1168
0.4;Ideal;F;VVS1;61.9;55;4.75;4.78;2.95;1168
0.4;Ideal;F;VVS1;61.7;55;4.77;4.79;2.95;1168
0.31;Ideal;F;IF;61.4;56;4.37;4.42;2.7;1168
0.31;Ideal;F;IF;61;56;4.38;4.41;2.68;1168
0.31;Ideal;F;IF;61.2;57;4.35;4.38;2.67;1168
0.31;Ideal;F;IF;61.4;56;4.4;4.43;2.71;1168
0.46;Good;F;VS1;59.9;61.9;5.02;5.06;3.01;1168
0.46;Good;F;VS1;61.6;62.2;4.84;5;3.04;1168
0.41;Very Good;F;VVS1;63.7;54;4.71;4.74;3.01;1169
0.5;Good;D;SI1;63.5;57;5.05;5.09;3.22;1169
0.43;Ideal;F;VVS2;62.2;55;4.83;4.85;3.01;1169
0.43;Premium;F;VVS2;61.6;60;4.82;4.86;2.98;1169
0.43;Ideal;F;VVS2;61.9;56;4.82;4.87;3;1169
0.43;Ideal;F;VVS2;61.9;56;4.82;4.84;2.99;1169
0.43;Ideal;F;VVS2;61.8;57;4.83;4.85;2.99;1169
0.51;Ideal;F;SI2;60.5;55;5.17;5.21;3.14;1169
0.41;Good;E;VVS1;60.4;61;4.76;4.81;2.89;1169
0.43;Ideal;H;VVS1;62.3;54;4.85;4.84;3.02;1169
0.63;Premium;E;SI2;58.9;59;5.64;5.6;3.31;1169
0.6;Premium;H;SI1;62.4;58;5.4;5.34;3.35;1170
0.5;Very Good;G;SI1;62.8;55;5.03;5.07;3.17;1170
0.51;Very Good;H;SI1;62;57;5.11;5.19;3.19;1170
0.51;Good;E;SI1;63.6;59;5.13;5.06;3.24;1170
0.52;Ideal;G;SI2;61.5;56;5.15;5.19;3.18;1170
0.54;Ideal;I;SI1;60;59;5.29;5.31;3.18;1170
0.54;Ideal;I;SI1;62.4;55;5.19;5.23;3.25;1170
0.52;Good;F;SI2;61.5;60.5;5.11;5.16;3.16;1170
0.39;Ideal;D;VS1;61.9;57;4.71;4.69;2.91;1170
0.32;Ideal;E;IF;62.6;55;4.41;4.38;2.75;1170
0.38;Ideal;D;VS1;62.4;56;4.68;4.64;2.91;1170
0.32;Ideal;E;IF;61.9;56;4.42;4.4;2.73;1170
0.32;Premium;E;IF;61.6;58;4.39;4.38;2.7;1170
0.39;Ideal;D;VS1;62;57;4.71;4.67;2.91;1170
0.51;Ideal;E;SI2;63;56;5.14;5.12;3.23;1170
0.39;Premium;G;VVS1;59.9;59;4.75;4.73;2.84;1170
0.39;Ideal;G;VVS1;62.3;57;4.7;4.64;2.91;1170
0.39;Premium;G;VVS1;60.4;59;4.75;4.72;2.86;1170
0.39;Ideal;D;VS1;60.3;56;4.77;4.71;2.86;1170
0.52;Very Good;G;SI1;63.5;58;5.14;5.1;3.25;1170
0.48;Premium;F;SI1;61.1;61;5.05;5;3.07;1170
0.5;Very Good;G;SI1;60.8;63;5.08;5.11;3.1;1171
0.57;Very Good;G;SI2;60.5;56;5.41;5.44;3.28;1171
0.32;Very Good;D;IF;62;56;4.39;4.43;2.73;1171
0.53;Ideal;G;SI2;61.6;55;5.2;5.25;3.22;1171
0.46;Very Good;G;VS2;61.3;56;4.98;5;3.06;1172
0.4;Ideal;G;VVS2;61.5;57;4.74;4.76;2.92;1172
0.55;Very Good;J;VS2;61.7;54;5.29;5.34;3.28;1172
0.56;Good;E;SI2;63.5;57;5.21;5.24;3.32;1172
0.51;Good;G;SI1;63.7;55;5.07;5.1;3.24;1172
0.4;Ideal;D;VS2;61.7;56;4.72;4.74;2.92;1172
0.41;Good;F;VVS2;58.6;60;4.83;4.87;2.84;1172
0.5;Premium;H;SI1;62.9;58;5.04;5.01;3.16;1172
0.5;Premium;F;SI2;61.4;61;5.14;5.09;3.14;1172
0.52;Very Good;E;SI2;62.7;56;5.07;5.1;3.19;1173
0.57;Very Good;I;SI1;61.8;57;5.31;5.34;3.29;1173
0.4;Very Good;G;IF;62.3;59;4.67;4.7;2.92;1173
0.4;Very Good;G;IF;61.8;58;4.69;4.73;2.91;1173
0.58;Very Good;F;SI2;63;56;5.34;5.26;3.34;1173
0.46;Premium;E;VS2;61.5;60;4.95;4.91;3.03;1173
0.46;Premium;E;VS2;58.5;61;5.1;5.05;2.97;1173
0.38;Ideal;D;VVS1;62;57;4.6;4.69;2.88;1173
0.53;Ideal;I;VS2;61.9;54;5.21;5.23;3.23;1173
0.56;Ideal;G;SI2;61.9;54;5.29;5.34;3.29;1173
0.55;Ideal;G;SI2;62.1;56;5.25;5.28;3.27;1173
0.54;Ideal;F;SI2;61;56;5.24;5.29;3.21;1173
0.57;Ideal;I;SI1;62.5;55;5.28;5.32;3.31;1173
0.53;Premium;G;SI2;60.8;58;5.21;5.19;3.16;1173
0.5;Ideal;G;SI1;62.2;56;5.13;5.08;3.17;1173
0.49;Very Good;D;SI1;58.6;60;5.14;5.2;3.03;1174
0.53;Very Good;E;SI2;63;57;5.13;5.16;3.24;1174
0.34;Ideal;D;VVS2;61.3;56;4.48;4.52;2.76;1174
0.34;Ideal;F;VVS1;61.6;56;4.5;4.53;2.78;1174
0.34;Ideal;F;VVS1;61.1;56;4.5;4.53;2.76;1174
0.33;Ideal;E;VVS1;61.2;55;4.48;4.51;2.75;1174
0.61;Fair;J;VS2;58.2;56;5.74;5.49;3.27;1174
0.52;Very Good;E;SI2;62.4;59;5.13;5.16;3.21;1175
0.56;Very Good;I;SI1;61.8;56;5.22;5.3;3.25;1175
0.52;Very Good;H;SI1;59.3;59;5.25;5.28;3.12;1175
0.55;Ideal;F;SI2;62.4;56;5.22;5.26;3.27;1175
0.55;Ideal;F;SI2;62.3;57;5.22;5.27;3.27;1175
0.55;Ideal;F;SI2;61.2;56;5.23;5.29;3.22;1175
0.55;Good;H;SI1;63.6;55;5.18;5.23;3.31;1175
0.55;Premium;F;SI2;60.6;58;5.28;5.31;3.21;1175
0.64;Ideal;G;SI2;62.2;53;5.54;5.56;3.45;1175
0.51;Ideal;G;SI1;61.5;54;5.17;5.21;3.19;1175
0.5;Good;D;SI2;61.9;63;5.05;5.07;3.13;1175
0.5;Fair;H;VS2;65.1;59;5.02;5.06;3.28;1175
0.73;Fair;I;I1;66.1;58;5.63;5.5;3.68;1175
0.5;Very Good;I;VS2;61.7;58;5.08;5.13;3.15;1176
0.42;Ideal;E;VVS1;61.8;56;4.81;4.83;2.98;1176
0.52;Ideal;F;SI2;61.4;56;5.18;5.21;3.19;1176
0.38;Ideal;E;VVS2;61.6;55;4.72;4.67;2.89;1176
0.33;Ideal;D;VVS1;61;55;4.52;4.47;2.74;1176
0.57;Very Good;I;SI1;63.3;56;5.29;5.27;3.34;1176
0.38;Ideal;E;VVS2;62.2;56;4.65;4.58;2.87;1176
0.38;Ideal;E;VVS2;61.9;57;4.65;4.63;2.87;1176
0.38;Ideal;E;VVS2;61.6;55;4.66;4.63;2.86;1176
0.57;Premium;J;VS2;60.2;62;5.4;5.33;3.23;1176
0.57;Premium;F;SI2;61.7;59;5.34;5.31;3.29;1176
0.57;Premium;F;SI2;61.4;56;5.38;5.29;3.28;1176
0.56;Premium;G;SI1;61.7;58;5.31;5.29;3.27;1176
0.42;Premium;F;VS1;62.7;61;4.77;4.74;2.98;1176
0.56;Fair;F;SI1;61.6;61;5.38;5.21;3.26;1176
0.5;Fair;E;SI1;65;58;4.98;4.9;3.21;1176
0.38;Ideal;E;VVS2;62;57;4.62;4.61;2.86;1176
0.51;Premium;E;SI2;61.8;58;5.08;5.11;3.15;1177
0.51;Ideal;E;SI2;62.7;53;5.09;5.12;3.2;1177
0.42;Ideal;E;VS1;60.6;57;4.84;4.86;2.94;1177
0.44;Ideal;H;IF;61.9;54;4.9;4.95;3.05;1177
0.44;Ideal;H;IF;61.4;55;4.92;4.95;3.03;1177
0.41;Ideal;D;VS2;59.7;57;4.87;4.84;2.9;1177
0.41;Ideal;D;VS2;61.7;55;4.8;4.76;2.95;1177
0.47;Very Good;H;VS2;57.2;60;5.18;5.21;2.97;1178
0.45;Ideal;H;VVS1;61.8;57;4.92;4.95;3.05;1178
0.5;Ideal;H;SI1;62;56;5.09;5.12;3.16;1178
0.54;Ideal;H;SI1;62.1;56;5.18;5.26;3.24;1178
0.47;Ideal;I;IF;62.2;55;4.99;5.01;3.11;1178
0.5;Very Good;H;VS2;61.8;63;5.08;5.05;3.13;1178
0.5;Premium;D;SI2;58.5;60;5.21;5.19;3.04;1178
0.55;Very Good;J;VS2;62.9;54;5.23;5.29;3.31;1179
0.46;Very Good;G;VS1;61.4;59.7;4.94;4.97;3.05;1179
0.56;Very Good;H;SI1;61.2;57;5.28;5.31;3.24;1179
0.42;Ideal;G;VVS1;61.1;56;4.82;4.84;2.95;1179
0.42;Good;G;VVS1;63.6;55;4.75;4.78;3.03;1179
0.42;Premium;G;VVS1;60.2;59;4.82;4.84;2.91;1179
0.42;Ideal;G;VVS1;61.6;55;4.82;4.85;2.98;1179
0.42;Ideal;G;VVS1;61.4;56;4.81;4.83;2.96;1179
0.42;Ideal;D;VS1;62.1;56;4.78;4.82;2.98;1179
0.42;Premium;G;VVS1;59.8;58;4.85;4.88;2.91;1179
0.42;Premium;G;VVS1;59.3;59;4.9;4.92;2.91;1179
0.42;Ideal;G;VVS1;60.6;56;4.86;4.88;2.95;1179
0.39;Ideal;E;VVS1;60.4;56;4.76;4.78;2.88;1179
0.42;Ideal;G;VVS1;61.7;55;4.78;4.84;2.97;1179
0.29;Very Good;E;VS1;60.4;58;4.28;4.33;2.6;499
0.3;Very Good;E;SI1;60.9;58;4.31;4.33;2.63;499
0.3;Ideal;F;SI1;62.3;53.9;4.28;4.31;2.68;499
0.3;Ideal;F;SI1;62.2;54.2;4.31;4.34;2.69;499
0.3;Ideal;F;SI1;62;55.1;4.29;4.32;2.67;499
0.3;Ideal;E;SI1;62.1;58;4.27;4.29;2.66;499
0.3;Ideal;E;SI1;61.1;57;4.3;4.34;2.64;499
0.3;Ideal;E;SI1;62.4;57;4.27;4.29;2.67;499
0.3;Ideal;E;SI1;61.6;54;4.32;4.35;2.67;499
0.3;Ideal;E;SI1;62.3;56;4.29;4.32;2.68;499
0.3;Ideal;E;SI1;62.3;57;4.29;4.31;2.68;499
0.3;Ideal;E;SI1;61.7;58;4.29;4.3;2.65;499
0.3;Ideal;E;SI1;62.1;56;4.31;4.36;2.69;499
0.3;Ideal;E;SI1;62.2;55;4.29;4.33;2.68;499
0.24;Good;E;VVS1;63.8;56;3.95;3.98;2.53;499
0.26;Good;F;VS1;63.1;57;4.04;4.07;2.56;499
0.32;Ideal;J;SI1;62.3;57;4.44;4.33;2.73;499
0.23;Very Good;E;VVS1;60.8;56;3.94;3.99;2.41;499
0.23;Very Good;D;VVS2;59.6;61;3.99;4.03;2.39;499
0.25;Very Good;I;VVS2;62.1;56;4.03;4.05;2.51;500
0.31;Ideal;G;VS2;60.8;56;4.4;4.42;2.68;500
0.27;Ideal;H;VS1;62.3;54;4.16;4.19;2.6;500
0.27;Ideal;H;VS1;62.2;55;4.15;4.18;2.59;500
0.23;Premium;H;VVS2;59.2;61;4.04;4;2.38;500
0.31;Very Good;F;VS2;62.1;54;4.34;4.39;2.71;500
0.31;Very Good;F;VS2;62.7;57;4.31;4.36;2.72;500
0.3;Good;F;SI1;63.6;55;4.28;4.33;2.74;500
0.3;Good;F;SI1;63.5;57;4.24;4.27;2.7;500
0.3;Good;F;SI1;63.5;59;4.19;4.22;2.67;500
0.3;Good;F;SI1;63.5;57;4.21;4.26;2.69;500
0.42;Premium;D;VS1;60.8;59;4.79;4.85;2.93;1179
0.42;Ideal;D;VS1;61.1;57;4.81;4.84;2.95;1179
0.42;Ideal;D;VS1;61.5;54;4.79;4.84;2.96;1179
0.42;Ideal;G;VVS1;61.6;55;4.81;4.87;2.98;1179
0.42;Premium;D;VS1;60.8;60;4.84;4.87;2.95;1179
0.42;Ideal;G;VVS1;61.1;56;4.82;4.87;2.96;1179
0.42;Ideal;G;VVS1;60;57;4.84;4.86;2.91;1179
0.42;Ideal;G;VVS1;61.2;57;4.78;4.82;2.94;1179
0.42;Premium;G;VVS1;62.7;58;4.74;4.79;2.99;1179
0.45;Very Good;F;VS1;62.1;59;4.85;4.81;3;1179
0.42;Ideal;G;VVS1;61.2;56;4.85;4.86;2.97;1179
0.42;Ideal;G;VVS1;62;56;4.81;4.84;2.99;1179
0.51;Premium;I;VS2;62.9;55;5.12;5.08;3.21;1179
0.46;Good;G;VS1;59.5;61.4;4.95;5;2.96;1179
0.37;Ideal;E;VVS1;61.5;56;4.64;4.59;2.84;1179
0.49;Premium;F;SI1;58.7;60;5.2;5.15;3.04;1179
0.57;Very Good;I;SI1;62.5;58;5.22;5.27;3.28;1180
0.51;Very Good;E;SI2;58.3;61.9;5.19;5.2;3.04;1180
0.51;Good;D;SI2;63.9;55;5.04;5.1;3.24;1180
0.45;Good;H;VVS1;56.8;64;5.08;4.99;2.86;1180
0.51;Good;D;SI2;63.8;56;5.07;5.09;3.24;1180
0.41;Ideal;F;VS1;61.5;55;4.8;4.83;2.96;1180
0.41;Ideal;F;VS1;61.7;56;4.76;4.79;2.94;1180
0.4;Ideal;E;VS1;59.2;62;4.8;4.83;2.85;1180
0.5;Ideal;G;SI2;60.7;56;5.13;5.18;3.13;1180
0.59;Good;I;SI2;63.9;57;5.3;5.25;3.37;1180
0.41;Premium;D;VVS2;61.9;59;4.78;4.75;2.95;1181
0.41;Ideal;D;VVS2;61.1;56;4.81;4.78;2.93;1181
0.41;Ideal;D;VVS2;62.5;57;4.75;4.72;2.96;1181
0.41;Premium;D;VVS2;62.2;58;4.8;4.78;2.98;1181
0.5;Fair;F;SI1;64.7;57;4.99;4.94;3.21;1181
0.5;Very Good;E;SI2;63.1;58;5.09;5.05;3.2;1181
0.5;Very Good;E;SI2;63.3;56;5.09;5.05;3.21;1181
0.5;Ideal;E;SI2;62.8;55;5.08;5.05;3.18;1181
0.5;Good;E;SI2;63.7;55;5.08;5.03;3.22;1181
0.5;Premium;E;SI2;61.5;58;5.09;5.03;3.11;1181
0.5;Ideal;E;SI2;63;57;5.09;5.04;3.19;1181
0.45;Ideal;G;VVS2;61.8;57;4.94;4.9;3.04;1181
0.45;Premium;G;VVS2;61.4;61;4.95;4.89;3.02;1181
0.42;Premium;E;VS1;59.5;59;4.88;4.86;2.9;1181
0.42;Ideal;E;VS1;61.6;57;4.84;4.8;2.97;1181
0.42;Premium;E;VS1;62.1;55;4.85;4.81;3;1181
0.42;Premium;E;VS1;62.2;59;4.79;4.76;2.97;1181
0.63;Premium;J;SI1;61.9;59;5.49;5.47;3.39;1181
0.5;Premium;E;SI2;59.4;60;5.21;5.16;3.08;1181
0.5;Premium;E;SI2;61.8;59;5.07;5.03;3.12;1181
0.42;Very Good;G;VVS2;58.5;63;4.9;4.88;2.86;1181
0.5;Very Good;H;SI1;63.1;59;5.02;4.96;3.15;1181
0.6;Ideal;I;SI2;61.9;55;5.43;5.46;3.37;1182
0.49;Good;F;VS1;59.5;62;5.09;5.22;3.06;1182
0.39;Very Good;F;IF;59.9;59;4.78;4.84;2.88;1183
0.43;Ideal;G;VVS1;61.8;55;4.87;4.9;3.02;1183
0.39;Ideal;E;VVS1;62.1;54;4.67;4.7;2.91;1183
0.39;Ideal;E;VVS1;60.8;58;4.72;4.76;2.88;1183
0.55;Ideal;F;SI2;61.7;55;5.26;5.28;3.25;1183
0.55;Ideal;F;SI2;61.4;55;5.27;5.29;3.24;1183
0.4;Very Good;E;VVS2;59.8;60;4.8;4.84;2.88;1184
0.41;Very Good;E;VVS1;61.2;62;4.76;4.78;2.92;1184
0.58;Ideal;H;SI1;61.6;57;5.34;5.38;3.3;1184
0.55;Premium;E;SI2;61.9;58;5.2;5.24;3.23;1185
0.42;Very Good;D;VVS2;62.8;59;4.73;4.76;2.98;1185
0.42;Ideal;D;VVS2;61.7;55;4.79;4.83;2.97;1185
0.5;Ideal;E;SI2;61.1;58;5.09;5.13;3.12;1185
0.44;Ideal;H;IF;61.5;56;4.89;4.93;3.02;1185
0.41;Very Good;F;VVS1;62.7;59;4.75;4.78;2.99;1186
0.51;Good;F;SI1;64;57;5.01;5.06;3.22;1186
0.41;Ideal;E;VVS2;61.4;53.9;4.79;4.81;2.95;1186
0.4;Ideal;F;VVS1;62.2;56;4.71;4.74;2.94;1186
0.55;Premium;G;SI2;60.3;58;5.35;5.33;3.22;1186
0.25;Premium;G;SI2;59;60;5.33;5.28;3.12;1186
0.25;Premium;G;SI2;58.8;60;5.33;5.28;3.12;1186
0.44;Very Good;F;VVS1;62.1;60;4.84;4.92;3.03;1187
0.5;Very Good;G;SI1;63.3;59;4.99;5.02;3.17;1187
0.5;Very Good;G;SI1;64.1;57;5.04;5.07;3.24;1187
0.5;Very Good;G;SI1;62.9;59;5.04;5.07;3.18;1187
0.41;Ideal;E;VVS2;62.2;54;4.76;4.79;2.97;1187
0.41;Ideal;E;VVS2;61.5;55;4.79;4.83;2.96;1187
0.41;Ideal;E;VVS2;61.1;56;4.8;4.85;2.95;1187
0.41;Ideal;E;VVS2;61;56;4.79;4.82;2.93;1187
0.41;Premium;E;VVS2;60.9;60;4.81;4.82;2.93;1187
0.41;Ideal;H;IF;61.8;55;4.76;4.79;2.95;1187
0.41;Ideal;H;IF;62.1;56;4.74;4.76;2.95;1187
0.41;Ideal;E;VVS2;60;57;4.81;4.85;2.9;1187
0.41;Ideal;E;VVS2;62.3;56;4.75;4.78;2.97;1187
0.41;Ideal;E;VVS2;61.6;56;4.78;4.8;2.95;1187
0.41;Very Good;E;VVS2;62.8;54;4.72;4.77;2.98;1187
0.41;Ideal;E;VVS2;61.9;56;4.75;4.78;2.95;1187
0.41;Premium;E;VVS2;61.8;59;4.74;4.78;2.94;1187
0.41;Ideal;E;VVS2;62;56;4.72;4.76;2.94;1187
0.41;Ideal;E;VVS2;60.9;56;4.75;4.81;2.91;1187
0.41;Ideal;E;VVS2;61.4;56;4.77;4.81;2.94;1187
0.41;Ideal;E;VVS2;61.8;57;4.75;4.8;2.95;1187
0.41;Very Good;H;IF;62.9;54;4.71;4.74;2.97;1187
0.41;Ideal;E;VVS2;61.4;57;4.76;4.79;2.93;1187
0.54;Ideal;G;SI1;61.7;55;5.24;5.27;3.24;1187
0.31;Ideal;E;IF;60.4;56;4.43;4.38;2.66;1188
0.5;Ideal;J;VS2;61.6;56;5.08;5.14;3.15;1188
0.51;Ideal;G;SI2;62;56;5.13;5.16;3.19;1188
0.44;Ideal;G;SI1;60.9;56;4.88;4.94;2.99;1188
0.66;Premium;J;SI1;61;61;5.64;5.59;3.43;1188
0.5;Fair;E;VS2;65;58;4.96;4.92;3.21;1188
0.5;Very Good;F;I1;63.3;59;5.03;4.99;3.17;1188
0.5;Good;E;SI1;63.6;56;5.03;5;3.19;1188
0.53;Very Good;H;SI1;61.7;55;5.2;5.24;3.22;1189
0.4;Very Good;E;VVS2;62.1;59;4.67;4.7;2.91;1189
0.39;Ideal;G;IF;62.1;53.7;4.67;4.71;2.91;1189
0.42;Very Good;H;VS2;60.9;55;4.87;4.89;2.97;1190
0.52;Very Good;E;SI2;62.6;58;5.11;5.14;3.21;1190
0.53;Very Good;I;VS2;60.3;60.1;5.22;5.25;3.16;1190
0.5;Very Good;D;SI1;60.7;59;5.11;5.04;3.08;1190
0.5;Good;D;SI1;57.2;60;5.25;5.2;2.99;1190
0.5;Premium;D;SI2;62.2;58;5.08;5.14;3.18;1190
0.5;Good;D;SI1;64.1;56;5.03;4.98;3.21;1190
0.49;Ideal;H;SI2;60.7;56;5.13;5.18;3.13;1190
0.4;Very Good;E;VVS1;62.9;56;4.67;4.71;2.95;1191
0.52;Premium;F;SI1;61.5;60;5.15;5.16;3.17;1191
0.52;Ideal;F;SI2;62.1;55;5.14;5.17;3.2;1191
0.51;Ideal;F;SI2;60.2;55;5.19;5.24;3.14;1191
0.54;Ideal;G;SI2;61.4;56;5.27;5.29;3.24;1192
0.51;Ideal;H;SI1;59.9;56;5.19;5.23;3.12;1192
0.46;Ideal;I;IF;62.2;55;4.94;4.97;3.08;1192
0.41;Premium;F;VVS2;60.1;58;4.83;4.79;2.89;1192
0.41;Ideal;F;VVS2;60.6;57;4.86;4.81;2.93;1192
0.41;Ideal;F;VVS2;60.1;57;4.85;4.83;2.91;1192
0.41;Premium;F;VVS2;60.6;58;4.84;4.79;2.92;1192
0.41;Premium;F;VVS2;60.4;58;4.84;4.8;2.91;1192
0.41;Premium;F;VVS2;60.3;58;4.83;4.79;2.9;1192
0.41;Premium;F;VVS2;61;59;4.83;4.77;2.93;1192
0.41;Ideal;F;VVS2;61.9;55;4.79;4.78;2.96;1192
0.41;Ideal;F;VVS2;61.2;56;4.8;4.78;2.93;1192
0.41;Premium;F;VVS2;61;59;4.82;4.79;2.93;1192
0.41;Premium;F;VVS2;60.1;59;4.82;4.79;2.89;1192
0.41;Ideal;F;VVS2;61;56;4.82;4.78;2.93;1192
0.41;Ideal;F;VVS2;61.7;56;4.81;4.78;2.96;1192
0.41;Ideal;F;VVS2;61.4;56;4.81;4.76;2.94;1192
0.41;Ideal;F;VVS2;61.9;55;4.79;4.74;2.95;1192
0.41;Ideal;F;VVS2;62.9;54;4.74;4.7;2.97;1192
0.41;Premium;F;VVS2;62.4;58;4.76;4.7;2.95;1192
0.41;Ideal;F;VVS2;62.5;56;4.75;4.72;2.96;1192
0.41;Ideal;F;VVS2;62.6;55;4.76;4.73;2.97;1192
0.41;Ideal;F;VVS2;62.3;56;4.77;4.73;2.96;1192
0.41;Ideal;F;VVS2;61.7;57;4.8;4.73;2.94;1192
0.42;Very Good;H;VVS1;62.2;56;4.78;4.81;2.98;1193
0.45;Very Good;G;VVS1;60;57;4.99;5.02;3;1193
0.51;Good;D;SI1;63.4;59;5.07;5.02;3.2;1193
0.53;Premium;H;SI1;60.9;60;5.26;5.19;3.18;1193
0.57;Ideal;G;SI2;61.6;54;5.35;5.37;3.3;1193
0.58;Ideal;I;SI1;61.4;55;5.37;5.42;3.31;1193
0.4;Ideal;G;IF;62;57;4.73;4.75;2.94;1193
0.38;Ideal;F;IF;61;56;4.68;4.7;2.86;1193
0.5;Good;I;VS1;61.2;61;5.03;5.06;3.09;1193
0.51;Fair;F;SI1;65.2;57;5.03;5.09;3.3;1193
0.54;Very Good;H;SI2;60.7;55;5.31;5.34;3.23;1194
0.44;Very Good;H;IF;61.1;57;4.91;4.94;3.01;1194
0.46;Very Good;E;VS2;62.1;57;4.89;4.93;3.05;1194
0.51;Very Good;E;SI2;61.6;57;5.17;5.19;3.19;1195
0.35;Ideal;E;VVS1;62.1;57;4.52;4.55;2.81;1195
0.59;Ideal;F;SI2;61.7;54;5.4;5.46;3.35;1195
0.59;Ideal;F;SI2;61.7;54;5.38;5.44;3.34;1195
0.54;Premium;G;SI2;61.4;59;5.24;5.21;3.21;1195
0.51;Ideal;H;SI1;63;57;5.14;5.11;3.23;1195
0.51;Premium;F;SI2;58.9;60;5.24;5.19;3.07;1195
0.59;Premium;E;SI2;60.8;56;5.43;5.4;3.29;1195
0.51;Good;H;VS2;64.1;54;5.02;5;3.21;1195
0.51;Premium;H;SI1;60.4;58;5.21;5.19;3.14;1195
0.44;Ideal;F;VVS2;60.9;55;4.92;4.96;3.01;1196
0.44;Premium;F;VVS2;61.6;58;4.85;4.89;3;1196
0.4;Ideal;F;VVS2;61.6;56;4.73;4.77;2.93;1196
0.41;Ideal;F;VVS1;61.3;54;4.79;4.84;2.95;1196
0.41;Ideal;F;VVS1;61.6;55;4.79;4.82;2.96;1196
0.63;Ideal;H;SI2;61.7;55;5.51;5.56;3.41;1196
0.58;Ideal;J;VS2;62.8;57;5.33;5.28;3.33;1196
0.44;Premium;H;VVS1;60.1;58;4.96;4.92;2.97;1196
0.6;Premium;D;SI2;62;57;5.43;5.35;3.34;1196
0.6;Premium;D;SI2;62;57;5.43;5.35;3.34;1196
0.5;Fair;E;SI1;66.4;58;4.98;4.87;3.27;1196
0.52;Premium;G;SI2;58.8;62;5.31;5.3;3.12;1196
0.52;Premium;G;SI2;61.5;59;5.19;5.15;3.18;1196
0.58;Very Good;G;SI2;59.5;59;5.41;5.45;3.23;1197
0.41;Very Good;G;IF;60.9;59;4.8;4.85;2.94;1197
0.35;Ideal;E;IF;61.4;56;4.53;4.56;2.79;1197
0.35;Ideal;E;IF;62.2;56;4.51;4.52;2.81;1197
0.42;Very Good;D;VVS1;61.4;55;4.82;4.86;2.97;1197
0.5;Very Good;G;SI1;62.2;60;5.03;5.07;3.14;1197
0.56;Good;H;SI1;63.2;57;5.23;5.27;3.32;1197
0.5;Very Good;G;SI1;60;63;5.06;5.1;3.05;1197
0.5;Very Good;G;SI1;62.8;61;4.99;5.01;3.14;1197
0.5;Good;G;SI1;63.6;55;5.03;5.06;3.21;1197
0.5;Good;G;SI1;63.9;57;5.02;5.06;3.22;1197
0.5;Very Good;F;SI1;62.7;61;5.01;5.07;3.16;1197
0.5;Very Good;G;SI1;62.9;59;5.06;5.09;3.19;1197
0.56;Very Good;H;SI1;61.3;60;5.23;5.28;3.22;1197
0.5;Very Good;G;SI1;62.1;56;5.05;5.09;3.15;1197
0.56;Ideal;H;SI1;61.7;56;5.26;5.3;3.26;1197
0.5;Very Good;G;SI1;62.6;56;5.06;5.1;3.18;1197
0.5;Good;G;SI1;62.5;64;4.93;4.99;3.1;1197
0.5;Very Good;F;SI1;61;60;5.08;5.11;3.11;1197
0.39;Ideal;D;VS2;61.4;56;4.71;4.73;2.9;1197
0.53;Ideal;H;SI1;62.3;57;5.2;5.24;3.25;1197
0.52;Ideal;G;SI1;61.1;55;5.22;5.26;3.2;1197
0.6;Fair;G;SI1;65.7;55;5.31;5.23;3.46;1197
0.45;Good;D;VS2;63.7;61;4.81;4.73;3.04;1197
0.49;Very Good;G;VS2;60.1;56;5.13;5.15;3.09;1198
0.43;Very Good;D;VS1;61.2;58;4.82;4.88;2.97;1199
0.41;Ideal;G;VVS2;61.7;55;4.81;4.85;2.98;1199
0.4;Ideal;G;IF;61.2;56;4.74;4.77;2.91;1199
0.48;Good;G;VS1;58.6;62;5.14;5.2;3.03;1199
0.52;Good;E;SI2;60.5;62;5.15;5.2;3.13;1199
0.38;Very Good;F;VVS1;61.6;58;4.61;4.65;2.85;1200
0.38;Ideal;D;VVS2;61.5;57;4.63;4.67;2.86;1200
0.38;Ideal;F;VVS1;61.9;54;4.67;4.7;2.9;1200
0.38;Ideal;D;VVS2;61.3;56;4.63;4.73;2.87;1200
0.38;Very Good;D;VVS2;61.9;56;4.63;4.65;2.87;1200
0.52;Very Good;E;SI2;62.9;56;5.08;5.12;3.21;1200
0.38;Ideal;F;VVS1;62.2;57;4.64;4.68;2.9;1200
0.38;Very Good;D;VVS2;60;62;4.7;4.73;2.83;1200
0.38;Ideal;D;VVS2;61.5;56;4.64;4.66;2.86;1200
0.38;Premium;F;VVS1;61.6;58;4.63;4.66;2.86;1200
0.38;Premium;F;VVS1;59.2;58;4.76;4.8;2.83;1200
0.38;Ideal;E;VVS1;61.3;55;4.67;4.72;2.88;1200
0.39;Ideal;G;IF;61.4;54;4.71;4.73;2.9;1200
0.4;Premium;G;VVS1;61.5;58;4.74;4.69;2.9;1200
0.4;Ideal;G;VVS1;61.4;55;4.76;4.72;2.91;1200
0.4;Ideal;G;VVS1;62.4;57;4.78;4.74;2.97;1200
0.4;Ideal;G;VVS1;61.6;57;4.76;4.75;2.93;1200
0.4;Ideal;G;VVS1;61.2;56;4.79;4.75;2.92;1200
0.4;Premium;G;VVS1;60.9;57;4.8;4.76;2.91;1200
0.4;Premium;G;VVS1;62.3;58;4.72;4.66;2.92;1200
0.4;Premium;G;VVS1;61.7;58;4.71;4.69;2.9;1200
0.4;Premium;D;VS1;59.2;59;4.81;4.79;2.84;1200
0.4;Premium;D;VS1;60.9;58;4.81;4.78;2.92;1200
0.4;Premium;D;VS1;62.1;58;4.73;4.7;2.93;1200
0.4;Premium;D;VS1;62.5;60;4.72;4.66;2.93;1200
0.4;Ideal;D;VS1;62.9;56;4.71;4.67;2.95;1200
0.4;Ideal;D;VS1;59.9;57;4.82;4.77;2.87;1200
0.42;Ideal;H;IF;62.4;57;4.79;4.82;2.99;1201
0.39;Ideal;G;IF;61.6;56;4.69;4.73;2.9;1201
0.5;Very Good;G;SI1;60.6;56;5.13;5.16;3.12;1202
0.51;Premium;H;VS2;60.9;60;5.19;5.16;3.15;1202
0.44;Ideal;G;VVS1;61.3;56;4.91;4.93;3.01;1202
0.44;Ideal;G;VVS1;62.3;56;4.85;4.87;3.03;1202
0.59;Ideal;I;SI2;62.8;57;5.33;5.37;3.36;1202
0.48;Ideal;I;IF;61.4;55;5.05;5.08;3.11;1202
0.51;Good;D;SI2;57.7;60;5.31;5.26;3.05;1202
0.47;Very Good;G;VS1;60.5;59.4;5.03;5.08;3.06;1203
0.52;Good;D;SI2;63.7;55;5.1;5.11;3.25;1203
0.51;Very Good;F;SI1;62.5;59;5.08;5.1;3.18;1203
0.5;Ideal;F;SI2;60.9;57;5.16;5.13;3.13;1203
0.51;Very Good;D;SI2;60.3;57;5.15;5.17;3.11;1204
0.32;Ideal;F;IF;61.8;56;4.4;4.44;2.73;1204
0.32;Ideal;F;IF;61.2;56;4.41;4.45;2.71;1204
0.4;Very Good;E;VVS2;60.5;58;4.76;4.8;2.89;1205
0.46;Good;D;VS2;63.2;56;4.89;4.92;3.1;1205
0.41;Ideal;F;VVS1;61.2;57;4.79;4.85;2.95;1205
0.53;Ideal;H;SI1;62.2;54;5.18;5.23;3.24;1205
0.53;Ideal;H;SI1;62;54;5.17;5.22;3.22;1205
0.53;Ideal;H;SI1;61.5;54;5.21;5.26;3.22;1205
0.51;Premium;E;SI2;62;57;5.13;5.09;3.17;1205
0.51;Premium;E;SI2;62.7;52;5.15;5.12;3.22;1205
0.51;Ideal;E;SI2;61;56;5.2;5.16;3.16;1205
0.51;Premium;E;SI2;60.3;56;5.22;5.19;3.14;1205
0.53;Premium;G;SI1;62.1;62;5.15;5.13;3.19;1206
0.56;Premium;E;SI2;62.6;59;5.2;5.24;3.27;1206
0.52;Ideal;H;SI1;61.5;56;5.16;5.21;3.19;1206
0.4;Ideal;F;VVS1;61.7;57;4.75;4.72;2.92;1206
0.4;Ideal;F;VVS1;61.5;56;4.77;4.73;2.92;1206
0.4;Premium;D;VVS2;62;61;4.72;4.7;2.92;1206
0.7;Premium;G;I1;62.3;56;5.66;5.61;3.51;1206
0.43;Premium;G;VVS1;62;59;4.8;4.82;2.98;1207
0.43;Ideal;G;VVS1;61.5;56;4.85;4.87;2.99;1207
0.43;Very Good;G;VVS1;62.3;59;4.77;4.83;2.99;1207
0.43;Ideal;G;VVS1;61.4;55;4.86;4.91;3;1207
0.43;Ideal;G;VVS1;62;55;4.82;4.85;3;1207
0.43;Premium;G;VVS1;60.3;58;4.87;4.91;2.95;1207
0.43;Premium;G;VVS1;60.9;58;4.88;4.91;2.98;1207
0.43;Ideal;G;VVS1;60.5;57;4.86;4.92;2.96;1207
0.43;Ideal;D;VS1;62.1;56;4.85;4.87;3.02;1207
0.43;Very Good;G;VVS1;61.3;57;4.85;4.87;2.98;1207
0.43;Premium;G;VVS1;62.2;58;4.78;4.83;2.99;1207
0.4;Very Good;E;IF;62.9;58;4.68;4.77;2.97;1207
0.43;Ideal;D;VS1;61.6;56;4.85;4.86;2.99;1207
0.43;Ideal;D;VS1;62.1;55;4.83;4.86;3.01;1207
0.43;Ideal;D;VS1;61.9;55;4.85;4.87;3.01;1207
0.44;Ideal;G;VVS1;60.3;57;4.92;4.96;2.98;1207
0.33;Ideal;E;VVS1;61.6;56;4.44;4.46;2.74;1207
0.39;Premium;E;VVS2;61.1;59;4.74;4.68;2.88;1207
0.33;Ideal;E;IF;61.9;57;4.45;4.41;2.74;1207
0.33;Premium;E;IF;60.8;58;4.49;4.46;2.72;1207
0.33;Premium;D;VVS1;61.8;58;4.43;4.4;2.73;1207
0.57;Very Good;J;VS2;63.3;56;5.28;5.24;3.33;1207
0.73;Premium;F;I1;59.3;61;5.88;5.75;3.46;1207
0.46;Premium;E;VS2;60.2;60;5.01;4.96;3;1208
0.3;Fair;D;IF;60.5;57;4.47;4.35;2.67;1208
0.46;Premium;I;IF;59.4;60;5.04;5.02;2.99;1208
0.34;Ideal;E;VVS1;61.1;56;4.52;4.55;2.77;1208
0.58;Ideal;F;SI2;62.6;57;5.27;5.33;3.32;1208
0.3;Premium;D;IF;62.1;59;4.29;4.27;2.66;1208
0.54;Ideal;H;SI2;61.2;56;5.27;5.24;3.21;1208
0.56;Premium;G;SI2;60;60;5.48;5.42;3.11;1208
0.5;Very Good;H;VS2;63;55;5.05;5.08;3.19;1209
0.3;Very Good;F;SI1;62.1;60;4.26;4.28;2.65;500
0.38;Very Good;I;SI2;62.7;58;4.57;4.61;2.88;500
0.3;Very Good;F;SI1;62.8;56;4.24;4.26;2.67;500
0.3;Very Good;F;SI1;61.7;59;4.29;4.33;2.66;500
0.3;Ideal;F;SI1;62.3;54;4.27;4.3;2.67;500
0.3;Very Good;F;SI1;62.9;57;4.25;4.27;2.68;500
0.38;Premium;I;SI2;60;59;4.69;4.71;2.82;500
0.3;Very Good;F;SI1;62.1;61;4.25;4.29;2.65;500
0.3;Premium;F;SI1;60.9;60;4.33;4.37;2.65;500
0.3;Ideal;H;VS2;61;56;4.33;4.37;2.65;501
0.31;Premium;H;SI2;59.5;59;4.45;4.39;2.63;501
0.36;Very Good;D;SI2;63;59;4.49;4.52;2.84;501
0.34;Ideal;I;VS1;62;54;4.49;4.51;2.79;501
0.33;Ideal;E;SI1;59.6;57;4.49;4.53;2.69;501
0.31;Ideal;H;VS2;62.1;53.8;4.33;4.37;2.7;502
0.31;Ideal;I;VS1;61.9;53.9;4.35;4.38;2.7;502
0.31;Ideal;I;VS1;62.5;53.4;4.31;4.34;2.7;502
0.31;Ideal;I;VS1;61.9;54.5;4.33;4.36;2.69;502
0.31;Ideal;I;VS1;61.3;54;4.39;4.46;2.7;502
0.31;Ideal;I;VS1;61.7;54.6;4.38;4.39;2.71;502
0.31;Good;D;SI1;63.3;59;4.24;4.29;2.7;502
0.28;Ideal;I;VS2;62.4;56;4.19;4.22;2.62;503
0.3;Ideal;G;VS2;62;56;4.29;4.32;2.67;503
0.31;Ideal;I;VS1;61.9;55;4.35;4.38;2.7;503
0.28;Ideal;I;VS1;62;56;4.2;4.24;2.62;503
0.3;Ideal;H;VS1;60.8;57;4.31;4.34;2.63;503
0.35;Ideal;G;SI1;61.8;55;4.54;4.56;2.81;503
0.41;Good;F;I1;63.8;57;4.69;4.72;3;503
0.27;Very Good;H;VVS2;62.5;55;4.12;4.16;2.59;504
0.27;Very Good;G;VVS2;61;56;4.19;4.22;2.56;504
0.31;Very Good;E;IF;61.5;59;4.34;4.37;2.68;1209
0.58;Ideal;F;SI2;60.9;57;5.4;5.44;3.3;1209
0.39;Ideal;G;IF;60.6;56;4.73;4.76;2.87;1209
0.43;Premium;E;VS1;62.3;58;4.82;4.78;2.99;1209
0.53;Premium;I;VS2;58.5;60;5.37;5.33;3.13;1209
0.42;Premium;D;VVS2;59.6;59;4.96;4.9;2.94;1210
0.42;Ideal;D;VVS2;61.7;57;4.82;4.8;2.97;1210
0.42;Ideal;D;VVS2;62;55;4.84;4.81;2.99;1210
0.59;Very Good;G;SI2;60.6;56;5.47;5.48;3.32;1210
0.5;Good;D;SI1;63.9;56;5.02;4.93;3.18;1210
0.52;Ideal;G;SI2;62.1;56;5.13;5.18;3.2;1210
0.36;Ideal;F;IF;61.7;55;4.58;4.62;2.84;1210
0.73;Good;G;I1;63.9;55;5.76;5.69;3.65;1210
0.51;Premium;E;SI2;60.7;56;5.21;5.17;3.15;1211
0.34;Ideal;D;VVS1;61.7;56;4.48;4.46;2.76;1211
0.34;Ideal;D;VVS1;62.4;55;4.49;4.45;2.79;1211
0.34;Ideal;D;VVS1;61.5;56;4.5;4.47;2.76;1211
0.34;Ideal;D;VVS1;61.7;57;4.52;4.49;2.78;1211
0.51;Premium;I;VVS2;59.4;60;5.26;5.21;3.11;1211
0.38;Ideal;E;VS1;62.2;54;4.65;4.63;2.89;1211
0.38;Ideal;E;VVS1;61.8;56;4.67;4.62;2.87;1211
0.39;Ideal;D;VVS2;62.1;56;4.65;4.69;2.9;1212
0.56;Ideal;F;SI2;61.9;55;5.27;5.31;3.28;1212
0.56;Ideal;I;SI1;61.9;57;5.25;5.29;3.26;1212
0.56;Ideal;I;SI1;61.8;54;5.28;5.31;3.27;1212
0.38;Ideal;F;IF;60.7;57;4.69;4.73;2.86;1212
0.38;Ideal;F;IF;61.5;56;4.67;4.7;2.88;1212
0.38;Ideal;F;IF;62.2;54;4.64;4.69;2.9;1212
0.57;Premium;I;VS1;61.6;58;5.33;5.28;3.27;1212
0.5;Very Good;F;SI1;60.2;62;5.1;5.13;3.08;1213
0.39;Good;G;IF;63.5;56;4.65;4.67;2.96;1213
0.55;Good;G;SI1;63.6;61;5.22;5.16;3.3;1213
0.41;Ideal;F;VVS1;61.8;54;4.78;4.83;2.97;1213
0.58;Ideal;G;SI2;62.1;54;5.36;5.39;3.34;1213
0.45;Ideal;G;VVS2;61.2;56;4.96;4.91;3.02;1213
0.42;Ideal;H;IF;61;56;4.82;4.79;2.93;1213
0.5;Very Good;F;SI1;61.6;60;5.07;5.1;3.13;1214
0.5;Very Good;G;SI1;62.2;58;5.03;5.07;3.14;1214
0.57;Very Good;G;SI2;59.4;58;5.39;5.42;3.21;1214
0.5;Good;F;SI2;62;54.7;5.09;5.12;3.16;1214
0.52;Ideal;I;VS2;61.9;55;5.19;5.21;3.22;1214
0.52;Ideal;I;VS2;61.5;56;5.19;5.21;3.2;1214
0.65;Ideal;J;SI1;62.1;54;5.56;5.59;3.46;1214
0.65;Ideal;J;SI1;61.9;54;5.6;5.62;3.47;1214
0.52;Ideal;H;SI1;61.5;56;5.19;5.22;3.2;1214
0.56;Ideal;H;SI1;61.8;55;5.31;5.34;3.29;1214
0.31;Ideal;E;IF;61.5;56;4.35;4.4;2.69;1214
0.31;Ideal;E;IF;62.5;56;4.34;4.37;2.72;1214
0.31;Ideal;E;IF;63;55;4.34;4.37;2.73;1214
0.31;Ideal;E;IF;61.8;54;4.36;4.38;2.7;1214
0.5;Good;H;VVS2;66.1;58;4.87;4.9;3.23;1214
0.57;Good;E;SI2;58.5;61;5.4;5.43;3.17;1214
0.5;Good;F;SI1;59.6;61;5.12;5.19;3.07;1214
0.5;Good;F;SI1;59.6;58;5.1;5.16;3.06;1214
0.36;Ideal;F;IF;62.2;55;4.62;4.57;2.86;1215
0.48;Fair;E;VS2;64.9;54;4.94;4.92;3.2;1215
0.5;Premium;D;SI1;59.1;61;5.18;5.07;3.03;1215
0.46;Very Good;G;VVS2;62.7;53;4.93;4.96;3.1;1216
0.42;Ideal;E;VVS2;62.3;55;4.76;4.81;2.98;1216
0.42;Ideal;E;VVS2;61.8;56;4.78;4.8;2.96;1216
0.42;Ideal;E;VVS2;61.3;56;4.81;4.85;2.96;1216
0.42;Ideal;H;IF;61.9;56;4.79;4.81;2.97;1216
0.42;Ideal;H;IF;61.7;55;4.82;4.84;2.98;1216
0.55;Ideal;I;VS2;61.3;54;5.28;5.36;3.26;1216
0.54;Ideal;I;VS1;61.9;54;5.24;5.29;3.26;1216
0.54;Ideal;I;VS1;61.6;54;5.26;5.3;3.25;1216
0.4;Very Good;E;VVS1;60;58;4.77;4.8;2.87;1217
0.4;Very Good;F;IF;61.1;57;4.73;4.77;2.9;1217
0.59;Premium;I;SI1;62.8;59;5.36;5.34;3.36;1217
0.5;Good;E;SI1;64;56;5.03;4.9;3.18;1217
0.57;Good;H;SI1;63.1;54;5.28;5.3;3.34;1218
0.57;Premium;H;SI1;59.3;58;5.4;5.46;3.22;1218
0.43;Ideal;H;VS2;62.5;56;4.81;4.85;3.02;1218
0.53;Ideal;J;VS1;61.4;55.2;5.2;5.22;3.2;1218
0.43;Ideal;I;VS1;61.8;55;4.88;4.9;3.02;1218
0.43;Ideal;I;VS1;62.4;56;4.81;4.84;3.01;1218
0.38;Ideal;F;IF;62.2;54;4.65;4.68;2.9;1218
0.6;Premium;H;SI1;60.1;61;5.43;5.39;3.25;1219
0.53;Very Good;G;SI1;61;55;5.21;5.32;3.21;1219
0.58;Very Good;H;SI1;61.8;56;5.34;5.38;3.31;1219
0.38;Ideal;H;VVS1;60.7;55;4.71;4.74;2.87;1219
0.52;Premium;H;SI1;62.6;55;5.16;5.12;3.22;1219
0.52;Very Good;H;SI1;63.1;57;5.14;5.09;3.23;1219
0.52;Premium;F;SI2;61.7;58;5.16;5.12;3.17;1219
0.65;Premium;I;SI2;60.7;58;5.65;5.62;3.42;1219
0.5;Premium;H;SI1;62.1;60;5.06;5.02;3.13;1219
0.43;Very Good;H;VVS1;60.2;55;4.92;4.95;2.97;1220
0.5;Very Good;F;SI1;63.2;57;5.03;5.06;3.19;1220
0.4;Very Good;G;IF;61.2;57;4.77;4.79;2.92;1220
0.51;Very Good;G;SI1;63;53;5.1;5.13;3.22;1220
0.51;Good;G;SI1;63.6;55;5.03;5.06;3.21;1220
0.51;Good;F;SI1;63.1;54;5.06;5.12;3.21;1220
0.51;Very Good;G;SI1;60.3;61;5.12;5.19;3.11;1220
0.51;Premium;G;SI1;62.4;58;5.07;5.13;3.18;1220
0.51;Good;F;SI1;63.6;56;5.08;5.11;3.24;1220
0.51;Good;F;SI1;63.8;56;5.04;5.08;3.23;1220
0.5;Ideal;I;VS2;61.6;54;5.11;5.14;3.16;1220
0.53;Ideal;F;SI2;60.9;55;5.26;5.29;3.21;1220
0.41;Ideal;E;VVS1;61.4;57;4.77;4.8;2.94;1221
0.59;Ideal;F;SI2;59.5;57;5.5;5.54;3.28;1221
0.55;Ideal;E;SI2;62;56;5.27;5.31;3.28;1221
0.46;Ideal;J;IF;61.8;56;4.98;4.95;3.07;1221
0.42;Ideal;F;VVS2;61.6;56;4.85;4.83;2.98;1221
0.42;Premium;F;VVS2;59.6;59;4.86;4.83;2.89;1221
0.42;Ideal;F;VVS2;62.1;55;4.81;4.79;2.98;1221
0.42;Ideal;F;VVS2;62.2;56;4.82;4.79;2.99;1221
0.42;Ideal;F;VVS2;61.3;57;4.82;4.8;2.95;1221
0.42;Ideal;F;VVS2;61.1;57;4.84;4.82;2.95;1221
0.42;Ideal;F;VVS2;60.6;57;4.85;4.82;2.93;1221
0.42;Ideal;F;VVS2;61.7;57;4.81;4.78;2.96;1221
0.42;Premium;F;VVS2;61.7;59;4.82;4.78;2.96;1221
0.47;Premium;H;VS1;61.8;58;4.99;4.94;3.07;1221
0.42;Premium;F;VVS2;60.3;59;4.86;4.83;2.92;1221
0.5;Very Good;E;SI1;62.6;56;5.06;5.07;3.17;1222
0.51;Ideal;H;SI1;61.6;55;5.14;5.18;3.18;1222
0.53;Ideal;E;SI2;60.9;57;5.21;5.23;3.18;1223
0.42;Ideal;D;VVS2;61.7;53;4.85;4.87;3;1223
0.42;Ideal;F;VVS1;62.2;53;4.81;4.83;3;1223
0.42;Ideal;F;VVS1;61.5;56;4.85;4.87;2.99;1223
0.52;Ideal;H;SI1;61;56;5.2;5.23;3.18;1223
0.52;Ideal;F;SI1;62.2;54;5.19;5.23;3.24;1223
0.52;Ideal;F;SI1;62;53;5.16;5.2;3.21;1223
0.5;Good;F;SI1;62.5;60;5.07;5.11;3.18;1223
0.55;Very Good;I;VS2;61;57;5.31;5.32;3.24;1224
0.56;Ideal;J;VS2;62;56;5.27;5.31;3.28;1224
0.4;Very Good;F;VVS1;63.3;57;4.7;4.68;2.97;1224
0.53;Good;E;SI1;63.6;56;5.19;5.1;3.27;1224
0.38;Very Good;D;VVS2;59.1;59.9;4.71;4.75;2.79;1225
0.49;Premium;G;VS2;61;59;5.13;5.06;3.11;1225
0.56;Premium;F;SI2;59.1;58;5.44;5.38;3.2;1225
0.5;Fair;F;VS2;64.9;58;4.99;4.9;3.21;1225
0.47;Very Good;F;VS2;59.6;58.1;5.07;5.11;3.03;1226
0.53;Good;D;SI2;63.9;55;5.1;5.14;3.27;1226
0.53;Very Good;D;SI2;59.3;61;5.26;5.29;3.13;1226
0.47;Ideal;F;VS2;60.7;56.1;5.02;5.08;3.07;1226
0.4;Ideal;D;VS2;61.6;55;4.75;4.79;2.94;1226
0.53;Ideal;H;SI1;62.4;59;5.18;5.21;3.24;1226
0.47;Good;G;VS2;60.1;60.3;5.02;5.07;3.03;1226
0.55;Premium;G;SI1;60.7;56;5.38;5.32;3.25;1226
0.52;Ideal;F;SI2;60.9;57;5.22;5.2;3.17;1226
0.58;Premium;F;SI2;63;56;5.34;5.26;3.34;1226
0.52;Very Good;F;SI1;62.3;55;5.14;5.17;3.21;1227
0.46;Ideal;H;VVS1;62.3;54;4.96;4.99;3.1;1227
0.58;Ideal;J;SI1;62.1;55;5.31;5.39;3.32;1227
0.54;Ideal;H;SI1;62.5;53;5.22;5.25;3.27;1227
0.51;Very Good;H;SI1;63.4;57;5.09;5.06;3.22;1227
0.51;Good;H;SI1;63.7;56;5.1;5.07;3.24;1227
0.53;Very Good;E;SI2;63.4;56;5.18;5.16;3.28;1227
0.53;Very Good;E;SI2;63.2;54;5.19;5.16;3.27;1227
0.53;Premium;E;SI2;60.5;60;5.24;5.21;3.16;1227
0.38;Premium;G;IF;62.5;60;4.64;4.61;2.89;1227
0.51;Premium;F;SI2;61.1;59;5.15;5.09;3.13;1227
0.45;Fair;H;VVS2;65.8;56;4.82;4.7;3.13;1227
0.41;Good;E;VVS1;64.1;55;4.68;4.71;3.01;1228
0.57;Premium;E;SI2;61;60;5.32;5.36;3.26;1228
0.42;Ideal;F;VS1;61.6;55;4.84;4.87;2.99;1228
0.55;Ideal;G;SI2;61.8;55;5.27;5.32;3.27;1228
0.59;Ideal;J;SI1;61.3;57;5.37;5.4;3.3;1228
0.48;Good;G;VS1;58.2;59.2;5.09;5.14;2.98;1228
0.46;Good;F;VS1;59.2;63;5;5.03;2.97;1228
0.61;Ideal;G;SI2;59.5;57;5.55;5.51;3.29;1228
0.59;Fair;I;VS1;64.4;59;5.29;5.21;3.38;1229
0.4;Very Good;G;IF;61.4;54;4.76;4.79;2.93;1229
0.36;Premium;E;IF;59.4;61;4.69;4.61;2.76;1229
0.54;Premium;J;VVS2;58.2;62;5.37;5.31;3.11;1229
0.53;Ideal;E;SI2;61.2;55;5.23;5.26;3.21;1229
0.53;Ideal;E;SI2;60.8;57;5.23;5.26;3.19;1229
0.4;Ideal;G;IF;62;56;4.73;4.76;2.94;1229
0.4;Ideal;G;IF;61.8;55;4.76;4.79;2.95;1229
0.4;Ideal;G;IF;61.7;57;4.7;4.73;2.91;1229
0.4;Ideal;G;IF;61.2;56;4.76;4.81;2.93;1229
0.4;Ideal;G;IF;62.3;55;4.74;4.76;2.96;1229
0.4;Ideal;G;IF;61.1;58;4.72;4.74;2.89;1229
0.38;Ideal;F;IF;62.2;54;4.68;4.71;2.92;1229
0.52;Ideal;E;SI2;62.9;56;5.15;5.12;3.23;1229
0.52;Good;E;SI2;63.7;56;5.15;5.12;3.27;1229
0.52;Premium;E;SI2;61.8;54;5.18;5.15;3.19;1229
0.45;Premium;F;VS1;62.1;59;4.85;4.81;3;1229
0.59;Premium;E;SI2;61.4;59;5.4;5.32;3.29;1229
0.56;Very Good;H;SI1;59.9;60;5.3;5.35;3.19;1230
0.41;Premium;G;VVS1;60;59;4.84;4.83;2.9;1230
0.41;Ideal;G;VVS1;62.1;55;4.79;4.74;2.96;1230
0.41;Ideal;G;VVS1;61.8;55;4.78;4.76;2.95;1230
0.41;Ideal;G;VVS1;61.7;55;4.79;4.77;2.95;1230
0.41;Ideal;G;VVS1;62;56;4.8;4.78;2.97;1230
0.41;Premium;G;VVS1;59.9;59;4.83;4.79;2.88;1230
0.41;Premium;G;VVS1;61;61;4.75;4.72;2.89;1230
0.41;Premium;G;VVS1;60.3;60;4.78;4.74;2.87;1230
0.41;Ideal;D;VS1;61.3;54;4.83;4.8;2.95;1230
0.41;Ideal;D;VS1;61.8;57;4.8;4.75;2.95;1230
0.41;Ideal;D;VS1;62.1;56;4.8;4.77;2.97;1230
0.41;Ideal;D;VS1;61;57;4.82;4.78;2.93;1230
0.41;Ideal;D;VS1;62.9;57;4.75;4.73;2.98;1230
0.41;Ideal;D;VS1;62.8;57;4.76;4.73;2.98;1230
0.5;Very Good;D;SI1;62.5;58;5.06;4.98;3.14;1231
0.5;Premium;F;SI1;61.7;57;5.09;5.06;3.13;1231
0.5;Good;F;SI1;57.9;62;5.21;5.18;3.01;1231
0.41;Premium;E;VVS2;60.9;56;4.84;4.78;2.93;1231
0.56;Premium;J;VS2;60.9;60;5.33;5.27;3.23;1232
0.56;Very Good;J;VS2;60.6;57;5.35;5.38;3.25;1232
0.52;Very Good;G;SI1;61.9;59;5.08;5.13;3.16;1232
0.39;Premium;F;VVS1;59.7;58;4.73;4.75;2.83;1232
0.39;Ideal;D;VVS2;61.8;57;4.67;4.71;2.9;1232
0.39;Very Good;D;VVS2;63;57;4.65;4.69;2.94;1232
0.39;Very Good;D;VVS2;62.9;58;4.62;4.66;2.92;1232
0.39;Very Good;F;VVS1;62.7;57;4.64;4.68;2.92;1232
0.39;Premium;D;VVS2;61.1;60;4.66;4.7;2.86;1232
0.52;Ideal;I;VS2;61.9;58;5.14;5.17;3.19;1232
0.52;Ideal;E;SI2;60.9;56;5.2;5.23;3.17;1232
0.52;Ideal;F;SI1;61.5;57;5.12;5.16;3.16;1232
0.5;Ideal;F;SI1;60.1;56;5.19;5.22;3.13;1232
0.5;Good;E;SI1;64.6;54;4.95;5.05;3.23;1232
0.51;Good;D;SI2;64.2;56;5.05;5.02;3.23;1232
0.44;Premium;D;VS1;60.2;59;4.93;4.91;2.96;1232
0.8;Fair;E;I1;65.5;54;5.84;5.68;3.78;1232
0.41;Very Good;E;VVS2;59.9;60;4.8;4.82;2.88;1233
0.37;Ideal;D;VVS1;62;56;4.59;4.6;2.85;1233
0.42;Ideal;F;VVS1;62;55;4.8;4.84;2.99;1233
0.61;Ideal;J;VS2;59.7;59;5.54;5.47;3.29;1233
0.58;Premium;J;VS2;59.5;62;5.44;5.41;3.23;1233
0.62;Premium;F;SI2;59.1;58;5.6;5.57;3.3;1234
0.58;Very Good;E;SI2;63.1;58;5.29;5.32;3.35;1234
0.58;Ideal;E;SI2;62.7;56;5.29;5.34;3.33;1234
0.51;Fair;H;VS1;55.5;64;5.44;5.4;3.01;1234
0.43;Premium;D;VS2;60;59;4.93;4.91;2.95;1234
0.5;Fair;G;VS1;66.5;58;4.99;4.9;3.29;1234
0.57;Very Good;J;SI2;59.9;60;5.36;5.43;3.23;1235
0.57;Very Good;F;SI2;60.1;56;5.4;5.42;3.25;1235
0.5;Very Good;E;SI2;61.6;58;5.08;5.11;3.14;1235
0.54;Very Good;H;SI1;61.6;56;5.21;5.24;3.22;1235
0.44;Ideal;D;VS1;62.3;55;4.85;4.88;3.03;1235
0.44;Premium;G;VVS1;60.9;59;4.9;4.96;3;1235
0.44;Ideal;G;VVS1;61.6;56;4.88;4.9;3.01;1235
0.44;Ideal;G;VVS1;61.8;55;4.86;4.91;3.02;1235
0.44;Ideal;D;VS1;61.3;56;4.87;4.92;3;1235
0.44;Ideal;D;VS1;61.6;56;4.85;4.92;3.01;1235
0.44;Ideal;D;VS1;61.1;56;4.91;4.95;3.01;1235
0.44;Ideal;D;VS1;62.3;55;4.84;4.88;3.03;1235
0.55;Very Good;I;VS2;58.5;62.2;5.39;5.4;3.16;1235
0.32;Premium;F;VVS1;60.7;58;4.4;4.43;2.68;1235
0.43;Ideal;F;VS1;61.4;56;4.87;4.9;3;1235
0.54;Ideal;F;SI2;60.8;56;5.26;5.34;3.22;1235
0.42;Ideal;G;VVS1;61.2;56;4.86;4.85;2.97;1235
0.42;Premium;G;VVS1;59.8;58;4.88;4.85;2.91;1235
0.42;Ideal;G;VVS1;60.6;56;4.88;4.86;2.95;1235
0.42;Premium;G;VVS1;59.3;59;4.92;4.9;2.91;1235
0.42;Ideal;G;VVS1;61.6;55;4.87;4.81;2.98;1235
0.42;Premium;G;VVS1;60.2;59;4.84;4.82;2.91;1235
0.42;Ideal;G;VVS1;61.6;55;4.85;4.82;2.98;1235
0.42;Ideal;G;VVS1;61.1;56;4.87;4.82;2.96;1235
0.42;Ideal;G;VVS1;60;57;4.86;4.84;2.91;1235
0.42;Premium;G;VVS1;62.7;58;4.79;4.74;2.99;1235
0.42;Good;G;VVS1;63.6;55;4.78;4.75;3.03;1235
0.42;Ideal;G;VVS1;61.2;57;4.82;4.78;2.94;1235
0.42;Ideal;G;VVS1;61.7;55;4.84;4.78;2.97;1235
0.42;Ideal;G;VVS1;61.4;56;4.83;4.81;2.96;1235
0.42;Ideal;G;VVS1;62;56;4.84;4.81;2.99;1235
0.42;Ideal;D;VS1;62.1;56;4.82;4.78;2.98;1235
0.42;Ideal;D;VS1;61.5;54;4.84;4.79;2.96;1235
0.42;Premium;D;VS1;60.8;59;4.85;4.79;2.93;1235
0.42;Ideal;D;VS1;61.1;57;4.84;4.81;2.95;1235
0.42;Premium;D;VS1;60.8;60;4.87;4.84;2.95;1235
0.5;Good;D;SI1;63.7;57;5.01;4.94;3.17;1235
0.52;Premium;G;SI2;61.4;56;5.27;5.18;3.2;1235
0.5;Good;D;SI1;64.1;56;5.03;4.98;3.21;1235
0.5;Premium;D;SI1;60.7;59;5.11;5.04;3.08;1235
0.5;Good;D;SI1;57.2;60;5.25;5.2;2.99;1235
0.63;Fair;H;SI2;64.7;61;5.33;5.27;3.43;1235
0.7;Very Good;I;I1;63.2;59;5.62;5.59;3.54;1235
0.42;Ideal;G;VVS1;61.1;56;4.84;4.82;2.95;1235
0.4;Very Good;F;VVS1;58.9;59;4.81;4.84;2.84;1236
0.53;Ideal;I;VS2;62;55;5.16;5.19;3.21;1236
0.53;Ideal;H;SI1;62.5;56;5.15;5.19;3.23;1236
0.41;Ideal;F;VVS1;62.3;56;4.79;4.77;2.98;1236
0.5;Very Good;G;SI1;62.1;59;5.09;5.12;3.17;1237
0.5;Very Good;G;SI1;62.8;56;5.05;5.08;3.18;1237
0.51;Very Good;G;SI1;61.4;54;5.2;5.22;3.2;1237
0.53;Very Good;G;SI1;61.2;55;5.21;5.34;3.23;1237
0.52;Very Good;D;SI1;62;60;5.18;5.11;3.19;1237
0.54;Premium;F;SI1;61.8;60;5.2;5.22;3.22;1237
0.56;Ideal;I;VS2;62.1;54;5.3;5.33;3.3;1237
0.5;Ideal;G;SI1;61.7;57;5.06;5.08;3.13;1237
0.51;Ideal;G;SI1;61.7;54;5.14;5.2;3.19;1237
0.51;Fair;E;SI1;64.8;58;5.07;5.02;3.27;1237
0.51;Premium;E;SI1;62.6;60;5.13;5.06;3.2;1237
0.51;Very Good;D;SI1;63.4;59;5.07;5.02;3.2;1237
0.5;Premium;E;SI1;61.4;62;5.1;5.07;3.12;1238
0.55;Premium;F;SI1;62.1;62;5.22;5.18;3.23;1238
0.43;Premium;D;VVS2;59.5;59;4.97;4.95;2.95;1238
0.55;Very Good;E;SI2;62.5;54;5.21;5.25;3.27;1238
0.41;Ideal;G;VVS2;61.9;55;4.77;4.79;2.96;1238
0.42;Very Good;D;VVS1;62.4;55;4.79;4.82;3;1238
0.55;Ideal;J;VVS1;62.4;54;5.25;5.29;3.29;1238
0.52;Ideal;H;VS2;61.7;54;5.18;5.22;3.21;1238
0.55;Ideal;I;VS1;62.2;55;5.26;5.29;3.28;1238
0.6;Ideal;H;SI2;61.9;55;5.43;5.46;3.37;1238
0.5;Fair;G;VS2;65.1;56;5.02;4.99;3.26;1238
0.5;Premium;E;SI1;62.4;60;4.98;4.96;3.1;1238
0.5;Very Good;E;SI1;61.4;63;5.1;5.06;3.12;1238
0.44;Premium;E;VS1;60.7;58;4.91;4.88;2.97;1238
0.25;Very Good;D;VS1;62.6;58;4.05;4.07;2.54;388
0.25;Very Good;D;VS1;60.8;60;4.07;4.09;2.48;388
0.25;Very Good;D;VS1;60;63;4.05;4.08;2.44;388
0.32;Very Good;G;SI2;60.7;61;4.42;4.47;2.7;388
0.32;Very Good;I;SI1;62.4;58;4.42;4.46;2.77;388
0.3;Very Good;H;SI1;62.4;58;4.23;4.29;2.66;389
0.3;Ideal;I;VS2;62.1;58;4.27;4.29;2.66;389
0.3;Ideal;H;SI1;61.9;54;4.33;4.36;2.69;389
0.23;Very Good;H;VVS2;59.2;61;4;4.04;2.38;389
0.32;Very Good;J;SI1;62.3;57;4.33;4.44;2.73;389
0.31;Premium;H;SI2;59.5;59;4.39;4.45;2.63;390
0.23;Very Good;G;VS1;62.2;55;3.93;3.95;2.45;391
0.24;Very Good;G;VS1;61.2;56;4;4.03;2.46;391
0.24;Very Good;G;VS1;62.4;56;3.99;4.03;2.5;391
0.23;Very Good;E;VS1;62.8;55;3.88;3.9;2.44;391
0.24;Ideal;H;VS2;61.1;56;3.99;4.03;2.45;391
0.32;Ideal;I;SI2;61.9;56;4.38;4.41;2.72;391
0.32;Ideal;I;SI2;61;56;4.43;4.45;2.71;391
0.31;Ideal;G;SI2;62;55;4.34;4.37;2.7;391
0.3;Good;I;SI1;64.1;57;4.25;4.3;2.74;391
0.24;Very Good;F;VS1;62.9;59;3.95;3.97;2.49;393
0.24;Very Good;F;VS1;59.3;57;4.07;4.12;2.43;393
0.27;Ideal;H;SI1;61.6;57;4.13;4.15;2.55;393
0.3;Very Good;H;SI1;58.7;63;4.32;4.37;2.55;393
0.32;Ideal;J;VS2;62.2;57;4.36;4.38;2.72;393
0.32;Very Good;J;VS2;60;61;4.45;4.49;2.68;393
0.3;Very Good;E;SI2;58.8;60;4.39;4.42;2.59;393
0.32;Premium;J;VS2;61.9;58;4.35;4.38;2.7;393
0.32;Premium;J;VS2;61.9;59;4.35;4.38;2.7;393
0.32;Good;H;SI2;63.2;55;4.34;4.36;2.75;393
0.27;Very Good;G;VVS2;62.4;56;4.13;4.16;2.58;504
0.27;Very Good;G;VVS2;62.1;56;4.14;4.18;2.58;504
0.27;Very Good;G;VVS2;62;56;4.14;4.17;2.57;504
0.27;Very Good;H;VVS1;61.2;57;4.15;4.18;2.55;504
0.24;Very Good;G;VVS1;61.7;56;3.98;4.02;2.46;504
0.29;Very Good;F;VS1;59.1;60;4.33;4.36;2.57;504
0.29;Very Good;F;VS1;63;55;4.24;4.27;2.68;504
0.29;Very Good;F;VS1;61.2;58;4.24;4.29;2.61;504
0.29;Very Good;E;VS1;61.7;58;4.23;4.29;2.63;504
0.29;Very Good;E;VS1;58.9;56;4.35;4.37;2.57;504
0.29;Very Good;E;VS1;61.8;59;4.21;4.27;2.62;504
0.24;Ideal;H;VVS2;61.5;57;4;4.03;2.47;504
0.34;Ideal;J;VVS1;62.1;54.2;4.48;4.51;2.79;504
0.24;Ideal;H;VVS1;60.7;57;4.02;4.05;2.44;504
0.24;Ideal;H;VVS1;61.5;55;3.99;4.02;2.46;504
0.29;Ideal;F;VS2;61.6;56;4.28;4.32;2.65;504
0.24;Ideal;H;IF;62.5;54;3.97;4;2.49;504
0.24;Ideal;H;IF;62.1;57;4;4.04;2.5;504
0.24;Ideal;H;IF;61.8;54;3.99;4.03;2.47;504
0.29;Good;F;VS1;64.4;54;4.21;4.24;2.72;504
0.32;Premium;H;SI2;60.4;59;4.42;4.39;2.66;504
0.32;Very Good;H;SI2;63.2;55;4.36;4.34;2.75;504
0.3;Very Good;H;SI1;58.7;63;4.37;4.32;2.55;504
0.32;Ideal;J;VS2;62.9;56;4.4;4.37;2.76;504
0.32;Ideal;J;VS2;62.1;54;4.44;4.38;2.74;504
0.32;Premium;J;VS2;60;61;4.49;4.45;2.68;504
0.32;Ideal;J;VS2;62.2;57;4.38;4.36;2.72;504
0.32;Premium;J;VS2;61.9;58;4.38;4.35;2.7;504
0.32;Premium;J;VS2;61.9;59;4.38;4.35;2.7;504
0.3;Premium;E;SI2;58.8;60;4.42;4.39;2.59;504
0.4;Ideal;H;IF;62.7;57;4.7;4.68;2.94;1238
0.4;Ideal;E;VVS2;61.8;56;4.77;4.74;2.94;1238
0.4;Ideal;E;VVS2;61.8;55;4.78;4.74;2.94;1238
0.4;Ideal;E;VVS2;61.5;56;4.79;4.74;2.93;1238
0.4;Ideal;E;VVS2;61.7;56;4.77;4.73;2.93;1238
0.4;Ideal;E;VVS2;62.1;55;4.76;4.74;2.95;1238
0.4;Ideal;E;VVS2;62.2;56;4.78;4.71;2.95;1238
0.5;Fair;E;SI1;61.7;68;5.09;5.03;3.12;1238
0.4;Ideal;E;VVS2;61.7;55;4.76;4.74;2.93;1238
0.44;Good;D;VS2;60.6;64;4.97;4.89;2.99;1238
0.5;Fair;D;SI1;64.6;61;5.05;4.95;3.23;1238
0.4;Ideal;E;VVS2;62.1;56;4.73;4.7;2.93;1238
0.59;Very Good;H;SI1;61.8;56;5.39;5.43;3.35;1239
0.58;Very Good;H;SI1;62.1;55;5.35;5.38;3.33;1239
0.58;Very Good;H;SI1;59.7;57;5.41;5.47;3.25;1239
0.58;Ideal;F;SI2;62;57;5.32;5.35;3.31;1239
0.5;Ideal;D;SI2;62.5;55;5.07;5.14;3.19;1239
0.5;Ideal;D;SI2;62.4;56;5.06;5.1;3.17;1239
0.58;Very Good;H;SI1;58.4;59;5.48;5.51;3.21;1239
0.5;Good;H;VS2;56.3;65;5.21;5.24;2.94;1239
0.5;Ideal;D;SI2;61.6;57;5.1;5.13;3.15;1239
0.54;Ideal;J;VVS1;62.2;54;5.23;5.25;3.26;1239
0.4;Ideal;G;IF;63.1;54;4.69;4.73;2.97;1239
0.4;Ideal;G;IF;61.8;55;4.75;4.79;2.95;1239
0.51;Very Good;E;SI2;63.3;56;5.12;5.08;3.23;1239
0.61;Good;I;VS2;63.7;60;5.34;5.28;3.38;1239
0.31;Ideal;E;IF;60.4;56;4.43;4.38;2.66;1239
0.4;Ideal;I;VVS2;62;56;4.74;4.77;2.95;1240
0.4;Ideal;I;VVS2;61.4;56;4.76;4.79;2.93;1240
0.46;Ideal;D;VS2;62.4;56;4.95;4.98;3.1;1240
0.4;Ideal;G;VS2;61.1;56;4.74;4.78;2.91;1240
0.4;Ideal;G;VS2;62;56;4.73;4.78;2.95;1240
0.54;Ideal;J;VS1;61;56.1;5.25;5.28;3.21;1240
0.33;Ideal;F;IF;60.8;55;4.49;4.53;2.74;1240
0.33;Ideal;F;IF;61.2;56;4.47;4.49;2.74;1240
0.33;Ideal;F;IF;61.3;55;4.47;4.5;2.75;1240
0.33;Ideal;F;IF;61.2;56;4.47;4.49;2.74;1240
0.5;Ideal;E;SI2;62.4;57;5.07;5.03;3.15;1240
0.5;Ideal;E;SI2;62.5;57;5.07;5.04;3.16;1240
0.54;Very Good;H;SI1;63.3;57;5.22;5.15;3.28;1240
0.54;Ideal;H;SI1;62.2;56;5.26;5.19;3.25;1240
0.54;Premium;H;SI1;61;58;5.27;5.23;3.2;1240
0.54;Ideal;H;SI1;61;56;5.28;5.24;3.21;1240
0.54;Ideal;F;SI2;61.1;56;5.26;5.22;3.2;1240
0.54;Premium;F;SI2;59.6;60;5.28;5.25;3.14;1240
0.5;Premium;E;SI2;61.4;58;5.11;5.09;3.13;1240
0.5;Ideal;E;SI2;61.4;57;5.14;5.09;3.14;1240
0.5;Premium;E;SI2;59.5;59;5.19;5.16;3.08;1240
0.5;Premium;E;SI2;61.7;58;5.12;5.06;3.14;1240
0.5;Premium;E;SI2;61.3;56;5.13;5.08;3.13;1240
0.55;Ideal;G;SI2;62.1;57;5.3;5.23;3.27;1240
0.54;Premium;F;SI2;60;60;5.27;5.22;3.24;1240
0.5;Ideal;G;SI1;62.5;57;5.09;5.05;3.17;1240
0.63;Good;F;SI2;64.2;56;5.4;5.34;3.45;1240
0.45;Good;H;VVS1;56.8;64;5.08;4.99;2.86;1240
0.49;Premium;G;VS2;59.8;59;5.16;5.14;3.08;1240
0.54;Very Good;G;SI1;62.2;57;5.17;5.22;3.23;1241
0.54;Premium;G;SI1;61.1;57;5.27;5.21;3.2;1241
0.45;Good;E;VS1;61.7;63;4.88;4.91;3.02;1241
0.41;Premium;E;VVS1;61.2;62;4.78;4.76;2.92;1241
0.42;Premium;D;VVS2;62.8;59;4.76;4.73;2.98;1241
0.51;Good;E;SI1;63.6;59;5.13;5.06;3.24;1241
0.5;Very Good;I;VS1;63;55;5.07;5.09;3.2;1242
0.53;Good;H;SI1;63.9;55;5.19;5.14;3.3;1242
0.53;Premium;H;SI1;59.4;60;5.26;5.24;3.12;1242
0.53;Good;H;SI1;63.7;55;5.15;5.12;3.27;1242
0.53;Premium;F;SI2;60.5;60;5.23;5.19;3.15;1242
0.53;Premium;F;SI2;62.5;57;5.17;5.11;3.21;1242
0.51;Very Good;G;SI1;62.7;59;5.07;5.13;3.2;1243
0.51;Very Good;F;SI2;62.3;55;5.13;5.15;3.2;1243
0.46;Very Good;E;VS2;62.2;58;4.95;4.99;3.09;1243
0.53;Ideal;I;VS2;62.3;57;5.15;5.18;3.22;1243
0.56;Ideal;D;SI2;61.3;56;5.3;5.33;3.26;1243
0.53;Ideal;D;SI2;61.7;55;5.2;5.24;3.22;1243
0.56;Ideal;D;SI2;62.2;55;5.29;5.32;3.3;1243
0.47;Good;F;VS1;60;60.1;5.04;5.06;3.03;1243
0.47;Good;F;VS1;59;60.2;5.04;5.09;2.99;1243
0.34;Ideal;E;IF;62;56;4.51;4.49;2.79;1243
0.34;Ideal;E;IF;61.7;56;4.48;4.46;2.76;1243
0.34;Ideal;E;IF;62;56;4.5;4.47;2.78;1243
0.41;Ideal;E;VVS2;61.6;56;4.8;4.78;2.95;1243
0.5;Very Good;D;SI2;63.4;59;5.03;5;3.18;1243
0.5;Very Good;D;SI2;63.2;56;5.05;5.01;3.18;1243
0.41;Ideal;H;IF;61.8;55;4.79;4.76;2.95;1243
0.41;Ideal;H;IF;62.9;54;4.74;4.71;2.97;1243
0.41;Ideal;H;IF;62.1;56;4.76;4.74;2.95;1243
0.41;Ideal;E;VVS2;60;57;4.85;4.81;2.9;1243
0.41;Premium;E;VVS2;60.9;60;4.82;4.81;2.93;1243
0.41;Ideal;E;VVS2;62.2;54;4.79;4.76;2.97;1243
0.41;Ideal;E;VVS2;61.4;56;4.81;4.77;2.94;1243
0.41;Ideal;E;VVS2;61;56;4.82;4.79;2.93;1243
0.41;Ideal;E;VVS2;61.5;55;4.83;4.79;2.96;1243
0.41;Ideal;E;VVS2;61.1;56;4.85;4.8;2.95;1243
0.41;Ideal;E;VVS2;62.8;54;4.77;4.72;2.98;1243
0.41;Premium;E;VVS2;61.8;59;4.78;4.74;2.94;1243
0.41;Ideal;E;VVS2;61.9;56;4.78;4.75;2.95;1243
0.41;Ideal;E;VVS2;62.3;56;4.78;4.75;2.97;1243
0.41;Ideal;E;VVS2;61.8;57;4.8;4.75;2.95;1243
0.41;Ideal;E;VVS2;60.9;56;4.81;4.75;2.91;1243
0.41;Ideal;E;VVS2;61.4;57;4.79;4.76;2.93;1243
0.41;Ideal;E;VVS2;62;56;4.76;4.72;2.94;1243
0.5;Ideal;D;SI2;62.8;56;5.06;5.03;3.17;1243
0.5;Premium;D;SI2;62.6;58;5.04;4.96;3.13;1243
0.51;Very Good;F;SI1;63.4;58;5.06;5.1;3.22;1244
0.57;Very Good;E;SI2;59.7;57;5.4;5.48;3.25;1244
0.52;Good;F;SI1;63.8;56;5.07;5.12;3.25;1244
0.52;Good;G;SI1;63.3;57;5.08;5.11;3.22;1244
0.52;Good;G;SI1;63.6;56;5.07;5.09;3.23;1244
0.52;Good;G;SI1;63.3;55;5.07;5.1;3.22;1244
0.52;Very Good;G;SI1;62.8;61;5.11;5.14;3.22;1244
0.52;Very Good;G;SI1;59.6;62;5.18;5.23;3.1;1244
0.52;Very Good;F;SI1;58.6;61;5.28;5.3;3.1;1244
0.52;Premium;F;SI1;59.5;59;5.24;5.31;3.14;1244
0.67;Very Good;E;SI2;63.1;58;5.62;5.53;3.53;1244
0.5;Ideal;I;VS2;62.5;55;5.05;5.09;3.17;1244
0.57;Ideal;E;SI2;62.1;55;5.34;5.36;3.32;1244
0.47;Premium;H;VS1;60.3;61;5.05;5.04;3.04;1244
0.46;Very Good;E;VS2;62.6;58;4.91;4.96;3.09;1245
0.43;Ideal;H;IF;62.2;55;4.84;4.87;3.02;1245
0.43;Very Good;E;VVS2;60.8;57;4.89;4.92;2.98;1245
0.43;Ideal;E;VVS2;62;57;4.84;4.87;3.01;1245
0.42;Ideal;G;VVS1;62.8;55;4.78;4.8;3.01;1245
0.38;Ideal;E;VVS1;61.9;53.7;4.66;4.67;2.89;1245
0.38;Ideal;E;VVS1;62.4;53.2;4.62;4.66;2.9;1245
0.44;Ideal;I;VS1;61.4;55;4.89;4.92;3.01;1245
0.52;Ideal;H;SI1;61.7;55;5.17;5.21;3.2;1245
0.53;Ideal;H;SI1;61.1;55;5.24;5.28;3.21;1245
0.46;Good;G;VVS2;60.2;60.5;4.98;5.04;3.02;1245
0.44;Very Good;E;VS1;62.2;58;4.8;4.85;3;1246
0.54;Ideal;E;SI2;60.4;57;5.27;5.33;3.2;1246
0.54;Ideal;E;SI2;60.7;56;5.25;5.3;3.2;1246
0.54;Ideal;E;SI2;60.6;57;5.25;5.28;3.19;1246
0.45;Good;G;VS1;60.7;60.4;4.94;4.98;3.01;1246
0.55;Premium;H;SI2;62.4;56;5.23;5.2;3.25;1246
0.49;Ideal;G;VS2;61.1;57;5.12;5.09;3.12;1246
0.53;Good;E;SI1;56.7;59;5.39;5.37;3.05;1246
0.42;Very Good;E;VS1;62.8;57.8;4.8;4.83;3.03;1247
0.59;Very Good;F;SI2;58.6;59;5.53;5.57;3.25;1247
0.35;Premium;D;VVS1;60.8;58;4.55;4.53;2.76;1247
0.35;Ideal;D;VVS1;61.5;57;4.55;4.52;2.79;1247
0.57;Premium;H;SI1;61.6;58;5.37;5.34;3.3;1247
0.57;Ideal;H;SI1;62.1;57;5.32;5.3;3.3;1247
0.54;Ideal;D;SI2;61.3;57;5.27;5.24;3.22;1247
0.57;Premium;F;SI2;60.4;58;5.4;5.37;3.25;1247
0.54;Very Good;H;SI1;61;57;5.22;5.27;3.2;1248
0.59;Ideal;E;SI2;61.6;54;5.42;5.45;3.35;1248
0.55;Ideal;H;SI1;61.5;54;5.3;5.33;3.27;1248
0.39;Ideal;E;IF;62.5;57;4.7;4.74;2.95;1248
0.31;Premium;D;IF;60.2;59;4.42;4.39;2.65;1248
0.52;Premium;G;SI1;62.6;58;5.13;5.1;3.2;1249
0.41;Very Good;E;VVS2;61.6;60;4.75;4.77;2.93;1249
0.41;Very Good;E;VVS1;62.9;58;4.72;4.75;2.98;1249
0.54;Good;D;SI2;63.2;57;5.16;5.19;3.27;1249
0.52;Premium;G;SI1;62.7;58;5.13;5.07;3.2;1249
0.52;Premium;G;SI1;60.6;61;5.19;5.17;3.14;1249
0.49;Fair;D;VS2;57.5;68;5.18;5.11;2.96;1249
0.5;Ideal;E;SI1;60.6;57;5.19;5.14;3.13;1250
0.6;Very Good;E;SI2;63.2;60;5.32;5.28;3.35;1250
0.6;Very Good;E;SI2;63.2;60;5.32;5.28;3.35;1250
0.4;Very Good;E;VS1;62.7;55;4.69;4.72;2.95;1250
0.5;Very Good;F;SI1;62.8;56;5.03;5.06;3.17;1250
0.5;Very Good;F;SI1;62.7;59;5.04;5.07;3.17;1250
0.5;Very Good;F;SI1;61.2;61;5.06;5.1;3.11;1250
0.5;Very Good;F;SI1;62.3;60;5.07;5.11;3.17;1250
0.53;Very Good;F;SI1;59.6;58;5.28;5.33;3.16;1250
0.51;Premium;G;SI1;62;56;5.14;5.12;3.18;1250
0.5;Premium;F;SI1;62.2;59;5.07;5.03;3.14;1250
0.4;Ideal;E;VS1;62.4;58;4.7;4.72;2.94;1250
0.6;Ideal;H;SI2;61.7;54;5.44;5.48;3.37;1250
0.52;Ideal;F;SI1;61.6;57;5.16;5.19;3.19;1250
0.54;Good;E;SI2;63.8;54;5.18;5.17;3.3;1250
0.54;Ideal;E;SI2;62.1;56;5.22;5.18;3.23;1250
0.54;Premium;E;SI2;61.9;58;5.24;5.19;3.23;1250
0.54;Very Good;E;SI2;63.4;56;5.18;5.14;3.27;1250
0.43;Ideal;F;VVS2;62.2;55;4.85;4.83;3.01;1250
0.43;Ideal;F;VVS2;61.8;57;4.85;4.83;2.99;1250
0.43;Ideal;F;VVS2;61.9;56;4.84;4.82;2.99;1250
0.43;Premium;F;VVS2;61.6;60;4.86;4.82;2.98;1250
0.43;Ideal;F;VVS2;61.9;56;4.87;4.82;3;1250
0.6;Ideal;G;SI2;59.1;56;5.58;5.52;3.28;1250
0.85;Fair;H;I1;66.9;54;5.98;5.75;3.94;1250
0.5;Ideal;D;SI2;61;57;5.15;5.12;3.13;1250
0.5;Ideal;D;SI2;62.3;54;5.11;5.06;3.17;1250
0.51;Premium;H;SI1;61.6;56;5.19;5.14;3.18;1250
0.51;Very Good;H;VS2;59.8;57;5.22;5.25;3.13;1251
0.48;Very Good;F;VS2;61.1;58;5.05;5.11;3.11;1251
0.31;Ideal;D;IF;61.1;56;4.39;4.42;2.69;1251
0.42;Ideal;G;IF;62;57;4.8;4.82;2.98;1251
0.46;Ideal;E;VS2;62.1;57;4.93;4.89;3.05;1251
0.46;Ideal;H;VS2;61.5;55;4.98;5.01;3.07;1252
0.4;Ideal;E;VS1;61.3;56;4.76;4.8;2.93;1252
0.32;Good;D;IF;57.8;56;4.55;4.65;2.66;1252
0.62;Premium;G;SI1;59.3;58;5.6;5.56;3.31;1253
0.56;Ideal;H;SI1;60.3;58;5.35;5.4;3.24;1253
0.5;Fair;D;SI1;64.6;59;4.93;4.95;3.19;1253
0.62;Premium;J;VS2;61.2;59;5.52;5.42;3.35;1253
0.44;Premium;F;VVS2;61.6;58;4.89;4.85;3;1253
0.44;Ideal;F;VVS2;60.9;55;4.96;4.92;3.01;1253
0.5;Premium;H;VS1;62.7;59;5.03;4.98;3.14;1253
0.59;Very Good;H;SI2;61.2;60;5.38;5.43;3.31;1254
0.51;Ideal;G;SI1;61.5;55.5;5.13;5.19;3.17;1254
0.4;Good;D;VS1;56.3;59;4.94;4.97;2.79;1254
0.35;Ideal;E;IF;61.4;56;4.56;4.53;2.79;1254
0.35;Ideal;E;IF;62.2;56;4.52;4.51;2.81;1254
0.45;Good;G;VVS1;64;57;4.86;4.82;3.1;1254
0.41;Very Good;F;IF;63.3;56;4.69;4.75;2.99;1255
0.54;Very Good;F;SI1;63;57;5.18;5.23;3.28;1255
0.51;Good;D;SI1;64;58;5.03;5.06;3.23;1255
0.58;Ideal;H;SI1;62.2;57;5.34;5.37;3.33;1255
0.53;Ideal;H;SI1;61.9;56;5.17;5.23;3.22;1255
0.53;Ideal;G;SI1;61.8;58;5.16;5.19;3.2;1255
0.53;Ideal;G;SI1;62;60;5.18;5.2;3.22;1255
0.44;Ideal;H;IF;62;57;4.87;4.91;3.02;1255
0.39;Good;D;VVS2;63.6;60.2;4.58;4.62;2.93;1255
0.61;Ideal;E;I1;63.4;57;5.43;5.37;3.42;1255
0.61;Premium;G;SI1;60.8;60;5.42;5.42;3.31;1255
0.7;Good;H;I1;57.4;63;5.89;5.8;3.36;1255
0.55;Ideal;F;SI2;61.1;56;5.29;5.32;3.24;1256
0.46;Very Good;E;VS1;62.9;52;4.9;4.95;3.1;1257
0.59;Very Good;I;SI1;61.7;55.2;5.39;5.41;3.33;1257
0.59;Very Good;J;VS2;60.8;56.6;5.42;5.47;3.31;1257
0.33;Ideal;D;VVS1;60.5;56;4.5;4.53;2.73;1257
0.64;Ideal;I;SI2;61.2;55;5.54;5.6;3.41;1257
0.4;Ideal;G;IF;61.1;56;4.76;4.79;2.92;1257
0.4;Ideal;G;IF;61.5;57;4.72;4.76;2.91;1257
0.38;Premium;F;VVS1;61.6;58;4.65;4.61;2.85;1257
0.38;Ideal;F;VVS1;61.9;54;4.7;4.67;2.9;1257
0.38;Premium;D;VVS2;61.9;56;4.65;4.63;2.87;1257
0.38;Ideal;D;VVS2;61.5;57;4.67;4.63;2.86;1257
0.38;Ideal;F;VVS1;62.2;57;4.68;4.64;2.9;1257
0.38;Premium;F;VVS1;61.6;58;4.66;4.63;2.86;1257
0.38;Premium;F;VVS1;59.2;58;4.8;4.76;2.83;1257
0.38;Ideal;D;VVS2;61.5;56;4.66;4.64;2.86;1257
0.38;Premium;D;VVS2;60;62;4.73;4.7;2.83;1257
0.5;Very Good;D;SI1;63.5;57;5.09;5.05;3.22;1257
0.38;Ideal;D;VVS2;61.3;56;4.73;4.63;2.87;1257
0.5;Fair;G;VS1;65.7;63;4.97;4.87;3.23;1257
0.5;Fair;G;VS1;67.6;56;5.02;4.89;3.35;1257
0.5;Good;D;SI1;63.9;56;5.02;4.93;3.18;1257
0.57;Premium;F;SI1;61.1;60;5.44;5.33;3.24;1257
0.46;Very Good;F;VS2;59.9;55;5.06;5.08;3.04;1258
0.56;Good;D;SI2;63.2;54;5.24;5.26;3.32;1258
0.57;Ideal;I;VS2;61.6;54;5.35;5.4;3.31;1258
0.59;Ideal;G;SI2;60.6;56;5.44;5.46;3.3;1258
0.54;Ideal;I;VS2;61.5;55;5.25;5.29;3.24;1259
0.54;Ideal;I;VS2;61.1;55;5.27;5.31;3.23;1259
0.5;Ideal;E;SI1;62.4;56;5.03;5.07;3.15;1259
0.41;Ideal;G;IF;62.4;54;4.77;4.82;2.99;1259
0.41;Ideal;G;IF;61.6;55;4.78;4.83;2.96;1259
0.41;Ideal;G;IF;62.4;54;4.76;4.79;2.98;1259
0.41;Ideal;G;IF;61.7;56;4.78;4.81;2.96;1259
0.41;Ideal;G;IF;61.7;56;4.79;4.81;2.96;1259
0.5;Good;G;VS2;59.3;65;5.1;5.12;3.03;1259
0.5;Good;E;SI1;61.8;62;5.05;5.08;3.13;1259
0.56;Very Good;E;SI2;63.5;57;5.24;5.21;3.32;1259
0.51;Good;G;SI1;63.7;55;5.1;5.07;3.24;1259
0.55;Very Good;F;SI1;62.9;58;5.23;5.26;3.3;1260
0.44;Ideal;F;VVS1;61.5;57;4.86;4.9;3;1260
0.54;Ideal;I;VS2;61.9;56;5.2;5.26;3.24;1260
0.54;Ideal;F;SI1;61.5;55;5.23;5.28;3.23;1260
0.55;Ideal;J;VS2;61.7;54;5.34;5.29;3.28;1260
0.59;Very Good;J;VS2;62.1;57;5.34;5.39;3.33;1261
0.52;Very Good;F;SI1;60;58;5.21;5.26;3.14;1261
0.52;Very Good;F;SI1;61.3;56;5.2;5.24;3.2;1261
0.51;Very Good;G;SI1;63.1;56;5.08;5.16;3.23;1261
0.51;Very Good;G;SI1;61.9;57;5.09;5.15;3.17;1261
0.51;Very Good;G;SI1;59.7;58;5.2;5.26;3.12;1261
0.4;Very Good;F;IF;62.9;55;4.68;4.7;2.95;1261
0.43;Ideal;F;VVS1;60.3;59;4.89;4.93;2.96;1261
0.4;Ideal;F;IF;61.8;55;4.74;4.8;2.95;1261
0.47;Ideal;E;VS2;61.7;56;5.01;4.98;3.08;1261
0.49;Premium;F;VS2;59.2;57;5.21;5.16;3.07;1261
0.42;Very Good;E;VVS2;59.4;60;4.88;4.91;2.91;1262
0.6;Very Good;J;VS2;60;59.4;5.47;5.51;3.29;1262
0.5;Very Good;H;VS2;62.8;58;5.03;5.07;3.17;1262
0.58;Very Good;H;SI1;62.4;55;5.32;5.36;3.33;1262
0.52;Very Good;I;VS1;61.5;56.3;5.16;5.19;3.18;1262
0.57;Good;D;SI2;63.8;57;5.24;5.26;3.35;1262
1.03;Fair;E;I1;78.2;54;5.72;5.59;4.42;1262
0.48;Good;G;VS1;57.8;60.9;5.12;5.19;2.97;1262
0.45;Good;F;VS1;60.1;61.8;4.96;4.98;2.99;1262
0.53;Ideal;E;SI2;63;57;5.16;5.13;3.24;1262
0.46;Very Good;D;VS2;63.2;56;4.92;4.89;3.1;1262
0.5;Premium;E;SI2;60.1;60;5.13;5.05;3.06;1262
0.4;Ideal;F;VVS1;62.5;57;4.72;4.75;2.96;1263
0.4;Ideal;F;VVS1;61.7;56;4.72;4.75;2.92;1263
0.4;Premium;F;VVS1;60.8;59;4.74;4.76;2.89;1263
0.4;Premium;D;VVS2;60.4;59;4.76;4.77;2.88;1263
0.4;Ideal;F;VVS1;61.3;56;4.73;4.76;2.91;1263
0.4;Ideal;F;VVS1;61.3;55;4.75;4.78;2.92;1263
0.45;Very Good;G;VVS1;60.1;58;4.95;4.97;2.98;1263
0.4;Very Good;D;VVS2;62.2;54;4.75;4.77;2.96;1263
0.4;Ideal;D;VVS2;61.9;56;4.74;4.76;2.94;1263
0.4;Premium;F;VVS1;61.1;59;4.75;4.78;2.91;1263
0.4;Premium;D;VVS2;60.7;60;4.74;4.78;2.89;1263
0.4;Very Good;F;VVS1;61.9;57;4.69;4.71;2.91;1263
0.4;Ideal;D;VVS2;62;56;4.71;4.74;2.93;1263
0.4;Premium;D;VVS2;60.8;59;4.76;4.81;2.91;1263
0.45;Premium;G;VVS1;60.8;58;4.92;4.98;3.01;1263
0.4;Ideal;F;VVS1;60.7;56;4.77;4.79;2.9;1263
0.29;Very Good;D;VS1;62.9;55;4.21;4.25;2.66;504
0.28;Very Good;H;VVS1;59.9;62;4.23;4.28;2.55;504
0.28;Premium;G;VVS2;60.2;60;4.24;4.26;2.56;504
0.28;Very Good;H;VVS1;61.5;58;4.17;4.22;2.58;504
0.35;Premium;H;SI1;62.4;58;4.47;4.54;2.81;504
0.35;Very Good;H;SI1;61.3;55;4.55;4.58;2.8;504
0.35;Good;H;SI1;63.2;57;4.48;4.51;2.84;504
0.29;Ideal;D;VS1;61.7;57;4.23;4.26;2.62;504
0.35;Good;H;SI1;63.3;54;4.51;4.53;2.86;504
0.23;Very Good;F;VVS2;61.2;55;3.97;4.01;2.44;505
0.23;Very Good;F;VVS2;60.4;61;3.93;3.95;2.38;505
0.23;Very Good;F;VVS2;63.3;57;3.91;3.93;2.48;505
0.23;Very Good;F;VVS2;62.9;57;3.9;3.95;2.47;505
0.23;Very Good;E;VVS2;61.6;61;3.92;3.97;2.43;505
0.23;Very Good;E;VVS2;60.6;60;3.93;3.99;2.4;505
0.23;Very Good;E;VVS2;62.6;59;3.93;3.96;2.47;505
0.23;Very Good;E;VVS2;61.2;60;3.97;4;2.44;505
0.23;Very Good;E;VVS2;61.9;60;3.93;3.96;2.44;505
0.23;Very Good;E;VVS2;60.8;61;3.91;3.94;2.39;505
0.23;Very Good;E;VVS2;61.3;57;3.97;4.02;2.45;505
0.23;Very Good;E;VVS2;64.1;58;3.85;3.89;2.48;505
0.23;Very Good;E;VVS2;61.4;62;3.9;3.95;2.41;505
0.23;Very Good;E;VVS2;61.6;57;3.95;3.97;2.44;505
0.23;Very Good;E;VVS2;62.3;55;3.9;3.93;2.44;505
0.23;Very Good;E;VVS2;62.7;55;3.9;3.95;2.46;505
0.23;Very Good;E;VVS2;61.1;59;3.94;3.98;2.42;505
0.23;Very Good;E;VVS2;61.1;58;3.93;3.99;2.42;505
0.23;Very Good;E;VVS2;62.8;58;3.92;3.94;2.47;505
0.23;Very Good;E;VVS2;61.2;60;3.92;3.96;2.41;505
0.23;Very Good;E;VVS2;61.4;60;3.93;3.98;2.43;505
0.4;Ideal;D;VVS2;61.3;56;4.75;4.78;2.92;1263
0.4;Premium;F;VVS1;60.2;59;4.74;4.76;2.86;1263
0.4;Ideal;D;VVS2;62.2;55;4.72;4.74;2.94;1263
0.54;Good;D;SI1;63.7;57;5.22;5.14;3.3;1263
0.53;Ideal;I;VS1;61.6;55;5.21;5.25;3.22;1263
0.55;Premium;F;SI2;60.6;58;5.31;5.28;3.21;1263
0.55;Good;H;SI1;63.6;55;5.23;5.18;3.31;1263
0.55;Ideal;F;SI2;62.4;56;5.26;5.22;3.27;1263
0.55;Ideal;F;SI2;62.3;57;5.27;5.22;3.27;1263
0.55;Ideal;F;SI2;61.2;56;5.29;5.23;3.22;1263
0.51;Ideal;D;SI2;61.9;56;5.1;5.15;3.17;1264
0.51;Ideal;D;SI2;62.5;55;5.12;5.15;3.21;1264
0.51;Very Good;D;SI2;62.8;57;5.1;5.12;3.21;1264
0.51;Ideal;D;SI2;59.8;55;5.17;5.23;3.11;1264
0.51;Ideal;D;SI2;61.1;56;5.16;5.18;3.16;1264
0.51;Premium;D;SI2;62;58;5.08;5.12;3.16;1264
0.43;Ideal;G;VVS1;60.5;57;4.92;4.86;2.96;1264
0.43;Premium;G;VVS1;60.3;58;4.91;4.87;2.95;1264
0.43;Premium;G;VVS1;60.9;58;4.91;4.88;2.98;1264
0.43;Ideal;G;VVS1;61.4;55;4.91;4.86;3;1264
0.43;Premium;G;VVS1;62.3;59;4.83;4.77;2.99;1264
0.43;Premium;G;VVS1;62.2;58;4.83;4.78;2.99;1264
0.43;Premium;G;VVS1;62;59;4.82;4.8;2.98;1264
0.43;Ideal;G;VVS1;62;55;4.85;4.82;3;1264
0.43;Premium;G;VVS1;61.3;57;4.87;4.85;2.98;1264
0.43;Ideal;G;VVS1;61.5;56;4.87;4.85;2.99;1264
0.43;Ideal;D;VS1;61.6;56;4.86;4.85;2.99;1264
0.43;Ideal;D;VS1;61.9;55;4.87;4.85;3.01;1264
0.43;Ideal;D;VS1;62.1;56;4.87;4.85;3.02;1264
0.43;Ideal;D;VS1;62.1;55;4.86;4.83;3.01;1264
0.59;Premium;H;SI1;62.4;58;5.42;5.35;3.36;1265
0.51;Very Good;F;SI1;62;54;5.15;5.18;3.2;1265
0.59;Very Good;F;SI2;63.7;57;5.31;5.36;3.4;1265
0.58;Very Good;E;SI2;63.5;60;5.24;5.28;3.34;1265
0.51;Very Good;E;SI2;58.3;63;5.21;5.26;3.05;1265
0.59;Premium;H;SI1;62.9;60;5.34;5.24;3.33;1265
0.59;Ideal;F;SI2;61.8;55;5.41;5.44;3.35;1265
0.51;Ideal;E;SI2;62.7;53;5.12;5.09;3.2;1265
0.51;Premium;E;SI2;61.7;58;5.14;5.07;3.15;1265
0.59;Premium;H;SI1;61.9;59;5.43;5.34;3.33;1265
0.51;Premium;E;SI2;61.8;58;5.11;5.08;3.15;1265
0.58;Very Good;J;VS2;62.9;58;5.3;5.32;3.34;1266
0.51;Good;E;SI1;57.4;62;5.24;5.29;3.02;1266
0.35;Ideal;D;VVS1;62;54;4.56;4.57;2.83;1266
0.54;Ideal;I;VS2;60.1;58;5.28;5.34;3.19;1266
0.5;Ideal;I;VS1;61;57;5.11;5.13;3.12;1266
0.54;Ideal;E;SI2;60.4;57;5.27;5.3;3.19;1266
0.52;Ideal;G;SI1;61.7;56;5.18;5.22;3.21;1266
0.53;Premium;F;SI1;62.2;58;5.19;5.16;3.22;1266
0.57;Very Good;I;VS2;62.2;55;5.33;5.34;3.32;1267
0.46;Very Good;E;VS2;59.8;59.6;5.07;5.14;3.05;1267
0.52;Very Good;F;SI1;62.6;58;5.11;5.14;3.21;1267
0.52;Very Good;F;SI1;63.7;58;5.11;5.13;3.26;1267
0.52;Very Good;G;SI1;59.4;60;5.23;5.28;3.12;1267
0.52;Very Good;G;SI1;60;57;5.25;5.29;3.16;1267
0.53;Very Good;G;SI1;62.5;55;5.12;5.24;3.24;1267
0.38;Ideal;E;VVS1;61.9;56;4.64;4.67;2.88;1267
0.38;Ideal;E;VVS1;62.4;56;4.64;4.67;2.9;1267
0.38;Ideal;E;VVS1;62.6;56;4.6;4.64;2.89;1267
0.38;Premium;E;VVS1;61.9;58;4.62;4.66;2.87;1267
0.46;Good;E;VS2;60.9;62;4.93;4.96;3.01;1267
0.53;Good;F;SI1;63.8;56;5.13;5.16;3.28;1268
0.53;Ideal;F;SI1;62.4;57;5.18;5.21;3.24;1268
0.53;Good;G;SI1;63.8;56;5.14;5.18;3.29;1268
0.53;Good;F;SI1;63.8;58;5.12;5.17;3.28;1268
0.53;Premium;G;SI1;61.3;58;5.16;5.21;3.18;1268
0.53;Very Good;F;SI1;62.9;57;5.15;5.18;3.25;1268
0.51;Ideal;I;VS2;60.5;58;5.15;5.2;3.13;1268
0.54;Ideal;H;SI1;61.1;56;5.25;5.27;3.21;1268
0.53;Ideal;H;SI1;61;56;5.23;5.26;3.2;1268
0.53;Ideal;H;SI1;60.8;56;5.27;5.29;3.21;1268
0.53;Ideal;H;SI1;61.3;55;5.23;5.27;3.22;1268
0.48;Good;F;VS1;61.5;60.7;4.99;5.05;3.09;1268
0.51;Good;D;SI2;63.8;56;5.09;5.07;3.24;1268
0.51;Good;D;SI2;63.9;55;5.1;5.04;3.24;1268
0.51;Ideal;E;SI2;58.3;62;5.2;5.19;3.04;1268
0.51;Very Good;H;VS2;63.5;60;5.04;5.01;3.19;1268
0.55;Premium;E;SI2;59.7;58;5.33;5.35;3.19;1269
0.41;Ideal;H;VS1;61.1;56;4.83;4.86;2.96;1269
0.41;Ideal;G;IF;61.5;57;4.78;4.82;2.95;1269
0.42;Good;E;VVS2;64.1;57;4.7;4.73;3.02;1269
0.55;Premium;H;VS2;59.9;61;5.31;5.28;3.17;1270
0.57;Very Good;J;VS1;62.9;57;5.25;5.28;3.31;1270
0.55;Very Good;H;SI1;59.4;58;5.36;5.38;3.19;1270
0.38;Ideal;D;VVS1;60.7;57;4.69;4.74;2.86;1270
0.47;Ideal;D;VS2;60.3;57;5.02;5.07;3.04;1270
0.61;Ideal;F;SI2;61;56;5.48;5.53;3.36;1270
0.56;Ideal;H;SI1;62.3;53;5.28;5.31;3.3;1270
0.55;Ideal;H;SI1;62.4;57;5.23;5.28;3.28;1270
0.56;Ideal;H;SI1;61.9;54;5.3;5.33;3.29;1270
0.48;Premium;H;VS1;60.7;61;5.04;5.01;3.05;1270
0.51;Very Good;F;SI1;63.7;55;5.06;5.11;3.24;1271
0.55;Very Good;F;SI1;63.6;57;5.17;5.21;3.3;1271
0.62;Ideal;I;SI1;61.9;54;5.48;5.5;3.4;1271
0.39;Very Good;G;IF;63.5;56;4.67;4.65;2.96;1271
0.39;Premium;G;IF;59.8;55;4.84;4.77;2.87;1271
0.62;Premium;E;SI2;60.7;58;5.53;5.51;3.35;1271
0.5;Fair;G;VS1;64.9;57;4.98;4.94;3.22;1271
0.5;Ideal;D;SI1;62.7;57;5.06;5.08;3.18;1272
0.5;Premium;D;SI1;62.2;58;5.08;5.12;3.17;1272
0.5;Very Good;F;VS2;63;57;5.02;5.1;3.19;1272
0.55;Good;D;SI2;63.2;56;5.21;5.24;3.3;1272
0.55;Good;D;SI2;63.3;56;5.21;5.24;3.31;1272
0.55;Ideal;D;SI2;61.3;57;5.23;5.28;3.22;1272
0.6;Premium;F;SI2;59.5;61;5.48;5.45;3.26;1272
0.34;Ideal;D;VVS1;61.2;57;4.51;4.54;2.77;1272
0.34;Ideal;D;VVS1;61.8;54;4.49;4.54;2.79;1272
0.46;Very Good;F;VS2;59.6;58.2;4.99;5.06;3;1273
0.52;Very Good;F;SI2;57.9;61;5.28;5.33;3.07;1273
0.57;Very Good;G;SI1;60.4;58;5.37;5.42;3.26;1273
0.53;Ideal;G;SI1;63;54;5.18;5.14;3.25;1273
0.53;Premium;G;SI1;61;59;5.25;5.21;3.19;1273
0.53;Premium;G;SI1;61.3;58;5.22;5.19;3.19;1273
0.55;Ideal;E;SI2;61.8;55;5.26;5.29;3.26;1273
0.55;Premium;E;SI2;61.9;58;5.24;5.2;3.23;1273
0.42;Ideal;H;IF;61.7;55;4.84;4.82;2.98;1273
0.42;Ideal;H;IF;61.9;56;4.81;4.79;2.97;1273
0.42;Ideal;E;VVS2;62.3;55;4.81;4.76;2.98;1273
0.42;Ideal;E;VVS2;61.8;56;4.8;4.78;2.96;1273
0.42;Ideal;E;VVS2;61.3;56;4.85;4.81;2.96;1273
0.55;Ideal;E;SI2;62;56;5.27;5.22;3.25;1273
0.7;Fair;E;I1;66.1;58;5.61;5.51;3.67;1273
0.64;Premium;H;SI1;60;59;5.63;5.57;3.36;1274
0.45;Very Good;H;VVS1;62.3;57;4.9;4.93;3.06;1274
0.51;Ideal;I;VVS2;61.6;54;5.15;5.18;3.18;1274
0.44;Premium;E;VVS2;60;59;4.95;4.99;2.98;1274
0.44;Ideal;E;VVS2;61.9;56;4.88;4.91;3.03;1274
0.44;Ideal;E;VVS2;61.8;56;4.88;4.93;3.03;1274
0.44;Very Good;E;VVS2;60.7;57;4.9;4.92;2.98;1274
0.44;Ideal;E;VVS2;60.9;57;4.9;4.95;3;1274
0.51;Premium;F;SI1;61.3;57;5.19;5.08;3.15;1274
0.51;Ideal;F;SI1;62.8;57;5.09;5.07;3.19;1274
0.51;Good;F;SI1;64.1;58;5.03;5.02;3.22;1274
0.51;Good;F;SI1;64;57;5.06;5.01;3.22;1274
0.85;Fair;H;I1;71.2;54;5.77;5.65;4.07;1274
0.52;Very Good;E;SI1;58.8;59;5.27;5.34;3.12;1276
0.41;Ideal;G;IF;62.1;57;4.76;4.77;2.96;1276
0.58;Ideal;G;SI2;61.5;55;5.38;5.42;3.32;1276
0.65;Ideal;J;SI1;61.4;55;5.58;5.62;3.44;1276
0.34;Ideal;F;IF;61.7;55;4.49;4.52;2.78;1276
0.34;Ideal;F;IF;61.9;55;4.49;4.52;2.79;1276
0.34;Ideal;F;IF;61.7;55;4.49;4.52;2.78;1276
0.34;Ideal;F;IF;61.4;57;4.49;4.5;2.76;1276
0.51;Ideal;I;VS2;62.1;55;5.1;5.13;3.17;1277
0.54;Very Good;E;SI2;62.4;57.7;5.19;5.2;3.25;1278
0.4;Ideal;E;VVS1;60.8;57;4.79;4.82;2.92;1278
0.52;Very Good;E;SI1;63.3;57;5.11;5.13;3.24;1279
0.5;Good;E;SI1;63.5;61;4.98;5.03;3.18;1279
0.5;Very Good;E;SI1;63;61;5.03;5.07;3.18;1279
0.5;Fair;F;VS2;55.8;60;5.31;5.27;2.95;1279
0.5;Good;F;VS2;57.8;63;5.2;5.15;2.99;1279
0.4;Ideal;D;VVS1;62.8;57;4.65;4.68;2.93;1279
0.58;Ideal;I;VS2;62;54;5.35;5.39;3.33;1279
0.5;Ideal;H;VS2;62.3;54;5.11;5.13;3.19;1279
0.56;Ideal;F;SI2;61.4;57;5.3;5.33;3.26;1279
0.5;Premium;D;SI2;62.2;58;5.14;5.08;3.18;1279
0.41;Ideal;E;VVS1;61.4;57;4.8;4.77;2.94;1279
0.48;Ideal;F;VS2;62.4;54;5.03;5.03;3.15;1279
0.48;Premium;F;VS2;61.3;60;5.01;4.97;3.06;1279
0.58;Ideal;F;SI2;61.8;56;5.42;5.39;3.34;1279
0.53;Ideal;I;VS2;60.3;60;5.25;5.22;3.16;1279
0.53;Ideal;F;SI2;63;54;5.24;5.19;3.29;1279
0.5;Premium;D;SI1;62.5;58;5.06;4.98;3.14;1279
0.5;Premium;D;SI1;61.3;60;5.15;5.1;3.14;1279
0.5;Premium;D;SI2;62.1;57;5.12;5.09;3.17;1279
0.57;Good;F;SI2;61.9;57.7;5.32;5.34;3.3;1280
0.43;Ideal;G;IF;61.6;57;4.81;4.84;2.97;1280
0.56;Ideal;J;VS2;61.9;57;5.29;5.31;3.28;1280
0.5;Good;I;VVS2;64.8;56;4.92;4.99;3.21;1280
0.52;Premium;F;SI1;61.5;60;5.16;5.15;3.17;1280
0.55;Premium;G;SI2;61.8;56;5.28;5.23;3.25;1280
0.5;Fair;G;VS1;67;61;4.97;4.91;3.31;1280
0.52;Premium;G;SI1;60.7;59;5.22;5.19;3.16;1280
0.5;Very Good;E;SI1;60.7;59;5.09;5.13;3.1;1281
0.55;Ideal;I;VS2;61.6;55;5.27;5.29;3.25;1281
0.51;Ideal;G;SI1;61.6;56;5.19;5.14;3.18;1281
0.51;Premium;G;SI1;60.9;58;5.21;5.14;3.15;1281
0.52;Very Good;I;VS1;61.4;57;5.17;5.19;3.18;1282
0.5;Premium;F;SI1;59.6;60;5.12;5.15;3.06;1282
0.5;Ideal;F;SI1;62.7;57;5.06;5.09;3.18;1282
0.5;Ideal;F;SI1;59.9;56;5.09;5.36;3.13;1282
0.5;Ideal;I;VS1;62.2;55;5.07;5.11;3.16;1282
0.53;Good;E;SI1;62.6;64;5.13;5.22;3.24;1282
0.53;Good;H;VS1;57.6;64;5.41;5.36;3.1;1282
0.45;Premium;E;VS1;60.8;60;4.94;4.9;2.99;1282
0.59;Very Good;H;SI1;62.8;56;5.35;5.38;3.37;1283
0.53;Very Good;F;SI1;59.2;59;5.31;5.34;3.15;1284
0.51;Very Good;E;SI1;61.4;58;5.09;5.14;3.14;1284
0.51;Very Good;E;SI1;59.4;57;5.2;5.24;3.1;1284
0.51;Very Good;E;SI1;62.9;55;5.06;5.12;3.2;1284
0.38;Very Good;F;IF;60.2;58;4.73;4.7;2.84;1284
0.51;Ideal;G;SI1;63.2;58;5.05;5.08;3.2;1284
0.53;Ideal;G;SI1;61;56;5.23;5.26;3.2;1284
0.53;Ideal;F;SI1;61.6;54;5.23;5.25;3.23;1284
0.51;Ideal;E;SI1;61.2;57;5.14;5.16;3.15;1284
0.52;Premium;D;SI1;62;60;5.18;5.11;3.19;1284
0.5;Ideal;F;SI1;59.9;57;5.19;5.16;3.1;1286
0.41;Premium;D;VS1;59.3;58;4.87;4.85;2.88;1286
0.59;Very Good;E;SI2;63.8;57;5.31;5.34;3.4;1286
0.43;Very Good;G;IF;62.7;58;4.8;4.84;3.02;1286
0.53;Premium;I;VS1;62.3;58;5.18;5.26;3.25;1286
0.53;Very Good;I;VS1;61.6;56.7;5.18;5.21;3.2;1286
0.5;Ideal;F;SI1;62.7;56;5.12;5.05;3.19;1286
0.56;Premium;F;SI2;60.4;60;5.35;5.32;3.22;1286
0.51;Ideal;F;SI2;61.4;56;5.14;5.18;3.17;1286
0.59;Ideal;E;SI2;62.2;55;5.38;5.4;3.35;1286
0.5;Ideal;F;SI1;61;56;5.15;5.17;3.15;1286
0.43;Ideal;G;IF;61.7;57;4.83;4.86;2.99;1286
0.5;Good;G;SI1;63.9;57;5.06;5.02;3.22;1286
0.5;Premium;G;SI1;62.2;60;5.07;5.03;3.14;1286
0.5;Premium;G;SI1;62.9;59;5.09;5.06;3.19;1286
0.5;Premium;G;SI1;62.6;56;5.1;5.06;3.18;1286
0.56;Very Good;H;SI1;63.2;57;5.27;5.23;3.32;1286
0.56;Premium;H;SI1;61.3;60;5.28;5.23;3.22;1286
0.5;Good;G;SI1;63.6;55;5.06;5.03;3.21;1286
0.5;Ideal;G;SI1;62.1;56;5.09;5.05;3.15;1286
0.5;Very Good;G;SI1;60;63;5.1;5.06;3.05;1286
0.5;Good;G;SI1;62.5;64;4.99;4.93;3.1;1286
0.5;Premium;G;SI1;62.8;61;5.01;4.99;3.14;1286
0.5;Premium;F;SI1;62.7;61;5.07;5.01;3.16;1286
0.5;Premium;F;SI1;61;60;5.11;5.08;3.11;1286
0.53;Fair;E;SI1;56.2;64;5.43;5.41;3.05;1286
0.5;Premium;F;SI1;59.1;58;5.23;5.19;3.08;1286
0.5;Premium;E;SI2;60.3;60;5.11;5.07;3.07;1286
0.6;Premium;G;SI1;60.8;58;5.44;5.39;3.29;1286
0.59;Very Good;J;VS2;61.9;58;5.35;5.38;3.32;1287
0.58;Good;G;VS2;63.2;58;5.36;5.28;3.36;1287
0.58;Good;E;SI1;59.3;64;5.48;5.42;3.23;1287
0.56;Ideal;G;SI1;63;55;5.26;5.22;3.3;1287
0.56;Premium;G;SI1;61.1;61;5.31;5.29;3.24;1287
0.54;Ideal;G;SI2;62.7;56;5.23;5.2;3.27;1287
0.51;Ideal;G;SI1;61.7;58;5.12;5.15;3.17;1287
0.4;Good;F;VVS1;59.2;64;4.8;4.83;2.85;1287
0.52;Very Good;I;VVS2;61.9;56;5.16;5.18;3.2;1289
0.5;Very Good;E;SI1;63.4;55;5.02;5.1;3.21;1289
0.52;Good;H;VS2;63.7;54;5.09;5.12;3.25;1289
0.52;Very Good;D;SI2;61.7;56;5.14;5.17;3.18;1289
0.52;Very Good;H;VS2;62;57;5.08;5.12;3.16;1289
0.52;Good;H;VS2;63.6;57;5.05;5.1;3.23;1289
0.52;Very Good;D;SI2;62.9;56;5.14;5.17;3.24;1289
0.52;Ideal;D;SI2;62.5;56;5.08;5.12;3.19;1289
0.52;Very Good;D;SI2;62.4;59;5.05;5.15;3.18;1289
0.52;Good;H;VS2;63.5;58;5.11;5.12;3.25;1289
0.38;Ideal;D;VVS2;61.2;57;4.66;4.68;2.86;1289
0.38;Ideal;D;VVS2;60.7;55;4.69;4.71;2.85;1289
0.42;Ideal;G;IF;61.5;56;4.84;4.85;2.98;1289
0.42;Ideal;G;IF;61.9;53;4.83;4.87;3;1289
0.42;Ideal;G;IF;62.6;53;4.79;4.82;3.01;1289
0.42;Ideal;G;IF;62.3;54;4.82;4.85;3.01;1289
0.42;Ideal;G;IF;62;53;4.83;4.85;3;1289
0.42;Ideal;G;IF;62.2;54;4.81;4.84;3;1289
0.33;Ideal;E;IF;62.1;55;4.43;4.46;2.76;1289
0.39;Ideal;D;VVS2;61.8;57;4.71;4.67;2.9;1290
0.39;Premium;F;VVS1;59.7;58;4.75;4.73;2.83;1290
0.52;Ideal;E;SI2;62.9;56;5.12;5.08;3.21;1290
0.39;Premium;F;VVS1;62.7;57;4.68;4.64;2.92;1290
0.39;Premium;D;VVS2;62.9;58;4.66;4.62;2.92;1290
0.39;Premium;D;VVS2;63;57;4.69;4.65;2.94;1290
0.39;Premium;D;VVS2;61.1;60;4.7;4.66;2.86;1290
0.39;Premium;F;IF;58;61;4.83;4.79;2.79;1290
0.62;Premium;E;SI2;58.6;58;5.58;5.52;3.25;1291
0.43;Very Good;E;VVS2;59.3;59;4.95;4.97;2.94;1291
0.53;Very Good;F;SI1;60.9;56;5.21;5.23;3.18;1291
0.46;Ideal;D;VS2;61.8;56;4.93;4.97;3.06;1291
0.4;Ideal;E;VS1;61.1;57;4.75;4.78;2.97;1291
0.54;Ideal;H;SI1;60.6;57;5.28;5.32;3.21;1291
0.64;Very Good;H;SI2;64.2;58;5.43;5.48;3.5;1292
0.54;Good;F;SI1;63.3;56;5.21;5.24;3.31;1292
0.54;Good;G;SI1;63.2;56;5.16;5.19;3.27;1292
0.54;Very Good;G;SI1;60.3;57;5.24;5.4;3.21;1292
0.54;Ideal;G;SI1;62.6;57;5.18;5.21;3.25;1292
0.59;Ideal;H;SI2;61.9;55;5.37;5.39;3.33;1292
0.52;Ideal;D;SI2;61.9;55;5.16;5.18;3.2;1292
0.52;Ideal;D;SI2;61.2;57;5.2;5.22;3.19;1292
0.52;Ideal;D;SI2;61.7;55;5.17;5.2;3.2;1292
0.57;Ideal;H;SI1;61.8;55;5.31;5.37;3.3;1292
0.57;Ideal;H;SI1;61.3;54;5.34;5.39;3.29;1292
0.57;Ideal;H;SI1;61.8;54;5.35;5.37;3.31;1292
0.57;Ideal;H;SI1;59.3;60;5.44;5.48;3.24;1292
0.4;Ideal;F;IF;62.3;57;4.69;4.71;2.93;1292
0.37;Ideal;D;VVS1;62;56;4.6;4.59;2.85;1292
0.5;Very Good;E;SI1;59.4;60;5.14;5.16;3.06;1293
0.5;Very Good;E;SI1;63.7;58;5.02;5.06;3.21;1293
0.47;Good;E;VS1;65.4;56;4.85;4.9;3.19;1293
0.5;Good;E;SI1;62.5;59;5.04;5.07;3.16;1293
0.52;Good;D;SI2;63.7;55;5.11;5.1;3.25;1293
0.56;Fair;H;VS2;52.7;70;5.71;5.57;2.97;1293
0.46;Premium;E;VS1;62;58;4.95;4.98;3.08;1294
0.59;Good;I;VS2;63.4;56;5.33;5.37;3.39;1294
0.47;Good;E;VS2;58.4;60.3;5.08;5.17;3;1294
0.49;Good;F;VS1;58.5;61.5;5.18;5.21;3.04;1294
0.49;Good;F;VS1;59.2;60.9;5.08;5.18;3.04;1294
0.32;Premium;F;VVS1;60.7;58;4.43;4.4;2.68;1294
0.44;Premium;G;VVS1;60.9;59;4.96;4.9;3;1294
0.44;Ideal;G;VVS1;61.8;55;4.91;4.86;3.02;1294
0.44;Ideal;G;VVS1;61.6;56;4.9;4.88;3.01;1294
0.44;Ideal;D;VS1;62.3;55;4.88;4.84;3.03;1294
0.44;Ideal;D;VS1;62.3;55;4.88;4.85;3.03;1294
0.48;Premium;F;VS2;58.7;58;5.22;5.17;3.05;1294
0.48;Premium;F;VS2;60.1;59;5.12;5.1;3.07;1294
0.23;Very Good;E;VVS2;63;58;3.95;3.99;2.5;505
0.23;Very Good;E;VVS2;61.9;57;3.91;3.94;2.43;505
0.23;Very Good;E;VVS2;62.5;55;3.94;3.96;2.47;505
0.23;Very Good;E;VVS2;59.3;60;4;4.1;2.4;505
0.23;Very Good;E;VVS2;59.4;61;4.01;4.04;2.39;505
0.23;Very Good;E;VVS2;61.6;60;3.97;3.99;2.45;505
0.23;Very Good;D;VVS2;61.9;60;3.9;3.95;2.43;505
0.23;Very Good;F;VVS1;63.2;58;3.89;3.93;2.47;505
0.32;Very Good;G;SI1;62.2;57;4.36;4.39;2.72;505
0.23;Ideal;F;VVS1;62.4;55;3.94;3.95;2.46;505
0.36;Ideal;G;SI2;61.4;54;4.59;4.66;2.84;505
0.36;Ideal;G;SI2;61.1;54;4.61;4.65;2.83;505
0.36;Ideal;G;SI2;62.3;54;4.57;4.61;2.86;505
0.36;Ideal;G;SI2;60.7;58;4.62;4.64;2.81;505
0.36;Ideal;I;SI1;61.3;55;4.6;4.64;2.83;505
0.36;Ideal;I;SI1;61.7;55;4.58;4.62;2.84;505
0.23;Good;F;VVS2;62.8;61;3.92;3.95;2.47;505
0.25;Good;E;VVS2;61.2;62;4.04;4.07;2.48;505
0.23;Good;E;VVS2;62.2;60;3.9;3.94;2.44;505
0.32;Premium;H;VS2;61.9;58;4.37;4.39;2.71;505
0.32;Premium;H;VS2;61;60;4.35;4.41;2.67;505
0.32;Ideal;I;VS1;62.4;54;4.36;4.39;2.73;505
0.36;Very Good;H;SI1;63;55;4.51;4.54;2.85;505
0.32;Very Good;I;VS1;62.6;58;4.38;4.4;2.75;505
0.36;Good;E;SI2;63.7;54;4.52;4.55;2.89;505
0.32;Very Good;H;VS2;63;57;4.33;4.37;2.74;505
0.36;Ideal;H;SI1;61.5;57;4.57;4.6;2.82;505
0.32;Ideal;H;VS2;62;55;4.38;4.4;2.72;505
0.32;Premium;H;VS2;61.4;60;4.39;4.41;2.7;505
0.32;Very Good;H;VS2;62.7;54;4.39;4.41;2.76;505
0.51;Premium;E;SI2;59.5;60;5.25;5.17;3.1;1294
0.44;Ideal;D;VS1;61.1;56;4.95;4.91;3.01;1294
0.44;Ideal;D;VS1;61.3;56;4.92;4.87;3;1294
0.44;Ideal;D;VS1;61.6;56;4.92;4.85;3.01;1294
0.5;Very Good;F;SI1;61.4;57;5.08;5.12;3.13;1295
0.55;Very Good;D;SI2;63.3;56;5.22;5.24;3.31;1295
0.41;Premium;D;VVS2;62.5;58;4.72;4.75;2.96;1295
0.41;Ideal;F;VVS1;62.1;57;4.75;4.79;2.96;1295
0.41;Ideal;F;VVS1;62.3;55;4.74;4.79;2.97;1295
0.41;Ideal;F;VVS1;61.8;55;4.76;4.78;2.95;1295
0.41;Ideal;F;VVS1;62.3;57;4.73;4.77;2.96;1295
0.41;Ideal;F;VVS1;60.3;56;4.8;4.85;2.91;1295
0.41;Premium;F;VVS1;61.3;59;4.73;4.79;2.92;1295
0.41;Premium;F;VVS1;61.8;59;4.74;4.77;2.94;1295
0.41;Ideal;F;VVS1;61.7;57;4.77;4.8;2.95;1295
0.41;Premium;D;VVS2;61.8;58;4.75;4.79;2.95;1295
0.41;Ideal;F;VVS1;60.7;56;4.81;4.85;2.93;1295
0.41;Very Good;F;VVS1;62.1;56;4.78;4.79;2.97;1295
0.41;Ideal;F;VVS1;62.3;53;4.77;4.8;2.98;1295
0.41;Ideal;D;VVS2;62.3;57;4.74;4.76;2.96;1295
0.41;Ideal;D;VVS2;62.1;56;4.76;4.78;2.96;1295
0.41;Ideal;F;VVS1;62;55;4.74;4.78;2.95;1295
0.41;Very Good;D;VVS2;61.2;62;4.78;4.82;2.94;1295
0.41;Ideal;D;VVS2;62.3;55;4.76;4.77;2.97;1295
0.41;Ideal;F;VVS1;61.9;56;4.77;4.79;2.96;1295
0.41;Very Good;F;VVS1;58.9;58;4.84;4.87;2.86;1295
0.41;Ideal;F;VVS1;60.9;56;4.79;4.83;2.93;1295
0.58;Good;G;SI1;63.5;56;5.28;5.34;3.37;1295
0.41;Ideal;F;VVS1;61.8;57;4.75;4.79;2.95;1295
0.6;Ideal;I;SI1;60.7;58;5.43;5.45;3.3;1295
0.56;Ideal;E;SI2;61.9;55;5.32;5.34;3.3;1296
0.45;Premium;D;VS1;60.6;59;4.96;4.98;3.01;1297
0.45;Ideal;G;VVS1;61.7;56;4.93;4.96;3.05;1297
0.45;Ideal;G;VVS1;61.5;57;4.91;4.95;3.03;1297
0.62;Ideal;J;VS1;62.3;54;5.46;5.49;3.41;1297
0.55;Ideal;I;VS1;62.5;57;5.19;5.25;3.26;1297
0.56;Premium;E;SI2;62.6;59;5.24;5.2;3.27;1297
0.46;Ideal;D;VS2;62.4;56;4.98;4.95;3.1;1298
0.52;Very Good;F;SI1;61.9;58;5.1;5.15;3.17;1298
0.73;Very Good;G;I1;62.5;58;5.74;5.82;3.61;1298
0.43;Ideal;H;VVS1;61.5;56;4.86;4.89;3;1298
0.41;Good;E;VVS1;64.1;55;4.71;4.68;3.01;1298
0.42;Ideal;I;VVS2;61.2;57;4.83;4.87;2.97;1299
0.57;Ideal;F;SI1;61.6;56;5.33;5.36;3.29;1299
0.5;Good;E;VS2;64.1;58;5.01;5.03;3.22;1299
0.42;Ideal;H;VS1;61;57;4.85;4.89;2.97;1299
0.52;Ideal;E;SI2;61.9;56;5.17;5.19;3.2;1299
0.46;Ideal;H;SI1;61.2;56;4.97;5;3.05;1299
0.39;Premium;E;VVS1;60.7;58;4.69;4.73;2.86;1300
0.39;Premium;G;IF;59;60;4.75;4.78;2.81;1300
0.39;Ideal;E;VVS2;61.6;56;4.69;4.73;2.9;1300
0.39;Ideal;E;VVS2;60.5;57;4.72;4.74;2.86;1300
0.59;Ideal;I;VS2;62;54;5.4;5.43;3.36;1300
0.32;Ideal;E;IF;61.2;57;4.4;4.43;2.7;1300
0.38;Ideal;E;IF;61.4;55;4.68;4.7;2.88;1300
0.51;Very Good;I;VS1;62.5;59;5.1;5.14;3.2;1301
0.51;Ideal;I;VS1;61.8;56;5.1;5.13;3.16;1301
0.59;Very Good;F;SI2;63.4;57;5.32;5.28;3.36;1301
0.5;Very Good;H;VS2;62.3;58;5.05;5.12;3.17;1302
0.46;Premium;E;VS2;62.2;58;4.99;4.95;3.09;1302
0.61;Premium;F;SI2;60.9;58;5.44;5.52;3.34;1303
0.61;Good;I;VS2;63.4;55;5.42;5.46;3.45;1303
0.61;Ideal;F;SI2;62.3;57;5.38;5.44;3.37;1303
0.53;Ideal;E;SI1;61.2;54;5.21;5.25;3.2;1303
0.52;Premium;E;SI1;59;59;5.3;5.21;3.1;1303
0.35;Ideal;D;VVS1;61;55;4.62;4.59;2.81;1303
0.51;Very Good;E;SI1;62.9;57;5.06;5.11;3.2;1304
0.51;Very Good;E;SI1;61.2;61;5.13;5.16;3.15;1304
0.51;Good;E;SI1;63.3;59;5.05;5.09;3.21;1304
0.56;Premium;G;SI1;62.4;58;5.23;5.29;3.28;1304
0.51;Fair;D;SI1;65.2;55;5.05;5.01;3.28;1304
0.54;Ideal;I;VS1;61.2;58;5.24;5.29;3.22;1304
0.57;Ideal;H;SI1;61.6;60;5.33;5.35;3.29;1304
0.5;Ideal;F;SI1;62;55;5.08;5.12;3.16;1304
0.41;Ideal;F;IF;61.7;56;4.79;4.83;2.97;1304
0.43;Ideal;H;IF;62.2;55;4.87;4.84;3.02;1304
0.43;Ideal;E;VVS2;62;57;4.87;4.84;3.01;1304
0.43;Premium;E;VVS2;60.8;57;4.92;4.89;2.98;1304
0.51;Very Good;E;SI1;63.1;56;5.07;5.1;3.21;1305
0.59;Ideal;E;SI2;62.5;57;5.32;5.37;3.34;1305
0.71;Premium;J;SI2;61.8;54;5.74;5.7;3.53;1305
0.6;Fair;G;SI1;64.5;56;5.27;5.24;3.39;1305
0.5;Ideal;F;SI2;62;55;5.12;5.09;3.16;1305
0.5;Very Good;D;SI2;60.8;55;5.14;5.16;3.13;1306
0.46;Ideal;G;VVS2;62.4;54.4;4.93;4.98;3.09;1306
0.5;Ideal;H;VS2;60.3;55;5.16;5.21;3.13;1306
0.61;Ideal;G;SI2;60.5;56;5.49;5.59;3.35;1306
0.6;Good;J;VS1;58.9;60.5;5.5;5.57;3.26;1306
0.6;Good;F;SI2;62;62;5.33;5.4;3.32;1306
0.52;Premium;G;SI1;59.7;60;5.22;5.2;3.11;1306
0.53;Very Good;D;SI2;60.2;56;5.23;5.26;3.16;1307
0.42;Ideal;E;VVS1;59.7;56;4.88;4.91;2.92;1307
0.54;Ideal;F;SI1;61.2;56;5.23;5.29;3.22;1307
0.46;Good;F;VVS1;66.5;55;4.77;4.82;3.19;1307
0.58;Premium;G;SI2;61.2;59;5.4;5.36;3.29;1307
0.53;Premium;E;SI1;62.3;60;5.27;5.17;3.25;1307
0.61;Premium;D;SI2;60.8;57;5.48;5.4;3.31;1308
0.51;Very Good;F;SI1;62.9;56;5.05;5.1;3.19;1308
0.51;Premium;F;SI1;59.4;60;5.19;5.21;3.09;1308
0.51;Good;F;SI1;63.6;58;5.05;5.08;3.22;1308
0.43;Ideal;E;VVS2;61.8;57;4.79;4.85;2.98;1308
0.57;Ideal;F;SI2;62.2;53;5.34;5.4;3.34;1308
0.53;Ideal;G;SI1;62.3;55;5.13;5.24;3.23;1308
0.53;Ideal;G;SI1;62.7;55;5.15;5.19;3.24;1308
0.61;Premium;I;VS2;58.8;58;5.59;5.53;3.27;1308
0.57;Very Good;H;SI1;63.1;54;5.3;5.28;3.34;1309
0.57;Premium;H;SI1;59.3;58;5.46;5.4;3.22;1309
0.52;Very Good;I;VS1;61;58;5.18;5.22;3.17;1310
0.42;Ideal;H;VVS1;61.1;56;4.86;4.9;2.98;1310
0.42;Ideal;G;IF;62;57;4.82;4.8;2.98;1310
0.31;Ideal;D;IF;61.1;56;4.42;4.39;2.69;1310
0.54;Good;D;SI1;63.7;57;5.22;5.14;3.3;1310
0.48;Very Good;F;VS2;62.6;55;5;5.07;3.15;1311
0.45;Very Good;D;VS2;62.9;58.4;4.83;4.86;3.04;1311
0.52;Very Good;G;SI1;61.7;57;5.13;5.16;3.17;1311
0.52;Very Good;G;SI1;61.1;56;5.19;5.23;3.18;1311
0.66;Very Good;F;SI2;61.6;54;5.62;5.64;3.47;1311
0.54;Very Good;F;SI2;61.2;57.4;5.23;5.25;3.21;1311
0.33;Ideal;E;VVS1;61.9;57;4.43;4.46;2.75;1312
0.35;Ideal;F;IF;60.9;55;4.58;4.61;2.8;1312
0.51;Premium;G;SI1;60.3;61;5.19;5.12;3.11;1312
0.51;Premium;G;SI1;62.4;58;5.13;5.07;3.18;1312
0.51;Good;G;SI1;63.6;55;5.06;5.03;3.21;1312
0.51;Ideal;G;SI1;63;53;5.13;5.1;3.22;1312
0.51;Good;F;SI1;63.6;56;5.11;5.08;3.24;1312
0.51;Very Good;F;SI1;63.1;54;5.12;5.06;3.21;1312
0.51;Good;F;SI1;63.8;56;5.08;5.04;3.23;1312
0.51;Ideal;H;VS2;61.2;53;5.22;5.18;3.18;1312
0.41;Very Good;F;IF;61.6;58;4.75;4.79;2.94;1313
0.55;Ideal;F;SI2;61.1;56;5.25;5.33;3.24;1313
0.57;Ideal;G;VS2;60.7;56;5.4;5.37;3.27;1313
0.54;Very Good;F;SI1;64;59;5.14;5.18;3.3;1314
0.53;Ideal;H;VS2;62.5;56;5.15;5.19;3.23;1314
0.46;Premium;G;VVS2;61.3;60;4.94;5.01;3.05;1314
0.53;Ideal;D;SI2;60.4;57;5.26;5.3;3.19;1314
0.53;Ideal;D;SI2;61.9;55;5.19;5.24;3.23;1314
0.53;Ideal;D;SI2;61.4;56;5.22;5.24;3.21;1314
0.53;Very Good;D;SI2;62.9;54;5.13;5.17;3.24;1314
0.53;Ideal;H;VS2;62.4;56;5.17;5.18;3.23;1314
0.43;Ideal;D;VS2;61.3;55;4.84;4.88;2.98;1314
0.55;Ideal;H;SI1;61.6;55;5.29;5.32;3.27;1314
0.54;Ideal;G;SI1;62.5;56;5.2;5.24;3.26;1314
0.5;Premium;E;SI1;62.6;56;5.07;5.06;3.17;1314
0.55;Premium;I;VS2;61.7;55;5.35;5.29;3.28;1314
0.51;Very Good;E;SI1;61.6;53;5.16;5.19;3.19;1315
0.57;Very Good;E;SI2;61.2;57;5.31;5.35;3.26;1315
0.42;Good;D;VS1;57.3;62;4.95;5;2.85;1315
0.53;Ideal;E;SI2;60.9;57;5.23;5.21;3.18;1315
0.53;Good;I;VS1;64.3;55;5.17;5.13;3.31;1315
0.51;Ideal;I;VVS2;62.5;54.3;5.09;5.12;3.19;1316
0.5;Good;E;SI1;63.3;59;4.99;5.03;3.17;1316
0.5;Good;E;SI1;63.8;55;5.04;5.09;3.23;1316
0.5;Ideal;E;SI1;62.2;57;5.05;5.11;3.16;1316
0.5;Ideal;E;SI1;61.6;57;5.09;5.13;3.15;1316
0.5;Good;E;SI1;63.7;56;5.02;5.06;3.21;1316
0.55;Very Good;F;SI1;60.7;57;5.27;5.3;3.21;1316
0.5;Premium;E;SI1;60.2;58;5.15;5.18;3.11;1316
0.5;Good;G;VS2;57.9;61;5.2;5.23;3.02;1316
0.5;Premium;E;SI1;62;59;5.06;5.1;3.15;1316
0.5;Good;E;SI1;63.2;57;5.03;5.06;3.19;1316
0.5;Very Good;E;SI1;63;58;5.04;5.08;3.19;1316
0.55;Ideal;F;SI1;61.8;55;5.22;5.27;3.24;1316
0.5;Very Good;E;SI1;60.7;61;5.09;5.12;3.1;1316
0.5;Good;E;SI1;63.3;58;4.99;5.03;3.17;1316
0.5;Very Good;E;SI1;61.5;62;5.06;5.09;3.12;1316
0.55;Premium;G;SI1;61.3;59;5.23;5.28;3.22;1316
0.5;Premium;E;SI1;62.3;58;5.09;5.15;3.19;1316
0.52;Ideal;I;VVS2;62.2;57;5.18;5.11;3.2;1316
0.55;Very Good;G;SI1;60.1;61;5.32;5.29;3.19;1316
0.66;Ideal;J;VS2;62.1;55;5.6;5.64;3.49;1316
0.53;Ideal;D;SI2;61.6;55;5.21;5.24;3.22;1316
0.54;Very Good;I;VS2;62.3;56;5.17;5.22;3.24;1317
0.5;Very Good;I;VS1;61.5;55;5.12;5.16;3.16;1317
0.5;Ideal;F;SI1;61.3;56;5.13;5.09;3.13;1317
0.5;Ideal;E;SI1;63;56;5.13;5.06;3.21;1317
0.51;Very Good;E;SI1;62.2;55;5.09;5.11;3.17;1318
0.51;Very Good;E;SI1;60.8;55;5.17;5.2;3.15;1318
0.5;Very Good;D;SI1;61.6;59;5.12;5.14;3.16;1318
0.43;Ideal;G;IF;62.5;54;4.83;4.86;3.03;1318
0.43;Ideal;G;IF;62.4;54;4.84;4.87;3.03;1318
0.43;Ideal;G;IF;61.3;56;4.86;4.9;2.99;1318
0.43;Ideal;G;IF;61.9;53;4.87;4.88;3.02;1318
0.59;Good;F;SI1;59.5;62;5.45;5.5;3.26;1318
0.38;Good;E;IF;59.1;58;4.74;4.77;2.81;1318
0.53;Premium;D;SI2;59.3;61;5.29;5.26;3.13;1318
0.53;Good;D;SI2;63.9;55;5.14;5.1;3.27;1318
0.47;Ideal;D;VS2;61.9;56;4.99;5.03;3.1;1319
0.55;Ideal;H;SI1;62.1;56;5.2;5.26;3.25;1319
0.52;Ideal;G;SI1;62.2;54;5.16;5.19;3.22;1319
0.31;Ideal;E;IF;61;57;4.36;4.39;2.67;1319
0.44;Ideal;F;VVS1;61.5;57;4.9;4.86;3;1319
0.59;Premium;F;SI2;61.9;61;5.38;5.33;3.31;1319
0.52;Very Good;H;VS1;59.6;57;5.25;5.34;3.15;1320
0.47;Very Good;E;VS2;62.6;57;4.92;4.95;3.09;1320
0.48;Very Good;E;VS2;59.9;58.9;5.07;5.12;3.06;1320
0.51;Very Good;F;SI1;61.7;55;5.14;5.16;3.18;1320
0.53;Very Good;F;SI1;61.5;59;5.15;5.19;3.18;1320
0.54;Very Good;E;SI1;62.2;61;5.24;5.15;3.23;1320
0.52;Ideal;D;SI2;60.7;56;5.22;5.25;3.18;1320
0.55;Ideal;I;SI1;61.2;55;5.28;5.33;3.25;1320
0.57;Premium;E;SI2;61;60;5.36;5.32;3.26;1320
0.57;Premium;E;SI2;60.7;57;5.42;5.35;3.27;1320
0.46;Very Good;D;VS2;61.2;57;4.96;5;3.05;1321
0.55;Premium;G;SI1;62.1;56;5.28;5.22;3.26;1321
0.55;Premium;G;SI1;61.8;59;5.25;5.2;3.23;1321
0.51;Ideal;G;SI1;61.9;56;5.11;5.17;3.17;1321
0.53;Very Good;F;SI1;60.9;60;5.16;5.22;3.16;1322
0.53;Very Good;F;SI1;62.5;57;5.19;5.24;3.26;1322
0.5;Ideal;I;VVS2;61.8;57;5.09;5.11;3.15;1322
0.41;Ideal;F;VS2;61.5;56;4.79;4.83;2.96;1322
0.56;Ideal;G;SI1;61.2;59;5.26;5.32;3.24;1322
0.51;Ideal;F;SI1;61.2;56;5.19;5.21;3.18;1322
0.54;Good;E;SI1;57.2;59;5.37;5.32;3.06;1323
0.52;Very Good;D;SI1;62.7;56;5.08;5.13;3.2;1323
0.48;Premium;E;VS2;62.5;61;5.01;4.97;3.12;1323
0.41;Ideal;F;VVS2;61.4;57;4.77;4.81;2.94;1323
0.41;Ideal;F;VVS2;61.2;56;4.78;4.82;2.94;1323
0.5;Fair;F;VS2;64.6;58;5.01;4.99;3.23;1323
0.5;Fair;D;SI1;65.1;58;5;4.96;3.24;1323
0.5;Fair;D;SI1;64.6;58;5;4.97;3.22;1323
0.5;Fair;D;SI1;65.7;56;5.01;4.97;3.28;1323
0.45;Premium;G;VVS1;60.1;58;4.97;4.95;2.98;1323
0.45;Premium;G;VVS1;60.8;58;4.98;4.92;3.01;1323
0.4;Premium;F;VVS1;60.2;59;4.76;4.74;2.86;1323
0.4;Premium;F;VVS1;60.8;59;4.76;4.74;2.89;1323
0.4;Premium;F;VVS1;61.1;59;4.78;4.75;2.91;1323
0.4;Ideal;F;VVS1;61.3;55;4.78;4.75;2.92;1323
0.4;Ideal;F;VVS1;60.7;56;4.79;4.77;2.9;1323
0.4;Premium;F;VVS1;61.9;57;4.71;4.69;2.91;1323
0.4;Ideal;F;VVS1;61.7;56;4.75;4.72;2.92;1323
0.4;Ideal;F;VVS1;62.5;57;4.75;4.72;2.96;1323
0.4;Ideal;F;VVS1;61.3;56;4.76;4.73;2.91;1323
0.4;Premium;D;VVS2;62.2;54;4.77;4.75;2.96;1323
0.4;Ideal;D;VVS2;61.3;56;4.78;4.75;2.92;1323
0.4;Premium;D;VVS2;60.4;59;4.77;4.76;2.88;1323
0.4;Premium;D;VVS2;60.8;59;4.81;4.76;2.91;1323
0.4;Ideal;D;VVS2;62;56;4.74;4.71;2.93;1323
0.4;Ideal;D;VVS2;62.2;55;4.74;4.72;2.94;1323
0.4;Ideal;D;VVS2;61.9;56;4.76;4.74;2.94;1323
0.4;Premium;D;VVS2;60.7;60;4.78;4.74;2.89;1323
0.5;Premium;F;VS2;61.7;60;5.06;5.02;3.11;1323
0.5;Good;F;VS2;64;57;5.08;5.04;3.23;1323
0.6;Premium;F;SI1;62.9;59;5.39;5.31;3.37;1323
0.53;Premium;F;SI1;61.4;58;5.19;5.17;3.18;1324
0.58;Ideal;J;VS2;60.9;57;5.38;5.4;3.28;1324
0.58;Ideal;J;VS1;61.9;58;5.31;5.35;3.3;1324
0.85;Fair;H;I1;61;61;6.2;6;3.73;1324
0.85;Fair;H;I1;66.7;59;5.86;5.78;3.88;1324
0.59;Very Good;E;SI2;60.5;58;5.43;5.51;3.31;1325
0.52;Ideal;G;SI1;62.4;55;5.15;5.17;3.22;1325
0.52;Very Good;F;SI1;61;59;5.18;5.21;3.17;1326
0.53;Very Good;E;SI1;63.3;56;5.13;5.17;3.26;1326
0.46;Ideal;D;VS2;62.7;57;4.89;4.93;3.08;1326
0.46;Very Good;D;VS2;60.9;58;4.94;4.97;3.02;1326
0.42;Premium;F;VVS1;60.5;58;4.81;4.84;2.92;1326
0.42;Ideal;F;VVS1;61.3;56;4.82;4.83;2.96;1326
0.42;Ideal;D;VVS2;62.6;56;4.77;4.79;2.99;1326
0.42;Ideal;F;VVS1;62;55;4.81;4.84;2.99;1326
0.42;Ideal;D;VVS2;62.1;55;4.78;4.81;2.98;1326
0.42;Ideal;D;VVS2;62.5;57;4.77;4.8;2.99;1326
0.42;Ideal;D;VVS2;62.1;55;4.79;4.81;2.98;1326
0.42;Ideal;D;VVS2;61.4;56;4.82;4.85;2.97;1326
0.57;Ideal;I;VS2;61.5;56;5.32;5.35;3.28;1326
0.45;Very Good;G;VVS1;62.2;58;4.9;4.97;3.07;1327
0.55;Very Good;H;VS2;60.2;59;5.36;5.24;3.19;1327
0.42;Ideal;E;VVS1;62;55;4.81;4.83;2.99;1327
0.62;Ideal;G;SI2;62.1;55;5.46;5.49;3.4;1327
0.54;Ideal;F;SI1;61.5;55;5.25;5.28;3.24;1327
0.38;Ideal;E;VVS1;61.9;56;4.67;4.64;2.88;1327
0.38;Ideal;E;VVS1;62.4;56;4.67;4.64;2.9;1327
0.38;Ideal;E;VVS1;62.6;56;4.64;4.6;2.89;1327
0.38;Premium;E;VVS1;61.9;58;4.66;4.62;2.87;1327
0.55;Ideal;I;VS2;58.5;62;5.4;5.39;3.16;1327
0.5;Fair;G;VS1;60.3;66;5.13;5.09;3.08;1327
0.59;Good;E;SI2;57.4;62;5.53;5.49;3.16;1327
0.51;Very Good;H;VS2;60.1;59.8;5.14;5.19;3.1;1328
0.53;Good;E;SI1;57.8;57;5.33;5.29;3.07;1328
0.62;Premium;F;SI2;61.7;60;5.48;5.45;3.37;1329
0.43;Ideal;H;VS1;61.2;55;4.87;4.9;2.99;1329
0.51;Ideal;G;SI1;61.3;55;5.18;5.22;3.19;1329
0.53;Ideal;G;SI1;62.4;55;5.21;5.18;3.24;1329
0.59;Ideal;J;VS1;58.7;56;5.52;5.48;3.23;1330
0.51;Very Good;E;SI1;63;58;4.99;5.08;3.17;1330
0.52;Ideal;E;SI1;61.4;57;5.15;5.18;3.17;1330
0.45;Ideal;D;VS1;62.3;56;4.88;4.91;3.05;1330
0.52;Very Good;E;SI1;63;54;5.11;5.15;3.23;1330
0.35;Ideal;D;VVS1;60.8;55;4.58;4.6;2.79;1330
0.35;Ideal;D;VVS1;60.6;56;4.58;4.59;2.78;1330
0.58;Ideal;G;SI1;61.4;55;5.38;5.41;3.31;1330
0.54;Premium;F;SI1;61.8;60;5.22;5.2;3.22;1330
0.65;Very Good;H;SI2;62;56;5.53;5.56;3.44;1331
0.5;Very Good;E;SI1;62.7;55;5.06;5.09;3.18;1331
0.5;Very Good;E;SI1;60.9;58;5.1;5.14;3.12;1331
0.5;Very Good;E;SI1;61.9;53;5.14;5.16;3.19;1331
0.31;Very Good;D;IF;62;56;4.33;4.35;2.69;1331
0.5;Ideal;E;SI1;62.2;57;5.05;5.08;3.15;1331
0.5;Ideal;E;SI1;62.8;57;5.05;5.08;3.18;1331
0.5;Ideal;E;SI1;59.7;62;5.16;5.19;3.09;1331
0.5;Ideal;E;SI1;59.1;61;5.16;5.19;3.06;1331
0.5;Good;E;SI1;58.5;59;5.2;5.23;3.05;1331
0.32;Premium;H;VS2;59.5;58;4.47;4.5;2.67;505
0.32;Ideal;I;VS1;60.9;56;4.44;4.46;2.71;505
0.32;Good;I;VS1;63.2;54;4.38;4.42;2.78;505
0.36;Ideal;I;VS2;61.8;55;4.58;4.61;2.84;505
0.32;Very Good;I;VS1;62.4;56;4.31;4.37;2.71;505
0.32;Premium;H;VS2;60.7;60;4.39;4.41;2.67;505
0.32;Very Good;I;VS1;59.8;60;4.44;4.46;2.66;505
0.36;Premium;E;SI2;60.6;59;4.57;4.61;2.78;505
0.32;Very Good;H;VS2;60.6;58;4.44;4.47;2.7;505
0.32;Premium;I;VS1;62;58;4.37;4.4;2.72;505
0.32;Ideal;H;VS2;62.1;56;4.37;4.42;2.73;505
0.32;Very Good;H;VS2;62.8;55;4.38;4.41;2.76;505
0.36;Premium;I;VS2;62.7;59;4.54;4.58;2.86;505
0.32;Premium;I;VS1;61.3;58;4.35;4.39;2.68;505
0.32;Good;H;VS2;63.1;55;4.33;4.36;2.74;505
0.36;Very Good;E;SI2;62.6;57;4.5;4.54;2.83;505
0.32;Ideal;H;VS2;62;55;4.39;4.42;2.73;505
0.32;Premium;I;VS1;61;60;4.42;4.47;2.71;505
0.32;Premium;H;VS2;62.5;59;4.33;4.38;2.72;505
0.32;Ideal;H;VS2;62.5;55;4.38;4.42;2.75;505
0.32;Ideal;I;VS1;62.3;57;4.37;4.42;2.74;505
0.32;Very Good;H;VS2;63;57;4.35;4.38;2.75;505
0.3;Very Good;G;VS2;61.8;60;4.29;4.25;2.64;505
0.32;Premium;H;VS2;61.7;59;4.35;4.4;2.7;505
0.32;Very Good;H;VS2;60.7;61;4.39;4.41;2.67;505
0.36;Ideal;H;SI1;62.3;57;4.54;4.58;2.84;505
0.32;Premium;H;VS2;60.6;58;4.44;4.47;2.7;505
0.32;Very Good;H;VS2;62.3;57;4.37;4.39;2.73;505
0.32;Ideal;H;VS2;61.3;55;4.4;4.44;2.71;505
0.32;Ideal;H;VS2;62;57;4.35;4.39;2.71;505
0.51;Ideal;H;SI1;62.1;55;5.17;5.15;3.2;1331
0.53;Good;E;SI1;64.1;54;5.11;5.16;3.29;1332
0.58;Premium;H;SI1;58.4;59;5.51;5.48;3.21;1332
0.58;Premium;H;SI1;59.7;57;5.47;5.41;3.25;1332
0.58;Premium;H;SI1;62.1;55;5.38;5.35;3.33;1332
0.58;Very Good;H;SI1;63.3;56;5.34;5.31;3.37;1332
0.58;Ideal;F;SI2;62;57;5.35;5.32;3.31;1332
0.5;Ideal;D;SI2;62.4;56;5.1;5.06;3.17;1332
0.5;Ideal;D;SI2;62.5;55;5.14;5.07;3.19;1332
0.5;Ideal;D;SI2;61.6;57;5.13;5.1;3.15;1332
0.5;Ideal;H;VS2;61.2;56;5.18;5.14;3.16;1332
0.5;Ideal;F;SI1;61.5;55;5.16;5.12;3.16;1332
0.5;Premium;F;SI1;60.1;59;5.17;5.14;3.1;1332
0.5;Fair;H;VS2;56.3;65;5.24;5.21;2.94;1332
0.5;Premium;H;VS2;60.9;59;5.14;5.11;3.12;1332
0.4;Ideal;E;VVS1;61.7;57;4.7;4.74;2.91;1333
0.4;Ideal;E;VVS1;62.6;56;4.7;4.73;2.95;1333
0.4;Very Good;E;VVS1;61.2;61;4.7;4.74;2.89;1333
0.4;Ideal;E;VVS1;61.5;56;4.7;4.73;2.9;1333
0.5;Good;F;VS2;63.6;58;5.02;5.05;3.2;1333
0.4;Premium;G;IF;59.8;58;4.79;4.85;2.88;1333
0.4;Ideal;G;IF;61.4;55;4.76;4.79;2.93;1333
0.4;Very Good;E;VVS1;62.8;57;4.65;4.71;2.94;1333
0.4;Premium;G;IF;60.8;58;4.73;4.77;2.89;1333
0.4;Premium;E;VVS1;61.4;59;4.68;4.74;2.89;1333
0.38;Ideal;F;IF;62.2;55;4.64;4.66;2.89;1333
0.4;Ideal;E;VVS1;61.5;56;4.75;4.78;2.93;1333
0.5;Very Good;F;VS2;60.6;59;5.03;5.13;3.08;1333
0.5;Good;D;SI1;63.8;60;5;5.03;3.2;1333
0.4;Ideal;E;VVS1;62.4;57;4.67;4.72;2.93;1333
0.4;Ideal;G;IF;62.2;55;4.73;4.76;2.95;1333
0.57;Ideal;D;SI2;62.3;53;5.32;5.34;3.32;1333
0.39;Ideal;E;IF;61.3;56;4.71;4.75;2.9;1333
0.39;Ideal;E;IF;61.1;57;4.73;4.76;2.9;1333
0.62;Good;E;SI2;59.4;65;5.54;5.48;3.27;1333
0.56;Ideal;F;SI1;61.5;55;5.3;5.34;3.27;1334
0.44;Ideal;E;VVS2;60.7;57;4.92;4.9;2.98;1334
0.44;Premium;E;VVS2;60;59;4.99;4.95;2.98;1334
0.44;Ideal;E;VVS2;61.8;56;4.93;4.88;3.03;1334
0.44;Ideal;E;VVS2;60.9;57;4.95;4.9;3;1334
0.44;Ideal;E;VVS2;61.9;56;4.91;4.88;3.03;1334
0.51;Fair;F;VS2;61;66;5.12;5.04;3.1;1334
0.85;Fair;J;I1;65.5;59;5.95;5.82;3.86;1334
0.89;Fair;H;I1;58.8;66;6.21;6.09;3.62;1334
0.53;Premium;G;VS2;59.9;60;5.24;5.28;3.15;1335
0.53;Ideal;F;SI2;60.3;56;5.25;5.3;3.18;1335
0.49;Very Good;D;VS2;64;53;4.94;4.99;3.18;1336
0.53;Very Good;G;SI1;61.6;57;5.18;5.21;3.2;1336
0.41;Ideal;G;IF;62.1;57;4.77;4.76;2.96;1336
0.58;Good;E;SI1;59.3;64;5.48;5.42;3.23;1336
0.58;Very Good;G;VS2;63.2;58;5.36;5.28;3.36;1336
0.44;Very Good;E;VVS2;59.6;59;4.98;4.99;2.97;1337
0.5;Very Good;H;VS2;62.9;58;5.08;5.1;3.2;1337
0.5;Very Good;H;VS2;62.3;57;5.03;5.12;3.16;1337
0.5;Very Good;H;VS2;62.3;56;5.06;5.11;3.17;1337
0.5;Very Good;E;SI1;61.1;55;5.1;5.15;3.13;1337
0.5;Very Good;D;SI1;63.5;57;5.04;5.1;3.22;1337
0.45;Ideal;E;VVS2;61.9;56;4.91;4.95;3.05;1337
0.52;Ideal;F;SI1;60.4;56;5.31;5.29;3.2;1337
0.5;Ideal;E;SI1;60.6;59;5.13;5.16;3.12;1337
0.5;Ideal;E;SI1;61.6;57;5.08;5.11;3.14;1337
0.5;Ideal;E;SI1;61.9;60;5.06;5.09;3.14;1337
0.54;Good;H;VS2;63.2;55;5.2;5.24;3.3;1338
0.54;Ideal;H;VS2;60.1;57;5.28;5.33;3.19;1338
0.54;Very Good;H;VS2;62.6;58;5.16;5.19;3.24;1338
0.46;Ideal;H;VVS1;62.4;53.4;4.95;5.01;3.1;1338
0.6;Ideal;D;SI2;61.3;59;5.42;5.48;3.34;1338
0.52;Premium;F;SI1;59.5;59;5.31;5.24;3.14;1338
0.52;Very Good;G;SI1;63.3;55;5.1;5.07;3.22;1338
0.52;Good;G;SI1;63.6;56;5.09;5.07;3.23;1338
0.52;Very Good;G;SI1;63.3;57;5.11;5.08;3.22;1338
0.52;Premium;G;SI1;59.6;62;5.23;5.18;3.1;1338
0.52;Premium;G;SI1;62.8;61;5.14;5.11;3.22;1338
0.52;Good;F;SI1;63.8;56;5.12;5.07;3.25;1338
0.52;Premium;F;SI1;58.6;61;5.3;5.28;3.1;1338
0.56;Very Good;F;SI1;63.3;56;5.26;5.22;3.32;1338
0.52;Ideal;G;SI1;62.6;56;5.16;5.13;3.22;1338
0.5;Good;F;VS2;65.3;57;4.93;4.97;3.23;1339
0.57;Very Good;G;SI1;61.9;59;5.28;5.31;3.28;1340
0.56;Premium;G;SI1;60.2;59;5.34;5.36;3.22;1340
0.56;Ideal;F;SI1;61.4;57;5.28;5.3;3.25;1340
0.56;Very Good;G;SI1;58.8;59;5.38;5.4;3.17;1340
0.56;Ideal;G;SI1;62.5;56;5.21;5.28;3.28;1340
0.56;Good;F;SI1;63.2;56;5.24;5.29;3.33;1340
0.54;Ideal;E;SI2;60.6;57;5.28;5.25;3.19;1340
0.54;Ideal;E;SI2;60.7;56;5.3;5.25;3.2;1340
0.54;Ideal;E;SI2;60.4;57;5.33;5.27;3.2;1340
0.51;Fair;E;SI1;55.8;61;5.43;5.35;3.01;1340
0.51;Very Good;E;SI1;60.3;63;5.13;5.06;3.07;1340
0.51;Premium;E;SI1;58.2;61;5.27;5.22;3.05;1340
0.54;Premium;G;SI1;61.1;60;5.24;5.2;3.19;1340
0.53;Ideal;I;VVS2;61.2;56;5.21;5.28;3.21;1341
0.52;Ideal;E;SI1;62.1;54;5.17;5.2;3.22;1341
0.68;Good;J;VS1;61.6;65;5.63;5.57;3.45;1341
0.6;Premium;H;SI1;58.9;61;5.54;5.5;3.25;1341
0.43;Ideal;G;IF;61.6;57;4.84;4.81;2.97;1341
0.37;Ideal;F;VVS1;59.2;57;4.71;4.75;2.8;1342
0.58;Ideal;D;SI2;62.7;56;5.3;5.32;3.33;1342
0.58;Ideal;D;SI2;61.2;57;5.36;5.4;3.29;1342
0.6;Ideal;I;SI1;62.2;58;5.37;5.41;3.35;1342
0.52;Very Good;G;SI1;63.1;58;5.11;5.13;3.23;1343
0.52;Very Good;E;SI1;61.1;62;5.16;5.18;3.16;1343
0.52;Very Good;E;SI1;60.8;56;5.17;5.2;3.15;1343
0.51;Ideal;E;SI1;62;55;5.12;5.14;3.18;1343
0.51;Ideal;E;SI1;61.1;56;5.17;5.2;3.17;1343
0.51;Ideal;E;SI1;62.4;55;5.09;5.14;3.19;1343
0.51;Very Good;E;SI1;62.8;61;5.06;5.07;3.18;1343
0.51;Good;G;VS2;63.9;56;5.07;5.1;3.25;1343
0.51;Ideal;E;SI1;62.5;56;5.07;5.1;3.18;1343
0.51;Ideal;E;SI1;61.7;55;5.13;5.17;3.18;1343
0.51;Very Good;E;SI1;61;58;5.1;5.13;3.12;1343
0.51;Ideal;E;SI1;62.3;56;5.12;5.15;3.2;1343
0.51;Good;E;SI1;63.9;56;5.07;5.11;3.25;1343
0.51;Good;G;VS2;63.5;57;5.05;5.06;3.21;1343
0.51;Premium;E;SI1;61.8;58;5.11;5.15;3.17;1343
0.51;Good;E;SI1;63.5;54;5.07;5.1;3.23;1343
0.51;Good;E;SI1;63.2;61;5.05;5.08;3.2;1343
0.51;Premium;G;VS2;61.3;59;5.11;5.17;3.15;1343
0.51;Good;E;SI1;63.9;54;5.05;5.09;3.24;1343
0.51;Very Good;G;VS2;62.6;57;5.1;5.15;3.21;1343
0.51;Very Good;H;VS1;62.5;58;5.09;5.12;3.19;1343
0.51;Ideal;G;VS2;62;56;5.11;5.18;3.19;1343
0.58;Ideal;G;SI2;62.2;55;5.4;5.36;3.35;1343
0.56;Ideal;I;SI1;61.3;56;5.28;5.31;3.25;1343
0.56;Ideal;H;SI1;61.9;58;5.27;5.3;3.27;1343
0.54;Very Good;D;SI2;63.2;57;5.19;5.16;3.27;1343
0.52;Premium;D;SI1;59.7;60;5.26;5.19;3.12;1344
0.46;Very Good;E;VS2;58.9;59.4;5.05;5.1;2.99;1345
0.62;Premium;G;SI2;60.2;61;5.49;5.44;3.29;1345
0.56;Ideal;G;SI1;62.5;57;5.26;5.23;3.28;1345
0.5;Very Good;F;VS2;63.4;57;5.01;4.96;3.16;1345
0.56;Ideal;G;SI1;62.9;56;5.27;5.25;3.31;1345
0.56;Premium;G;SI1;62.8;55;5.28;5.26;3.31;1345
0.54;Very Good;F;SI1;61.2;55;5.23;5.29;3.22;1346
0.57;Very Good;F;SI1;62;55;5.32;5.37;3.32;1346
0.54;Ideal;I;VVS2;61.7;54;5.25;5.29;3.25;1346
0.58;Ideal;E;SI2;62.8;56;5.3;5.37;3.35;1346
0.52;Ideal;G;SI1;60;56;5.24;5.27;3.15;1346
0.51;Ideal;F;SI1;61.9;56;5.11;5.16;3.18;1346
0.51;Ideal;D;SI1;62.9;55;5.07;5.11;3.2;1346
0.55;Premium;J;SI1;60.5;59;5.33;5.28;3.21;1348
0.62;Very Good;F;SI2;63.1;52;5.39;5.53;3.45;1348
0.44;Ideal;G;IF;62.2;54;4.89;4.92;3.05;1348
0.44;Ideal;G;IF;62.2;53;4.9;4.94;3.06;1348
0.5;Good;E;VS2;63.3;64;4.98;5;3.16;1348
0.5;Fair;F;VS1;62.9;68;5.02;4.96;3.14;1348
0.5;Premium;E;SI1;62.4;61;5.1;4.98;3.15;1348
0.5;Very Good;H;VS2;62.6;56;4.99;5.11;3.16;1349
0.48;Very Good;E;SI1;62.7;58.5;4.99;5.01;3.14;1349
0.41;Very Good;D;VVS1;62.7;56;4.74;4.77;2.98;1349
0.41;Premium;D;VVS1;62.2;58;4.71;4.77;2.95;1349
0.52;Good;G;VS2;63.3;57;5.09;5.11;3.23;1349
0.5;Ideal;H;VS2;61.3;56;5.12;5.16;3.15;1349
0.4;Good;F;VVS1;61.9;61;4.71;4.73;2.92;1349
0.54;Premium;F;SI1;63;57;5.23;5.18;3.28;1349
0.51;Good;D;SI1;64;58;5.06;5.03;3.23;1349
0.51;Premium;F;SI1;59.4;61;5.26;5.21;3.11;1349
0.53;Very Good;I;VS1;59.9;58;5.24;5.28;3.15;1350
0.54;Ideal;G;SI1;62.4;56;5.2;5.22;3.25;1350
0.54;Ideal;G;SI1;61.8;58;5.21;5.27;3.24;1350
0.52;Good;F;SI2;58.7;64;5.24;5.26;3.08;1350
0.6;Good;G;SI1;65.3;56;5.21;5.26;3.42;1350
0.42;Ideal;D;VS1;62.3;57;4.8;4.76;2.98;1350
0.42;Ideal;D;VS1;61.4;56;4.86;4.82;2.97;1350
0.8;Good;G;I1;63.7;55;5.91;5.81;3.73;1350
0.5;Fair;G;VS1;65.8;57;5.03;4.91;3.27;1350
0.63;Premium;F;SI2;60.3;61;5.55;5.5;3.33;1351
0.5;Very Good;G;VS2;60.9;58;5.08;5.1;3.1;1351
0.5;Very Good;G;VS2;62;57;5.04;5.12;3.15;1351
0.5;Very Good;E;SI1;60.7;58;5.09;5.13;3.1;1351
0.53;Ideal;I;VVS2;60.9;56;5.26;5.3;3.21;1351
0.4;Ideal;F;VVS2;61.8;55;4.71;4.74;2.92;1351
0.49;Premium;E;VS2;58.8;59;5.2;5.14;3.04;1351
0.52;Ideal;G;SI1;62.2;54;5.18;5.2;3.23;1352
0.53;Good;D;SI2;54.3;65;5.46;5.51;2.98;1352
0.59;Ideal;J;VS2;60.8;57;5.47;5.42;3.31;1352
0.59;Ideal;I;SI1;61.7;55;5.41;5.39;3.33;1352
0.4;Ideal;D;VVS2;60.9;57;4.74;4.78;2.9;1353
0.53;Ideal;H;VS2;62.5;54;5.17;5.2;3.24;1353
0.53;Ideal;H;VS2;62.3;54;5.19;5.21;3.24;1353
0.53;Ideal;H;VS2;62.1;54;5.21;5.23;3.24;1353
0.46;Ideal;H;VS1;61.9;55;4.95;4.99;3.08;1353
0.47;Good;F;VS1;64;60;4.96;4.87;3.15;1353
0.52;Very Good;F;SI1;60.3;61;5.21;5.27;3.16;1354
0.5;Very Good;D;SI1;63.4;56;5.01;5.06;3.19;1354
0.5;Very Good;D;SI1;61.9;62;5.03;5.09;3.13;1354
0.5;Very Good;E;SI1;60.7;61;5.09;5.13;3.1;1354
0.5;Premium;G;VS2;59.4;60;5.14;5.16;3.06;1354
0.5;Very Good;G;VS2;60.3;58;5.15;5.19;3.12;1354
0.4;Ideal;D;VVS1;61.5;55;4.78;4.82;2.95;1354
0.51;Ideal;H;SI1;61.7;55;5.12;5.16;3.17;1354
0.51;Ideal;H;SI1;61;57;5.17;5.22;3.17;1354
0.52;Ideal;G;SI1;60.4;57;5.23;5.27;3.17;1354
0.5;Good;F;VS2;59.7;63;5.08;5.1;3.04;1354
0.55;Premium;F;SI1;62.9;58;5.26;5.23;3.3;1354
0.53;Good;E;SI1;63.1;56;5.15;5.19;3.26;1355
0.57;Ideal;I;VS1;61.6;56;5.33;5.35;3.29;1355
0.51;Ideal;E;SI1;60.9;54;5.17;5.21;3.16;1355
0.46;Premium;E;VS1;62;58;4.98;4.95;3.08;1355
0.59;Premium;G;SI1;59.8;58;5.48;5.43;3.26;1355
0.54;Very Good;F;SI1;63;60;5.13;5.12;3.23;1356
0.61;Very Good;I;SI1;63.4;55;5.39;5.43;3.43;1356
0.58;Ideal;D;SI2;61.7;54;5.4;5.43;3.34;1356
0.58;Ideal;D;SI2;63.4;57;5.29;5.34;3.37;1356
0.51;Ideal;E;SI1;61.5;54;5.15;5.19;3.18;1356
0.41;Premium;F;VVS1;58.9;58;4.87;4.84;2.86;1356
0.41;Ideal;F;VVS1;62.3;53;4.8;4.77;2.98;1356
0.41;Premium;F;VVS1;62.1;56;4.79;4.78;2.97;1356
0.41;Ideal;F;VVS1;60.9;56;4.83;4.79;2.93;1356
0.41;Ideal;F;VVS1;60.3;56;4.85;4.8;2.91;1356
0.41;Ideal;F;VVS1;60.7;56;4.85;4.81;2.93;1356
0.41;Ideal;F;VVS1;62.1;57;4.79;4.75;2.96;1356
0.41;Ideal;F;VVS1;61.8;55;4.78;4.76;2.95;1356
0.41;Ideal;F;VVS1;61.9;56;4.79;4.77;2.96;1356
0.41;Ideal;F;VVS1;61.7;57;4.8;4.77;2.95;1356
0.41;Ideal;F;VVS1;62.3;57;4.77;4.73;2.96;1356
0.41;Premium;F;VVS1;61.3;59;4.79;4.73;2.92;1356
0.41;Premium;F;VVS1;61.8;59;4.77;4.74;2.94;1356
0.41;Ideal;F;VVS1;62;55;4.78;4.74;2.95;1356
0.41;Ideal;F;VVS1;62.3;55;4.79;4.74;2.97;1356
0.41;Ideal;F;VVS1;61.8;57;4.79;4.75;2.95;1356
0.41;Ideal;D;VVS2;62.3;57;4.76;4.74;2.96;1356
0.41;Premium;D;VVS2;61.8;58;4.79;4.75;2.95;1356
0.41;Ideal;D;VVS2;62.3;55;4.77;4.76;2.97;1356
0.41;Premium;D;VVS2;61.2;62;4.82;4.78;2.94;1356
0.41;Ideal;D;VVS2;62.1;56;4.78;4.76;2.96;1356
0.41;Premium;D;VVS2;62.5;58;4.75;4.72;2.96;1356
0.54;Premium;G;SI1;60.8;59;5.27;5.23;3.19;1356
0.53;Premium;H;VS2;59.1;59;5.33;5.26;3.13;1356
0.54;Premium;E;SI1;59.5;61;5.31;5.28;3.15;1356
0.5;Very Good;F;VS2;60.8;61;5.04;5.09;3.08;1357
0.51;Very Good;E;SI1;60.9;57;5.17;5.2;3.16;1357
0.57;Ideal;E;SI2;58.8;57;5.49;5.46;3.22;1357
0.52;Ideal;I;VS1;61.5;56;5.19;5.16;3.18;1357
0.52;Good;F;SI1;63.6;62;5.07;4.96;3.2;1357
0.54;Very Good;E;SI1;60.2;58;5.23;5.37;3.19;1358
0.43;Ideal;F;VVS1;62;57;4.81;4.84;2.99;1358
0.43;Ideal;F;VVS1;62.3;55;4.85;4.88;3.03;1358
0.43;Ideal;F;VVS1;61;56;4.87;4.9;2.98;1358
0.43;Very Good;F;VVS1;61.5;56;4.86;4.9;3;1358
0.43;Premium;F;VVS1;60.3;58;4.88;4.91;2.95;1358
0.43;Ideal;F;VVS1;62.1;55;4.81;4.85;3;1358
0.55;Ideal;G;SI2;61.6;56;5.28;5.31;3.26;1358
0.45;Ideal;G;VVS1;61.5;57;4.95;4.91;3.03;1358
0.45;Ideal;G;VVS1;61.7;56;4.96;4.93;3.05;1358
0.45;Premium;D;VS1;60.6;59;4.98;4.96;3.01;1358
0.56;Fair;E;SI1;64.5;61;5.22;5.09;3.33;1358
0.4;Very Good;D;VVS2;61.4;58.3;4.73;4.74;2.9;1359
0.53;Very Good;F;SI1;61.6;57;5.16;5.23;3.2;1359
0.53;Ideal;F;SI1;60.3;57;5.21;5.24;3.15;1359
0.53;Ideal;F;SI1;62.6;55;5.17;5.22;3.25;1359
0.61;Premium;F;SI1;60.4;56;5.47;5.43;3.29;1359
0.39;Ideal;G;VVS1;60.7;56;4.73;4.77;2.88;1359
0.54;Ideal;H;VS2;61.9;56;5.24;5.26;3.25;1359
0.5;Ideal;E;SI2;60.7;56;5.16;5.19;3.14;1359
0.58;Ideal;E;SI2;62.4;58;5.32;5.35;3.33;1359
0.57;Ideal;D;SI2;61.9;56;5.3;5.34;3.3;1359
0.32;Ideal;E;IF;61.4;56;4.38;4.42;2.7;1359
0.51;Ideal;D;SI2;59.8;55;5.23;5.17;3.11;1359
0.51;Ideal;D;SI2;61.1;56;5.18;5.16;3.16;1359
0.51;Premium;D;SI2;62;58;5.12;5.08;3.16;1359
0.51;Ideal;D;SI2;62.8;57;5.12;5.1;3.21;1359
0.51;Ideal;D;SI2;61.9;56;5.15;5.1;3.17;1359
0.51;Ideal;D;SI2;62.5;55;5.15;5.12;3.21;1359
0.51;Premium;H;VS2;58.5;61;5.26;5.23;3.07;1359
0.53;Ideal;F;SI1;61.8;56;5.19;5.23;3.22;1360
0.53;Ideal;F;SI1;61.9;55;5.19;5.21;3.22;1360
0.56;Very Good;G;SI1;61.8;55;5.28;5.33;3.28;1361
0.54;Premium;E;SI1;60.2;58;5.27;5.3;3.18;1361
0.54;Good;H;VS1;63.2;58;5.12;5.16;3.25;1361
0.54;Good;H;VS1;63.2;60;5.13;5.16;3.25;1361
0.59;Good;F;SI1;59.1;58;5.46;5.5;3.24;1361
0.51;Good;E;SI1;57.4;62;5.29;5.24;3.02;1361
0.59;Very Good;E;SI2;62.9;58;5.33;5.39;3.37;1362
0.71;Fair;J;SI2;66.1;58;5.53;5.43;3.62;1362
0.5;Good;H;VVS2;61.9;64.3;5.01;5.03;3.11;1362
0.39;Premium;E;VVS1;60.7;58;4.73;4.69;2.86;1362
0.39;Premium;G;IF;59;60;4.78;4.75;2.81;1362
0.51;Very Good;E;SI1;60.8;57;5.12;5.17;3.13;1363
0.55;Premium;H;VS2;62.1;58;5.24;5.29;3.27;1363
0.55;Ideal;D;SI2;60.9;57;5.26;5.29;3.21;1363
0.52;Very Good;J;VVS1;61.7;55.5;5.17;5.19;3.19;1363
0.41;Ideal;E;VVS2;61.6;55;4.81;4.84;2.97;1363
0.41;Ideal;E;VVS2;60.5;57;4.83;4.86;2.93;1363
0.51;Good;D;SI1;58.7;58;5.21;5.25;3.07;1363
0.53;Good;G;SI1;63.8;56;5.18;5.14;3.29;1363
0.53;Ideal;F;SI1;62.4;57;5.21;5.18;3.24;1363
0.53;Good;F;SI1;63.8;58;5.17;5.12;3.28;1363
0.53;Good;F;SI1;63.8;56;5.16;5.13;3.28;1363
0.53;Ideal;F;SI1;62.9;57;5.18;5.15;3.25;1363
0.5;Premium;D;SI1;61.4;59;5.12;5.08;3.13;1363
0.53;Fair;E;SI1;64.5;53;5.16;5.15;3.33;1363
0.53;Premium;G;SI1;61.3;58;5.21;5.16;3.18;1363
0.41;Very Good;D;VVS2;61.2;55;4.79;4.82;2.95;1364
0.57;Good;G;SI1;63.3;55;5.29;5.32;3.36;1364
0.57;Ideal;G;SI1;61.7;56;5.33;5.37;3.3;1364
0.57;Good;F;SI1;63.2;55;5.26;5.31;3.34;1364
0.57;Good;G;SI1;63.5;55;5.28;5.3;3.36;1364
0.57;Very Good;F;SI1;58.6;57;5.37;5.59;3.21;1364
0.62;Ideal;F;SI2;61.8;55;5.5;5.51;3.4;1364
0.32;Premium;H;VS2;60.7;58;4.43;4.46;2.7;505
0.32;Ideal;H;VS2;61.5;56;4.38;4.4;2.7;505
0.32;Premium;H;VS2;60.5;59;4.39;4.43;2.67;505
0.32;Very Good;H;VS2;62.4;58;4.33;4.36;2.71;505
0.36;Very Good;I;VS2;61.6;58;4.52;4.57;2.8;505
0.32;Premium;I;VS1;61.9;58;4.36;4.4;2.71;505
0.32;Ideal;H;VS2;62.2;57;4.36;4.38;2.72;505
0.36;Premium;E;SI2;61.5;58;4.56;4.61;2.82;505
0.32;Good;I;VS1;63.1;56;4.38;4.4;2.77;505
0.26;Very Good;E;VVS2;61.4;57;4.1;4.13;2.52;506
0.33;Ideal;G;SI1;61.6;56;4.43;4.47;2.74;506
0.3;Premium;F;SI2;61.3;58;4.33;4.28;2.64;506
0.3;Premium;I;SI1;61.9;61;4.29;4.27;2.65;506
0.3;Premium;I;SI1;61.6;62;4.3;4.27;2.64;506
0.3;Premium;F;SI2;62.6;61;4.24;4.2;2.64;506
0.3;Very Good;F;SI2;63.5;57;4.25;4.22;2.69;506
0.3;Very Good;F;SI2;63.4;56;4.29;4.26;2.71;506
0.3;Premium;F;SI2;62.3;58;4.32;4.28;2.68;506
0.3;Very Good;F;SI2;63.3;55;4.33;4.29;2.73;506
0.3;Ideal;J;VS1;59.7;57;4.4;4.37;2.62;506
0.3;Premium;J;VS1;61.9;56;4.32;4.28;2.66;506
0.3;Premium;J;VS1;61.2;61;4.33;4.3;2.64;506
0.3;Premium;J;VS1;62.6;58;4.32;4.27;2.69;506
0.3;Premium;J;VS1;62.6;58;4.31;4.28;2.69;506
0.3;Very Good;J;VS1;63.5;58;4.27;4.24;2.7;506
0.3;Premium;J;VS1;62.7;59;4.28;4.24;2.67;506
0.3;Very Good;J;VS1;63.4;55;4.3;4.25;2.71;506
0.3;Premium;J;VS1;62.4;58;4.3;4.26;2.67;506
0.3;Good;J;VS1;63.6;52;4.29;4.27;2.72;506
0.3;Premium;J;VS1;63;59;4.27;4.24;2.68;506
0.55;Ideal;D;SI2;61.6;56;5.28;5.31;3.26;1364
0.55;Premium;E;SI2;59.7;58;5.35;5.33;3.19;1364
0.42;Very Good;E;VVS1;60.5;55;4.85;4.9;2.95;1365
0.47;Ideal;I;VVS1;61.6;55;4.99;5.01;3.08;1365
0.51;Ideal;H;VS2;60.9;56.4;5.15;5.18;3.15;1365
0.56;Ideal;F;SI1;61.5;55;5.32;5.35;3.28;1365
0.5;Good;E;VS2;57.8;60;5.2;5.29;3.03;1365
0.53;Very Good;G;SI1;60.2;57;5.22;5.28;3.16;1367
0.5;Ideal;I;VVS2;61.2;56;5.13;5.16;3.15;1367
0.46;Premium;F;VS1;60.5;58;4.97;5.02;3.02;1367
0.41;Ideal;E;VVS1;60.9;55;4.8;4.83;2.93;1367
0.41;Ideal;E;VVS1;60.7;57;4.8;4.85;2.93;1367
0.41;Ideal;E;VVS1;61.7;56;4.78;4.82;2.96;1367
0.41;Ideal;G;IF;61.7;56;4.77;4.8;2.95;1367
0.41;Premium;E;VVS1;62.2;58;4.75;4.77;2.96;1367
0.41;Very Good;E;VVS1;62.9;59;4.72;4.76;2.98;1367
0.41;Premium;E;VVS1;60.7;58;4.8;4.86;2.93;1367
0.41;Ideal;E;VVS1;61.9;55;4.78;4.79;2.96;1367
0.41;Ideal;E;VVS1;61.3;57;4.77;4.79;2.93;1367
0.41;Ideal;G;IF;62.4;54;4.74;4.78;2.97;1367
0.41;Ideal;E;VVS1;61.3;56;4.79;4.81;2.94;1367
0.41;Ideal;G;IF;62.3;55;4.75;4.78;2.97;1367
0.41;Ideal;G;IF;61;57;4.79;4.81;2.93;1367
0.41;Ideal;G;IF;61.7;56;4.77;4.8;2.95;1367
0.41;Ideal;E;VVS1;61.3;55;4.76;4.8;2.93;1367
0.55;Ideal;I;SI1;61.3;56;5.29;5.34;3.26;1367
0.5;Fair;G;VS1;66.8;56;4.85;4.91;3.26;1367
0.6;Fair;F;SI1;55.3;63;5.67;5.61;3.12;1367
0.6;Good;F;SI1;63.7;61;5.24;5.21;3.33;1367
0.48;Fair;G;VVS2;65;54;4.95;4.9;3.2;1367
0.55;Very Good;F;SI1;63.1;56;5.22;5.24;3.3;1368
0.36;Very Good;E;IF;60.3;57;4.6;4.63;2.78;1368
0.39;Ideal;F;IF;61.9;57;4.68;4.69;2.9;1368
0.61;Ideal;E;SI2;62;54;5.46;5.48;3.39;1368
0.54;Ideal;G;SI1;62;54;5.25;5.27;3.26;1368
0.54;Ideal;G;SI1;61.9;54;5.26;5.28;3.26;1368
0.55;Ideal;F;SI1;61;58;5.25;5.28;3.21;1368
0.55;Very Good;D;SI2;63.2;56;5.24;5.21;3.3;1368
0.55;Very Good;D;SI2;63.3;56;5.24;5.21;3.31;1368
0.55;Ideal;D;SI2;61.3;57;5.28;5.23;3.22;1368
0.5;Ideal;D;SI2;60.9;57;5.15;5.12;3.12;1368
0.58;Ideal;I;VVS2;62;56;5.34;5.38;3.32;1369
0.52;Premium;E;SI1;60.3;58;5.2;5.24;3.15;1369
0.52;Very Good;E;SI1;61;61;5.17;5.19;3.16;1369
0.52;Very Good;G;VS2;63;55;5.13;5.16;3.24;1369
0.52;Very Good;G;VS2;63;56;5.09;5.13;3.22;1369
0.52;Very Good;E;SI1;62.8;57;5.09;5.13;3.21;1369
0.57;Ideal;G;SI1;60.5;57;5.4;5.37;3.26;1369
0.57;Very Good;G;SI1;63.4;57;5.26;5.21;3.32;1369
0.54;Premium;F;SI1;59.7;59;5.36;5.3;3.18;1369
0.54;Ideal;F;SI1;59.8;57;5.31;5.29;3.17;1369
0.42;Ideal;E;VVS1;59.7;56;4.91;4.88;2.92;1369
0.53;Very Good;F;SI1;61.7;55;5.22;5.24;3.23;1370
0.55;Very Good;F;SI1;59.1;59;5.36;5.4;3.18;1370
0.55;Very Good;F;SI1;60.5;59;5.29;5.35;3.22;1370
0.5;Ideal;I;VVS1;62.4;53;5.1;5.12;3.19;1370
0.5;Ideal;H;VS1;62.6;53;5.09;5.14;3.2;1370
0.5;Ideal;H;VS1;61.9;54;5.12;5.15;3.18;1370
0.5;Ideal;H;VS1;61.9;53;5.11;5.16;3.18;1370
0.5;Ideal;H;VS1;61.4;54;5.13;5.16;3.16;1370
0.52;Premium;F;SI1;61.1;59;5.21;5.17;3.17;1370
0.59;Ideal;I;VS2;61.8;56;5.39;5.42;3.34;1371
0.59;Ideal;F;SI2;60.1;57;5.45;5.49;3.29;1371
0.53;Ideal;G;SI1;60.7;56;5.22;5.27;3.18;1371
0.52;Very Good;E;SI2;62.6;58;5.05;5.17;3.2;1372
0.46;Premium;E;VS1;61.9;58;4.91;4.94;3.05;1372
0.46;Premium;E;VS1;61.7;59;4.93;4.96;3.05;1372
0.42;Ideal;E;VS1;60.9;57;4.83;4.86;2.95;1372
0.63;Ideal;I;SI1;62;57;5.47;5.49;3.4;1372
0.58;Very Good;F;SI1;62.6;57;5.24;5.36;3.32;1373
0.5;Very Good;G;VS2;62.8;56;5.05;5.08;3.18;1373
0.5;Fair;G;VS1;65.9;57;5;4.87;3.25;1373
0.51;Very Good;F;SI1;61.8;57;5.1;5.13;3.16;1374
0.5;Good;D;SI1;61.1;64;5.05;5.07;3.09;1374
0.55;Premium;F;SI1;60.1;58;5.34;5.3;3.2;1374
0.4;Ideal;G;VVS1;61.7;55;4.73;4.76;2.93;1374
0.55;Ideal;I;VS2;61.8;55;5.28;5.32;3.27;1374
0.52;Ideal;H;VS2;61.6;55;5.17;5.19;3.19;1374
0.5;Ideal;F;SI1;60.2;63;5.12;5.15;3.09;1374
0.33;Ideal;E;VVS1;61.9;57;4.46;4.43;2.75;1374
0.5;Premium;E;SI1;63;61;5.07;5.03;3.18;1374
0.5;Very Good;E;SI1;63.5;61;5.03;4.98;3.18;1374
0.5;Very Good;E;SI1;63.3;57;5.01;4.94;3.15;1374
0.51;Ideal;H;VS2;61.5;55;5.16;5.18;3.18;1375
0.51;Ideal;H;VS2;61.6;55;5.16;5.19;3.19;1375
0.51;Ideal;H;VS2;61.4;56;5.14;5.19;3.17;1375
0.54;Premium;E;SI1;62.2;61;5.24;5.15;3.23;1375
0.41;Very Good;D;VVS1;61.9;60;4.71;4.75;2.93;1376
0.54;Very Good;F;SI1;59.3;60;5.32;5.37;3.17;1376
0.5;Very Good;D;SI1;60.6;59;5.08;5.12;3.09;1376
0.52;Premium;D;SI1;60.7;58;5.23;5.18;3.16;1376
0.41;Ideal;D;VVS1;61.7;55;4.77;4.8;2.95;1376
0.51;Ideal;I;VS1;62;57;5.1;5.13;3.17;1376
0.51;Good;H;VS1;59.4;61.9;5.18;5.2;3.08;1376
0.57;Ideal;F;SI2;61.9;58;5.34;5.32;3.3;1376
0.52;Ideal;I;VVS2;62.2;57;5.18;5.11;3.2;1376
0.59;Ideal;G;SI1;63.4;56;5.36;5.29;3.38;1376
0.58;Very Good;E;SI2;59;62;5.46;5.49;3.23;1377
0.51;Ideal;E;SI1;61.4;56;5.15;5.17;3.17;1377
0.53;Ideal;G;SI1;61.3;56;5.22;5.29;3.22;1377
0.57;Ideal;F;SI1;62.2;55;5.32;5.36;3.32;1377
0.45;Ideal;G;IF;62.8;53;4.92;4.95;3.1;1377
0.45;Ideal;G;IF;61.4;56;4.96;4.97;3.05;1377
0.45;Ideal;G;IF;62;53;4.94;4.99;3.08;1377
0.45;Ideal;G;IF;61;57;4.96;5;3.04;1377
0.39;Ideal;F;IF;61;56;4.72;4.75;2.89;1377
0.54;Good;D;SI2;59.1;65;5.28;5.32;3.13;1377
0.55;Premium;G;SI1;60.1;61;5.32;5.29;3.19;1377
0.62;Very Good;I;VS2;60.7;57.3;5.48;5.52;3.33;1378
0.6;Very Good;J;VS1;62.6;56;5.37;5.41;3.37;1378
0.46;Very Good;G;VS1;60;56;5.05;5.1;3.04;1378
0.62;Premium;I;VS2;61.9;59;5.46;5.5;3.39;1378
0.5;Very Good;D;VS2;62.2;60;5.15;5.05;3.17;1378
0.56;Very Good;D;SI1;62.2;63;5.23;5.28;3.27;1378
0.6;Very Good;H;SI1;60.4;63;5.45;5.41;3.28;1378
0.54;Ideal;H;VS2;62;54;5.22;5.27;3.25;1378
0.44;Ideal;G;IF;61.3;55;4.91;4.95;3.02;1378
0.6;Good;I;VS1;60.1;62;5.42;5.49;3.28;1378
0.5;Premium;F;SI1;59.6;60;5.15;5.12;3.06;1378
0.5;Ideal;F;SI1;62.7;57;5.09;5.06;3.18;1378
0.5;Ideal;F;SI1;59.9;56;5.36;5.09;3.13;1378
0.6;Premium;F;SI2;58.9;59;5.55;5.52;3.26;1378
0.58;Very Good;G;SI1;61.9;56;5.35;5.39;3.32;1379
0.54;Very Good;E;SI1;62.1;59;5.17;5.2;3.22;1379
0.51;Very Good;D;SI1;60;58;5.19;5.24;3.13;1380
0.61;Ideal;I;VS2;62;54;5.44;5.49;3.39;1380
0.55;Very Good;E;SI1;63.2;58;5.21;5.23;3.3;1381
0.51;Premium;E;SI1;62.4;59;5.07;5.12;3.18;1381
0.51;Premium;H;VS1;60.3;58;5.16;5.19;3.12;1381
0.54;Ideal;H;VS1;61.5;56;5.22;5.25;3.22;1381
0.51;Premium;G;VS2;61.1;58;5.17;5.2;3.17;1381
0.41;Ideal;E;VVS2;61.1;57;4.82;4.77;2.93;1381
0.52;Very Good;E;SI1;58.4;58;5.29;5.33;3.1;1382
0.46;Ideal;H;IF;62.3;54;4.94;4.98;3.09;1382
0.61;Premium;H;SI1;59.5;62;5.55;5.51;3.29;1382
0.62;Premium;G;SI1;59.6;58;5.63;5.56;3.34;1382
0.51;Ideal;D;SI2;60.9;56;5.18;5.2;3.16;1383
0.52;Ideal;F;SI1;62;55;5.14;5.17;3.19;1383
0.57;Fair;E;SI1;64.6;59;5.22;5.18;3.36;1383
0.53;Ideal;I;VS1;61.6;57;5.21;5.18;3.2;1383
0.53;Premium;I;VS1;62.3;58;5.26;5.18;3.25;1383
0.57;Very Good;E;SI2;58.8;57.3;5.42;5.46;3.21;1384
0.5;Ideal;H;VS1;61.6;58;5.08;5.11;3.14;1384
0.57;Ideal;G;SI1;62.1;56;5.28;5.32;3.29;1384
0.54;Ideal;G;SI1;61.4;54;5.27;5.35;3.26;1384
0.55;Good;I;VVS2;61;61;5.32;5.36;3.26;1384
0.6;Very Good;E;SI2;62.8;56;5.41;5.45;3.41;1385
0.54;Ideal;F;SI1;62.1;57;5.22;5.24;3.25;1385
0.54;Ideal;F;SI1;61.3;55;5.23;5.27;3.22;1385
0.6;Ideal;E;SI2;62.5;57;5.37;5.39;3.36;1385
0.54;Ideal;F;SI1;60.5;57;5.25;5.27;3.18;1385
0.51;Ideal;H;VS2;61.3;57;5.14;5.16;3.16;1385
0.51;Ideal;E;SI2;62;56;5.12;5.14;3.18;1385
0.54;Ideal;F;SI1;61.6;55;5.24;5.28;3.24;1385
0.52;Ideal;H;VS2;62;57;5.12;5.08;3.16;1385
0.52;Very Good;H;VS2;63.5;58;5.12;5.11;3.25;1385
0.52;Good;H;VS2;63.6;57;5.1;5.05;3.23;1385
0.52;Good;H;VS2;63.7;54;5.12;5.09;3.25;1385
0.52;Ideal;D;SI2;62.5;56;5.12;5.08;3.19;1385
0.52;Premium;D;SI2;61.7;56;5.17;5.14;3.18;1385
0.52;Ideal;D;SI2;62.9;56;5.17;5.14;3.24;1385
0.52;Premium;D;SI2;62.4;59;5.15;5.05;3.18;1385
0.6;Premium;D;SI2;61.4;56;5.43;5.41;3.33;1385
0.52;Ideal;J;IF;62.1;56;5.18;5.12;3.2;1385
0.51;Very Good;E;SI1;62.1;60;5.08;5.03;3.14;1386
0.5;Very Good;E;VS2;63;58;5.07;5.09;3.2;1386
0.58;Ideal;H;SI1;60.6;56;5.44;5.49;3.31;1386
0.5;Very Good;H;VS2;63.9;57;5.04;5.07;3.23;1387
0.57;Very Good;D;SI2;62.1;58;5.26;5.31;3.28;1387
0.51;Very Good;D;SI1;62.3;63;5.08;5.03;3.15;1387
0.52;Premium;E;SI1;60.9;58;5.21;5.17;3.16;1387
0.55;Premium;H;VS2;60.2;59;5.36;5.24;3.19;1387
0.52;Good;E;SI1;63.7;54;5.12;5.15;3.27;1388
0.58;Good;F;SI1;63.1;57;5.29;5.33;3.35;1388
0.56;Premium;D;SI2;60.4;58;5.32;5.37;3.23;1388
0.58;Very Good;G;SI1;62.9;57;5.3;5.35;3.35;1388
0.58;Good;G;SI1;63.2;56;5.3;5.33;3.36;1388
0.56;Ideal;H;VS2;60.9;57;5.32;5.36;3.25;1388
0.56;Ideal;H;VS2;61.2;57;5.29;5.33;3.25;1388
0.58;Good;G;SI1;63.8;56;5.3;5.33;3.39;1388
0.42;Ideal;D;VS1;61.8;57;4.82;4.79;2.97;1388
0.46;Ideal;D;VS2;62.7;57;4.93;4.89;3.08;1388
0.46;Premium;D;VS2;60.9;58;4.97;4.94;3.02;1388
0.52;Very Good;H;VS2;63.5;58;5.08;5.09;3.23;1389
0.52;Very Good;H;VS2;61.4;55;5.19;5.24;3.2;1389
0.52;Very Good;E;SI1;62.9;59;5.12;5.15;3.23;1389
0.52;Very Good;E;SI1;62.8;56;5.13;5.15;3.23;1389
0.52;Very Good;E;SI1;62.7;57;5.1;5.14;3.21;1389
0.33;Ideal;F;IF;62.1;56;4.41;4.44;2.75;1389
0.56;Fair;E;SI2;64.5;61;5.18;5.14;3.33;1389
0.58;Ideal;H;SI1;61.9;59;5.33;5.36;3.31;1389
0.52;Ideal;G;SI1;61.3;55;5.2;5.24;3.2;1389
0.52;Ideal;E;SI1;62.3;56;5.12;5.16;3.2;1389
0.52;Ideal;E;SI1;62.1;57;5.1;5.14;3.18;1389
0.52;Ideal;E;SI1;60.1;59;5.18;5.23;3.13;1389
0.5;Good;E;VS2;64.9;59;4.89;4.94;3.19;1389
0.54;Premium;G;SI1;60.3;57;5.4;5.24;3.21;1389
0.54;Very Good;G;SI1;63.2;56;5.19;5.16;3.27;1389
0.54;Ideal;G;SI1;62.6;57;5.21;5.18;3.25;1389
0.54;Very Good;F;SI1;63.3;56;5.24;5.21;3.31;1389
0.42;Ideal;F;VVS1;62;55;4.84;4.81;2.99;1389
0.42;Ideal;F;VVS1;61.3;56;4.83;4.82;2.96;1389
0.42;Premium;F;VVS1;60.5;58;4.84;4.81;2.92;1389
0.42;Ideal;D;VVS2;61.4;56;4.85;4.82;2.97;1389
0.42;Ideal;D;VVS2;62.1;55;4.81;4.79;2.98;1389
0.42;Ideal;D;VVS2;62.1;55;4.81;4.78;2.98;1389
0.42;Ideal;D;VVS2;62.5;57;4.8;4.77;2.99;1389
0.42;Ideal;D;VVS2;62.6;56;4.79;4.77;2.99;1389
0.54;Premium;H;VS2;61.9;55;5.25;5.22;3.24;1389
0.54;Ideal;H;VS2;62.6;57;5.24;5.2;3.27;1389
0.54;Premium;H;VS2;61.6;58;5.24;5.22;3.22;1389
0.54;Premium;G;SI1;61.7;59;5.2;5.17;3.2;1389
0.42;Premium;F;IF;62.2;56;4.85;4.8;3;1389
0.54;Premium;I;VS1;61.5;58;5.28;5.26;3.24;1389
0.54;Premium;G;SI1;59;60;5.4;5.35;3.17;1389
0.64;Very Good;I;SI1;63;57;5.47;5.52;3.46;1390
0.5;Good;F;VS1;56.4;62;5.31;5.22;2.97;1390
0.6;Ideal;I;SI1;62.1;55;5.39;5.42;3.35;1390
0.55;Ideal;F;SI1;61;56;5.28;5.34;3.24;1390
0.42;Very Good;F;VVS1;61.9;58;4.77;4.82;2.97;1391
0.52;Ideal;H;VS2;62.2;56.4;5.09;5.16;3.19;1391
0.59;Very Good;I;VS2;63.4;56;5.37;5.33;3.39;1391
0.59;Very Good;I;VS2;62.4;58.4;5.3;5.36;3.32;1392
0.54;Very Good;G;SI1;62.8;59;5.14;5.18;3.24;1392
0.54;Very Good;G;SI1;63.2;58;5.15;5.16;3.26;1392
0.54;Very Good;G;SI1;63.8;57;5.16;5.19;3.3;1392
0.58;Ideal;E;SI2;61.4;57.1;5.36;5.38;3.3;1392
0.53;Very Good;I;VS1;61;57;5.22;5.25;3.19;1393
0.51;Very Good;E;VS2;60.2;62;5.16;5.27;3.14;1393
0.46;Ideal;G;VVS1;62.2;57;4.93;4.98;3.08;1393
0.55;Ideal;I;VS2;62.6;57;5.21;5.23;3.27;1393
0.46;Ideal;E;VS1;62.2;54;4.9;4.94;3.06;1393
0.58;Very Good;G;SI1;63.5;56;5.34;5.28;3.37;1393
0.51;Ideal;F;SI1;61.7;56;5.12;5.15;3.17;1394
0.56;Ideal;F;SI1;60.1;58;5.36;5.39;3.23;1394
0.42;Ideal;G;IF;62.4;57;4.79;4.82;3;1394
0.5;Good;F;VS2;63.3;60;4.99;5.03;3.17;1395
0.5;Premium;F;VS2;61.4;60;5.13;5.17;3.16;1395
0.5;Good;D;SI1;63.2;59;5.02;5.04;3.18;1395
0.53;Very Good;E;SI1;61.6;58;5.19;5.23;3.21;1395
0.53;Good;G;VS2;63.4;58;5.13;5.16;3.26;1395
0.53;Premium;E;SI1;62.1;58;5.11;5.19;3.2;1395
0.5;Very Good;D;SI1;62.8;61;5.04;5.08;3.18;1395
0.5;Premium;H;VS1;60.3;58;5.22;5.17;3.13;1395
0.42;Ideal;D;VS1;61.4;56;4.84;4.86;2.98;1395
0.62;Ideal;G;SI2;60.6;57;5.53;5.56;3.36;1395
0.52;Ideal;J;SI1;62.3;56;5.12;5.16;3.2;1395
0.54;Ideal;G;SI1;61.5;55.1;5.25;5.27;3.23;1395
0.5;Good;E;VS2;59.8;57;5.12;5.18;3.08;1395
0.73;Premium;G;I1;62.5;58;5.82;5.74;3.61;1395
0.5;Very Good;F;VS2;62.7;56;5.04;5.07;3.17;1396
0.51;Very Good;G;VS2;61.2;55;5.13;5.16;3.15;1397
0.57;Very Good;E;SI1;62.1;58;5.28;5.32;3.29;1397
0.57;Ideal;F;SI1;61.6;56;5.36;5.33;3.29;1397
0.51;Ideal;H;VS2;62.9;57;5.07;5.1;3.2;1397
0.57;Ideal;H;SI1;61.8;57;5.32;5.36;3.3;1397
0.5;Fair;E;VS2;66.3;55;4.98;4.94;3.29;1397
0.5;Fair;E;VS2;64.9;56;5.01;4.95;3.23;1397
0.5;Good;E;VS2;64.1;58;5.03;5.01;3.22;1397
0.4;Ideal;E;VVS1;62.6;56;4.73;4.7;2.95;1397
0.38;Ideal;F;IF;62.2;55;4.66;4.64;2.89;1397
0.4;Premium;G;IF;59.8;58;4.85;4.79;2.88;1397
0.4;Ideal;G;IF;61.4;55;4.79;4.76;2.93;1397
0.4;Premium;G;IF;60.8;58;4.77;4.73;2.89;1397
0.4;Ideal;G;IF;62.2;55;4.76;4.73;2.95;1397
0.4;Ideal;E;VVS1;61.7;57;4.74;4.7;2.91;1397
0.4;Ideal;E;VVS1;61.5;56;4.78;4.75;2.93;1397
0.4;Ideal;E;VVS1;61.5;56;4.73;4.7;2.9;1397
0.4;Premium;E;VVS1;61.2;61;4.74;4.7;2.89;1397
0.4;Ideal;E;VVS1;62.8;57;4.71;4.65;2.94;1397
0.4;Ideal;E;VVS1;62.4;57;4.72;4.67;2.93;1397
0.4;Premium;E;VVS1;61.4;59;4.74;4.68;2.89;1397
0.5;Very Good;E;VS2;63.2;56;5.06;5.03;3.19;1397
0.57;Very Good;F;SI2;63.5;56;5.28;5.25;3.34;1397
0.5;Fair;E;VS2;65.4;57;5.01;4.81;3.21;1397
0.57;Ideal;F;SI2;61;56;5.37;5.32;3.26;1397
0.51;Very Good;D;SI1;62.2;58;5.08;5.11;3.17;1398
0.6;Very Good;G;SI1;63.3;58;5.34;5.31;3.37;1399
0.56;Ideal;D;SI2;61;57;5.3;5.34;3.24;1399
0.41;Ideal;D;SI1;61.8;58;4.73;4.79;2.94;1399
0.52;Premium;D;SI1;59.7;60;5.26;5.19;3.12;1399
0.49;Very Good;E;SI1;63.6;57.9;4.96;4.99;3.16;1400
0.42;Ideal;E;VVS1;61.6;56;4.82;4.85;2.98;1400
0.38;Ideal;D;VVS1;61.8;56;4.63;4.66;2.87;1400
0.42;Ideal;E;VVS1;62;56;4.78;4.84;2.98;1400
0.42;Ideal;E;VVS1;61.6;56;4.81;4.84;2.97;1400
0.42;Ideal;G;IF;61.6;56;4.85;4.86;2.99;1400
0.42;Ideal;G;IF;60.4;55;4.85;4.86;2.93;1400
0.38;Premium;D;VVS1;60.4;59;4.7;4.71;2.84;1400
0.38;Ideal;D;VVS1;61.3;56;4.65;4.71;2.87;1400
0.42;Ideal;G;IF;62.7;56;4.76;4.77;2.99;1400
0.42;Premium;G;IF;60.2;59;4.8;4.87;2.91;1400
0.38;Premium;D;VVS1;61.4;59;4.63;4.66;2.85;1400
0.42;Ideal;E;VVS1;62.1;55;4.78;4.81;2.98;1400
0.42;Ideal;G;IF;62.1;56;4.8;4.83;2.99;1400
0.42;Ideal;E;VVS1;62.3;57;4.78;4.79;2.98;1400
0.42;Premium;G;IF;61.6;58;4.76;4.79;2.94;1400
0.5;Ideal;G;VS2;61.6;55;5.11;5.14;3.16;1400
0.47;Ideal;E;VS1;61.5;55;5.01;5.04;3.09;1400
0.55;Good;F;SI1;64.3;57.9;5.16;5.21;3.33;1400
0.3;Very Good;J;VS1;63.4;57;4.26;4.23;2.69;506
0.3;Very Good;J;VS1;63.4;57;4.26;4.23;2.69;506
0.3;Premium;J;VS1;62.6;60;4.28;4.22;2.66;506
0.3;Very Good;J;VS1;63.3;60;4.25;4.22;2.68;506
0.3;Premium;I;SI1;61.6;59;4.34;4.29;2.66;506
0.3;Premium;I;SI1;61.4;58;4.33;4.3;2.65;506
0.3;Ideal;I;SI1;61.3;56;4.33;4.32;2.65;506
0.3;Ideal;I;SI1;62.3;56;4.35;4.32;2.7;506
0.3;Premium;I;SI1;60.5;62;4.37;4.33;2.63;506
0.3;Premium;I;SI1;60.9;59;4.36;4.34;2.65;506
0.3;Good;I;SI1;63.8;57;4.27;4.19;2.7;506
0.3;Very Good;I;SI1;63.3;59;4.25;4.22;2.68;506
0.3;Very Good;I;SI1;63.4;57;4.25;4.23;2.69;506
0.3;Very Good;I;SI1;63.3;59;4.3;4.23;2.7;506
0.3;Very Good;I;SI1;63.5;57;4.26;4.24;2.7;506
0.3;Ideal;I;SI1;62.2;57;4.27;4.25;2.65;506
0.3;Good;I;SI1;64.1;57;4.3;4.25;2.74;506
0.3;Good;G;SI2;63.7;54;4.25;4.23;2.7;506
0.3;Very Good;G;SI2;63.3;57;4.28;4.25;2.7;506
0.3;Premium;G;SI2;62.3;59;4.29;4.25;2.66;506
0.3;Premium;G;SI2;62.5;59;4.31;4.27;2.68;506
0.3;Premium;G;SI2;58.1;61;4.47;4.41;2.58;506
0.3;Premium;F;SI2;62.2;58;4.33;4.22;2.66;506
0.3;Premium;F;SI2;61.7;62;4.27;4.25;2.63;506
0.31;Very Good;D;SI1;60.4;60;4.4;4.44;2.67;507
0.3;Ideal;I;VVS2;62.8;57;4.26;4.28;2.68;507
0.31;Ideal;H;VS2;61;57;4.38;4.41;2.68;507
0.31;Ideal;H;VS2;61.7;55;4.34;4.38;2.69;507
0.31;Ideal;H;VS2;61.4;56;4.38;4.42;2.7;507
0.31;Ideal;H;VS2;61.2;56;4.36;4.4;2.68;507
0.5;Ideal;H;VS2;62.3;58;5.12;5.05;3.17;1400
0.58;Very Good;F;SI1;59.9;58;5.35;5.4;3.22;1401
0.58;Very Good;F;SI1;63.1;57;5.28;5.31;3.34;1401
0.55;Very Good;D;SI2;59.7;64;5.26;5.32;3.16;1401
0.52;Ideal;H;VS2;61.6;55;5.19;5.24;3.21;1401
0.52;Ideal;H;VS2;61.3;55;5.2;5.24;3.2;1401
0.54;Ideal;G;VS2;61.7;55;5.22;5.26;3.23;1401
0.59;Ideal;I;VS1;61.8;55;5.41;5.43;3.35;1401
0.46;Ideal;H;VS1;61.2;55;4.96;5.04;3.06;1401
0.61;Ideal;I;SI2;61.1;57;5.46;5.49;3.34;1401
0.58;Ideal;F;SI1;62.3;54;5.36;5.39;3.35;1401
0.52;Fair;I;VVS2;60.4;66;5.26;5.2;3.16;1401
0.61;Premium;F;SI2;60.9;58;5.52;5.44;3.34;1401
0.61;Very Good;I;VS2;63.4;55;5.46;5.42;3.45;1401
0.45;Ideal;E;VVS2;61.9;56;4.95;4.91;3.05;1401
0.6;Very Good;I;VS2;60.6;60;5.46;5.49;3.32;1402
0.5;Very Good;F;VS2;62.8;57;5.05;5.08;3.18;1402
0.6;Very Good;H;SI1;63.1;60;5.3;5.35;3.36;1402
0.58;Very Good;H;SI1;62.5;58;5.29;5.31;3.31;1402
0.51;Premium;F;VS2;62.7;59;5.04;5.07;3.17;1402
0.51;Premium;F;VS2;60.7;59;5.16;5.19;3.14;1402
0.5;Good;D;VS2;64.1;61;4.98;5.01;3.2;1402
0.55;Ideal;H;VS2;61.8;54;5.28;5.3;3.27;1402
0.55;Ideal;H;VS2;62.5;54;5.24;5.29;3.29;1402
0.55;Ideal;H;VS2;61.9;54;5.25;5.28;3.26;1402
0.38;Ideal;E;IF;61.4;55;4.68;4.74;2.89;1402
0.38;Ideal;E;IF;62.2;54.1;4.64;4.67;2.89;1402
0.48;Good;F;VS1;59;60.9;5.09;5.15;3.02;1402
0.51;Premium;E;SI1;61.2;61;5.16;5.13;3.15;1402
0.51;Premium;E;SI1;62.9;57;5.11;5.06;3.2;1402
0.51;Very Good;E;SI1;63.3;59;5.09;5.05;3.21;1402
0.53;Fair;F;VS2;65.5;58;5.09;5.03;3.31;1402
0.51;Ideal;E;SI1;61.7;57;5.15;5.12;3.17;1402
0.51;Very Good;D;SI1;61.7;58;5.09;5.12;3.15;1403
0.57;Very Good;F;SI1;62.6;58;5.28;5.32;3.32;1403
0.51;Ideal;D;SI1;60.6;57;5.15;5.18;3.13;1403
0.5;Very Good;F;VS2;62.6;54;5.1;5.13;3.2;1404
0.54;Very Good;F;SI1;60.2;56;5.28;5.39;3.21;1404
0.54;Very Good;G;SI1;60.4;56;5.29;5.34;3.21;1404
0.4;Good;F;IF;63.5;58;4.69;4.7;2.98;1404
0.4;Very Good;F;IF;62.8;57;4.65;4.68;2.93;1404
0.48;Ideal;F;VS1;60.8;56.3;5.1;5.08;3.1;1404
0.5;Ideal;F;VS2;62.4;56;5.1;5.13;3.19;1404
0.54;Ideal;G;SI1;61.2;58;5.27;5.29;3.23;1404
0.5;Ideal;D;SI1;62;54;5.09;5.13;3.17;1404
0.56;Ideal;E;SI1;61.3;56;5.28;5.32;3.25;1405
0.55;Good;E;SI1;63.1;58;5.2;5.23;3.29;1406
0.55;Very Good;E;SI1;63;59;5.25;5.17;3.28;1406
0.56;Ideal;I;VS1;60.5;55;5.33;5.39;3.24;1406
0.4;Ideal;F;IF;61.9;54;4.75;4.81;2.96;1406
0.51;Premium;F;SI1;59.7;59;5.2;5.15;3.09;1406
0.51;Premium;F;SI1;59.4;60;5.21;5.19;3.09;1406
0.51;Good;F;SI1;63.6;58;5.08;5.05;3.22;1406
0.51;Ideal;F;SI1;62.9;56;5.1;5.05;3.19;1406
0.51;Good;F;SI1;64.2;59;5.04;5.02;3.23;1406
0.57;Premium;E;SI1;58.9;59;5.41;5.35;3.17;1406
0.51;Ideal;F;SI1;60;57;5.25;5.21;3.14;1406
0.51;Ideal;F;SI1;61.3;56;5.19;5.16;3.17;1406
0.37;Ideal;F;VVS1;59.2;57;4.75;4.71;2.8;1406
0.51;Premium;D;SI2;59.5;61;5.19;5.16;3.08;1406
0.5;Very Good;E;VS2;61.3;62;5.05;5.1;3.11;1407
0.5;Good;E;VS2;63.3;56;5.11;5.03;3.21;1407
0.5;Good;E;VS2;63.4;59;5.03;5.06;3.2;1407
0.5;Good;E;VS2;63.7;59;4.99;5.03;3.19;1407
0.63;Ideal;G;SI2;62.8;56.3;5.34;5.54;3.42;1407
0.44;Good;G;IF;58.5;61;4.99;5.03;2.93;1407
0.58;Premium;E;SI1;58.5;55;5.52;5.39;3.19;1407
0.56;Very Good;G;SI1;61.1;56;5.32;5.34;3.26;1408
0.58;Very Good;G;SI1;59.3;58;5.41;5.52;3.24;1408
0.58;Very Good;G;SI1;59.3;59;5.46;5.51;3.25;1408
0.53;Very Good;E;SI1;63;55;5.14;5.18;3.25;1408
0.61;Good;E;SI2;63.1;56;5.4;5.44;3.42;1408
0.58;Very Good;I;VS2;61.7;54.1;5.37;5.4;3.32;1408
0.52;Very Good;G;VS2;61.9;59;5.12;5.16;3.18;1408
0.52;Ideal;H;VS1;61.4;56;5.2;5.23;3.2;1408
0.52;Very Good;D;SI1;60.5;61;5.19;5.23;3.15;1408
0.43;Ideal;G;VVS2;60.9;57;4.86;4.89;2.97;1408
0.44;Ideal;D;VVS2;61.8;54.8;4.89;4.92;3.03;1408
0.5;Ideal;H;VS2;62.6;52;5.06;5.09;3.18;1408
0.58;Ideal;G;SI1;62;58;5.33;5.38;3.32;1408
0.58;Ideal;F;SI1;61.4;57;5.33;5.38;3.29;1408
0.53;Ideal;E;SI1;62.1;53;5.2;5.23;3.24;1408
0.38;Very Good;E;IF;62.5;59;4.61;4.64;2.89;1409
0.71;Fair;J;SI2;65.5;61;5.54;5.49;3.61;1409
0.5;Good;F;VS2;60.9;64;5.12;5.1;3.11;1409
0.5;Ideal;E;SI1;61.9;55;5.18;5.12;3.19;1409
0.54;Ideal;F;SI2;61.2;57;5.25;5.23;3.21;1409
0.5;Premium;F;SI1;62.5;59;5.03;4.99;3.13;1409
0.55;Premium;F;SI1;60.2;58;5.31;5.35;3.21;1410
0.5;Very Good;H;VS1;63;56;5.02;5.05;3.17;1410
0.5;Ideal;E;SI1;60.8;57;5.09;5.14;3.11;1410
0.5;Good;G;VS2;63.2;57;4.99;5.04;3.17;1410
0.55;Ideal;F;SI1;62.4;55;5.23;5.28;3.28;1410
0.5;Premium;E;SI1;59.3;59;5.19;5.24;3.09;1410
0.5;Ideal;E;SI1;60.1;57;5.14;5.27;3.13;1410
0.55;Good;F;SI1;57;62;5.42;5.44;3.1;1410
0.55;Very Good;F;SI1;59.5;61;5.28;5.41;3.18;1410
0.5;Very Good;H;VS1;62.5;58;5.04;5.1;3.17;1410
0.5;Ideal;E;SI1;62.2;57;5.06;5.1;3.16;1410
0.5;Ideal;E;SI1;62.3;56;5.06;5.12;3.17;1410
0.62;Good;D;SI2;64;56;5.42;5.39;3.46;1410
0.57;Ideal;I;VS2;61.8;57;5.31;5.34;3.29;1410
0.57;Ideal;I;VS2;61.9;57;5.3;5.33;3.29;1410
0.5;Ideal;I;VS2;61.9;56;5.08;5.13;3.16;1410
0.54;Ideal;E;SI1;61.6;57;5.23;5.26;3.23;1410
0.5;Ideal;E;SI1;61.6;55;5.09;5.13;3.15;1410
0.62;Fair;D;SI2;64.6;57;5.39;5.33;3.46;1410
0.5;Very Good;H;VS2;61.2;55;5.12;5.16;3.15;1411
0.64;Fair;I;VS2;55.3;69;5.85;5.69;3.19;1411
0.59;Premium;F;SI1;61.7;60;5.37;5.39;3.32;1412
0.59;Very Good;G;SI1;63;57;5.35;5.38;3.38;1412
0.59;Very Good;F;SI1;61.7;57;5.39;5.43;3.34;1412
0.46;Ideal;G;VVS1;62;54;4.97;5;3.09;1412
0.46;Ideal;G;VVS1;61.5;55;4.97;5.01;3.07;1412
0.52;Ideal;E;SI2;61;57;5.18;5.21;3.17;1412
0.53;Ideal;H;VS2;62.5;56;5.19;5.15;3.23;1412
0.53;Ideal;H;VS2;62.4;56;5.18;5.17;3.23;1412
0.53;Ideal;D;SI2;62.9;54;5.17;5.13;3.24;1412
0.53;Ideal;D;SI2;60.4;57;5.3;5.26;3.19;1412
0.53;Ideal;D;SI2;61.4;56;5.24;5.22;3.21;1412
0.53;Ideal;D;SI2;61.9;55;5.24;5.19;3.23;1412
0.53;Ideal;H;VS2;62.6;57;5.17;5.15;3.23;1412
0.53;Premium;H;VS2;61.4;52;5.29;5.26;3.24;1412
0.46;Very Good;G;VVS1;61.7;60;4.94;4.98;3.06;1413
0.51;Ideal;E;VS2;60.8;56;5.18;5.21;3.16;1413
0.57;Very Good;D;SI2;62.9;57;5.26;5.3;3.32;1413
0.57;Ideal;D;SI2;61.4;56;5.33;5.38;3.29;1413
0.52;Ideal;G;SI1;61.2;55;5.17;5.22;3.18;1413
0.41;Ideal;D;VVS1;62.7;56;4.77;4.74;2.98;1413
0.41;Premium;D;VVS1;62.2;58;4.77;4.71;2.95;1413
0.51;Very Good;H;VS2;60.8;58;5.12;5.17;3.13;1414
0.57;Premium;E;SI2;61.2;57;5.35;5.31;3.26;1414
0.57;Premium;H;VS2;60.1;61;5.4;5.29;3.21;1414
0.7;Premium;I;SI2;62.3;59;5.64;5.59;3.5;1415
0.35;Fair;G;VS2;65.9;54;5.57;5.53;3.66;1415
0.35;Fair;G;VS2;65.9;54;5.57;5.53;3.66;1415
0.53;Very Good;E;SI1;59.7;59;5.27;5.29;3.15;1415
0.53;Very Good;D;SI1;59.1;59;5.27;5.33;3.13;1415
0.53;Very Good;D;SI1;60.9;59;5.18;5.2;3.16;1415
0.5;Very Good;D;SI1;60.3;59;5.11;5.14;3.09;1415
0.5;Very Good;D;SI1;62.8;58;5.02;5.05;3.16;1415
0.54;Very Good;E;SI2;60.7;56.5;5.24;5.28;3.19;1415
0.62;Premium;J;VVS2;60.9;58;5.5;5.56;3.37;1415
0.5;Premium;I;VVS1;58.2;62;5.25;5.19;3.04;1415
0.53;Ideal;E;SI1;61.4;56;5.21;5.24;3.21;1415
0.5;Ideal;D;SI1;61.4;58;5.07;5.1;3.12;1415
0.5;Good;F;VS1;58;61;5.18;5.23;3.02;1415
0.55;Premium;G;SI1;61.3;59;5.28;5.23;3.22;1415
0.55;Ideal;F;SI1;61.8;55;5.27;5.22;3.24;1415
0.55;Premium;F;SI1;60.7;57;5.3;5.27;3.21;1415
0.5;Good;G;VS2;57.9;61;5.23;5.2;3.02;1415
0.5;Ideal;E;SI1;61.6;57;5.13;5.09;3.15;1415
0.5;Premium;E;SI1;62.3;58;5.15;5.09;3.19;1415
0.5;Premium;E;SI1;60.2;58;5.18;5.15;3.11;1415
0.5;Premium;E;SI1;60.7;61;5.12;5.09;3.1;1415
0.5;Premium;E;SI1;62;59;5.1;5.06;3.15;1415
0.5;Premium;E;SI1;63;58;5.08;5.04;3.19;1415
0.5;Good;E;SI1;63.8;55;5.09;5.04;3.23;1415
0.5;Ideal;E;SI1;62.2;57;5.11;5.05;3.16;1415
0.5;Premium;E;SI1;61.5;62;5.09;5.06;3.12;1415
0.5;Very Good;E;SI1;63.3;58;5.03;4.99;3.17;1415
0.5;Very Good;E;SI1;63.3;59;5.03;4.99;3.17;1415
0.5;Good;E;SI1;63.7;56;5.06;5.02;3.21;1415
0.5;Very Good;E;SI1;63.2;57;5.06;5.03;3.19;1415
0.5;Premium;G;VS2;61.5;57;5.12;5.09;3.14;1415
0.5;Premium;E;SI1;63;59;5.01;4.99;3.15;1415
0.5;Premium;G;VS2;60.2;60;5.21;5.15;3.12;1415
0.61;Ideal;H;SI1;61.9;54;5.44;5.48;3.38;1416
0.51;Very Good;G;VS2;59.1;60;5.18;5.21;3.07;1417
0.46;Very Good;E;VS1;60.3;59.2;4.96;5.02;3.01;1417
0.55;Very Good;E;SI1;64.2;55;5.18;5.2;3.33;1417
0.51;Very Good;F;VS2;63.2;58;5.07;5.05;3.2;1417
0.56;Ideal;I;VS2;62.2;57;5.27;5.28;3.28;1417
0.53;Ideal;H;VS2;61.4;55.4;5.19;5.24;3.2;1417
0.56;Ideal;G;SI1;61.3;54;5.34;5.37;3.28;1417
0.56;Ideal;G;SI1;62.1;55;5.29;5.33;3.3;1417
0.55;Ideal;G;SI1;61.7;58;5.27;5.29;3.26;1417
0.47;Very Good;F;VVS2;60.9;59;4.99;5.03;3.05;1418
0.46;Ideal;F;VS1;62.7;56;4.91;4.94;3.09;1418
0.39;Ideal;E;IF;61.5;55.5;4.68;4.72;2.88;1418
0.59;Very Good;D;SI2;62.7;58;5.32;5.37;3.35;1419
0.59;Ideal;D;SI2;62.4;58;5.35;5.39;3.35;1419
0.59;Ideal;D;SI2;61.1;56;5.4;5.44;3.31;1419
0.41;Ideal;E;IF;62.1;54;4.75;4.81;2.97;1419
0.5;Good;E;VS2;63.1;61;5;5.05;3.17;1419
0.52;Good;F;VS1;61;61;5.22;5.17;3.17;1419
0.52;Very Good;G;VS1;61.2;57;5.17;5.23;3.18;1420
0.51;Very Good;D;SI1;59.4;59;5.18;5.22;3.09;1420
0.5;Premium;E;VS2;60.1;61;5.2;5.15;3.11;1420
0.5;Premium;E;VS2;58.1;61;5.23;5.17;3.02;1420
0.7;Fair;G;SI2;69.3;60;5.41;5.35;3.72;1420
0.5;Premium;E;VS2;61.8;59;5.07;5.02;3.12;1420
0.38;Very Good;E;IF;59.5;57;4.77;4.84;2.86;1421
0.47;Ideal;G;VVS1;61.6;56;4.99;5.05;3.09;1421
0.53;Ideal;F;SI2;61.7;55;5.22;5.25;3.23;1421
0.58;Ideal;H;SI1;61.8;56;5.36;5.38;3.32;1421
0.55;Ideal;G;SI1;60.9;56;5.3;5.32;3.24;1421
0.51;Premium;F;SI1;61.3;59;5.19;5.15;3.17;1421
0.58;Ideal;H;SI1;60.9;57;5.38;5.33;3.26;1421
0.58;Ideal;H;SI1;60.2;57;5.47;5.43;3.28;1421
0.51;Premium;F;SI1;61.4;59;5.13;5.13;3.16;1421
0.51;Premium;F;SI1;60.7;58;5.14;5.1;3.11;1421
0.51;Premium;F;SI1;60.5;59;5.18;5.13;3.12;1421
0.54;Premium;G;VS2;62.7;58;5.21;5.25;3.28;1422
0.54;Ideal;E;SI1;61.3;56;5.22;5.25;3.21;1422
0.54;Good;G;VS2;63.2;55;5.15;5.2;3.27;1422
0.54;Premium;E;SI1;61.4;60;5.21;5.25;3.21;1422
0.54;Good;G;VS2;63.6;56;5.14;5.17;3.28;1422
0.54;Ideal;G;VS2;61.5;55;5.24;5.27;3.23;1422
0.47;Very Good;D;VS1;59.5;61;5.06;5.03;3.02;1422
0.54;Ideal;E;SI1;61.3;56;5.22;5.25;3.21;1422
0.53;Good;E;VS2;58.6;62;5.26;5.32;3.1;1422
0.43;Ideal;F;VVS1;62.1;55;4.85;4.81;3;1422
0.43;Ideal;F;VVS1;62.3;55;4.88;4.85;3.03;1422
0.43;Premium;F;VVS1;61.5;56;4.9;4.86;3;1422
0.43;Ideal;F;VVS1;61;56;4.9;4.87;2.98;1422
0.43;Premium;F;VVS1;60.3;58;4.91;4.88;2.95;1422
0.43;Ideal;F;VVS1;62;57;4.84;4.81;2.99;1422
0.52;Very Good;G;VS2;62.4;60;5.14;5.18;3.22;1423
0.52;Very Good;G;VS2;59.2;57;5.28;5.37;3.15;1423
0.52;Very Good;G;VS2;62.6;58;5.08;5.11;3.19;1423
0.51;Good;D;SI1;63.3;57;5.06;5.09;3.21;1423
0.51;Very Good;F;VS2;63;57;5.05;5.11;3.2;1423
0.63;Ideal;I;VS2;62.1;54;5.51;5.54;3.43;1423
0.61;Good;D;SI2;59.8;62;5.48;5.53;3.29;1423
0.59;Very Good;F;SI1;63;56;5.3;5.34;3.35;1424
0.58;Very Good;E;SI1;61.5;58;5.31;5.36;3.28;1424
0.51;Good;E;VS2;61.1;65;5.14;5.11;3.13;1424
0.61;Ideal;F;SI2;61.3;55;5.47;5.55;3.38;1424
0.59;Ideal;F;SI1;62.3;54;5.37;5.41;3.36;1424
0.59;Ideal;F;SI1;62;53;5.38;5.43;3.35;1424
0.5;Ideal;G;VS2;62.6;57;5.11;5.05;3.18;1424
0.56;Very Good;F;SI1;63.9;59;5.16;5.22;3.32;1425
0.51;Very Good;D;SI1;60.4;61;5.09;5.14;3.09;1425
0.41;Ideal;G;IF;62;55;4.8;4.81;2.98;1425
0.59;Ideal;D;SI2;59.1;57;5.52;5.48;3.25;1425
0.5;Very Good;H;VS1;64.6;56;4.97;5.06;3.24;1426
0.62;Very Good;E;SI2;63.4;56;5.4;5.45;3.44;1426
0.54;Very Good;E;VS2;62.6;60;5.26;5.19;3.27;1426
0.49;Good;F;VS1;63.6;59;4.95;4.92;3.14;1426
0.43;Ideal;E;VVS2;61.7;55;4.86;4.87;3;1426
0.6;Premium;E;SI2;62;59;5.41;5.37;3.34;1426
0.51;Very Good;E;SI2;59.3;63;5.18;5.25;3.09;1427
0.53;Ideal;H;VS2;61.5;56;5.21;5.26;3.22;1427
0.53;Ideal;H;VS2;61.6;55;5.23;5.25;3.23;1427
0.56;Ideal;H;VS2;61.7;54;5.31;5.33;3.28;1427
0.51;Ideal;G;VS2;61.6;56;5.13;5.18;3.18;1427
0.53;Ideal;I;VS1;62.3;56;5.19;5.23;3.24;1427
0.41;Ideal;D;VS1;61.9;56;4.76;4.8;2.96;1427
0.41;Ideal;D;VS1;61.1;56;4.8;4.83;2.94;1427
0.59;Good;I;VVS2;57.8;61;5.52;5.6;3.21;1427
0.52;Good;F;SI1;65.5;66;4.92;4.98;3.24;1427
0.52;Ideal;G;VS2;61.7;56;5.15;5.19;3.19;1428
0.53;Premium;F;SI1;60.9;59;5.21;5.23;3.18;1428
0.6;Premium;D;SI2;61.3;61;5.46;5.4;3.33;1428
0.51;Ideal;H;VS2;60.1;60;5.19;5.14;3.1;1428
0.53;Premium;F;SI1;62;59;5.23;5.16;3.22;1428
0.53;Premium;H;VS2;59.4;59;5.31;5.27;3.14;1428
0.5;Very Good;H;VS1;62.5;59;5.01;5.04;3.14;1429
0.52;Very Good;D;SI1;61.6;58;5.14;5.22;3.19;1429
0.5;Good;G;VS1;57.5;56;5.3;5.24;3.03;1429
0.52;Ideal;F;VS2;60.3;57;5.2;5.24;3.15;1429
0.5;Ideal;H;VS1;61.7;59;5.07;5.14;3.15;1429
0.55;Ideal;G;SI1;60.8;56;5.3;5.36;3.24;1429
0.52;Ideal;D;SI1;61.2;57;5.18;5.22;3.18;1429
0.52;Ideal;D;SI1;62.2;54;5.14;5.18;3.21;1429
0.52;Ideal;E;SI1;63;54;5.15;5.11;3.23;1429
0.52;Ideal;E;SI1;61.4;57;5.18;5.15;3.17;1429
0.57;Premium;E;SI1;62.5;57;5.28;5.22;3.28;1429
0.51;Good;D;VS2;60.1;65;5.14;5.17;3.1;1430
0.51;Good;D;VS2;64.2;58;5.01;5.06;3.23;1430
0.49;Good;F;VS1;58.9;60.5;5.17;5.21;3.05;1430
0.58;Fair;G;VS2;65;56;5.23;5.17;3.38;1430
0.51;Ideal;F;VS2;62.5;53;5.12;5.15;3.21;1431
0.59;Ideal;G;SI1;62.3;55;5.37;5.39;3.35;1431
0.51;Ideal;D;SI1;61;56;5.15;5.17;3.15;1431
0.51;Ideal;D;SI1;61.5;56;5.15;5.16;3.17;1431
0.41;Ideal;G;IF;61;57;4.81;4.79;2.93;1431
0.41;Ideal;G;IF;62.3;55;4.78;4.75;2.97;1431
0.41;Ideal;G;IF;61.7;56;4.8;4.77;2.95;1431
0.41;Ideal;G;IF;61.7;56;4.8;4.77;2.95;1431
0.41;Ideal;G;IF;62.4;54;4.78;4.74;2.97;1431
0.41;Premium;E;VVS1;60.7;58;4.86;4.8;2.93;1431
0.41;Ideal;E;VVS1;61.7;56;4.82;4.78;2.96;1431
0.41;Ideal;E;VVS1;61.3;56;4.81;4.79;2.94;1431
0.41;Ideal;E;VVS1;60.9;55;4.83;4.8;2.93;1431
0.41;Ideal;E;VVS1;60.7;57;4.85;4.8;2.93;1431
0.41;Premium;E;VVS1;62.9;59;4.76;4.72;2.98;1431
0.41;Premium;E;VVS1;62.2;58;4.77;4.75;2.96;1431
0.41;Ideal;E;VVS1;61.3;55;4.8;4.76;2.93;1431
0.41;Ideal;E;VVS1;61.3;57;4.79;4.77;2.93;1431
0.41;Ideal;E;VVS1;61.9;55;4.79;4.78;2.96;1431
0.5;Premium;D;VS2;62.2;60;5.15;5.05;3.17;1431
0.5;Fair;D;VS2;66.9;57;4.95;4.83;3.27;1431
0.5;Fair;D;VS2;63.7;57;5.05;4.9;3.17;1431
0.59;Good;D;SI1;63.8;57;5.31;5.26;3.37;1431
0.53;Very Good;E;SI1;63.6;57;5.12;5.16;3.27;1432
0.56;Premium;H;VS2;62.2;60;5.28;5.23;3.27;1432
0.41;Ideal;E;VVS2;61.7;56;4.77;4.8;2.95;1432
0.57;Ideal;F;SI2;62.7;56;5.32;5.27;3.32;1432
0.31;Ideal;H;VS2;61.3;56;4.36;4.38;2.68;507
0.31;Ideal;H;VS2;61.5;56;4.38;4.4;2.7;507
0.31;Ideal;H;VS2;62;55;4.36;4.38;2.71;507
0.31;Ideal;H;VS2;61.2;56;4.35;4.37;2.67;507
0.31;Ideal;H;VS2;61.8;57;4.32;4.36;2.68;507
0.3;Ideal;G;VS2;61.8;56;4.29;4.32;2.66;507
0.31;Ideal;I;VS1;62.4;53;4.33;4.36;2.71;507
0.31;Ideal;I;VS1;61.2;55;4.37;4.39;2.68;507
0.31;Ideal;I;VS1;61.8;56;4.38;4.39;2.71;507
0.3;Ideal;H;VS1;62.1;57;4.27;4.3;2.66;507
0.29;Ideal;G;VS1;62.2;54;4.23;4.26;2.64;507
0.31;Very Good;E;SI1;61.2;58;4.34;4.38;2.67;507
0.31;Good;G;VS2;63.2;58;4.28;4.3;2.71;507
0.31;Good;E;SI1;63.4;55;4.26;4.29;2.71;507
0.31;Good;G;VS2;57.6;62;4.46;4.5;2.58;507
0.31;Very Good;E;SI1;58.7;60;4.45;4.48;2.62;507
0.34;Premium;D;SI2;59.2;59;4.54;4.58;2.7;507
0.34;Premium;G;SI1;59.7;59;4.5;4.54;2.7;507
0.34;Very Good;G;SI1;60.8;59;4.46;4.56;2.74;507
0.34;Ideal;G;SI1;61.2;57;4.53;4.56;2.78;507
0.34;Very Good;D;SI2;60.7;61;4.45;4.51;2.72;507
0.34;Good;G;SI1;63.4;57;4.42;4.45;2.81;507
0.34;Premium;D;SI2;60.8;60;4.49;4.53;2.74;507
0.31;Very Good;E;SI1;63;58;4.29;4.31;2.71;507
0.34;Premium;D;SI2;60.6;60;4.48;4.53;2.73;507
0.34;Good;G;SI1;63.9;58;4.4;4.43;2.82;507
0.34;Very Good;G;SI1;61.5;56;4.45;4.52;2.76;507
0.26;Ideal;H;VVS2;62.5;54;4.11;4.14;2.58;508
0.28;Ideal;G;VS2;62.1;56;4.19;4.23;2.61;508
0.26;Ideal;G;VS1;62.5;53;4.1;4.13;2.57;508
0.52;Ideal;F;SI1;60.4;56;5.22;5.28;3.17;1432
0.46;Premium;F;VS1;60.5;58;5.02;4.97;3.02;1432
0.57;Very Good;G;SI1;61.1;57;5.32;5.35;3.26;1433
0.43;Ideal;G;IF;61.2;57;4.81;4.86;2.96;1433
0.38;Ideal;E;IF;62.7;55;4.61;4.67;2.91;1433
0.43;Ideal;G;IF;62.1;54;4.83;4.87;3.01;1433
0.38;Ideal;E;IF;61.9;56;4.65;4.66;2.88;1433
0.43;Premium;G;IF;60.9;59;4.88;4.94;2.99;1433
0.43;Very Good;E;VVS1;60.3;58;4.86;4.93;2.95;1433
0.43;Premium;G;IF;61.1;58;4.86;4.89;2.98;1433
0.43;Premium;G;IF;61.4;59;4.79;4.85;2.96;1433
0.43;Premium;G;IF;61;58;4.82;4.88;2.96;1433
0.43;Ideal;E;VVS1;61.3;57;4.84;4.88;2.98;1433
0.43;Ideal;G;IF;61.8;55;4.85;4.89;3.01;1433
0.43;Very Good;E;VVS1;61.2;56;4.84;4.87;2.97;1433
0.43;Premium;E;VVS1;59.5;58;4.92;4.96;2.94;1433
0.43;Very Good;E;VVS1;61.9;56;4.81;4.85;2.99;1433
0.38;Ideal;E;IF;61.1;56;4.67;4.72;2.87;1433
0.43;Ideal;G;IF;61.8;56;4.86;4.88;3.01;1433
0.5;Premium;F;VS2;60.6;61;5.13;5.1;3.1;1433
0.5;Good;F;VS2;63.6;58;5.05;5.02;3.2;1433
0.5;Premium;F;VS2;60.6;59;5.13;5.03;3.08;1433
0.5;Good;D;SI1;63.8;60;5.03;5;3.2;1433
0.39;Ideal;F;IF;61.9;57;4.69;4.68;2.9;1433
0.5;Good;F;VS2;58.8;64;5.21;5.16;3.05;1433
0.5;Premium;D;SI1;60.3;58;5.12;5.1;3.08;1433
0.6;Premium;H;SI1;62;56;5.44;5.4;3.36;1433
0.6;Premium;G;SI2;60.8;58;5.49;5.44;3.32;1433
0.51;Good;E;SI1;63.6;58;5;4.97;3.17;1434
0.53;Ideal;E;SI1;61.9;55;5.18;5.22;3.22;1435
0.53;Ideal;I;VVS1;62.2;53;5.17;5.21;3.23;1435
0.53;Ideal;H;VS2;61.9;55.2;5.21;5.24;3.24;1435
0.53;Ideal;H;VS2;61.7;56;5.17;5.21;3.2;1435
0.51;Ideal;H;SI2;61.7;55;5.13;5.15;3.17;1435
0.51;Ideal;H;SI2;62;55;5.12;5.14;3.18;1435
0.62;Fair;E;SI2;58.2;60;5.7;5.51;3.26;1435
0.53;Premium;G;VS2;59.9;60;5.28;5.24;3.15;1435
0.71;Fair;J;VS2;64.9;54;5.63;5.53;3.62;1435
0.5;Very Good;F;VS2;59.4;59;5.19;5.22;3.09;1436
0.57;Ideal;E;SI1;61.5;56;5.32;5.35;3.28;1436
0.5;Good;D;SI1;63.2;57;5.02;5.07;3.19;1436
0.56;Premium;F;SI1;60.8;58;5.31;5.34;3.24;1436
0.5;Very Good;D;SI1;61;61;5.08;5.11;3.11;1436
0.5;Ideal;F;VS2;62.7;57;5.06;5.11;3.19;1436
0.5;Very Good;D;SI1;58.8;60;5.18;5.2;3.05;1436
0.5;Ideal;F;VS2;62.7;57;5.08;5.1;3.19;1436
0.5;Very Good;D;SI1;60.8;63;5.1;5.13;3.11;1436
0.5;Good;F;VS2;63.2;56;5.01;5.05;3.18;1436
0.56;Ideal;F;SI1;62.3;55;5.27;5.32;3.3;1436
0.5;Good;F;VS2;63.3;57;5.02;5.06;3.19;1436
0.5;Very Good;F;VS2;62.9;57;5.06;5.11;3.2;1436
0.5;Premium;D;SI1;62.4;60;5.07;5.09;3.17;1436
0.5;Very Good;D;SI1;58.9;61;5.16;5.19;3.05;1436
0.5;Very Good;D;SI1;62.8;53;5.04;5.08;3.18;1436
0.5;Very Good;F;VS2;63;55;5.04;5.09;3.19;1436
0.5;Very Good;D;SI1;61.9;61;5.09;5.12;3.16;1436
0.5;Ideal;F;VS2;62.5;57;5.07;5.11;3.18;1436
0.5;Premium;F;VS2;62.3;58;5.02;5.06;3.14;1436
0.5;Very Good;F;VS2;60.6;58;5.07;5.12;3.09;1436
0.5;Good;F;VS2;63.3;57;5.01;5.07;3.19;1436
0.56;Very Good;F;SI1;62.9;56;5.25;5.27;3.31;1436
0.5;Ideal;F;VS2;61.2;57;5.1;5.13;3.13;1436
0.5;Premium;F;VS2;62.7;59;5.05;5.09;3.18;1436
0.5;Good;D;SI1;63.7;56;5.05;5.09;3.23;1436
0.5;Good;F;VS2;63.8;55;5.03;5.06;3.22;1436
0.5;Very Good;D;SI1;58.8;60;5.17;5.23;3.06;1436
0.5;Good;D;SI1;63.3;56;5.07;5.1;3.22;1436
0.5;Good;F;VS2;63.3;58;4.98;5.03;3.17;1436
0.5;Good;D;SI1;62.9;59;4.94;5.01;3.13;1436
0.5;Very Good;D;SI1;58.5;60;5.13;5.19;3.02;1436
0.5;Very Good;F;VS2;62.5;56;5.06;5.09;3.17;1436
0.5;Good;F;VS2;63.2;58;5;5.03;3.17;1436
0.5;Very Good;D;SI1;60.8;58;5.07;5.13;3.1;1436
0.5;Premium;F;VS2;62.2;59;5.06;5.1;3.16;1436
0.5;Very Good;F;VS2;63;58;5.05;5.08;3.19;1436
0.5;Premium;F;VS2;60.9;58;5.1;5.14;3.12;1436
0.5;Good;D;SI1;63.6;54;5.02;5.08;3.21;1436
0.5;Good;F;VS2;63.6;57;5.03;5.07;3.21;1436
0.5;Very Good;D;SI1;62;60;5.08;5.12;3.16;1436
0.5;Good;D;SI1;63.6;58;5.05;5.08;3.22;1436
0.5;Very Good;F;VS2;61.5;61;5.09;5.12;3.14;1436
0.5;Very Good;F;VS2;62.8;56;5.05;5.07;3.18;1436
0.51;Very Good;H;VS2;61.4;55.8;5.14;5.19;3.17;1436
0.51;Good;E;VS2;63.1;59;5.04;5.07;3.19;1436
0.58;Ideal;D;SI2;61.2;57;5.38;5.41;3.3;1436
0.67;Fair;I;VS2;57.2;70;5.82;5.75;3.31;1436
0.61;Very Good;F;SI2;62.9;56.6;5.38;5.45;3.4;1437
0.46;Premium;E;VS1;61.7;59;4.96;4.93;3.05;1437
0.46;Premium;E;VS1;61.9;58;4.94;4.91;3.05;1437
0.59;Premium;G;SI1;60.5;59;5.44;5.41;3.28;1437
0.51;Ideal;I;VS2;61.1;56;5.16;5.18;3.16;1437
0.59;Ideal;G;SI1;61.5;57;5.36;5.4;3.31;1437
0.51;Ideal;E;SI1;61.7;55;5.18;5.2;3.2;1437
0.51;Ideal;E;SI1;60.8;57;5.17;5.22;3.16;1437
0.45;Good;G;IF;59.6;61;5;5.04;2.99;1437
0.61;Fair;I;VS2;57.4;60.9;5.6;5.65;3.23;1437
0.51;Very Good;H;VS1;63.4;57;5.09;5.06;3.22;1437
0.51;Very Good;D;SI1;59.1;63;5.27;5.15;3.08;1437
0.52;Very Good;E;SI1;59.3;59;5.26;5.3;3.13;1438
0.51;Very Good;G;VS2;62.5;59;5.05;5.1;3.17;1438
0.51;Very Good;G;VS2;62.4;62;5.07;5.09;3.17;1438
0.51;Ideal;H;VS1;62.7;57;5.08;5.13;3.2;1438
0.51;Ideal;E;SI1;61.3;55;5.11;5.17;3.15;1438
0.51;Very Good;G;VS2;62.9;57;5.06;5.12;3.2;1438
0.51;Very Good;G;VS2;62.9;54;5.08;5.12;3.21;1438
0.51;Very Good;G;VS2;62.2;57;5.1;5.15;3.19;1438
0.51;Ideal;E;SI1;62.2;57;5.08;5.12;3.17;1438
0.51;Very Good;G;VS2;62.7;57;5.05;5.12;3.19;1438
0.51;Ideal;H;VS1;61.1;56;5.11;5.16;3.14;1438
0.51;Ideal;H;VS1;62.6;57;5.09;5.13;3.2;1438
0.51;Very Good;G;VS2;62.9;58;5.06;5.11;3.2;1438
0.51;Ideal;H;VS1;62.7;54;5.12;5.15;3.22;1438
0.51;Ideal;E;SI1;61.5;55;5.16;5.18;3.18;1438
0.51;Ideal;G;VS2;62.4;56;5.11;5.14;3.2;1438
0.51;Very Good;E;SI1;62.3;58;5.05;5.12;3.17;1438
0.51;Very Good;G;VS2;62.4;57;5.09;5.11;3.18;1438
0.51;Very Good;G;VS2;62.7;58;5.09;5.12;3.2;1438
0.51;Very Good;E;SI1;61.3;54;5.13;5.18;3.16;1438
0.51;Very Good;E;SI1;60.8;57;5.19;5.24;3.17;1438
0.51;Ideal;E;SI1;59.6;57;5.2;5.24;3.11;1438
0.51;Ideal;G;VS2;61.7;57;5.12;5.15;3.17;1438
0.51;Good;H;VS1;63.7;55;5.07;5.1;3.24;1438
0.51;Very Good;G;VS2;62.9;58;5.05;5.12;3.2;1438
0.51;Ideal;E;SI1;62.7;55;5.07;5.1;3.19;1438
0.51;Very Good;E;SI1;62.5;57;5.06;5.09;3.17;1438
0.51;Very Good;E;SI1;62.8;55;5.07;5.12;3.2;1438
0.51;Premium;G;VS2;61.2;60;5.12;5.17;3.15;1438
0.51;Very Good;E;SI1;62.8;56;5.07;5.15;3.21;1438
0.51;Premium;G;VS2;62.4;58;5.11;5.12;3.19;1438
0.51;Ideal;E;SI1;62.1;55;5.09;5.15;3.18;1438
0.51;Very Good;G;VS2;62.3;59;5.07;5.1;3.17;1438
0.58;Very Good;D;SI2;62.9;56;5.31;5.35;3.35;1438
0.44;Ideal;E;VVS1;59.9;57;4.93;4.97;2.96;1438
0.53;Ideal;E;SI2;61.4;56;5.21;5.25;3.21;1438
0.61;Premium;I;VS2;61.8;56;5.44;5.41;3.35;1438
0.41;Ideal;F;IF;61.3;56;4.76;4.77;2.92;1439
0.41;Ideal;F;IF;61.9;56;4.77;4.79;2.96;1439
0.41;Premium;F;IF;62.6;58;4.73;4.76;2.97;1439
0.41;Ideal;F;IF;61.6;56;4.79;4.82;2.96;1439
0.41;Ideal;F;IF;61.4;56;4.77;4.81;2.94;1439
0.41;Ideal;F;IF;62.1;55;4.76;4.81;2.97;1439
0.41;Ideal;F;IF;61.9;56;4.78;4.81;2.97;1439
0.53;Ideal;G;SI1;61;55;5.23;5.26;3.2;1439
0.41;Ideal;F;IF;61.4;58;4.78;4.83;2.95;1439
0.41;Ideal;F;IF;61.4;56;4.81;4.83;2.96;1439
0.41;Ideal;F;IF;62.3;55;4.78;4.82;2.99;1439
0.41;Ideal;F;IF;61.7;56;4.79;4.83;2.97;1439
0.54;Ideal;H;VS2;60.1;57;5.33;5.28;3.19;1439
0.54;Premium;H;VS2;62.6;58;5.19;5.16;3.24;1439
0.54;Very Good;H;VS2;63.2;55;5.24;5.2;3.3;1439
0.54;Premium;G;SI1;61.6;58;5.26;5.21;3.23;1439
0.58;Premium;H;VS2;59.7;59;5.42;5.33;3.21;1439
0.58;Very Good;F;SI1;62.2;57;5.32;5.36;3.32;1440
0.56;Very Good;E;SI1;60.2;57;5.36;5.4;3.24;1440
0.54;Very Good;E;SI1;63.2;57;5.15;5.2;3.27;1440
0.54;Ideal;E;SI1;60.6;58;5.27;5.29;3.2;1440
0.63;Good;I;VS2;56.1;65;5.73;5.78;3.23;1440
0.53;Good;H;IF;61.2;65;5.16;5.27;3.19;1440
0.37;Fair;D;IF;61.2;57;4.68;4.73;2.88;1440
0.4;Ideal;D;VVS1;60.3;57;4.81;4.78;2.89;1441
0.47;Ideal;G;VVS1;61.3;56;5.03;5.05;3.09;1441
0.62;Ideal;F;SI2;61.3;55;5.55;5.47;3.38;1441
0.57;Ideal;G;SI1;62.1;55;5.32;5.34;3.31;1441
0.57;Ideal;G;SI1;62.3;54;5.34;5.35;3.33;1441
0.57;Ideal;G;SI1;62.2;55;5.33;5.35;3.32;1441
0.46;Ideal;G;IF;62.5;57;4.89;4.94;3.07;1441
0.56;Ideal;F;SI1;61.4;57;5.3;5.28;3.25;1441
0.56;Premium;G;SI1;58.8;59;5.4;5.38;3.17;1441
0.56;Ideal;G;SI1;62.5;56;5.28;5.21;3.28;1441
0.56;Premium;G;SI1;60.2;59;5.36;5.34;3.22;1441
0.56;Very Good;F;SI1;63.2;56;5.29;5.24;3.33;1441
0.54;Ideal;G;VS2;62.8;55;5.23;5.17;3.27;1441
0.58;Very Good;F;SI1;59.4;58;5.45;5.5;3.25;1442
0.51;Very Good;D;SI1;63;58;5.05;5.07;3.19;1442
0.7;Good;J;SI1;64.3;56;5.62;5.57;3.6;1442
0.41;Ideal;E;VVS1;61.9;58;4.77;4.8;2.96;1442
0.6;Ideal;H;VS2;62.1;55;5.42;5.46;3.38;1442
0.51;Ideal;H;VS2;60.8;57;5.14;5.16;3.13;1442
0.51;Ideal;F;VS2;62.5;55;5.08;5.13;3.19;1442
0.59;Ideal;I;VS1;62.2;57;5.33;5.38;3.33;1442
0.58;Ideal;G;SI1;61.4;55.8;5.34;5.38;3.29;1442
0.58;Ideal;F;SI1;59.9;56;5.41;5.47;3.26;1442
0.58;Ideal;D;SI2;61.2;57;5.4;5.36;3.29;1442
0.58;Ideal;D;SI2;62.7;56;5.32;5.3;3.33;1442
0.51;Ideal;G;VS2;62.8;55;5.1;5.06;3.19;1443
0.51;Very Good;G;VS2;63.4;55;5.06;5.03;3.2;1443
0.51;Ideal;G;VS2;62.2;54;5.11;5.14;3.19;1443
0.51;Premium;H;VS1;62.5;58;5.12;5.09;3.19;1443
0.51;Premium;G;VS2;61.3;59;5.17;5.11;3.15;1443
0.51;Ideal;G;VS2;62;56;5.18;5.11;3.19;1443
0.51;Premium;G;VS2;62.6;57;5.15;5.1;3.21;1443
0.51;Good;G;VS2;63.9;56;5.1;5.07;3.25;1443
0.51;Ideal;E;SI1;61.7;55;5.17;5.13;3.18;1443
0.51;Ideal;E;SI1;61.1;56;5.2;5.17;3.17;1443
0.51;Ideal;E;SI1;62.4;55;5.14;5.09;3.19;1443
0.51;Premium;E;SI1;61;58;5.13;5.1;3.12;1443
0.51;Premium;E;SI1;61.8;58;5.15;5.11;3.17;1443
0.51;Ideal;E;SI1;62;55;5.14;5.12;3.18;1443
0.51;Ideal;E;SI1;62.3;56;5.15;5.12;3.2;1443
0.51;Good;E;SI1;63.9;54;5.09;5.05;3.24;1443
0.51;Premium;E;SI1;62.8;61;5.07;5.06;3.18;1443
0.51;Ideal;E;SI1;62.5;56;5.1;5.07;3.18;1443
0.51;Very Good;E;SI1;63.5;54;5.1;5.07;3.23;1443
0.51;Good;E;SI1;63.9;56;5.11;5.07;3.25;1443
0.51;Very Good;E;SI1;63.2;61;5.08;5.05;3.2;1443
0.51;Premium;E;SI1;58.8;58;5.28;5.23;3.09;1443
0.51;Premium;E;SI1;60.3;56;5.27;5.17;3.15;1443
0.51;Very Good;G;VS2;63.5;57;5.06;5.05;3.21;1443
0.51;Good;F;VS2;63.1;59;5.04;5.1;3.2;1444
0.41;Ideal;E;VVS1;61.5;56;4.81;4.82;2.96;1444
0.49;Premium;D;SI1;61.3;57;5.21;5.02;3.14;1444
0.59;Very Good;I;VS2;61.2;57;5.4;5.42;3.31;1445
0.59;Very Good;I;VS2;60.3;59;5.41;5.43;3.27;1445
0.59;Ideal;H;SI1;61.1;57;5.39;5.41;3.3;1445
0.55;Premium;G;VS2;62.7;60;5.27;5.19;3.28;1445
0.52;Very Good;G;VS2;63.7;56;5.08;5.13;3.25;1446
0.52;Very Good;G;VS2;60.2;56;5.23;5.27;3.16;1446
0.5;Very Good;E;VS2;63.6;59;4.99;5.04;3.19;1446
0.62;Very Good;H;SI1;60.1;61;5.55;5.59;3.35;1446
0.52;Very Good;D;SI1;63.2;57;5.11;5.15;3.24;1446
0.5;Ideal;H;VS2;60.8;56;5.17;5.19;3.14;1446
0.52;Ideal;F;VS2;61.6;56;5.14;5.18;3.18;1446
0.62;Ideal;F;SI2;62;58;5.44;5.49;3.39;1446
0.5;Ideal;H;SI1;61.9;56;5.08;5.13;3.16;1446
0.58;Ideal;G;SI1;62.2;55;5.33;5.37;3.33;1446
0.4;Ideal;F;VVS1;61.7;57;4.74;4.7;2.91;1446
0.5;Fair;F;VS1;56.4;62;5.31;5.22;2.97;1446
0.52;Premium;G;VS2;60.9;58;5.19;5.22;3.17;1447
0.5;Good;F;VS2;62.8;61;4.94;5;3.12;1447
0.5;Good;F;VS2;61.3;61;5.05;5.1;3.11;1447
0.47;Good;E;VS1;58.3;61.2;5.11;5.15;2.98;1447
0.5;Good;D;SI1;60.5;57;5.1;5.14;3.1;1447
0.5;Very Good;I;VVS1;62.8;61;4.98;5.05;3.15;1448
0.55;Ideal;E;SI1;60.9;56;5.28;5.32;3.23;1448
0.55;Premium;G;VS2;59.6;59;5.32;5.36;3.18;1448
0.55;Ideal;G;VS2;62.4;56;5.23;5.25;3.27;1448
0.57;Ideal;I;VS1;62.2;55;5.28;5.33;3.3;1448
0.55;Ideal;F;SI1;60.2;56;5.32;5.37;3.22;1448
0.71;Very Good;F;I1;63.2;55;5.64;5.57;3.54;1448
0.53;Very Good;G;VS2;60.1;59;5.22;5.26;3.15;1449
0.6;Premium;D;SI2;62.3;59;5.41;5.31;3.34;1449
0.5;Ideal;G;VS2;62;56;5.08;5.11;3.16;1449
0.5;Ideal;G;VS2;62;57;5.08;5.11;3.16;1449
0.5;Ideal;G;VS2;62.5;57;5.04;5.07;3.16;1449
0.5;Ideal;G;VS2;60.9;58;5.1;5.12;3.11;1449
0.5;Ideal;G;VS2;61.7;54;5.14;5.16;3.18;1449
0.5;Ideal;G;VS2;62;56;5.09;5.11;3.16;1449
0.5;Ideal;H;VS1;60.5;57;5.15;5.19;3.13;1449
0.53;Ideal;H;VS1;62.3;54;5.18;5.22;3.24;1449
0.55;Very Good;F;SI1;63.3;58;5.21;5.18;3.29;1449
0.53;Very Good;G;VS2;62.5;56;5.16;5.18;3.23;1450
0.46;Ideal;H;IF;62.2;55;4.94;4.99;3.09;1450
0.51;Ideal;G;VS2;61.9;55;5.07;5.1;3.15;1450
0.52;Very Good;G;VS2;63.3;57;5.11;5.09;3.23;1450
0.5;Ideal;E;VS2;62.7;55;5.08;5.12;3.2;1451
0.52;Ideal;F;VS2;61.3;56;5.14;5.2;3.17;1451
0.52;Premium;F;VS2;60.2;59;5.19;5.21;3.13;1451
0.5;Very Good;E;VS2;62.1;62;5.08;5.1;3.16;1451
0.46;Very Good;E;VS1;58.7;60;5.08;5.15;3;1452
0.52;Very Good;D;SI1;63.8;56;5.06;5.1;3.24;1452
0.59;Very Good;F;SI1;62.4;59;5.33;5.37;3.34;1452
0.54;Ideal;I;VS1;62.3;57;5.2;5.24;3.25;1452
0.58;Very Good;E;SI1;59.6;57;5.41;5.42;3.23;1453
0.46;Ideal;G;VVS1;60.7;57;4.98;5.03;3.04;1453
0.54;Ideal;H;VS2;61.6;55;5.23;5.25;3.23;1453
0.54;Ideal;H;VS2;61.5;55;5.25;5.28;3.24;1453
0.54;Ideal;I;VS1;63.1;55;5.18;5.22;3.27;1453
0.5;Very Good;D;SI1;61.6;56;5.09;5.11;3.14;1454
0.52;Ideal;I;VVS1;60.1;56;5.24;5.27;3.16;1454
0.54;Ideal;H;VS1;61.2;55;5.25;5.31;3.23;1454
0.34;Ideal;H;SI1;61.1;56;4.52;4.55;2.77;508
0.32;Ideal;G;SI1;62.3;57;4.38;4.41;2.74;508
0.3;Ideal;D;SI1;61.8;56;4.31;4.33;2.67;508
0.3;Ideal;D;SI1;62.4;54;4.32;4.34;2.7;508
0.33;Ideal;J;VVS1;62.1;54;4.45;4.47;2.77;509
0.35;Ideal;I;VS2;61.1;57;4.55;4.58;2.79;509
0.35;Ideal;I;VS2;61.4;55;4.54;4.58;2.8;509
0.27;Premium;G;VS2;62.4;59;4.13;4.11;2.57;509
0.27;Ideal;H;VS2;60.5;57;4.19;4.17;2.53;509
0.38;Ideal;H;SI2;61.3;54;4.68;4.7;2.87;510
0.29;Ideal;H;VVS2;61.7;56;4.29;4.33;2.66;511
0.23;Ideal;F;VVS2;62.5;55;3.94;3.96;2.47;511
0.31;Ideal;I;VVS1;62.1;54;4.34;4.39;2.71;511
0.31;Ideal;G;VS2;62.1;54;4.34;4.36;2.7;511
0.33;Ideal;H;SI1;61;55;4.45;4.49;2.73;511
0.33;Ideal;H;SI1;60.9;56;4.5;4.53;2.75;511
0.39;Very Good;E;I1;62.8;57;4.61;4.66;2.91;511
0.25;Very Good;D;VVS2;64.2;55;3.98;4;2.56;512
0.25;Very Good;D;VVS2;63;56;3.98;4.02;2.52;512
0.23;Ideal;H;VS2;62.3;53;3.96;3.99;2.48;512
0.25;Good;E;IF;65.6;54;3.91;3.95;2.58;512
0.35;Premium;I;SI2;60.9;58;4.56;4.53;2.77;512
0.3;Good;H;VS1;63.2;59;4.31;4.27;2.71;512
0.31;Good;F;SI1;63.2;56;4.27;4.31;2.71;512
0.31;Ideal;H;VS2;62.1;55;4.34;4.36;2.7;513
0.31;Ideal;H;VS2;61.5;55.2;4.36;4.39;2.7;513
0.36;Ideal;J;VS1;61.7;53.7;4.58;4.62;2.84;513
0.31;Ideal;I;VS1;61.4;55.2;4.32;4.35;2.66;513
0.31;Ideal;I;VS1;61.3;55.6;4.37;4.4;2.69;513
0.23;Premium;E;VS2;62.4;60;3.92;3.9;2.44;513
0.23;Premium;E;VS1;61.8;60;3.95;3.91;2.43;513
0.38;Premium;J;SI1;61.3;59;4.62;4.68;2.85;513
0.28;Very Good;D;VS1;62.4;56;4.15;4.18;2.6;514
0.28;Ideal;H;VVS2;61.6;56;4.22;4.26;2.61;514
0.28;Ideal;H;VVS2;61.2;55;4.18;4.22;2.57;514
0.26;Ideal;G;VVS2;62.7;53;4.09;4.11;2.57;514
0.3;Ideal;H;SI1;61.9;54;4.31;4.34;2.68;514
0.3;Ideal;H;SI1;62.2;53;4.29;4.32;2.68;514
0.3;Ideal;I;VVS2;62.1;56;4.29;4.31;2.67;515
0.3;Ideal;I;VVS2;62.6;56;4.26;4.3;2.68;515
0.3;Ideal;I;VVS2;62.2;56;4.27;4.31;2.67;515
0.3;Ideal;I;VVS2;62.2;55;4.3;4.32;2.68;515
0.3;Ideal;I;VVS2;62;56;4.29;4.32;2.67;515
0.31;Ideal;H;VS2;61.2;59;4.36;4.4;2.68;515
0.31;Ideal;F;SI1;62;55.2;4.32;4.35;2.69;515
0.3;Good;G;VS2;58.5;64;4.42;4.37;2.57;515
0.3;Premium;D;SI1;62.1;59;4.29;4.31;2.67;515
0.3;Very Good;D;SI1;58.8;57;4.4;4.44;2.6;515
0.3;Good;D;SI1;63.4;54;4.27;4.31;2.72;515
0.3;Good;D;SI1;63.1;56;4.24;4.28;2.69;515
0.3;Good;D;SI1;63.4;55;4.22;4.26;2.69;515
0.32;Ideal;H;VS1;61.8;53;4.41;4.43;2.73;516
0.4;Ideal;H;SI2;61.6;56;4.73;4.75;2.92;516
0.34;Ideal;H;SI1;61.3;56;4.48;4.52;2.76;516
0.31;Ideal;E;SI1;61.9;53;4.36;4.4;2.71;516
0.32;Ideal;E;SI1;61.6;54;4.42;4.45;2.73;516
0.32;Ideal;E;SI1;62.2;54;4.38;4.4;2.73;516
0.31;Ideal;E;SI1;62.1;55;4.33;4.36;2.7;516
0.31;Ideal;E;SI1;61.6;54;4.39;4.41;2.71;516
0.31;Ideal;E;SI1;61.1;55;4.36;4.41;2.68;516
0.31;Premium;F;SI1;62.7;58;4.31;4.33;2.71;516
0.31;Very Good;F;SI1;62.9;57;4.31;4.34;2.72;516
0.31;Good;F;SI1;63.5;56;4.3;4.33;2.74;516
0.31;Very Good;F;SI1;60.6;60;4.34;4.37;2.64;516
0.31;Very Good;F;SI1;60.7;58;4.35;4.38;2.65;516
0.31;Good;F;SI1;63.1;57;4.28;4.31;2.71;516
0.31;Ideal;F;SI1;60.5;57;4.4;4.43;2.67;516
0.31;Good;F;SI1;63.1;55;4.28;4.34;2.72;516
0.31;Premium;F;SI1;60.5;60;4.37;4.39;2.65;516
0.31;Ideal;F;SI1;62.3;56;4.32;4.35;2.7;516
0.34;Ideal;H;VS2;61.8;55;4.49;4.51;2.78;517
0.34;Ideal;H;VS2;61.2;55;4.49;4.53;2.76;517
0.35;Ideal;G;SI2;61.2;56;4.56;4.59;2.8;517
0.26;Good;F;VVS2;60.4;61;4.13;4.18;2.51;517
0.32;Premium;H;SI2;61.8;55;4.42;4.35;2.71;517
0.32;Good;H;SI2;63.8;56;4.38;4.36;2.79;517
0.32;Very Good;H;SI2;63.1;56;4.37;4.34;2.75;517
0.34;Ideal;G;VS2;62.4;57;4.46;4.48;2.79;517
0.23;Very Good;E;VVS1;62.9;59;3.9;3.95;2.47;518
0.27;Very Good;F;VS2;61.8;57;4.14;4.18;2.57;518
0.27;Very Good;F;VS1;62.5;56;4.14;4.18;2.6;518
0.27;Very Good;F;VS1;60.5;57;4.21;4.23;2.55;518
0.27;Very Good;E;VS1;61.8;55;4.18;4.21;2.59;518
0.31;Ideal;H;VS2;61.5;54;4.35;4.4;2.69;518
0.3;Ideal;I;VS1;62.2;56;4.27;4.31;2.67;518
0.3;Ideal;I;VS1;62.6;54;4.24;4.29;2.67;518
0.37;Ideal;G;SI2;61.3;55;4.64;4.66;2.85;518
0.29;Premium;F;SI1;62.4;58;4.26;4.24;2.65;518
0.36;Premium;E;SI2;61.5;61;4.63;4.57;2.83;518
0.36;Very Good;H;SI1;59.3;60;4.62;4.65;2.75;518
0.32;Very Good;H;SI2;60.4;59;4.39;4.42;2.66;393
0.32;Ideal;J;VS2;62.1;54;4.38;4.44;2.74;393
0.32;Very Good;J;VS2;62.9;56;4.37;4.4;2.76;393
0.28;Very Good;H;VS2;59.7;60;4.25;4.29;2.55;394
0.26;Ideal;G;SI1;62.2;54;4.11;4.12;2.56;394
0.26;Ideal;G;SI1;62;55;4.08;4.11;2.54;394
0.26;Ideal;G;SI1;62;54;4.08;4.11;2.54;394
0.28;Good;G;VS2;61.8;61;4.2;4.21;2.6;394
0.31;Premium;F;I1;62.9;59;4.33;4.29;2.71;394
0.21;Premium;E;SI2;61.9;56;3.84;3.82;2.37;394
0.3;Very Good;J;VS1;62.7;59;4.24;4.28;2.67;394
0.3;Premium;J;VS1;62.6;58;4.28;4.31;2.69;394
0.3;Very Good;F;SI2;62.3;58;4.28;4.32;2.68;394
0.3;Very Good;F;SI2;62.2;58;4.22;4.33;2.66;394
0.3;Ideal;I;SI1;61.3;56;4.32;4.33;2.65;394
0.3;Good;J;VS1;63.4;57;4.23;4.26;2.69;394
0.3;Ideal;I;SI1;62.3;56;4.32;4.35;2.7;394
0.3;Good;F;SI2;63.3;55;4.29;4.33;2.73;394
0.3;Premium;I;SI1;60.9;59;4.34;4.36;2.65;394
0.3;Ideal;J;VS1;59.7;57;4.37;4.4;2.62;394
0.3;Good;G;SI2;63.7;54;4.23;4.25;2.7;394
0.3;Good;G;SI2;63.3;57;4.25;4.28;2.7;394
0.3;Good;I;SI1;63.5;57;4.24;4.26;2.7;394
0.3;Good;I;SI1;63.8;57;4.19;4.27;2.7;394
0.3;Premium;J;VS1;62.6;60;4.22;4.28;2.66;394
0.3;Good;J;VS1;63.4;55;4.25;4.3;2.71;394
0.3;Very Good;I;SI1;61.6;62;4.27;4.3;2.64;394
0.3;Very Good;G;SI2;58.1;61;4.41;4.47;2.58;394
0.3;Very Good;F;SI2;61.7;62;4.25;4.27;2.63;394
0.3;Premium;F;SI2;61.3;58;4.28;4.33;2.64;394
0.51;Premium;G;VS2;61.2;60;5.17;5.12;3.15;1546
0.51;Ideal;G;VS2;62.9;54;5.12;5.08;3.21;1546
0.51;Premium;G;VS2;62.4;57;5.11;5.09;3.18;1546
0.51;Premium;G;VS2;62.7;58;5.12;5.09;3.2;1546
0.51;Premium;G;VS2;62.2;57;5.15;5.1;3.19;1546
0.51;Ideal;G;VS2;62.7;57;5.12;5.05;3.19;1546
0.51;Premium;G;VS2;62.9;58;5.11;5.06;3.2;1546
0.51;Premium;G;VS2;62.3;59;5.1;5.07;3.17;1546
0.51;Ideal;E;SI1;59.6;57;5.24;5.2;3.11;1546
0.51;Premium;E;SI1;61.3;54;5.18;5.13;3.16;1546
0.51;Ideal;E;SI1;61.5;55;5.18;5.16;3.18;1546
0.51;Premium;E;SI1;60.8;57;5.24;5.19;3.17;1546
0.51;Ideal;E;SI1;62.8;56;5.15;5.07;3.21;1546
0.51;Ideal;E;SI1;62.2;57;5.12;5.08;3.17;1546
0.51;Ideal;E;SI1;62.1;55;5.15;5.09;3.18;1546
0.51;Ideal;E;SI1;61.3;55;5.17;5.11;3.15;1546
0.51;Premium;E;SI1;62.5;57;5.09;5.06;3.17;1546
0.51;Ideal;E;SI1;62.7;55;5.1;5.07;3.19;1546
0.51;Ideal;E;SI1;62.8;55;5.12;5.07;3.2;1546
0.51;Premium;E;SI1;62.3;58;5.12;5.05;3.17;1546
0.51;Premium;G;VS2;62.4;58;5.12;5.11;3.19;1546
0.5;Very Good;E;VS2;61.8;57;5.05;5.11;3.14;1547
0.72;Good;J;SI1;60.1;64;5.75;5.83;3.48;1547
0.42;Ideal;D;VVS1;61.8;55;4.83;4.85;2.99;1547
0.42;Ideal;D;VVS1;61.6;56;4.79;4.82;2.96;1547
0.42;Very Good;D;VVS1;62.8;56;4.76;4.8;3;1547
0.42;Ideal;D;VVS1;61.8;56;4.79;4.82;2.97;1547
0.61;Premium;F;SI1;62.4;59;5.37;5.33;3.34;1547
0.52;Ideal;D;SI1;61.1;57;5.19;5.25;3.19;1547
0.97;Fair;G;I1;57.2;60;6.59;6.36;3.72;1547
0.53;Very Good;H;VVS2;61.3;61;5.15;5.2;3.17;1548
0.55;Very Good;H;VS2;62;55.2;5.28;5.31;3.28;1548
0.51;Ideal;D;SI1;62.4;57;5.11;5.15;3.2;1548
0.61;Very Good;G;SI1;59.7;63;5.5;5.43;3.26;1548
0.45;Ideal;G;IF;61.7;55;4.93;4.96;3.05;1548
0.45;Good;F;VVS1;63.8;58;4.85;4.78;3.07;1548
0.45;Premium;D;VVS2;59.8;59;5.01;4.85;2.96;1548
0.51;Very Good;E;VS2;64.1;57;5.02;5.06;3.23;1549
0.51;Very Good;E;VS2;60;57;5.15;5.19;3.1;1549
0.51;Good;D;VS2;63.7;57;5;5.05;3.2;1549
0.52;Ideal;G;VS2;61.9;55;5.15;5.18;3.2;1549
0.52;Ideal;E;VS2;62.3;53;5.17;5.2;3.23;1549
0.53;Ideal;G;SI1;61.1;55;5.24;5.26;3.21;1549
0.55;Ideal;J;VS1;62.3;56;5.26;5.24;3.27;1550
0.52;Very Good;F;VS2;61.9;59;5.11;5.14;3.17;1550
0.52;Very Good;F;VS2;63.9;57;5.08;5.12;3.26;1550
0.5;Very Good;F;VS1;59.9;61;5.13;5.16;3.08;1550
0.5;Very Good;F;VS1;62.9;58;5.05;5.09;3.19;1550
0.67;Ideal;H;SI1;62.1;54;5.61;5.66;3.5;1550
0.59;Premium;E;SI1;58.7;57;5.53;5.47;3.23;1550
0.55;Very Good;E;SI1;61;61;5.25;5.3;3.22;1551
0.55;Ideal;E;SI1;61.7;57;5.23;5.27;3.24;1551
0.55;Ideal;E;SI1;61.4;55;5.26;5.29;3.24;1551
0.55;Ideal;E;SI1;62.3;56;5.23;5.26;3.27;1551
0.54;Premium;D;SI1;60;58;5.26;5.3;3.17;1551
0.54;Good;D;SI1;63.2;55;5.17;5.21;3.28;1551
0.54;Very Good;F;VS2;58.2;60;5.34;5.39;3.12;1551
0.55;Very Good;G;VS2;62.3;56;5.24;5.29;3.28;1551
0.55;Ideal;E;SI1;61.7;56;5.24;5.29;3.25;1551
0.55;Ideal;E;SI1;60.6;56;5.3;5.33;3.22;1551
0.55;Ideal;E;SI1;60.7;57;5.27;5.3;3.21;1551
0.55;Ideal;E;SI1;62.1;55;5.21;5.26;3.25;1551
0.55;Premium;E;SI1;61.2;59;5.25;5.28;3.22;1551
0.59;Very Good;H;VS2;61.8;56;5.37;5.41;3.33;1552
0.56;Premium;E;VS2;61.1;59;5.27;5.34;3.24;1552
0.62;Premium;G;SI1;62.6;60;5.42;5.38;3.38;1552
0.53;Ideal;I;VS1;61.8;55;5.19;5.23;3.22;1552
0.51;Very Good;F;VS2;63.1;59;5.1;5.04;3.2;1552
0.5;Very Good;D;VS2;63.7;56;4.95;5.03;3.18;1553
0.51;Ideal;D;SI1;62;55;5.11;5.15;3.18;1553
0.51;Very Good;E;VS2;61.2;60;5.11;5.18;3.15;1554
0.5;Very Good;E;VS1;61.6;59;5.06;5.14;3.14;1554
0.6;Very Good;F;SI1;62.4;56;5.37;5.4;3.36;1554
0.6;Very Good;F;SI1;60;61;5.48;5.52;3.3;1554
0.6;Very Good;G;SI1;61.1;57;5.36;5.47;3.31;1554
0.52;Good;E;VS2;63.3;56;5.08;5.12;3.23;1554
0.52;Very Good;G;VS1;59.1;60;5.24;5.19;3.08;1554
0.5;Ideal;E;VS2;62.1;55;5.11;5.13;3.18;1554
0.5;Ideal;E;VS2;61.5;55;5.11;5.16;3.16;1554
0.5;Ideal;E;VS2;61.6;56;5.1;5.13;3.15;1554
0.57;Ideal;H;VS1;61.7;54;5.33;5.36;3.3;1554
0.57;Ideal;H;VS1;61.3;56;5.36;5.38;3.29;1554
0.51;Good;E;VS2;59.2;62;5.22;5.29;3.11;1554
0.59;Very Good;G;SI1;59.3;58;5.45;5.51;3.25;1555
0.52;Very Good;D;VS2;60.9;58;5.22;5.16;3.16;1555
0.5;Ideal;E;SI1;61.2;56;5.12;5.15;3.14;1555
0.52;Ideal;E;SI1;61.6;55;5.16;5.19;3.19;1555
0.54;Premium;E;VS2;59.6;59;5.32;5.26;3.16;1555
0.54;Premium;F;SI1;60.4;58;5.29;5.2;3.17;1555
0.59;Very Good;G;VS2;62.8;56;5.3;5.34;3.34;1556
0.7;Good;I;SI2;63.2;60;5.55;5.62;3.53;1556
0.55;Premium;G;VS2;60.3;62;5.33;5.29;3.2;1556
0.55;Ideal;E;SI1;60.9;56;5.32;5.28;3.23;1556
0.5;Premium;I;VVS1;62.8;61;5.05;4.98;3.15;1556
0.55;Ideal;G;VS2;62.4;56;5.25;5.23;3.27;1556
0.55;Premium;G;VS2;59.6;59;5.36;5.32;3.18;1556
0.6;Very Good;H;VS2;60.8;60;5.39;5.44;3.29;1557
0.51;Ideal;G;VS2;60.7;56;5.18;5.23;3.16;1557
0.51;Ideal;G;VS2;61.3;55;5.16;5.19;3.17;1557
0.51;Ideal;G;VS2;61.8;55;5.15;5.18;3.19;1557
0.5;Very Good;F;VS1;61.9;62;5.02;5.06;3.12;1558
0.57;Ideal;H;VS2;61.6;55;5.34;5.36;3.29;1558
0.58;Ideal;G;VS2;61.2;55;5.4;5.45;3.32;1558
0.46;Ideal;G;IF;61.6;54;4.97;5;3.07;1558
0.53;Premium;F;VS1;61.5;61;5.17;5.11;3.16;1558
0.5;Ideal;E;VS2;62.7;55;5.12;5.08;3.2;1559
0.54;Very Good;E;SI1;59.6;62;5.31;5.36;3.18;1559
0.55;Very Good;E;SI1;59.7;60;5.31;5.41;3.2;1559
0.5;Very Good;E;VS2;62.9;55;5.07;5.11;3.2;1559
0.5;Premium;E;VS2;62.7;59;5.02;5.06;3.16;1559
0.5;Very Good;E;VS2;62.9;60;5.07;5.1;3.2;1559
0.5;Ideal;E;VS2;62.3;57;5.04;5.08;3.15;1559
0.5;Very Good;E;VS2;62.8;60;5.02;5.08;3.17;1559
0.5;Premium;E;VS2;62;58;5.07;5.09;3.15;1559
0.5;Premium;G;VS1;60;59;5.12;5.18;3.09;1559
0.5;Premium;E;VS2;62.6;58;5.07;5.12;3.19;1559
0.5;Ideal;E;VS2;62;56;5.06;5.1;3.15;1559
0.5;Premium;E;VS2;62.1;62;5.1;5.08;3.16;1559
0.51;Very Good;G;VS1;63.3;56;5.05;5.08;3.21;1560
0.54;Ideal;H;VS1;61;56;5.25;5.27;3.21;1560
0.66;Ideal;E;SI2;61.9;55;5.61;5.64;3.48;1560
0.46;Ideal;G;IF;60.9;57;4.98;5.01;3.04;1560
0.53;Very Good;H;VS1;63.3;56;5.13;5.17;3.26;1561
0.59;Very Good;H;VS1;62.4;58;5.39;5.42;3.37;1561
0.5;Very Good;E;VS2;60.2;60;5.13;5.17;3.1;1561
0.53;Good;E;VS2;63.5;59;5.13;5.17;3.27;1561
0.59;Ideal;E;SI1;62.2;55;5.39;5.42;3.36;1561
0.57;Good;D;SI1;59.3;61;5.34;5.38;3.18;1561
0.59;Premium;F;SI1;62.4;59;5.37;5.33;3.34;1561
0.59;Ideal;F;SI1;62;57;5.41;5.34;3.33;1561
0.51;Ideal;F;VS2;61.3;56;5.14;5.11;3.14;1562
0.51;Ideal;F;VS2;62.7;57;5.11;5.06;3.19;1562
0.6;Ideal;F;SI2;61.7;56;5.41;5.38;3.33;1562
0.51;Ideal;F;VS2;61.3;56;5.17;5.14;3.16;1562
0.51;Very Good;D;SI1;63.2;55;5.12;5.07;3.22;1562
0.5;Premium;E;SI1;61;61;5.11;5.09;3.11;1562
0.55;Very Good;G;VS2;61.6;56;5.26;5.3;3.25;1563
0.54;Very Good;G;VS1;64;59.5;5.12;5.17;3.3;1563
0.51;Ideal;H;VS2;61.7;56;5.13;5.18;3.18;1563
0.54;Ideal;F;VS2;62;55;5.25;5.32;3.28;1563
0.62;Ideal;G;SI1;61.6;56;5.46;5.55;3.39;1563
0.5;Ideal;D;SI1;60.9;57;5.11;5.13;3.12;1563
0.54;Good;F;VS2;60.6;61;5.22;5.3;3.19;1563
0.55;Good;F;VS2;62.8;63;5.13;5.19;3.24;1563
0.58;Good;D;SI2;56.7;60;5.59;5.53;3.15;1563
0.54;Ideal;I;VVS1;62.7;57;5.14;5.22;3.25;1564
0.53;Ideal;E;SI1;61.4;56;5.2;5.26;3.21;1564
0.7;Fair;F;SI2;66.4;56;5.51;5.42;3.63;1564
0.6;Very Good;I;VVS2;63.7;57.4;5.36;5.41;3.42;1565
0.57;Very Good;G;VS2;60.7;58;5.31;5.37;3.24;1565
0.6;Very Good;G;SI1;63.1;57;5.32;5.41;3.39;1565
0.6;Very Good;G;SI1;63.5;59.9;5.28;5.3;3.36;1565
0.5;Very Good;D;VS2;61.1;58;5.09;5.18;3.14;1565
0.5;Ideal;F;VS2;61.1;58;5.1;5.13;3.13;1565
0.63;Ideal;J;SI1;61.8;56;5.47;5.52;3.39;1565
0.5;Good;F;VS2;60.9;60.4;5.13;5.2;3.14;1565
0.5;Good;G;VS1;61.9;61.5;5.03;5.04;3.12;1565
0.6;Good;G;SI1;61.3;61.2;5.4;5.45;3.33;1565
0.47;Very Good;E;VS1;61.8;58;4.97;5.03;3.09;1566
0.53;Ideal;F;VS2;62.3;55;5.17;5.2;3.23;1566
0.53;Ideal;D;SI1;62.3;56;5.15;5.18;3.22;1566
0.53;Ideal;D;SI1;62;57;5.19;5.23;3.23;1566
0.53;Premium;D;SI1;61.4;58;5.19;5.23;3.2;1566
0.55;Ideal;E;SI1;60.8;56;5.31;5.34;3.24;1566
0.58;Very Good;E;VS2;61.1;63;5.41;5.33;3.28;1566
0.54;Ideal;E;VS2;61.8;55;5.22;5.26;3.24;1567
0.57;Ideal;F;VS2;61.6;56;5.34;5.37;3.3;1567
0.54;Ideal;G;VS1;61.4;57;5.2;5.23;3.2;1567
0.51;Premium;E;VS2;61.5;60;5.12;5.09;3.14;1567
0.51;Premium;E;VS2;61.6;58;5.18;5.15;3.18;1567
0.71;Premium;H;SI2;61.7;59;5.76;5.72;3.54;1567
0.5;Very Good;E;VS2;62.4;57;5.01;5.03;3.13;1568
0.56;Ideal;D;SI2;60;58;5.42;5.38;3.24;1568
0.5;Very Good;H;VVS2;62.9;56;5.03;5.08;3.18;1569
0.5;Very Good;D;VS2;63.3;56;5;5.05;3.18;1569
0.5;Very Good;G;VS1;62.9;58;5.06;5.08;3.19;1569
0.51;Premium;D;SI1;60.1;60;5.15;5.17;3.1;1569
0.51;Ideal;F;VS2;60.6;56;5.17;5.19;3.14;1569
0.51;Very Good;D;SI1;60.9;59;5.13;5.19;3.14;1569
0.51;Very Good;D;SI1;61;60;5.15;5.18;3.15;1569
0.51;Ideal;D;SI1;61.6;56;5.1;5.12;3.15;1569
0.51;Premium;D;SI1;60.3;59;5.2;5.22;3.14;1569
0.51;Very Good;D;SI1;62.3;57;5.08;5.13;3.18;1569
0.51;Premium;F;VS2;62.1;58;5.09;5.12;3.17;1569
0.51;Premium;D;SI1;60.1;60;5.14;5.18;3.1;1569
0.51;Very Good;F;VS2;62.9;55;5.08;5.12;3.21;1569
0.51;Ideal;D;SI1;61.8;55;5.14;5.18;3.19;1569
0.51;Ideal;D;SI1;61.7;55;5.11;5.16;3.17;1569
0.51;Ideal;D;SI1;62.4;57;5.09;5.13;3.19;1569
0.51;Premium;D;SI1;61.6;58;5.12;5.14;3.16;1569
0.51;Very Good;D;SI1;62.8;56;5.07;5.09;3.19;1569
0.51;Very Good;F;VS2;62.9;57;5.09;5.11;3.21;1569
0.51;Ideal;F;VS2;61.4;56;5.13;5.16;3.16;1569
0.51;Good;F;VS2;63.2;56.5;5.05;5.08;3.2;1569
0.51;Very Good;F;VS2;61;58;5.1;5.17;3.13;1569
0.61;Ideal;J;VS1;61.1;56;5.44;5.49;3.33;1569
0.5;Ideal;G;VS1;62;54;5.11;5.15;3.18;1569
0.5;Ideal;G;VS1;62.6;57;5.05;5.08;3.17;1569
0.58;Ideal;F;SI1;60.9;55;5.39;5.41;3.29;1569
0.51;Ideal;D;SI1;61.9;54;5.14;5.2;3.19;1569
0.4;Ideal;G;IF;61.9;56;4.7;4.76;2.93;1570
0.91;Fair;F;I1;67;62;5.97;5.89;3.98;1570
0.52;Very Good;E;VS2;62.8;58;5.11;5.14;3.22;1571
0.42;Ideal;G;VVS2;61.7;56;4.84;4.88;3;1571
0.52;Ideal;E;VS2;62.2;55;5.16;5.22;3.23;1571
0.56;Ideal;H;SI2;60.7;56;5.34;5.37;3.25;1571
0.55;Ideal;D;SI1;62.1;56;5.21;5.25;3.25;1571
0.57;Premium;F;SI1;61.8;57;5.34;5.31;3.29;1571
0.57;Premium;F;SI1;60.7;58;5.36;5.32;3.24;1571
0.57;Ideal;F;SI1;61.6;57;5.37;5.34;3.3;1571
0.57;Premium;F;SI1;59.5;58;5.43;5.36;3.21;1571
0.57;Premium;F;SI1;62.7;59;5.3;5.26;3.31;1571
0.57;Ideal;F;SI1;61.4;57;5.35;5.3;3.27;1571
0.5;Ideal;D;VS1;63;57;5.06;5;3.17;1571
0.57;Premium;G;VS2;61.1;59;5.39;5.32;3.27;1571
0.54;Ideal;E;SI1;61.7;56;5.27;5.24;3.24;1571
0.46;Very Good;H;VVS1;62;56;4.96;4.98;3.07;1572
0.61;Very Good;I;VS2;62.4;57;5.4;5.43;3.38;1572
0.52;Very Good;H;VS1;63.5;58;5.08;5.13;3.24;1572
0.59;Premium;H;VS2;60.7;56;5.46;5.41;3.3;1572
0.59;Ideal;D;SI2;60.2;57;5.47;5.42;3.28;1572
0.59;Premium;D;SI2;61.2;60;5.42;5.37;3.3;1572
0.59;Ideal;D;SI2;62.3;55;5.41;5.38;3.36;1572
0.54;Ideal;F;VS2;61.3;57;5.28;5.25;3.23;1572
0.62;Premium;G;SI1;59.9;58;5.56;5.49;3.31;1572
0.59;Good;F;VS2;63.5;55;5.31;5.36;3.39;1573
0.57;Ideal;H;VS2;60.2;59;5.35;5.38;3.23;1573
0.51;Ideal;H;VS1;61.8;57;5.11;5.14;3.16;1573
0.52;Ideal;H;VS2;61.8;56;5.19;5.16;3.2;1573
0.48;Ideal;G;VVS2;62;57;5.01;5.04;3.11;1574
0.51;Premium;D;SI1;62.7;59;5.08;5.06;3.18;1574
0.51;Premium;F;VS2;62.4;58;5.13;5.1;3.19;1574
0.51;Very Good;F;VS2;63.1;57;5.1;5.08;3.21;1574
0.51;Very Good;F;VS2;63.1;58;5.11;5.09;3.22;1574
0.51;Very Good;F;VS2;63.2;56;5.1;5.06;3.21;1574
0.51;Premium;F;VS2;62.3;60;5.1;5.07;3.17;1574
0.51;Very Good;F;VS2;63.5;56;5.09;5.05;3.22;1574
0.51;Premium;F;VS2;63;55;5.1;5.06;3.2;1574
0.51;Good;F;VS2;63.7;56;5.05;5.03;3.21;1574
0.51;Ideal;D;SI1;62.9;57;5.12;5.09;3.21;1574
0.51;Ideal;D;SI1;61.8;55;5.15;5.11;3.17;1574
0.51;Premium;D;SI1;62.3;61;5.11;5.07;3.17;1574
0.51;Very Good;D;SI1;63.5;55;5.09;5.08;3.23;1574
0.51;Good;D;SI1;63.6;57;5.08;5.05;3.22;1574
0.51;Premium;D;SI1;63;59;5.11;5.05;3.2;1574
0.51;Very Good;D;SI1;63.5;56;5.08;5.06;3.22;1574
0.51;Premium;F;VS2;60.1;59;5.2;5.18;3.12;1574
0.51;Ideal;H;VVS2;61;57;5.22;5.18;3.17;1574
0.54;Ideal;G;SI1;59.6;59;5.34;5.3;3.17;1574
0.51;Premium;D;SI1;59.9;61;5.18;5.14;3.09;1574
0.51;Ideal;I;VVS2;60.6;56;5.18;5.22;3.15;1575
0.5;Ideal;E;VS2;61.6;57;5.09;5.13;3.15;1575
0.52;Ideal;H;VS1;62;55.4;5.16;5.21;3.21;1575
0.53;Very Good;D;SI1;61.2;54;5.23;5.26;3.21;1576
0.52;Ideal;E;VS2;61.4;54;5.2;5.23;3.2;1576
0.52;Ideal;G;VS1;61.3;56;5.17;5.2;3.18;1576
0.52;Ideal;E;VS2;62.1;56;5.17;5.2;3.22;1576
0.52;Good;G;VS1;63.9;56;5.08;5.12;3.26;1576
0.52;Premium;E;VS2;62.5;60;5.1;5.14;3.2;1576
0.52;Ideal;E;VS2;61.3;57;5.19;5.22;3.19;1576
0.56;Very Good;H;VS2;61.8;54.1;5.31;5.34;3.29;1576
0.52;Ideal;E;VS2;60.7;56;5.2;5.24;3.17;1576
0.52;Ideal;E;VS2;61.7;57;5.1;5.17;3.17;1576
0.52;Ideal;E;VS2;60.4;57;5.17;5.22;3.14;1576
0.52;Premium;E;VS2;61.6;59;5.14;5.16;3.17;1576
0.52;Good;E;VS2;63.4;57;5.12;5.16;3.26;1576
0.52;Ideal;E;VS2;61.5;56;5.18;5.2;3.19;1576
0.51;Very Good;H;VVS2;62.2;61;5.06;5.1;3.16;1577
0.51;Very Good;E;VS2;63.6;59;4.99;5.07;3.2;1577
0.49;Premium;E;VS1;58.1;62;5.2;5.13;3;1577
0.53;Ideal;G;VS2;61.8;55;5.19;5.22;3.21;1577
0.53;Ideal;G;VS2;61.2;56;5.19;5.22;3.19;1577
0.53;Ideal;H;VS1;61.6;57;5.18;5.24;3.21;1577
0.51;Ideal;G;VS1;62.5;57;5.08;5.1;3.18;1577
0.52;Ideal;G;VS2;62;55;5.19;5.13;3.2;1577
0.52;Premium;H;VS1;61.4;57;5.27;5.16;3.2;1577
0.52;Very Good;G;VS2;63.2;58;5.12;5.1;3.23;1577
0.52;Ideal;H;VS1;62.4;55;5.19;5.17;3.23;1577
0.52;Premium;H;VS1;59.2;60;5.27;5.23;3.11;1577
0.52;Very Good;I;VVS1;63.1;58;5.13;5.1;3.23;1577
0.52;Premium;G;VS2;62.1;58;5.18;5.15;3.21;1577
0.52;Premium;G;VS2;62.4;56;5.19;5.16;3.23;1577
0.52;Premium;G;VS2;62;58;5.2;5.16;3.21;1577
0.52;Premium;G;VS2;61;60;5.19;5.13;3.15;1577
0.52;Premium;G;VS2;61.7;58;5.16;5.14;3.18;1577
0.52;Ideal;G;VS2;62.2;55;5.18;5.14;3.21;1577
0.52;Ideal;E;SI1;61.6;55;5.19;5.16;3.19;1577
0.52;Premium;E;SI1;59.8;61;5.2;5.17;3.1;1577
0.52;Premium;E;SI1;62.3;59;5.16;5.08;3.19;1577
0.6;Premium;E;SI1;63;60;5.44;5.39;3.41;1577
0.5;Fair;F;VS1;65;55;5.01;4.96;3.24;1577
0.53;Very Good;F;VS2;63.2;58;5.13;5.16;3.25;1578
0.56;Very Good;D;SI1;63.9;56;5.2;5.26;3.34;1578
0.56;Very Good;D;SI1;62.5;58;5.23;5.27;3.28;1578
0.56;Ideal;D;SI1;62.3;57;5.24;5.26;3.27;1578
0.53;Premium;E;VS2;61.4;58;5.24;5.19;3.2;1579
0.61;Ideal;G;SI1;62;54;5.48;5.5;3.4;1579
0.62;Premium;E;SI2;61.1;59;5.53;5.5;3.37;1579
0.62;Premium;E;SI2;61.1;59;5.51;5.46;3.35;1579
0.72;Premium;J;SI1;60.9;57;5.84;5.78;3.54;1579
0.33;Premium;H;SI2;61.2;57;4.49;4.43;2.73;520
0.3;Premium;D;SI1;62.5;59;4.26;4.22;2.65;520
0.36;Ideal;F;SI1;62.7;57;4.53;4.56;2.85;520
0.34;Very Good;H;VS2;60;58;4.52;4.56;2.72;521
0.33;Very Good;G;SI1;61.2;56;4.44;4.46;2.72;521
0.34;Very Good;G;SI1;63.4;57;4.4;4.45;2.81;521
0.32;Ideal;J;IF;61;57;4.42;4.46;2.71;521
0.31;Good;H;SI1;64;54;4.31;4.29;2.75;521
0.31;Premium;I;VS2;59.3;59;4.42;4.38;2.61;521
0.33;Very Good;H;VS2;62;59;4.4;4.44;2.74;521
0.33;Premium;H;VS2;61.7;59;4.39;4.42;2.72;521
0.33;Ideal;I;VS1;61.6;57;4.41;4.46;2.73;521
0.33;Ideal;H;VS2;60.7;57;4.46;4.5;2.72;521
0.33;Premium;I;VS1;61.1;59;4.44;4.47;2.72;521
0.33;Good;I;VS1;63.2;57;4.37;4.4;2.77;521
0.33;Premium;H;VS2;62.4;58;4.39;4.42;2.75;521
0.33;Very Good;H;VS2;62.8;59;4.38;4.44;2.77;521
0.33;Ideal;H;VS2;60.7;57;4.45;4.48;2.71;521
0.3;Good;D;VS2;63.6;54;4.26;4.32;2.73;521
0.33;Premium;I;VS1;59.5;60;4.5;4.54;2.69;521
0.33;Ideal;H;VS2;61.2;55;4.45;4.47;2.73;521
0.33;Premium;I;VS1;62.7;58;4.4;4.43;2.77;521
0.33;Good;I;VS1;63.1;56;4.38;4.4;2.77;521
0.33;Premium;I;VS1;61.6;60;4.42;4.45;2.73;521
0.33;Premium;H;VS2;61.3;60;4.44;4.47;2.73;521
0.33;Premium;H;VS2;62.3;58;4.38;4.41;2.74;521
0.33;Very Good;H;VS2;61.4;58;4.44;4.49;2.74;521
0.33;Very Good;H;VS2;62.2;57;4.42;4.46;2.76;521
0.24;Very Good;D;VVS2;59.5;62;4.04;4.06;2.41;521
0.24;Very Good;E;VVS1;60.3;61;4.03;4.06;2.44;521
0.72;Premium;J;SI1;60.4;61;5.87;5.82;3.53;1579
0.5;Very Good;D;VS2;63.8;56;5.05;5.08;3.23;1580
0.5;Very Good;G;VS1;63.2;59;5.03;5.07;3.19;1580
0.56;Very Good;G;VS2;62.5;57;5.25;5.28;3.29;1580
0.56;Very Good;H;VS1;62.8;56;5.23;5.28;3.3;1580
0.55;Ideal;F;VS2;61.2;55;5.28;5.3;3.24;1580
0.56;Ideal;G;VS2;61;57;5.32;5.34;3.25;1580
0.56;Ideal;E;SI1;62.7;57;5.23;5.27;3.29;1580
0.56;Ideal;E;SI1;61.7;56;5.3;5.33;3.28;1580
0.56;Ideal;G;VS2;61.7;56;5.3;5.34;3.28;1580
0.56;Ideal;G;VS2;61.9;55;5.28;5.32;3.28;1580
0.56;Ideal;G;VS2;61.2;56;5.29;5.33;3.25;1580
0.56;Ideal;I;VVS1;62;57;5.29;5.33;3.29;1580
0.56;Ideal;G;VS2;62.1;56;5.29;5.31;3.29;1580
0.56;Very Good;G;VS2;60.9;58;5.34;5.36;3.26;1580
0.55;Ideal;F;VS2;62.7;55;5.24;5.26;3.29;1580
0.55;Very Good;D;SI1;61.6;56;5.24;5.28;3.24;1580
0.56;Ideal;G;VS2;62;56;5.28;5.3;3.28;1580
0.56;Very Good;I;VVS1;62.4;56;5.24;5.28;3.28;1580
0.56;Ideal;E;SI1;62.3;56;5.26;5.3;3.29;1580
0.7;Very Good;I;SI2;62.5;58;5.64;5.72;3.55;1580
0.55;Premium;F;VS2;62.2;58;5.22;5.26;3.26;1580
0.56;Ideal;E;SI1;60.9;56;5.32;5.35;3.25;1580
0.55;Premium;D;SI1;62.7;59;5.22;5.25;3.28;1580
0.56;Ideal;G;VS2;60.6;57;5.33;5.36;3.24;1580
0.56;Ideal;I;VVS1;62;56;5.26;5.29;3.27;1580
0.58;Ideal;I;VVS1;62.3;53;5.38;5.4;3.36;1580
0.54;Ideal;G;VS2;62;54;5.22;5.27;3.25;1580
0.51;Ideal;F;SI1;61.5;55;5.13;5.18;3.17;1580
0.51;Ideal;F;SI1;61.1;57;5.14;5.17;3.15;1580
0.58;Ideal;E;SI1;62.2;58;5.3;5.38;3.32;1580
0.43;Ideal;F;IF;61.5;56;4.89;4.86;3;1580
0.43;Ideal;F;IF;62;56;4.87;4.84;3.01;1580
0.43;Ideal;F;IF;60.9;57;4.89;4.86;2.97;1580
0.4;Premium;E;IF;61.3;58;4.77;4.73;2.91;1580
0.6;Ideal;F;SI1;61.5;55;5.49;5.44;3.36;1580
0.52;Very Good;F;VS2;60.4;56;5.27;5.29;3.19;1581
0.52;Very Good;G;VS1;61.8;58;5.19;5.16;3.2;1581
0.52;Ideal;H;VVS2;61.8;57;5.16;5.19;3.2;1581
0.5;Premium;E;VS2;60.7;59;5.11;5.13;3.11;1581
0.5;Premium;E;VS2;60.5;60;5.09;5.13;3.09;1581
0.5;Ideal;F;VS2;62;56;5.07;5.11;3.15;1581
0.67;Good;J;VS1;64.2;55.6;5.54;5.57;3.57;1581
0.52;Ideal;H;VS1;62.5;58;5.14;5.17;3.22;1582
0.41;Premium;D;VVS1;61.6;58;4.78;4.74;2.93;1582
0.41;Ideal;D;VVS1;62.3;55;4.78;4.75;2.97;1582
0.41;Premium;D;VVS1;62.3;53;4.78;4.75;2.97;1582
0.41;Ideal;D;VVS1;62.2;56;4.8;4.78;2.98;1582
0.41;Ideal;D;VVS1;60.6;57;4.82;4.79;2.91;1582
0.41;Ideal;D;VVS1;62.3;57;4.77;4.73;2.96;1582
0.54;Very Good;D;VS2;61.1;59;5.25;5.29;3.22;1583
0.51;Very Good;E;VS1;58.1;60;5.28;5.32;3.08;1583
0.5;Premium;E;VS2;61;59;5.13;5.07;3.11;1583
0.51;Ideal;F;VS2;60.6;57;5.17;5.2;3.14;1583
0.4;Ideal;F;IF;60.9;57;4.81;4.84;2.94;1583
0.5;Premium;G;VS1;62.5;60;5.13;5.08;3.19;1583
0.5;Very Good;E;VS2;63.4;58;5.08;5.05;3.21;1583
0.5;Premium;E;VS2;63;58;5.07;5.02;3.18;1583
0.5;Premium;G;VS1;60.9;59;5.14;5.11;3.12;1583
0.5;Very Good;E;VS2;62.9;56;5.06;5.11;3.2;1584
0.43;Premium;D;VVS1;59.6;58;4.89;4.94;2.93;1584
0.43;Ideal;D;VVS1;62.3;56;4.81;4.82;3;1584
0.66;Ideal;E;SI2;62.4;56;5.61;5.55;3.48;1584
0.55;Ideal;H;SI1;61.4;56;5.28;5.31;3.25;1584
0.55;Ideal;H;SI1;60.8;56;5.3;5.33;3.23;1584
0.53;Ideal;D;VS2;61.4;55;5.21;5.24;3.21;1585
0.56;Ideal;G;VS2;62.2;57;5.29;5.25;3.28;1585
0.51;Ideal;G;VS2;61;56;5.17;5.2;3.16;1585
0.51;Ideal;E;SI1;60.9;56;5.16;5.19;3.15;1585
0.53;Ideal;E;SI1;61.9;55;5.2;5.24;3.23;1585
0.56;Premium;H;VS1;60.1;58;5.4;5.35;3.23;1585
0.46;Ideal;E;VVS1;62.6;57;4.89;4.98;3.09;1586
0.52;Ideal;G;VS2;61.2;56;5.16;5.2;3.17;1586
0.52;Ideal;G;VS2;61.9;55;5.15;5.19;3.2;1586
0.54;Ideal;I;SI1;62.3;55;5.22;5.27;3.27;1586
0.52;Ideal;E;SI1;61;55;5.19;5.23;3.18;1586
0.58;Premium;F;VS2;62.2;55;5.4;5.31;3.33;1586
0.55;Very Good;E;SI1;58.5;65;5.33;5.38;3.13;1587
0.53;Ideal;D;SI1;61.2;57;5.19;5.24;3.19;1587
0.49;Very Good;H;VVS2;62.3;57;5.02;5.05;3.14;1588
0.51;Very Good;G;VS1;61;56;5.17;5.19;3.16;1588
0.52;Ideal;F;VS1;62.5;57;5.13;5.17;3.22;1588
0.75;Premium;J;SI2;62.9;56;5.76;5.72;3.61;1588
0.55;Ideal;G;VS2;62.2;54;5.27;5.28;3.28;1588
0.55;Ideal;H;VS1;61.9;55;5.25;5.28;3.26;1588
0.5;Premium;D;SI1;63;60;5.06;5.03;3.18;1588
0.61;Ideal;F;SI2;61.9;57;5.45;5.41;3.36;1588
0.61;Premium;H;SI1;61.2;58;5.45;5.43;3.33;1588
0.72;Premium;G;SI2;60.6;61;5.83;5.75;3.51;1588
0.55;Very Good;E;VS2;58.1;62;5.38;5.46;3.15;1589
0.5;Good;D;VS2;64;56;5.02;5.04;3.22;1589
0.64;Ideal;I;VS1;60.8;54;5.55;5.6;3.39;1589
0.61;Very Good;H;VS2;63.3;57.5;5.38;5.4;3.41;1590
0.56;Very Good;G;VS2;63.4;58;5.23;5.28;3.33;1590
0.48;Ideal;H;VVS2;62.5;56;4.98;5.02;3.12;1590
0.54;Ideal;E;VS2;61.8;57;5.23;5.26;3.24;1590
0.51;Good;G;VS1;63.4;57;5.04;5.08;3.21;1590
0.51;Premium;E;VS2;62.5;60;5.08;5.1;3.18;1590
0.51;Ideal;E;VS2;61.7;53;5.18;5.2;3.2;1590
0.51;Very Good;E;VS2;63;59;5.05;5.08;3.19;1590
0.59;Premium;D;SI2;62.6;61;5.33;5.27;3.32;1590
0.57;Premium;E;SI1;62.2;55;5.36;5.31;3.32;1590
0.59;Premium;H;VS2;60.2;60;5.45;5.42;3.27;1590
0.52;Very Good;F;VS2;61.1;56;5.21;5.24;3.19;1591
0.61;Ideal;H;VS2;62;53;5.47;5.49;3.4;1591
0.61;Ideal;H;VS2;62.5;54;5.43;5.45;3.4;1591
0.51;Ideal;F;VS2;61.9;55;5.11;5.15;3.18;1591
0.51;Ideal;F;VS2;61;55;5.17;5.21;3.17;1591
0.52;Ideal;F;VS2;61.7;56;5.16;5.18;3.19;1591
0.55;Ideal;G;VS1;60.9;56;5.29;5.35;3.24;1591
0.5;Ideal;E;VS1;62.7;57;5.01;5.03;3.15;1591
0.56;Ideal;G;SI1;62.3;53;5.31;5.28;3.3;1591
0.51;Premium;G;VS1;61;58;5.2;5.16;3.16;1591
0.53;Good;G;VS1;63.8;56;5.17;5.11;3.28;1591
0.53;Very Good;F;VS2;62.7;57;5.1;5.14;3.21;1592
0.5;Very Good;G;VS1;61.3;58;5.03;5.09;3.1;1592
0.5;Very Good;G;VS1;62.9;55;5.06;5.09;3.19;1592
0.57;Very Good;J;IF;59.8;59;5.39;5.41;3.23;1592
0.55;Very Good;D;SI1;63.1;56;5.19;5.22;3.28;1593
0.54;Very Good;D;SI1;60;59.8;5.3;5.34;3.18;1593
0.55;Ideal;I;VVS1;61.7;56;5.24;5.29;3.25;1593
0.55;Premium;I;VVS1;61.3;59;5.27;5.3;3.24;1593
0.55;Ideal;I;VVS1;62.7;57;5.17;5.23;3.26;1593
0.52;Ideal;H;VS2;61.5;55;5.18;5.22;3.2;1593
0.52;Ideal;H;VS2;60.3;57;5.21;5.23;3.15;1593
0.5;Premium;D;SI1;62.8;57;5.08;5.05;3.18;1593
0.51;Ideal;F;SI1;61.1;55;5.22;5.16;3.17;1593
0.5;Premium;E;SI1;59.9;58;5.18;5.17;3.1;1593
0.51;Premium;E;SI1;61.5;58;5.14;5.11;3.15;1593
0.52;Good;F;VS1;58.6;63;5.27;5.34;3.11;1594
0.54;Ideal;E;SI1;61.5;56;5.31;5.26;3.25;1594
0.59;Very Good;F;SI1;61.4;58;5.39;5.45;3.33;1595
0.54;Ideal;D;SI1;62.6;55;5.19;5.23;3.26;1595
0.54;Premium;D;SI1;62.3;60;5.18;5.22;3.24;1595
0.52;Ideal;G;VS2;60.8;57;5.19;5.21;3.16;1595
0.51;Ideal;F;VS2;62;56;5.11;5.14;3.18;1595
0.51;Ideal;G;VS1;61.3;55.7;5.15;5.18;3.16;1595
0.56;Premium;D;SI1;60.2;60;5.38;5.33;3.22;1595
0.62;Premium;F;SI1;61.7;59;5.51;5.48;3.39;1595
0.55;Ideal;E;VS2;62;55;5.24;5.28;3.26;1596
0.55;Ideal;E;VS2;60.3;57;5.28;5.3;3.19;1596
0.5;Good;H;VVS1;63.3;57;5.02;5.06;3.19;1596
0.55;Ideal;E;VS2;59.8;57;5.3;5.34;3.18;1596
0.6;Very Good;H;VS2;64.2;57;5.27;5.32;3.4;1597
0.51;Premium;D;VS2;60.9;58;5.14;5.18;3.14;1597
0.51;Ideal;D;VS2;61.9;55;5.15;5.19;3.2;1597
0.51;Very Good;D;VS2;62.9;56;5.07;5.1;3.2;1597
0.58;Ideal;D;SI1;62;54;5.36;5.39;3.33;1597
0.7;Premium;F;SI2;61.6;60;5.78;5.68;3.53;1597
0.5;Very Good;H;VS1;61.6;57;5.11;5.13;3.15;1598
0.5;Very Good;H;VS1;61;56;5.1;5.13;3.12;1598
0.55;Ideal;F;SI1;61.7;56.4;5.26;5.3;3.25;1598
0.53;Ideal;G;VS2;60.9;57;5.25;5.26;3.2;1598
0.52;Ideal;H;VS1;62;56;5.14;5.2;3.21;1598
0.55;Very Good;F;VS2;62.5;62;5.2;5.24;3.26;1599
0.51;Very Good;D;VS2;63.7;55;5.05;5.09;3.23;1599
0.51;Very Good;G;VS1;62.7;58;5.05;5.09;3.18;1599
0.51;Ideal;G;VS1;61.4;54;5.15;5.18;3.17;1599
0.51;Ideal;G;VS1;62.2;55;5.13;5.16;3.2;1599
0.51;Ideal;G;VS1;61.6;54;5.16;5.19;3.19;1599
0.6;Good;F;SI1;57.1;61;5.68;5.57;3.21;1599
0.6;Very Good;F;SI1;63.2;57;5.39;5.33;3.39;1599
0.9;Premium;H;I1;58.8;62;6.32;6.26;3.7;1599
0.54;Very Good;F;VS1;61.6;59;5.26;5.2;3.22;1600
0.52;Ideal;D;SI1;62.4;56;5.12;5.17;3.21;1600
0.52;Ideal;D;SI1;61.8;57;5.14;5.19;3.19;1600
0.52;Ideal;F;VS2;62.5;54;5.14;5.17;3.22;1600
0.52;Ideal;D;SI1;62.7;56;5.14;5.17;3.23;1600
0.52;Ideal;D;SI1;60;56;5.19;5.24;3.13;1600
0.52;Ideal;D;SI1;62.2;57;5.13;5.16;3.2;1600
0.52;Very Good;F;VS2;60.7;59;5.14;5.18;3.13;1600
0.52;Ideal;D;SI1;62.4;57;5.14;5.18;3.22;1600
0.54;Good;E;SI1;61.5;56;5.22;5.26;3.23;1600
0.52;Premium;D;SI1;61.4;58;5.16;5.19;3.18;1600
0.52;Ideal;D;SI1;61.5;55;5.19;5.22;3.2;1600
0.52;Premium;F;VS2;62.1;59;5.12;5.15;3.19;1600
0.52;Ideal;D;SI1;60.9;57;5.17;5.21;3.16;1600
0.54;Premium;H;VS1;62.6;59;5.19;5.22;3.26;1600
0.52;Premium;F;VS2;62.2;58;5.12;5.17;3.2;1600
0.58;Ideal;H;VS2;62.4;58;5.3;5.34;3.32;1600
0.51;Very Good;F;VS2;62;58;5.08;5.11;3.16;1601
0.51;Very Good;F;VS2;60.6;60;5.18;5.22;3.15;1601
0.53;Very Good;D;VS2;63.2;56;5.1;5.15;3.24;1601
0.52;Very Good;E;VS2;59.2;59;5.23;5.27;3.11;1601
0.52;Very Good;E;VS1;63.4;54;5.08;5.11;3.23;1601
0.5;Ideal;E;SI1;61.3;56.2;5.12;5.14;3.15;1601
0.5;Ideal;G;VS2;62.2;54.1;5.07;5.12;3.17;1601
0.6;Ideal;E;SI1;61.4;57;5.52;5.46;3.37;1601
0.53;Ideal;H;VS1;61.2;56;5.23;5.26;3.21;1601
0.5;Ideal;F;VS1;61.4;58;5.07;5.12;3.13;1601
0.54;Good;E;SI1;59.9;63;5.25;5.3;3.16;1601
0.5;Very Good;D;VS2;63.3;58;5.03;5.05;3.19;1602
0.51;Fair;F;VS2;56.3;61;5.34;5.29;2.99;1602
0.51;Premium;D;SI1;62;59;5.15;5.11;3.18;1602
0.5;Very Good;G;VS1;61.9;59;5.06;5.08;3.14;1603
0.5;Ideal;E;VS1;62.2;57;5.1;5.13;3.18;1603
0.7;Very Good;I;SI2;60.9;59;5.7;5.76;3.49;1603
0.5;Ideal;E;VS1;62.3;55;5.09;5.12;3.18;1603
0.5;Very Good;E;VS1;63.9;55;4.98;5.03;3.2;1604
0.51;Very Good;F;VS1;61.4;60;5.07;5.13;3.13;1604
0.55;Ideal;G;VS2;61.2;56.8;5.28;5.31;3.24;1604
0.53;Ideal;H;VS2;61.7;54;5.23;5.2;3.22;1604
0.56;Premium;D;SI1;61;60;5.28;5.25;3.21;1605
0.56;Very Good;G;VS2;62.6;58;5.22;5.32;3.31;1605
0.5;Very Good;E;VS2;60.9;58;5.14;5.17;3.14;1605
0.57;Very Good;H;VS2;61.7;54.8;5.34;5.37;3.3;1605
0.56;Ideal;I;VVS1;60.8;57;5.31;5.34;3.24;1605
0.54;Ideal;G;VS2;61.7;56;5.21;5.24;3.23;1605
0.54;Ideal;G;VS2;61.2;56;5.25;5.26;3.22;1605
0.51;Ideal;E;VS2;61.5;58;5.12;5.15;3.16;1605
0.55;Ideal;G;SI1;61.9;57;5.23;5.27;3.25;1605
0.55;Ideal;G;SI1;61.3;56;5.26;5.31;3.24;1605
0.55;Ideal;G;SI1;61.7;55;5.25;5.28;3.25;1605
0.58;Good;G;VS2;58.4;59;5.4;5.46;3.17;1605
0.52;Premium;F;VS2;62.5;58;5.17;5.13;3.22;1605
0.52;Premium;F;VS2;61.4;62;5.19;5.16;3.18;1605
0.52;Good;F;VS2;63.6;56;5.12;5.07;3.24;1605
0.52;Ideal;F;VS2;63;56;5.16;5.1;3.23;1605
0.52;Premium;F;VS2;61.8;59;5.15;5.11;3.17;1605
0.52;Ideal;D;SI1;61.8;56;5.18;5.15;3.19;1605
0.52;Premium;D;SI1;62.7;58;5.2;5.16;3.25;1605
0.52;Premium;D;SI1;60.9;61;5.15;5.13;3.13;1605
0.52;Good;D;SI1;63.9;58;5.12;5.08;3.26;1605
0.52;Good;D;SI1;63.7;55;5.12;5.09;3.25;1605
0.52;Ideal;D;SI1;62.9;56;5.16;5.11;3.23;1605
0.52;Ideal;D;SI1;63;57;5.14;5.12;3.23;1605
0.52;Very Good;D;SI1;63.3;58;5.15;5.12;3.25;1605
0.52;Very Good;H;VVS2;61.7;63;5.26;5.16;3.22;1605
0.52;Premium;E;SI1;61.6;58;5.17;5.12;3.17;1605
0.57;Premium;J;VS1;62.2;58;5.34;5.3;3.31;1606
0.57;Premium;J;VS1;60.6;59;5.37;5.36;3.25;1606
0.5;Very Good;E;VS2;63.3;57;5.1;5.07;3.22;1606
0.52;Very Good;F;VS2;62.4;57;5.12;5.13;3.2;1607
0.53;Very Good;F;VS1;60.6;57;5.21;5.25;3.17;1607
0.53;Ideal;E;VS2;62.5;57;5.16;5.18;3.23;1607
0.53;Ideal;G;VS1;61.7;55;5.18;5.22;3.21;1607
0.53;Very Good;G;VS1;61.9;57;5.19;5.22;3.22;1607
0.53;Good;E;VS2;63.7;55;5.12;5.15;3.27;1607
0.53;Very Good;E;VS2;58.3;62;5.26;5.31;3.08;1607
0.53;Very Good;G;VS1;63;58;5.15;5.17;3.25;1607
0.53;Ideal;E;VS2;62;55;5.17;5.21;3.22;1607
0.53;Ideal;E;VS2;61;57;5.23;5.26;3.2;1607
0.53;Ideal;G;VS1;61.6;57;5.21;5.24;3.22;1607
0.53;Good;G;VS1;63.4;56;5.1;5.15;3.25;1607
0.53;Very Good;E;VS2;61.4;55;5.21;5.24;3.21;1607
0.53;Good;E;VS2;64;55;5.11;5.14;3.28;1607
0.53;Ideal;E;VS2;60.9;59;5.17;5.21;3.16;1607
0.58;Ideal;D;SI2;60.9;56;5.4;5.44;3.3;1607
0.59;Ideal;E;SI1;62;57;5.36;5.39;3.33;1607
0.54;Ideal;D;SI1;62.1;55;5.18;5.23;3.23;1607
0.53;Premium;H;VS1;60.5;57;5.34;5.27;3.21;1607
0.53;Premium;I;VVS1;63;56;5.19;5.13;3.25;1607
0.53;Ideal;H;VS1;61.7;56;5.22;5.18;3.21;1607
0.53;Ideal;H;VS1;62.1;56;5.21;5.19;3.23;1607
0.53;Ideal;H;VS1;61.2;56;5.26;5.21;3.2;1607
0.53;Very Good;H;VS1;63.4;56;5.16;5.13;3.26;1607
0.53;Premium;H;VS1;62.3;58;5.17;5.13;3.21;1607
0.53;Ideal;H;VS1;61.3;57;5.22;5.18;3.19;1607
0.53;Ideal;G;VS2;62.5;56;5.2;5.17;3.24;1607
0.53;Ideal;G;VS2;62.5;55;5.2;5.17;3.24;1607
0.53;Premium;G;VS2;61.2;57;5.26;5.19;3.2;1607
0.53;Ideal;G;VS2;60.4;57;5.27;5.23;3.17;1607
0.53;Premium;G;VS2;62.4;59;5.16;5.13;3.21;1607
0.53;Premium;G;VS2;62.5;56;5.19;5.18;3.24;1607
0.53;Ideal;G;VS2;61.8;56;5.21;5.18;3.21;1607
0.53;Premium;G;VS2;62;58;5.21;5.18;3.22;1607
0.53;Premium;G;VS2;62.6;58;5.18;5.11;3.22;1607
0.53;Premium;E;SI1;61.9;56;5.22;5.19;3.22;1607
0.53;Ideal;E;SI1;61.6;56;5.23;5.19;3.21;1607
0.53;Ideal;E;SI1;60.6;57;5.27;5.23;3.18;1607
0.53;Ideal;E;SI1;62;55;5.21;5.17;3.22;1607
0.53;Ideal;E;SI1;61.8;56;5.21;5.17;3.21;1607
0.53;Ideal;E;SI1;62;56;5.19;5.17;3.21;1607
0.53;Premium;E;SI1;60;60;5.27;5.24;3.21;1607
0.53;Ideal;G;VS2;61.6;56;5.24;5.19;3.21;1607
0.53;Premium;G;VS2;60.7;59;5.24;5.18;3.16;1607
0.53;Ideal;G;VS2;60.1;54;5.31;5.3;3.19;1607
0.5;Ideal;H;VVS2;60.3;58;5.14;5.21;3.12;1608
0.5;Ideal;H;VVS2;60.4;55;5.16;5.2;3.13;1608
0.57;Ideal;G;VS2;61.8;56;5.3;5.35;3.29;1608
0.57;Very Good;G;VS2;62.6;55;5.26;5.31;3.31;1608
0.57;Ideal;E;SI1;61.9;56;5.32;5.35;3.3;1608
0.57;Ideal;G;VS2;61.8;57;5.3;5.32;3.28;1608
0.57;Ideal;E;SI1;62.1;56;5.3;5.33;3.3;1608
0.57;Very Good;G;VS2;62.1;57;5.27;5.3;3.28;1608
0.57;Ideal;G;VS2;61.6;57;5.32;5.36;3.29;1608
0.57;Premium;G;VS2;59.7;59;5.37;5.41;3.22;1608
0.56;Ideal;E;VS1;62.7;56;5.26;5.3;3.31;1608
0.56;Ideal;D;SI1;62.5;56;5.24;5.28;3.29;1608
0.56;Ideal;F;VS2;62.3;55;5.28;5.32;3.3;1608
0.57;Premium;E;SI1;61.4;58;5.28;5.34;3.26;1608
0.57;Premium;I;VVS1;62.1;58;5.25;5.32;3.28;1608
0.57;Ideal;I;VVS1;61.7;56;5.31;5.35;3.29;1608
0.57;Very Good;E;SI1;60.3;57;5.34;5.4;3.24;1608
0.57;Ideal;E;SI1;61.8;57;5.28;5.33;3.28;1608
0.57;Very Good;G;VS2;62.8;57;5.23;5.28;3.3;1608
0.58;Very Good;E;VS2;60.3;57;5.41;5.44;3.27;1608
0.41;Ideal;E;VVS1;61.1;56;4.8;4.82;2.94;1608
0.51;Ideal;E;VS2;62.1;54;5.13;5.15;3.19;1608
0.54;Ideal;E;VS2;61.7;55;5.23;5.2;3.22;1609
0.24;Very Good;D;VVS2;58.8;58;4.05;4.08;2.39;521
0.24;Very Good;E;VVS1;60.6;59;4;4.02;2.43;521
0.33;Good;H;VS2;63.8;55;4.4;4.44;2.82;521
0.33;Premium;H;VS2;60.4;60;4.48;4.52;2.72;521
0.28;Very Good;H;VVS2;62.7;54;4.16;4.19;2.61;522
0.28;Very Good;H;VVS2;62;55;4.21;4.23;2.62;522
0.28;Very Good;G;VVS2;61.4;55;4.21;4.24;2.59;522
0.28;Very Good;G;VVS2;62.3;56;4.16;4.19;2.6;522
0.28;Very Good;G;VVS2;61.1;56;4.25;4.27;2.6;522
0.28;Very Good;G;VVS2;62.5;53;4.18;4.21;2.62;522
0.28;Ideal;H;VVS2;62;57;4.21;4.24;2.62;522
0.28;Ideal;G;VVS1;62.7;55;4.16;4.2;2.62;522
0.35;Good;G;SI1;63.8;54;4.46;4.48;2.85;522
0.35;Ideal;G;SI1;61.3;56;4.54;4.56;2.79;522
0.29;Very Good;G;VVS1;62;58;4.19;4.23;2.61;522
0.35;Good;D;SI2;63.3;55;4.45;4.49;2.83;522
0.35;Premium;G;SI1;60.3;60;4.57;4.59;2.76;522
0.35;Ideal;D;SI2;62.2;56;4.52;4.55;2.82;522
0.35;Ideal;D;SI2;61.8;57;4.53;4.57;2.81;522
0.35;Premium;D;SI2;60.8;58;4.51;4.57;2.76;522
0.35;Premium;D;SI2;62.3;58;4.48;4.54;2.81;522
0.35;Good;G;SI1;63.4;56;4.46;4.5;2.84;522
0.35;Ideal;D;SI2;62.4;55;4.53;4.54;2.83;522
0.24;Ideal;I;VVS2;61.5;56;4.02;4.05;2.48;523
0.36;Ideal;I;VS2;61.8;55;4.58;4.61;2.84;523
0.36;Ideal;I;VS2;61.6;55;4.6;4.65;2.85;523
0.36;Ideal;I;VS2;61.8;55;4.6;4.63;2.85;523
0.32;Ideal;H;VS2;61.5;55;4.41;4.44;2.72;523
0.32;Ideal;H;VS2;61.3;56;4.42;4.45;2.72;523
0.32;Ideal;H;VS2;62;54;4.41;4.43;2.74;523
0.55;Very Good;F;VS2;62.6;57;5.19;5.23;3.26;1609
0.7;Very Good;J;SI2;63.6;56;5.57;5.63;3.56;1609
0.49;Ideal;E;VS2;61.3;55;5.11;5.13;3.14;1609
0.66;Ideal;H;SI1;62.4;58;5.53;5.56;3.46;1609
0.55;Ideal;E;SI1;62.5;56;5.21;5.25;3.27;1609
0.55;Ideal;E;SI1;61.8;58;5.24;5.28;3.25;1609
0.71;Ideal;J;SI1;62.6;57;5.7;5.65;3.55;1609
0.71;Premium;J;SI2;60.7;59;5.75;5.71;3.48;1609
0.72;Good;F;SI2;63.8;59;5.64;5.58;3.58;1609
0.53;Very Good;F;VS2;60.5;55;5.24;5.29;3.19;1610
0.53;Ideal;D;VS2;60.2;55;5.26;5.3;3.18;1610
0.5;Premium;D;SI1;62.3;58;5.08;5.07;3.16;1610
0.5;Premium;D;SI1;61.1;59;5.08;5.04;3.09;1610
0.5;Premium;D;SI1;62.8;58;5.06;5.03;3.17;1610
0.5;Ideal;D;SI1;62.1;57;5.08;5.03;3.14;1610
0.73;Good;I;SI2;63.7;57;5.76;5.67;3.63;1610
0.73;Premium;G;SI2;61.2;56;5.76;5.67;3.5;1610
0.51;Ideal;H;VVS2;60.1;57;5.19;5.22;3.12;1611
0.55;Ideal;D;SI1;61.3;56;5.28;5.33;3.25;1611
0.53;Very Good;E;VS2;60.1;60;5.21;5.28;3.15;1612
0.5;Ideal;D;VS2;61.5;57;5.07;5.11;3.13;1612
0.51;Very Good;E;VS2;61.4;56;5.15;5.18;3.17;1612
0.51;Very Good;E;VS2;62.8;56;5.11;5.14;3.22;1612
0.57;Ideal;F;VS2;61.3;57;5.35;5.39;3.29;1612
0.56;Ideal;H;SI1;61.6;56;5.29;5.33;3.27;1612
0.65;Premium;G;SI1;61.9;58;5.54;5.51;3.42;1612
0.57;Ideal;G;VS2;60.7;55;5.41;5.39;3.28;1613
0.54;Ideal;E;VS2;61.3;55;5.24;5.26;3.22;1613
0.6;Ideal;E;SI1;60.6;57;5.43;5.47;3.3;1613
0.47;Good;E;VVS1;65.2;56;4.86;4.89;3.18;1613
0.5;Good;F;VS1;61.4;61;5.03;5.04;3.09;1613
0.5;Good;F;VS1;61.5;61;5.01;5.07;3.1;1613
0.57;Good;G;VS2;64.1;55;5.28;5.27;3.38;1613
0.57;Premium;H;VS1;61.7;58;5.33;5.3;3.28;1613
0.57;Premium;E;SI1;59.4;58;5.42;5.38;3.21;1613
0.57;Ideal;E;SI1;61.9;56;5.33;5.3;3.29;1613
0.57;Ideal;E;SI1;61.2;57;5.37;5.32;3.27;1613
0.57;Ideal;E;SI1;62.2;57;5.33;5.31;3.31;1613
0.57;Ideal;E;SI1;62.2;55;5.37;5.31;3.32;1613
0.56;Very Good;F;VS2;62;56;5.2;5.22;3.23;1614
0.61;Premium;D;SI1;61.6;58;5.37;5.34;3.3;1614
0.51;Premium;E;VS2;60.6;60;5.2;5.19;3.15;1614
0.5;Ideal;E;VS2;61.4;55;5.13;5.16;3.16;1614
0.5;Ideal;E;VS2;61.4;55;5.12;5.14;3.15;1614
0.51;Ideal;E;VS2;62;54;5.16;5.13;3.19;1614
0.5;Premium;D;VS2;61.3;59;5.09;5.04;3.11;1614
0.61;Premium;I;VS1;60;61;5.53;5.5;3.31;1614
0.62;Very Good;I;VVS2;61.3;58.8;5.48;5.52;3.37;1615
0.62;Ideal;I;VVS2;62.6;57;5.47;5.5;3.44;1615
0.5;Good;F;VS2;62.9;54.9;5.08;5.12;3.21;1615
0.5;Very Good;F;VS2;61.4;59;5.1;5.12;3.14;1615
0.53;Ideal;G;VS2;61.4;55;5.23;5.26;3.22;1615
0.54;Ideal;F;VS2;61;56;5.27;5.32;3.23;1615
0.48;Ideal;G;VS1;61.9;55;5.02;5.06;3.12;1615
0.53;Ideal;G;VS1;61.5;57;5.26;5.21;3.22;1615
0.47;Very Good;F;VVS2;62.1;56;4.96;4.99;3.09;1616
0.48;Very Good;E;VS1;59.1;62;5.14;5.18;3.05;1616
0.51;Very Good;D;VS1;58.8;60;5.18;5.26;3.07;1616
0.56;Ideal;I;VVS1;61.5;55;5.33;5.37;3.29;1616
0.62;Ideal;H;VS2;61.2;54;5.51;5.6;3.4;1616
0.56;Ideal;G;VS2;62;55;5.28;5.33;3.29;1616
0.56;Ideal;H;VS1;61.8;55;5.3;5.34;3.29;1616
0.47;Ideal;D;VS1;61;55;5.03;5.01;3.06;1617
0.57;Very Good;G;VS2;62.2;60;5.28;5.3;3.29;1617
0.57;Very Good;G;VS2;63;58;5.24;5.27;3.31;1617
0.52;Ideal;E;VS2;62.1;57;5.22;5.19;3.23;1617
0.55;Premium;F;SI1;61.9;59;5.29;5.24;3.26;1617
0.5;Ideal;E;SI1;61.8;56;5.11;5.07;3.14;1617
0.59;Very Good;G;VS2;61.5;59;5.32;5.41;3.3;1618
0.52;Very Good;G;VS1;60.2;57;5.22;5.26;3.15;1618
0.47;Ideal;G;VVS2;62.2;53;5;5.04;3.12;1618
0.62;Ideal;H;SI1;61.4;56;5.51;5.49;3.38;1618
0.53;Ideal;F;VS1;61.6;55;5.21;5.24;3.22;1619
0.7;Very Good;J;SI1;62;56;5.66;5.72;3.53;1619
0.56;Ideal;F;VS2;60.8;57;5.35;5.42;3.28;1619
0.5;Ideal;E;VS1;62.2;56;5.1;5.13;3.18;1619
0.54;Ideal;F;VS2;62;55;5.26;5.23;3.25;1619
0.54;Good;D;SI1;64.1;55;5.15;5.11;3.29;1619
0.52;Ideal;I;VVS1;62;55;5.19;5.17;3.21;1619
0.52;Premium;I;VVS1;63;58;5.12;5.1;3.22;1619
0.51;Ideal;F;VS2;59.2;56;5.23;5.18;3.08;1619
0.51;Premium;F;VS2;61.4;58;5.13;5.09;3.14;1619
0.51;Premium;D;SI1;62.2;58;5.13;5.06;3.17;1619
0.51;Ideal;D;SI1;62.6;57;5.11;5.08;3.19;1619
0.51;Ideal;F;VS2;61;57;5.16;5.11;3.13;1619
0.52;Premium;D;VS2;60.9;58;5.22;5.16;3.16;1619
0.51;Ideal;F;VS2;62.8;57;5.1;5.06;3.19;1619
0.52;Ideal;F;VS2;61.8;55.4;5.13;5.17;3.18;1620
0.59;Very Good;D;SI1;62.9;58;5.31;5.34;3.35;1621
0.52;Ideal;G;VS1;62.1;54;5.14;5.17;3.2;1621
0.52;Very Good;E;VS2;62.8;55;5.11;5.15;3.22;1621
0.52;Ideal;E;VS2;61.3;56;5.17;5.21;3.18;1621
0.52;Very Good;G;VS1;59.5;58;5.21;5.28;3.12;1621
0.52;Ideal;E;VS2;62.4;57;5.12;5.14;3.2;1621
0.53;Ideal;F;VS2;61.9;55;5.2;5.23;3.23;1621
0.55;Ideal;E;SI1;61.6;56;5.26;5.28;3.25;1621
0.55;Ideal;E;SI1;60.1;57;5.36;5.38;3.22;1621
0.53;Ideal;D;SI1;61.6;56;5.2;5.23;3.21;1621
0.41;Ideal;F;IF;61.1;58;4.82;4.84;2.95;1621
0.42;Ideal;D;VVS1;61.8;55;4.85;4.83;2.99;1621
0.42;Ideal;D;VVS1;62.8;56;4.8;4.76;3;1621
0.42;Ideal;D;VVS1;61.6;56;4.82;4.79;2.96;1621
0.42;Ideal;D;VVS1;61.8;56;4.82;4.79;2.97;1621
0.54;Ideal;F;VS2;62.8;57;5.25;5.2;3.28;1621
0.7;Premium;H;I1;60;59;5.8;5.77;3.47;1621
0.61;Very Good;D;SI1;62.4;59;5.42;5.45;3.39;1622
0.56;Ideal;I;VVS1;61.1;55;5.33;5.35;3.26;1622
0.56;Premium;I;VVS1;60.6;59;5.29;5.33;3.22;1622
0.59;Very Good;F;VS2;62.9;55;5.32;5.39;3.37;1622
0.59;Ideal;G;VS2;62.9;56;5.35;5.33;3.36;1622
0.52;Premium;E;VS2;60.6;58;5.23;5.2;3.16;1622
0.52;Premium;G;VS1;59.1;60;5.24;5.19;3.08;1622
0.59;Very Good;G;VS2;62.8;59;5.28;5.33;3.33;1623
0.51;Ideal;D;VS2;61.8;54;5.12;5.17;3.18;1623
0.5;Very Good;E;VS2;61.2;63;5.14;5.09;3.13;1623
0.5;Ideal;D;SI1;61.7;56;5.16;5.11;3.17;1623
0.62;Very Good;E;SI2;58.8;63;5.58;5.61;3.29;1624
0.5;Premium;E;VS2;61.3;60;5.07;5.11;3.12;1624
0.5;Premium;E;VS2;61.4;58;5.07;5.12;3.13;1624
0.5;Premium;E;VS2;61.8;58;5.07;5.09;3.14;1624
0.5;Very Good;E;VS2;61.4;59;5.09;5.13;3.14;1624
0.5;Ideal;E;VS2;62.2;54;5.08;5.11;3.17;1624
0.5;Very Good;E;VS2;61.1;61;5.11;5.13;3.13;1624
0.5;Ideal;G;VS1;62.3;55;5.07;5.11;3.17;1624
0.5;Very Good;E;VS2;62.8;57;5.04;5.12;3.19;1624
0.5;Ideal;E;VS2;61.8;55;5.06;5.11;3.14;1624
0.5;Very Good;E;VS2;61.5;56;5.07;5.11;3.13;1624
0.5;Premium;G;VS1;59.8;58;5.15;5.19;3.09;1624
0.5;Very Good;G;VS1;59.4;60;5.13;5.17;3.06;1624
0.5;Very Good;E;VS2;62.7;54;5.07;5.1;3.19;1624
0.5;Premium;E;VS2;62.3;60;5.05;5.09;3.16;1624
0.5;Ideal;E;VS2;61.5;57;5.11;5.14;3.15;1624
0.5;Very Good;E;VS2;61.3;58;5.06;5.12;3.12;1624
0.5;Very Good;E;VS2;61.8;58;5.05;5.11;3.14;1624
0.5;Premium;G;VS1;62.2;59;5.04;5.09;3.15;1624
0.5;Very Good;E;VS2;61.3;59;5.05;5.1;3.11;1624
0.5;Premium;G;VS1;60.7;60;5.09;5.12;3.1;1624
0.5;Premium;G;VS1;59.9;59;5.12;5.16;3.08;1624
0.5;Ideal;E;VS2;60;57;5.12;5.15;3.08;1624
0.5;Ideal;E;VS2;62.1;54;5.11;5.13;3.18;1624
0.5;Very Good;G;VS1;61;59;5.09;5.14;3.12;1624
0.5;Ideal;E;VS2;61.4;57;5.08;5.11;3.13;1624
0.5;Ideal;E;VS2;62.2;55;5.07;5.09;3.16;1624
0.5;Ideal;E;VS2;61.3;57;5.13;5.15;3.15;1624
0.5;Ideal;G;VS1;62;55;5.05;5.11;3.15;1624
0.5;Ideal;E;VS2;62.6;54;5.08;5.11;3.19;1624
0.5;Premium;G;VS1;62.5;58;5.07;5.11;3.18;1624
0.5;Premium;G;VS1;59.7;60;5.11;5.14;3.06;1624
0.5;Very Good;E;VS2;62.9;59;5.06;5.09;3.19;1624
0.5;Ideal;E;VS2;61.6;55;5.09;5.14;3.15;1624
0.5;Very Good;G;VS1;62.1;55;5.06;5.22;3.19;1624
0.5;Premium;G;VS1;62.5;60;5.06;5.08;3.17;1624
0.52;Ideal;F;VS2;61.3;57;5.22;5.19;3.19;1624
0.53;Ideal;F;VS1;61.5;56;5.21;5.25;3.22;1624
0.39;Ideal;G;IF;60.1;57;4.74;4.77;2.85;1624
0.55;Good;F;VS2;58.2;58;5.42;5.46;3.16;1624
0.53;Good;F;VS1;61.8;62.8;5.13;5.16;3.18;1624
0.52;Ideal;F;SI1;62;54;5.19;5.16;3.21;1624
0.52;Ideal;F;SI1;61.8;55;5.19;5.15;3.2;1624
0.51;Good;E;SI1;64.3;54;5.1;5.07;3.27;1624
0.51;Ideal;E;SI1;62.9;57;5.1;5.09;3.2;1624
0.51;Premium;E;SI1;61.7;59;5.12;5.09;3.15;1624
0.51;Premium;E;SI1;61.3;59;5.15;5.13;3.15;1624
0.51;Good;E;SI1;64.3;55;5.12;5.05;3.27;1624
0.52;Premium;E;SI1;61.8;60;5.18;5.15;3.19;1624
0.52;Very Good;E;VS2;61.5;58;5.18;5.24;3.2;1625
0.6;Ideal;G;VS2;62.1;57;5.36;5.43;3.35;1625
0.55;Very Good;F;VS2;62.5;56;5.23;5.27;3.28;1625
0.6;Premium;E;SI1;60.8;58;5.46;5.5;3.33;1625
0.56;Ideal;E;VS2;61.6;57;5.3;5.32;3.27;1625
0.52;Ideal;H;VVS1;61.7;56;5.17;5.2;3.19;1625
0.42;Ideal;H;VVS1;61.3;56;4.83;4.86;2.97;1625
0.56;Ideal;H;VS2;61.3;56;5.32;5.27;3.25;1625
0.53;Ideal;G;VS2;61;55;5.23;5.24;3.2;1625
0.52;Ideal;F;VS2;61.1;56;5.19;5.23;3.18;1625
0.52;Ideal;F;VS2;61.2;56;5.19;5.37;3.2;1625
0.52;Good;E;VS2;64.3;56;5.02;5.14;3.27;1625
0.53;Good;D;VS2;58.4;58;5.31;5.38;3.12;1625
0.7;Fair;I;SI2;65.9;58;5.46;5.5;3.61;1625
0.71;Very Good;J;VS2;62.6;57;5.64;5.7;3.55;1626
0.58;Ideal;I;VS2;61.8;55;5.36;5.38;3.32;1626
0.5;Ideal;H;VS2;61.7;55;5.11;5.14;3.16;1626
0.5;Ideal;H;VS2;61.5;56;5.11;5.13;3.15;1626
0.5;Good;F;VS2;57.7;61;5.28;5.25;3.04;1626
0.56;Very Good;F;VS2;60;57;5.34;5.39;3.22;1627
0.5;Very Good;D;VS2;62.8;60;5.02;5.08;3.17;1627
0.5;Very Good;D;VS2;63.4;57;5.05;5.08;3.21;1627
0.51;Very Good;F;VS1;63.3;57;5.06;5.09;3.21;1627
0.51;Premium;F;VS1;60.7;59;5.11;5.13;3.11;1627
0.61;Ideal;I;VS2;62;57;5.43;5.46;3.37;1627
0.54;Premium;D;VS2;61.6;56;5.24;5.18;3.21;1627
0.51;Very Good;H;VS1;60.7;56;5.18;5.21;3.16;1628
0.51;Very Good;H;VS1;62.3;56;5.1;5.13;3.18;1628
0.51;Very Good;H;VS1;60.7;56;5.16;5.2;3.15;1628
0.51;Very Good;H;VS1;62.3;57;5.1;5.12;3.18;1628
0.5;Very Good;D;VS2;61.2;56;5.14;5.16;3.15;1628
0.73;Good;E;I1;56.9;60;5.98;5.93;3.39;1628
0.5;Ideal;D;VS2;62;56;5.1;5.13;3.17;1628
0.5;Ideal;D;VS2;61.8;54;5.13;5.16;3.18;1628
0.63;Ideal;G;SI1;61.7;54;5.52;5.56;3.42;1628
0.63;Ideal;G;SI1;62;55;5.49;5.54;3.42;1628
0.55;Very Good;E;VS2;61.7;59;5.2;5.27;3.23;1629
0.52;Very Good;G;VS1;62.3;58;5.14;5.17;3.21;1629
0.64;Very Good;D;SI2;62.8;54;5.5;5.52;3.46;1629
0.52;Ideal;F;VS2;62.5;56;5.12;5.16;3.21;1629
0.52;Ideal;D;VS2;61.9;54;5.13;5.18;3.19;1629
0.52;Ideal;G;VS1;62.3;54;5.15;5.18;3.22;1629
0.5;Premium;E;VS2;62.9;60;5.04;5.01;3.16;1629
0.5;Premium;G;VS1;58.9;59;5.21;5.15;3.05;1629
0.5;Premium;G;VS1;61.1;60;5.1;5.05;3.1;1629
0.5;Premium;G;VS1;60.7;62;5.1;5.08;3.09;1629
0.5;Premium;G;VS1;60.3;60;5.1;5.08;3.07;1629
0.5;Premium;E;VS2;61.3;56;5.16;5.11;3.15;1629
0.5;Ideal;E;VS2;61;56;5.17;5.12;3.14;1629
0.5;Ideal;E;VS2;62.9;54;5.14;5.1;3.22;1629
0.5;Ideal;E;VS2;62.2;56;5.12;5.11;3.18;1629
0.5;Very Good;E;VS2;60;63;5.12;5.08;3.06;1629
0.5;Ideal;E;VS2;61.4;56;5.12;5.08;3.13;1629
0.5;Premium;E;VS2;61.8;59;5.12;5.08;3.15;1629
0.5;Premium;E;VS2;61.4;58;5.1;5.07;3.12;1629
0.5;Ideal;E;VS2;62.1;57;5.1;5.05;3.15;1629
0.5;Ideal;E;VS2;63;54;5.09;5.04;3.19;1629
0.5;Ideal;E;VS2;62.5;57;5.1;5.04;3.17;1629
0.5;Very Good;E;VS2;63.5;54;5.08;5.03;3.21;1629
0.5;Very Good;E;VS2;63.4;58;5.06;5.04;3.2;1629
0.5;Very Good;E;VS2;63.5;58;5.07;5.04;3.21;1629
0.5;Premium;E;VS2;62.4;62;5.07;5.03;3.15;1629
0.5;Very Good;E;VS2;63.2;57;5.06;5.03;3.19;1629
0.5;Very Good;E;VS2;63.2;56;5.06;5.03;3.19;1629
0.5;Ideal;E;VS2;63;57;5.04;4.99;3.16;1629
0.5;Premium;E;VS2;62.6;60;5.03;5;3.14;1629
0.76;Premium;G;I1;63;55;5.83;5.74;3.65;1629
0.5;Premium;G;VS1;60.8;60;5.16;5.14;3.13;1629
0.5;Very Good;E;VS2;63.4;59;5.09;5.06;3.22;1629
0.55;Premium;E;SI1;62.4;57.6;5.23;5.28;3.27;1630
0.54;Ideal;H;VS1;61.6;59;5.22;5.24;3.22;1630
0.53;Ideal;F;VS1;61.7;56;5.2;5.22;3.21;1630
0.59;Ideal;E;SI1;62.2;57;5.34;5.37;3.33;1630
0.53;Premium;D;SI1;60;58;5.24;5.29;3.16;1631
0.53;Very Good;D;SI1;61.4;57;5.2;5.26;3.21;1631
0.53;Ideal;D;SI1;62;55;5.22;5.24;3.24;1631
0.53;Very Good;F;VS2;61.9;58;5.17;5.2;3.21;1631
0.53;Ideal;F;VS2;61.8;55;5.19;5.23;3.22;1631
0.53;Ideal;F;VS2;61.5;55;5.2;5.27;3.22;1631
0.53;Premium;D;SI1;61;58;5.18;5.22;3.17;1631
0.53;Ideal;F;VS2;61.1;56;5.22;5.26;3.2;1631
0.53;Ideal;D;SI1;62.2;56;5.19;5.23;3.24;1631
0.53;Very Good;F;VS2;60.6;55;5.23;5.26;3.18;1631
0.53;Premium;F;VS2;61.4;60;5.18;5.21;3.19;1631
0.53;Ideal;D;SI1;61.7;56;5.15;5.23;3.2;1631
0.56;Ideal;G;SI1;62;57;5.25;5.27;3.26;1631
0.73;Fair;F;SI2;64.7;56;5.6;5.53;3.6;1631
0.74;Very Good;E;SI2;63.3;59;5.82;5.78;3.67;1632
0.5;Ideal;F;VS2;61.4;57;5.16;5.13;3.16;1632
0.58;Ideal;G;VS2;62.3;53.7;5.35;5.38;3.34;1632
0.51;Ideal;G;VS1;60.2;56;5.18;5.24;3.14;1632
0.51;Ideal;G;VS1;60.2;57;5.16;5.21;3.13;1632
0.51;Ideal;G;VS1;59;59;5.25;5.28;3.11;1632
0.51;Ideal;F;VS1;61.8;54;5.15;5.18;3.19;1632
0.5;Very Good;D;VS2;63.2;60;5.04;5.02;3.18;1632
0.57;Very Good;G;VS2;59.9;54.6;5.43;5.46;3.26;1633
0.51;Very Good;D;VS2;63.2;60;5.04;5.06;3.19;1633
0.58;Very Good;H;VS2;61.2;55.8;5.39;5.41;3.3;1633
0.51;Ideal;D;VS2;61.7;56;5.12;5.15;3.17;1633
0.54;Ideal;H;VS1;61.3;55.9;5.23;5.27;3.21;1633
0.56;Ideal;G;SI1;61.5;56;5.31;5.32;3.27;1633
0.51;Ideal;F;SI1;60.8;57;5.15;5.18;3.14;1633
0.59;Ideal;E;SI1;61.7;56;5.35;5.45;3.33;1633
0.68;Fair;G;SI1;58;71;5.85;5.7;3.35;1633
0.56;Ideal;G;SI1;61.2;54;5.36;5.32;3.27;1633
0.62;Premium;F;SI1;61.3;60;5.48;5.45;3.35;1633
0.51;Very Good;E;VS1;64.4;55;5.03;5.07;3.25;1634
0.55;Ideal;G;VS2;60.1;55;5.33;5.37;3.22;1634
0.55;Ideal;H;VS1;62.3;56;5.22;5.27;3.27;1634
0.51;Ideal;G;VS1;61.2;55;5.15;5.19;3.16;1634
0.58;Premium;F;SI1;61;57;5.41;5.34;3.28;1634
0.58;Premium;F;SI1;62.2;61;5.33;5.25;3.29;1634
0.5;Good;D;VS2;63.4;56;5.05;5.1;3.22;1635
0.5;Good;D;VS2;63.3;54;5.04;5.07;3.2;1635
0.5;Good;D;VS2;63.4;57;5.04;5.09;3.21;1635
0.5;Very Good;D;VS2;62.8;58;5;5.03;3.15;1635
0.5;Good;D;VS2;63.7;56;5.05;5.09;3.23;1635
0.5;Ideal;D;VS2;62.4;55;5.1;5.13;3.19;1635
0.53;Very Good;G;VS1;60.9;56;5.24;5.27;3.2;1636
0.51;Ideal;E;VS1;62.7;56;5.1;5.14;3.21;1636
0.51;Very Good;E;VS1;62;61;5.11;5.14;3.18;1636
0.58;Very Good;I;VVS1;63;57;5.29;5.34;3.35;1636
0.58;Ideal;E;SI1;61.5;55;5.34;5.39;3.3;1636
0.58;Ideal;E;SI1;61.6;55;5.33;5.38;3.3;1636
0.58;Ideal;G;VS2;61.9;56;5.34;5.38;3.32;1636
0.58;Premium;I;VVS1;62.6;59;5.27;5.31;3.31;1636
0.55;Ideal;F;VS2;62;56;5.3;5.25;3.27;1636
0.53;Very Good;F;VS2;63.4;56;5.16;5.13;3.26;1636
0.53;Premium;F;VS2;62.1;58;5.21;5.16;3.22;1636
0.53;Good;D;SI1;63.8;56;5.16;5.12;3.28;1636
0.69;Premium;I;SI1;62;59;5.66;5.63;3.5;1636
0.7;Premium;G;SI2;58.9;59;5.73;5.7;3.37;1636
0.53;Very Good;D;SI1;63.4;58;5.15;5.11;3.25;1636
0.5;Very Good;G;VS1;62.7;59;5.04;5.07;3.17;1637
0.54;Ideal;G;VS1;62.2;56;5.19;5.23;3.24;1637
0.32;Ideal;H;VS2;60.8;56;4.46;4.49;2.72;523
0.32;Ideal;H;VS2;61.2;56;4.42;4.44;2.71;523
0.32;Ideal;H;VS2;60.9;56;4.42;4.44;2.7;523
0.32;Ideal;H;VS2;61.2;55;4.41;4.45;2.71;523
0.32;Ideal;I;VS1;62.4;54;4.38;4.4;2.74;523
0.32;Ideal;I;VS1;60.9;57;4.43;4.47;2.71;523
0.32;Ideal;I;VS1;61.3;56;4.43;4.45;2.72;523
0.32;Ideal;I;VS1;62;54;4.37;4.41;2.72;523
0.35;Ideal;H;SI1;61.5;56;4.56;4.58;2.81;523
0.35;Ideal;H;SI1;60.8;56;4.58;4.6;2.79;523
0.31;Premium;I;SI1;61.3;58;4.37;4.34;2.67;523
0.31;Premium;G;SI2;61.8;59;4.34;4.3;2.67;523
0.31;Premium;G;SI2;63;57;4.35;4.32;2.73;523
0.31;Premium;G;SI2;62.3;57;4.37;4.33;2.71;523
0.31;Ideal;G;SI2;61.7;56;4.38;4.34;2.69;523
0.31;Premium;G;SI2;60.3;59;4.37;4.35;2.63;523
0.31;Ideal;G;SI2;60.5;57;4.4;4.36;2.65;523
0.31;Premium;G;SI2;61.3;58;4.4;4.37;2.69;523
0.31;Premium;J;VS1;61.8;59;4.33;4.31;2.67;523
0.31;Premium;J;VS1;60.7;60;4.39;4.34;2.65;523
0.31;Ideal;I;SI1;62.7;56;4.34;4.3;2.71;523
0.31;Good;I;SI1;63.8;55;4.34;4.31;2.76;523
0.31;Ideal;I;SI1;63;57;4.34;4.32;2.73;523
0.31;Premium;I;SI1;60.7;60;4.37;4.33;2.64;523
0.31;Premium;I;SI1;61.5;59;4.37;4.35;2.68;523
0.31;Premium;I;SI1;61.4;61;4.39;4.34;2.68;523
0.31;Very Good;I;SI1;63.3;53;4.32;4.3;2.73;523
0.31;Premium;I;SI1;62.3;59;4.32;4.29;2.68;523
0.31;Very Good;I;SI1;63.5;56;4.32;4.28;2.73;523
0.31;Very Good;G;SI2;63.3;54;4.34;4.29;2.73;523
0.57;Ideal;F;VS2;62.3;55;5.3;5.36;3.32;1637
0.57;Ideal;F;VS2;62.1;55;5.31;5.35;3.31;1637
0.57;Very Good;F;VS2;62;54;5.31;5.34;3.3;1637
0.57;Ideal;F;VS2;59.2;57;5.45;5.5;3.24;1637
0.54;Good;E;VS2;63.1;58;5.13;5.21;3.26;1637
0.54;Very Good;E;VS2;60.7;56;5.29;5.32;3.22;1637
0.54;Premium;G;VS1;61.1;60;5.23;5.28;3.21;1637
0.46;Ideal;D;VS1;62.6;56;4.92;4.95;3.09;1637
0.46;Ideal;D;VS1;61.6;57;4.95;4.98;3.06;1637
0.4;Ideal;D;VVS1;61.6;56;4.74;4.77;2.93;1637
0.5;Ideal;H;VS1;61.1;56;5.1;5.14;3.13;1637
0.62;Ideal;F;SI1;62.7;54;5.47;5.53;3.45;1637
0.54;Premium;H;VS1;61.3;58;5.25;5.22;3.21;1637
0.54;Premium;G;VS2;62;58;5.21;5.18;3.22;1637
0.54;Ideal;G;VS2;61.9;57;5.23;5.18;3.22;1637
0.54;Ideal;G;VS2;60.7;56;5.29;5.25;3.2;1637
0.54;Premium;H;VS1;61.9;56;5.29;5.24;3.26;1637
0.54;Premium;I;VVS1;60.8;61;5.28;5.22;3.19;1637
0.54;Ideal;H;VS1;62.4;56;5.22;5.2;3.25;1637
0.54;Ideal;H;VS1;61.9;56;5.24;5.2;3.23;1637
0.54;Premium;H;VS1;62.4;55;5.25;5.2;3.26;1637
0.54;Premium;H;VS1;60.8;61;5.29;5.23;3.2;1637
0.54;Ideal;H;VS1;62.7;57;5.23;5.17;3.26;1637
0.54;Ideal;H;VS1;61.5;56;5.24;5.23;3.22;1637
0.54;Premium;G;VS2;60;59;5.42;5.22;3.19;1637
0.54;Ideal;G;VS2;62.3;54;5.27;5.23;3.27;1637
0.54;Ideal;G;VS2;60.4;57;5.33;5.26;3.2;1637
0.54;Premium;G;VS2;62.7;58;5.19;5.15;3.24;1637
0.54;Premium;G;VS2;61;60;5.24;5.18;3.18;1637
0.54;Ideal;E;SI1;60.5;57;5.3;5.28;3.2;1637
0.54;Ideal;E;SI1;61.5;57;5.25;5.22;3.22;1637
0.54;Premium;E;SI1;62.2;58;5.26;5.23;3.26;1637
0.54;Ideal;E;SI1;62.1;56;5.24;5.19;3.24;1637
0.54;Premium;G;VS2;58.7;62;5.36;5.34;3.14;1637
0.54;Good;G;VS2;56.9;62;5.42;5.4;3.08;1637
0.54;Premium;E;SI1;61.6;61;5.23;5.2;3.21;1637
0.96;Fair;H;I1;61.5;63;6.22;6.06;3.78;1637
0.51;Very Good;E;VS2;63.3;55;5.12;5.09;3.23;1638
0.51;Very Good;E;VS2;63.5;57;5.09;5.05;3.22;1638
0.55;Ideal;E;VS2;62;56;5.26;5.25;3.26;1639
0.54;Very Good;F;VS2;60.9;55;5.25;5.31;3.21;1639
0.54;Ideal;H;VVS2;61.6;56;5.24;5.27;3.24;1639
0.52;Ideal;H;VVS1;60.7;57;5.23;5.25;3.18;1639
0.53;Ideal;F;SI1;61.5;56;5.2;5.24;3.21;1639
0.53;Ideal;F;SI1;61.9;55;5.19;5.21;3.22;1639
0.63;Very Good;H;VS2;61.2;59.2;5.48;5.51;3.36;1640
0.51;Very Good;E;VS2;61.8;58;5.13;5.07;3.15;1640
0.5;Ideal;I;VVS2;60.5;57;5.14;5.17;3.12;1640
0.54;Good;G;VS1;59;62;5.3;5.28;3.12;1640
0.47;Premium;E;VS1;61.8;58;5.03;4.97;3.09;1640
0.65;Premium;E;SI2;61.4;59;5.57;5.52;3.41;1640
0.52;Very Good;E;VS2;63;58;5.07;5.12;3.21;1641
0.52;Very Good;G;VS1;63.8;58;5.06;5.09;3.24;1641
0.58;Ideal;G;VS2;61.1;55;5.45;5.42;3.32;1641
0.63;Ideal;H;VS2;62.1;54;5.51;5.54;3.43;1641
0.58;Very Good;E;SI1;63.1;56;5.36;5.32;3.37;1641
0.58;Premium;E;SI1;62.7;58;5.33;5.32;3.34;1641
0.62;Fair;F;SI1;55.1;66;5.85;5.7;3.18;1641
0.58;Premium;E;SI1;60.7;61;5.47;5.27;3.28;1641
0.59;Premium;E;VS2;59.1;61;5.61;5.53;3.29;1641
0.57;Very Good;G;VS2;63.3;56;5.3;5.25;3.34;1641
0.58;Fair;E;SI1;64.4;57;5.26;5.24;3.38;1641
0.53;Very Good;G;VS1;63.1;56;5.12;5.15;3.24;1642
0.57;Ideal;G;VS2;60.2;59;5.38;5.42;3.25;1642
0.57;Good;F;VS2;62.8;62;5.22;5.25;3.29;1642
0.51;Premium;D;SI1;61.9;60;5.15;5.12;3.18;1642
0.67;Fair;F;SI1;56;67;5.81;5.78;3.25;1642
0.55;Very Good;H;VS1;61;56;5.26;5.3;3.22;1643
0.55;Ideal;E;VS2;59.3;57;5.39;5.43;3.21;1643
0.71;Very Good;J;SI1;60.7;58;5.78;5.81;3.52;1643
0.46;Ideal;F;VS1;61.7;56;4.93;4.96;3.05;1643
0.59;Good;F;VS2;64.9;57;5.2;5.25;3.39;1643
0.48;Very Good;E;VS1;62.2;62;4.95;4.99;3.09;1644
0.51;Ideal;D;VS2;60.5;56;5.2;5.21;3.15;1644
0.52;Ideal;E;VS2;61.5;56;5.14;5.17;3.17;1644
0.52;Ideal;E;VS2;61.3;55;5.19;5.22;3.19;1644
0.52;Ideal;E;VS2;61;57;5.19;5.21;3.17;1644
0.71;Good;J;VS2;63.5;64;5.65;5.6;3.57;1644
0.54;Ideal;G;VS2;61;57;5.24;5.28;3.21;1644
0.54;Good;D;VS2;60.9;60;5.28;5.36;3.24;1644
0.57;Premium;E;VS2;62.5;55;5.33;5.27;3.31;1645
0.55;Ideal;D;VS2;61;56;5.28;5.31;3.23;1645
0.5;Good;G;VS1;59.8;63;5.12;5.15;3.07;1645
0.55;Premium;G;VS2;61.5;61;5.27;5.23;3.23;1645
0.5;Very Good;D;VS2;63.4;58;5.04;5.06;3.2;1646
0.5;Very Good;D;VS2;61.1;58;5.07;5.11;3.11;1646
0.52;Ideal;E;VS2;61.3;54;5.21;5.2;3.19;1646
0.52;Premium;E;VS2;60.9;58;5.2;5.18;3.16;1646
0.5;Ideal;D;VS2;60.1;59;5.14;5.17;3.1;1646
0.6;Ideal;F;SI1;61.5;58;5.38;5.41;3.32;1646
0.59;Ideal;D;SI1;62.5;55;5.4;5.42;3.38;1646
0.64;Good;F;SI1;57.9;64;5.76;5.65;3.3;1646
0.56;Premium;F;SI1;61;58;5.36;5.33;3.26;1646
0.6;Premium;G;SI1;61.9;61;5.38;5.34;3.32;1646
0.6;Premium;G;SI1;61.8;60;5.38;5.37;3.32;1646
0.53;Very Good;E;VS2;59.1;60;5.3;5.26;3.12;1647
0.54;Ideal;I;IF;61.6;53;5.26;5.3;3.25;1647
0.53;Very Good;G;VS1;62.3;55;5.15;5.18;3.22;1648
0.53;Very Good;G;VS1;61.2;57;5.22;5.26;3.2;1648
0.57;Very Good;G;VS1;59.3;56;5.38;5.44;3.21;1648
0.5;Ideal;H;VVS1;62.5;53;5.09;5.12;3.19;1648
0.5;Ideal;H;VVS1;61.9;54;5.13;5.14;3.18;1648
0.6;Ideal;H;VS2;61.1;56;5.47;5.49;3.35;1648
0.52;Ideal;H;VS1;61.1;57;5.17;5.22;3.17;1648
0.59;Ideal;H;VS2;62.2;59;5.38;5.34;3.33;1648
0.54;Premium;F;VS1;61.8;59;5.16;5.23;3.21;1649
0.55;Ideal;F;VS2;61.3;54;5.27;5.33;3.25;1649
0.5;Ideal;E;VS1;62.5;57;4.99;5.05;3.14;1649
0.56;Ideal;E;SI1;61.6;55;5.31;5.33;3.28;1649
0.51;Ideal;E;SI1;61.5;55;5.18;5.15;3.18;1649
0.54;Very Good;D;SI1;60.3;61;5.26;5.29;3.18;1650
0.53;Ideal;F;VS2;62.2;55;5.16;5.19;3.22;1650
0.54;Ideal;D;SI1;61.7;55;5.23;5.27;3.24;1650
0.54;Premium;D;SI1;62.6;57;5.21;5.12;3.23;1650
0.7;Premium;G;I1;61.9;58;5.74;5.69;3.54;1650
0.71;Good;I;SI1;63.6;63;5.61;5.64;3.58;1651
0.71;Good;I;SI1;60;64;5.71;5.79;3.45;1651
0.57;Very Good;D;VS2;60.4;57;5.35;5.38;3.24;1651
0.52;Ideal;E;VS2;61;55;5.2;5.26;3.19;1651
0.52;Ideal;D;SI1;62.5;56;5.19;5.14;3.23;1651
0.52;Premium;F;VS2;60;57;5.24;5.22;3.14;1651
0.52;Premium;F;VS2;58.5;60;5.29;5.24;3.08;1651
0.52;Premium;D;SI1;61.5;55;5.21;5.19;3.2;1651
0.77;Fair;D;SI2;65.1;63;5.71;5.65;3.7;1651
0.85;Fair;G;I1;62.7;60;6.05;5.96;3.77;1651
0.59;Very Good;E;SI1;62.9;58;5.31;5.34;3.35;1652
0.51;Ideal;G;VS1;62.3;53.5;5.09;5.14;3.19;1652
0.59;Ideal;F;SI1;61.7;56;5.36;5.4;3.32;1652
0.62;Ideal;H;VS2;62.8;57;5.43;5.4;3.4;1652
0.53;Ideal;E;VS2;62.8;55;5.21;5.17;3.26;1653
0.52;Very Good;E;VS2;62.5;58;5.13;5.18;3.22;1653
0.54;Very Good;F;VS1;61.8;59;5.15;5.22;3.21;1653
0.54;Very Good;F;VS1;60;59;5.26;5.32;3.17;1653
0.53;Very Good;E;VS2;62.8;57;5.16;5.19;3.25;1653
0.56;Premium;H;VS1;59.8;62;5.36;5.31;3.19;1653
0.5;Ideal;D;VS2;62.4;55;5.09;5.1;3.18;1653
0.56;Premium;E;SI1;62.5;59;5.24;5.2;3.26;1653
0.53;Ideal;I;IF;62.1;55;5.18;5.22;3.23;1654
0.57;Ideal;E;VS2;62.1;55;5.33;5.37;3.32;1654
0.57;Very Good;E;VS2;63;59;5.25;5.29;3.32;1654
0.56;Premium;F;VS2;59.6;58;5.34;5.36;3.19;1654
0.46;Ideal;G;IF;62.1;56;4.93;4.96;3.07;1654
0.5;Premium;F;VS2;60.7;58;5.16;5.12;3.12;1654
0.5;Ideal;F;VS2;61.6;53;5.13;5.09;3.15;1654
0.5;Premium;F;VS2;61.1;60;5.12;5.1;3.12;1654
0.5;Ideal;F;VS2;62.9;55;5.1;5.07;3.2;1654
0.5;Premium;F;VS2;61.3;60;5.13;5.08;3.13;1654
0.5;Premium;F;VS2;61.9;56;5.13;5.08;3.16;1654
0.5;Premium;F;VS2;62.4;60;5.08;5.05;3.16;1654
0.5;Premium;F;VS2;61.7;59;5.09;5.05;3.13;1654
0.5;Premium;F;VS2;61.8;58;5.1;5.06;3.14;1654
0.5;Premium;F;VS2;61.8;58;5.1;5.07;3.14;1654
0.5;Premium;F;VS2;62.1;58;5.1;5.01;3.14;1654
0.5;Premium;F;VS2;62.8;61;5.07;5.03;3.17;1654
0.5;Ideal;D;SI1;60.9;57;5.18;5.14;3.14;1654
0.5;Ideal;D;SI1;60.8;56;5.14;5.12;3.12;1654
0.5;Ideal;D;SI1;61.6;55;5.13;5.1;3.15;1654
0.5;Premium;D;SI1;62.2;59;5.13;5.1;3.18;1654
0.5;Premium;D;SI1;61.2;60;5.14;5.09;3.13;1654
0.5;Premium;D;SI1;62.2;57;5.11;5.08;3.17;1654
0.5;Premium;D;SI1;60.7;61;5.12;5.09;3.1;1654
0.5;Premium;D;SI1;62.1;58;5.1;5.07;3.16;1654
0.5;Ideal;D;SI1;62.9;57;5.08;5.06;3.19;1654
0.5;Ideal;D;SI1;62.6;57;5.1;5.06;3.18;1654
0.5;Ideal;D;SI1;61.9;57;5.08;5.06;3.14;1654
0.5;Premium;D;SI1;62.3;58;5.07;5.04;3.15;1654
0.5;Premium;D;SI1;62.6;56;5.05;5.04;3.16;1654
0.6;Ideal;F;SI1;62.7;54;5.43;5.39;3.39;1654
0.53;Premium;E;SI1;62.2;56;5.22;5.16;3.23;1654
0.73;Premium;J;VS2;62.8;58;5.77;5.71;3.6;1654
0.5;Premium;E;VS2;58.6;60;5.21;5.16;3.04;1654
0.5;Premium;E;VS2;60.6;59;5.17;5.06;3.1;1654
0.53;Very Good;G;VS1;59.6;58;5.24;5.31;3.15;1655
0.57;Ideal;H;VS2;61.6;57;5.35;5.37;3.3;1655
0.53;Ideal;F;VS2;61.2;56;5.22;5.25;3.2;1655
0.53;Ideal;F;VS2;61.1;54;5.26;5.29;3.22;1655
0.5;Ideal;E;VS2;60.6;59;5.1;5.2;3.12;1655
0.58;Very Good;E;VS2;61.9;58;5.31;5.36;3.3;1656
0.51;Ideal;G;VS1;61.7;56;5.1;5.14;3.16;1656
0.51;Ideal;E;VS2;61.8;57;5.14;5.15;3.18;1656
0.51;Very Good;G;VS1;62.9;58;5.05;5.1;3.19;1656
0.51;Ideal;G;VS1;62.7;56;5.08;5.1;3.19;1656
0.51;Ideal;E;VS2;61.8;56;5.12;5.14;3.17;1656
0.51;Ideal;E;VS2;62;56;5.11;5.15;3.18;1656
0.51;Ideal;G;VS1;62.1;55;5.14;5.17;3.2;1656
0.51;Ideal;E;VS2;61.7;54;5.13;5.18;3.18;1656
0.51;Ideal;G;VS1;62.2;55;5.11;5.14;3.19;1656
0.51;Premium;G;VS1;62.1;60;5.1;5.11;3.17;1656
0.51;Very Good;E;VS2;61.3;60;5.11;5.16;3.15;1656
0.51;Ideal;G;VS1;62.5;57;5.07;5.14;3.19;1656
0.51;Ideal;G;VS1;62.7;54;5.08;5.1;3.19;1656
0.51;Premium;G;VS1;62.3;59;5.06;5.12;3.17;1656
0.51;Ideal;E;VS2;60.4;57;5.15;5.18;3.12;1656
0.51;Ideal;G;VS1;61.9;56;5.1;5.14;3.17;1656
0.51;Ideal;E;VS2;61.6;56.3;5.14;5.15;3.16;1656
0.51;Ideal;E;VS2;60.9;56;5.15;5.2;3.15;1656
0.51;Ideal;G;VS1;59.7;57;5.2;5.25;3.12;1656
0.51;Premium;G;VS1;62.5;58;5.09;5.11;3.19;1656
0.51;Premium;E;VS2;61.7;58;5.12;5.15;3.17;1656
0.51;Ideal;E;VS2;62.6;55;5.08;5.11;3.19;1656
0.51;Premium;E;VS2;60.3;59;5.2;5.22;3.14;1656
0.51;Premium;E;VS2;61.9;59;5.06;5.11;3.15;1656
0.51;Premium;E;VS2;61;60;5.12;5.17;3.14;1656
0.51;Premium;G;VS1;61.1;58;5.12;5.19;3.15;1656
0.51;Very Good;G;VS1;62.7;56;5.08;5.13;3.2;1656
0.51;Ideal;E;VS2;61.5;57;5.09;5.12;3.14;1656
0.51;Premium;G;VS1;62.3;58;5.08;5.13;3.18;1656
0.51;Ideal;G;VS1;61.7;55;5.14;5.17;3.18;1656
0.51;Ideal;G;VS1;61;55;5.11;5.21;3.15;1656
0.51;Ideal;E;VS2;62.5;55;5.08;5.13;3.19;1656
0.51;Ideal;G;VS1;62;56;5.06;5.16;3.17;1656
0.51;Premium;E;VS2;62.5;59;5.06;5.11;3.18;1656
0.51;Premium;E;VS2;61.3;58;5.13;5.15;3.15;1656
0.51;Good;E;VS2;63.3;56;5.08;5.12;3.23;1656
0.51;Very Good;E;VS2;60.5;56;5.18;5.24;3.15;1656
0.51;Ideal;E;VS2;61.4;57;5.13;5.16;3.16;1656
0.51;Ideal;E;VS2;61.9;55;5.13;5.17;3.19;1656
0.51;Ideal;E;VS2;61.9;56;5.12;5.16;3.18;1656
0.51;Ideal;E;VS2;62.2;57;5.08;5.11;3.17;1656
0.51;Ideal;E;VS2;62.4;57;5.1;5.13;3.19;1656
0.42;Ideal;F;VVS1;61.4;56;4.83;4.85;2.97;1656
0.52;Ideal;E;SI1;61.1;57;5.2;5.17;3.16;1656
0.52;Ideal;E;SI1;62.4;58;5.16;5.13;3.21;1656
0.52;Ideal;E;SI1;60.7;55;5.23;5.22;3.18;1656
0.5;Very Good;F;VS1;58.8;60;5.18;5.2;3.05;1657
0.54;Very Good;F;VS1;60;61;5.31;5.26;3.17;1657
0.7;Premium;J;VS1;62;58;5.68;5.74;3.54;1657
0.7;Ideal;J;VS1;61.6;57;5.72;5.77;3.54;1657
0.46;Very Good;F;VVS1;61.4;57;4.95;4.99;3.05;1657
0.46;Ideal;E;VVS2;62.6;55;4.92;4.95;3.09;1657
0.58;Ideal;F;VS2;61.5;57;5.34;5.39;3.3;1657
0.59;Ideal;E;VS2;61.4;58;5.38;5.4;3.31;1657
0.5;Good;D;VS1;60.9;62;5.05;5.06;3.08;1657
0.6;Very Good;D;VS2;63.1;54;5.41;5.33;3.39;1657
0.51;Very Good;D;VS2;63.1;56;5.06;5.12;3.21;1658
0.56;Ideal;G;VS2;61.4;56;5.33;5.35;3.28;1658
0.52;Very Good;H;VS1;62.2;55;5.15;5.18;3.21;1659
0.52;Very Good;H;VS1;61.7;55;5.15;5.17;3.19;1659
0.61;Very Good;G;SI1;62;58;5.43;5.48;3.38;1659
0.53;Ideal;D;VS2;61;56;5.26;5.29;3.22;1659
0.53;Ideal;D;VS2;61.4;56;5.18;5.21;3.19;1659
0.56;Very Good;E;SI1;62.8;57.6;5.26;5.31;3.32;1659
0.55;Ideal;G;VS2;61.8;58;5.23;5.26;3.24;1659
0.53;Ideal;E;VS2;61.7;58;5.16;5.27;3.22;1659
0.53;Ideal;G;VS1;62.4;54;5.18;5.21;3.24;1659
0.61;Ideal;G;SI1;61.4;56;5.46;5.49;3.36;1659
0.61;Ideal;G;SI1;61.7;55;5.46;5.49;3.38;1659
0.65;Fair;I;VS2;65.1;55.6;5.44;5.5;3.56;1659
0.43;Ideal;D;VVS1;62.3;56;4.82;4.81;3;1659
0.43;Premium;D;VVS1;59.6;58;4.94;4.89;2.93;1659
0.5;Fair;G;VVS2;66.1;62;4.92;4.88;3.24;1659
0.54;Good;E;VS2;63.3;55;5.2;5.26;3.31;1660
0.51;Ideal;G;VS2;62.3;54;5.17;5.12;3.21;1660
0.51;Ideal;F;VS2;61.7;56;5.13;5.15;3.17;1660
0.51;Ideal;D;VS2;61.9;54;5.14;5.17;3.19;1660
0.52;Good;E;VS2;61.5;61;5.16;5.09;3.15;1660
0.6;Very Good;F;SI1;60.6;57;5.46;5.5;3.32;1661
0.51;Ideal;F;VS2;61.6;57;5.14;5.15;3.17;1661
0.46;Ideal;E;VVS1;62.6;57;4.98;4.89;3.09;1661
0.54;Ideal;F;VS2;62.2;57;5.21;5.24;3.25;1662
0.54;Very Good;D;SI1;62.1;56;5.22;5.25;3.25;1662
0.54;Ideal;D;SI1;61.5;56;5.23;5.25;3.22;1662
0.54;Ideal;D;SI1;60.7;56;5.27;5.3;3.21;1662
0.54;Ideal;D;SI1;62.4;57;5.19;5.23;3.25;1662
0.54;Ideal;F;VS2;62.3;56;5.17;5.2;3.23;1662
0.54;Ideal;F;VS2;60.1;56;5.28;5.31;3.18;1662
0.54;Very Good;D;SI1;62.9;57;5.17;5.22;3.27;1662
0.54;Ideal;D;SI1;62.1;56;5.21;5.25;3.25;1662
0.54;Premium;D;SI1;60.4;60;5.22;5.24;3.16;1662
0.54;Ideal;F;VS2;61.4;57;5.2;5.25;3.21;1662
0.54;Very Good;D;SI1;62;55;5.21;5.24;3.24;1662
0.54;Very Good;F;VS2;59.5;58;5.29;5.36;3.17;1662
0.54;Premium;F;VS2;61.8;58;5.22;5.29;3.25;1662
0.54;Very Good;F;VS2;59.4;57;5.29;5.35;3.16;1662
0.54;Premium;H;VVS2;60.6;60;5.29;5.31;3.21;1662
0.54;Very Good;D;SI1;62.1;58;5.21;5.23;3.24;1662
0.54;Ideal;F;VS2;60.3;55;5.26;5.32;3.19;1662
0.54;Ideal;D;SI1;60.8;57;5.25;5.31;3.21;1662
0.56;Ideal;G;VS2;60.9;56;5.34;5.36;3.26;1662
0.56;Ideal;G;VS2;60.7;55;5.32;5.35;3.24;1662
0.56;Ideal;G;VS2;60.8;55;5.33;5.37;3.25;1662
0.55;Ideal;G;VS2;61.4;56.3;5.26;5.29;3.24;1662
0.56;Ideal;G;VS2;59.6;57;5.37;5.39;3.21;1662
0.52;Ideal;F;VS2;60.6;55;5.19;5.27;3.17;1662
0.52;Ideal;G;VS1;61.2;56;5.19;5.22;3.18;1662
0.52;Ideal;G;VS1;60.9;56;5.2;5.24;3.18;1662
0.51;Premium;G;VS1;62.1;58;5.12;5.09;3.17;1662
0.51;Ideal;G;VS1;61.6;56;5.18;5.15;3.18;1662
0.51;Premium;G;VS1;62.2;58;5.11;5.09;3.17;1662
0.51;Premium;E;VS2;59.3;58;5.23;5.2;3.09;1662
0.51;Ideal;E;VS2;61.5;55;5.23;5.14;3.19;1662
0.51;Premium;E;VS2;59.2;61;5.17;5.16;3.06;1662
0.51;Ideal;E;VS2;61.4;55;5.2;5.15;3.18;1662
0.51;Ideal;E;VS2;61;57;5.21;5.12;3.15;1662
0.51;Ideal;E;VS2;61.9;57;5.12;5.09;3.16;1662
0.51;Premium;E;VS2;60.6;58;5.15;5.12;3.11;1662
0.51;Very Good;E;VS2;63.1;55;5.13;5.1;3.23;1662
0.51;Ideal;E;VS2;62;54;5.13;5.1;3.17;1662
0.51;Very Good;E;VS2;63.1;57;5.12;5.08;3.22;1662
0.51;Very Good;E;VS2;63.3;57;5.12;5.05;3.22;1662
0.31;Very Good;G;SI2;63.2;55;4.33;4.31;2.73;523
0.31;Premium;F;SI2;63;58;4.36;4.34;2.74;523
0.3;Very Good;D;SI1;62.3;57;4.26;4.31;2.67;524
0.3;Ideal;D;SI1;62;53;4.33;4.35;2.69;524
0.3;Ideal;D;SI1;62.1;57;4.25;4.28;2.65;524
0.3;Ideal;D;SI1;61.9;55;4.31;4.35;2.68;524
0.3;Ideal;D;SI1;61.9;55;4.32;4.34;2.68;524
0.3;Ideal;D;SI1;61.7;57;4.28;4.31;2.65;524
0.3;Ideal;D;SI1;61.9;57;4.28;4.32;2.66;524
0.26;Good;F;VVS1;64;57;4.03;4.06;2.59;524
0.3;Premium;F;VS2;61.8;60;4.27;4.3;2.65;524
0.3;Very Good;F;VS2;58.8;60;4.37;4.41;2.58;524
0.3;Ideal;G;VS1;61.1;56;4.35;4.36;2.66;524
0.3;Ideal;G;VS1;61.4;55;4.32;4.38;2.67;524
0.32;Ideal;H;VS1;62.7;56;4.39;4.42;2.76;524
0.32;Very Good;G;VS2;60.1;61;4.41;4.44;2.66;524
0.32;Very Good;G;VS2;58.4;57;4.51;4.53;2.64;524
0.32;Premium;H;VS1;61.6;59;4.37;4.39;2.7;524
0.32;Ideal;G;VS2;62.4;55;4.36;4.39;2.73;524
0.32;Good;E;SI1;63.5;56;4.34;4.38;2.77;524
0.32;Ideal;G;VS2;62;57;4.37;4.41;2.72;524
0.32;Very Good;E;SI1;60.4;61;4.39;4.42;2.66;524
0.3;Very Good;F;VS2;63;55;4.28;4.29;2.7;524
0.3;Very Good;F;VS2;61.4;55;4.32;4.37;2.67;524
0.32;Good;E;SI1;63.1;54;4.37;4.41;2.77;524
0.32;Good;E;SI1;63.1;56;4.34;4.37;2.75;524
0.32;Good;E;SI1;63.4;56;4.31;4.34;2.74;524
0.32;Ideal;H;VS1;62.1;55;4.39;4.4;2.73;524
0.32;Premium;E;SI1;61.2;58;4.37;4.42;2.69;524
0.32;Ideal;G;VS2;62.1;56;4.36;4.4;2.72;524
0.51;Very Good;E;VS2;63.5;56;5.08;5.06;3.22;1662
0.51;Good;E;VS2;63.6;54;5.09;5.06;3.23;1662
0.51;Ideal;E;VS2;62.9;57;5.11;5.07;3.2;1662
0.51;Premium;E;VS2;62.5;59;5.09;5.08;3.18;1662
0.51;Good;E;VS2;63.8;57;5.07;5.05;3.23;1662
0.51;Good;E;VS2;63.8;55;5.08;5.05;3.23;1662
0.51;Premium;E;VS2;59.2;58;5.27;5.23;3.11;1662
0.67;Ideal;G;SI1;60.4;57;5.67;5.65;3.42;1662
0.51;Ideal;G;VS1;61.8;57;5.14;5.12;3.17;1662
0.57;Ideal;G;SI1;62;55;5.35;5.32;3.31;1662
0.7;Premium;F;SI2;59.5;61;5.78;5.68;3.41;1662
0.72;Good;J;SI1;60.1;64;5.83;5.75;3.48;1663
0.52;Very Good;H;VVS1;63.9;59;5.08;5.1;3.25;1664
0.52;Very Good;D;VS2;60;57;5.22;5.25;3.14;1664
0.52;Very Good;D;VS2;63.6;59;5.09;5.13;3.25;1664
0.53;Very Good;G;VS1;62.2;59;5.14;5.18;3.21;1664
0.59;Ideal;E;SI1;62.4;55;5.34;5.39;3.35;1664
0.59;Very Good;G;VS2;61.1;57;5.4;5.43;3.31;1664
0.59;Very Good;E;SI1;62.9;57;5.33;5.36;3.36;1664
0.59;Ideal;G;VS2;62.6;54;5.32;5.38;3.35;1664
0.59;Ideal;E;SI1;61.4;56;5.36;5.39;3.3;1664
0.59;Ideal;E;SI1;62;55;5.37;5.4;3.34;1664
0.59;Premium;E;SI1;61.8;60;5.33;5.39;3.31;1664
0.55;Premium;E;VS2;59.1;62;5.37;5.32;3.16;1664
0.56;Ideal;F;VS2;62;56;5.27;5.31;3.28;1664
0.52;Ideal;D;VS2;61.4;56;5.16;5.19;3.18;1664
0.56;Ideal;D;SI1;61.2;57;5.37;5.35;3.28;1664
0.67;Good;D;SI2;64.7;55;5.5;5.54;3.57;1664
0.55;Premium;E;VS2;59.1;60;5.35;5.31;3.15;1664
0.55;Ideal;H;VS2;62;55;5.31;5.28;3.28;1664
0.52;Very Good;E;VS2;62.2;56;5.16;5.17;3.21;1665
0.54;Very Good;G;VS1;61.6;54;5.26;5.3;3.25;1665
0.5;Very Good;E;VS1;62.5;58;5.04;5.11;3.17;1665
0.64;Very Good;G;SI1;64;53.8;5.49;5.53;3.53;1665
0.52;Ideal;H;VS1;61.7;55;5.17;5.21;3.2;1665
0.4;Ideal;D;VVS1;61.1;56;4.77;4.82;2.93;1665
0.55;Ideal;E;VS2;61.5;57;5.25;5.29;3.24;1665
0.57;Ideal;I;VS1;61;56;5.37;5.41;3.29;1665
0.52;Ideal;G;VS1;61.7;57;5.16;5.18;3.19;1665
0.5;Ideal;E;VS1;62.2;54;5.1;5.13;3.18;1665
0.53;Ideal;G;SI1;61.6;57;5.19;5.24;3.21;1665
0.51;Good;D;VS2;63.7;57;5.05;5;3.2;1665
0.5;Good;G;VVS2;64.1;56;5.02;5.06;3.23;1666
0.58;Ideal;F;VS2;62.1;55;5.33;5.37;3.32;1666
0.7;Premium;J;SI1;61.6;58;5.66;5.73;3.51;1666
0.7;Very Good;I;VS2;62.2;59;5.64;5.71;3.53;1666
0.7;Very Good;J;SI1;61.9;58;5.64;5.67;3.5;1666
0.58;Ideal;F;VS2;62.1;56;5.33;5.37;3.32;1666
0.72;Very Good;J;SI1;62.7;56;5.66;5.72;3.57;1666
0.5;Ideal;H;SI1;61.3;56;5.12;5.16;3.15;1666
0.5;Ideal;H;SI1;61.3;54;5.12;5.16;3.15;1666
0.5;Premium;F;VS1;62.9;58;5.09;5.05;3.19;1666
0.5;Premium;F;VS1;59.9;61;5.16;5.13;3.08;1666
0.68;Premium;H;SI1;59.5;59;5.77;5.73;3.42;1666
0.58;Very Good;F;VS2;63;59;5.27;5.39;3.36;1667
0.55;Ideal;E;VS2;61.8;57;5.27;5.34;3.28;1667
0.55;Ideal;E;VS2;61.4;56;5.26;5.32;3.25;1667
0.55;Very Good;G;VS1;59.4;62;5.32;5.36;3.17;1667
0.55;Ideal;G;VS1;61.3;57;5.25;5.28;3.23;1667
0.72;Premium;J;SI2;60.3;58;5.81;5.73;3.48;1667
0.54;Premium;F;VS2;58.2;60;5.39;5.34;3.12;1667
0.54;Premium;D;SI1;60;58;5.3;5.26;3.17;1667
0.54;Very Good;D;SI1;63.2;55;5.21;5.17;3.28;1667
0.54;Premium;F;VS2;58.9;59;5.37;5.32;3.15;1667
0.63;Premium;I;VS1;62;58;5.52;5.45;3.4;1667
0.56;Premium;E;VS2;61.1;59;5.34;5.27;3.24;1668
0.51;Very Good;H;VVS1;60.9;56;5.17;5.22;3.16;1668
0.51;Very Good;G;VS1;61.1;56;5.17;5.2;3.17;1668
0.55;Ideal;H;VVS2;61.9;56;5.22;5.25;3.24;1668
0.55;Ideal;H;VVS2;62.1;55;5.25;5.28;3.27;1668
0.55;Ideal;H;VVS2;61.6;55;5.3;5.31;3.26;1668
0.55;Ideal;H;VVS2;60.7;55;5.32;5.34;3.24;1668
0.51;Good;D;VS2;63.5;56;5.07;5.1;3.23;1668
0.51;Very Good;D;VS2;62.5;58;5.12;5.18;3.22;1668
0.51;Good;D;VS2;63.5;56;5.04;5.1;3.22;1668
0.52;Premium;E;VS1;61.6;58;5.14;5.18;3.18;1668
0.51;Good;D;VS2;63.1;58;5.08;5.13;3.22;1668
0.52;Ideal;E;VS1;62.5;56;5.11;5.16;3.21;1668
0.52;Ideal;E;VS1;62.6;57;5.11;5.15;3.21;1668
0.51;Ideal;H;VS1;62;56;5.14;5.17;3.2;1668
0.51;Ideal;H;VS1;61.6;55;5.17;5.19;3.19;1668
0.51;Ideal;G;VS1;61.9;56;5.11;5.14;3.17;1668
0.51;Ideal;G;VS1;61.7;56;5.1;5.2;3.18;1668
0.51;Ideal;G;VS1;60.4;59;5.16;5.21;3.13;1668
0.61;Good;G;VS2;59.9;61;5.48;5.6;3.32;1668
0.55;Premium;G;VS2;62.3;56;5.29;5.24;3.28;1668
0.55;Ideal;E;SI1;60.7;57;5.3;5.27;3.21;1668
0.55;Ideal;E;SI1;60.6;56;5.33;5.3;3.22;1668
0.55;Ideal;E;SI1;61.7;57;5.27;5.23;3.24;1668
0.55;Ideal;E;SI1;61.7;56;5.29;5.24;3.25;1668
0.55;Premium;E;SI1;61.2;59;5.28;5.25;3.22;1668
0.55;Premium;E;SI1;61;61;5.3;5.25;3.22;1668
0.55;Ideal;E;SI1;61.4;55;5.29;5.26;3.24;1668
0.55;Ideal;E;SI1;62.3;56;5.26;5.23;3.27;1668
0.55;Ideal;E;SI1;62.1;55;5.26;5.21;3.25;1668
0.51;Fair;D;VS2;64.4;54;5.06;5.03;3.25;1668
0.55;Very Good;E;VS2;62.3;61;5.16;5.21;3.23;1669
0.51;Ideal;H;VVS2;61.2;57;5.14;5.19;3.16;1669
0.54;Ideal;F;SI1;61.8;56;5.22;5.23;3.23;1669
0.54;Ideal;I;IF;60.8;56;5.28;5.37;3.24;1669
0.6;Very Good;F;SI1;60.3;59;5.42;5.5;3.29;1670
0.58;Ideal;E;VS2;61.9;56;5.34;5.38;3.32;1670
0.57;Ideal;E;SI1;60.8;55;5.39;5.41;3.28;1670
0.52;Very Good;E;VS2;63.3;56;5.12;5.08;3.23;1670
0.5;Very Good;D;VS1;63.7;57;5.08;5.13;3.25;1671
0.58;Ideal;H;VS1;61.2;55;5.39;5.42;3.31;1671
0.59;Ideal;D;SI1;61.7;56;5.39;5.43;3.34;1671
0.51;Very Good;E;VS2;59.5;63;5.22;5.17;3.09;1671
0.57;Premium;E;VS2;62.9;57;5.29;5.24;3.31;1672
0.35;Ideal;D;VVS1;61.4;55;4.55;4.57;2.8;1672
0.56;Ideal;F;VS2;61.6;56;5.28;5.31;3.26;1672
0.54;Ideal;D;VS2;61.1;56;5.23;5.27;3.21;1672
0.7;Fair;J;VS2;64.6;58;5.58;5.56;3.6;1672
0.7;Very Good;I;SI2;63.2;60;5.62;5.55;3.53;1672
0.5;Premium;E;VS1;60.1;58;5.21;5.17;3.12;1672
0.55;Ideal;D;VS2;61.6;57;5.25;5.3;3.25;1673
0.67;Ideal;F;SI2;62;58;5.6;5.63;3.48;1673
0.52;Good;E;VS2;58.3;61;5.26;5.31;3.08;1673
0.72;Good;H;SI2;64.1;58;5.65;5.68;3.63;1674
0.53;Ideal;H;VVS2;61.8;56;5.2;5.22;3.22;1674
0.51;Ideal;D;VS2;61.5;56;5.21;5.17;3.19;1674
0.61;Very Good;G;VS2;63;58;5.4;5.43;3.41;1675
0.71;Very Good;J;VS2;62.1;58;5.71;5.73;3.55;1675
0.5;Premium;E;VS1;62.4;59;5.06;5.1;3.17;1675
0.5;Very Good;E;VS1;62.7;56;5.09;5.12;3.2;1675
0.5;Very Good;E;VS1;61.7;57;5.12;5.16;3.17;1675
0.5;Ideal;E;VS1;61.9;55;5.08;5.13;3.16;1675
0.7;Good;I;SI2;63.5;56;5.59;5.63;3.56;1675
0.5;Premium;E;VS1;62.2;58;5.03;5.06;3.14;1675
0.51;Ideal;E;VS2;61.9;55;5.1;5.14;3.17;1675
0.52;Ideal;G;SI1;61.2;55;5.2;5.23;3.19;1675
0.52;Ideal;G;SI1;61.4;56;5.18;5.21;3.19;1675
0.55;Ideal;E;SI1;61.7;54;5.26;5.27;3.25;1675
0.55;Very Good;F;VS2;61.8;57;5.23;5.28;3.25;1676
0.54;Very Good;E;VS1;61.7;58;5.24;5.27;3.24;1676
0.53;Ideal;E;VS2;61.5;56;5.18;5.23;3.2;1676
0.53;Ideal;E;VS2;61.8;56;5.17;5.21;3.21;1676
0.5;Premium;E;VS2;62.6;58;5.12;5.07;3.19;1676
0.5;Ideal;E;VS2;62.9;55;5.11;5.07;3.2;1676
0.5;Premium;E;VS2;62.9;60;5.1;5.07;3.2;1676
0.5;Premium;E;VS2;62;58;5.09;5.07;3.15;1676
0.5;Ideal;E;VS2;62;56;5.1;5.06;3.15;1676
0.5;Ideal;E;VS2;62.3;57;5.08;5.04;3.15;1676
0.5;Premium;E;VS2;62.8;60;5.08;5.02;3.17;1676
0.5;Premium;E;VS2;62.7;59;5.06;5.02;3.16;1676
0.72;Premium;F;SI2;61.3;59;5.81;5.76;3.55;1676
0.76;Premium;G;SI2;58.8;59;5.97;5.93;3.5;1676
0.57;Premium;F;SI1;59.5;60;5.43;5.42;3.23;1676
0.52;Ideal;D;VS2;60.3;56;5.24;5.27;3.17;1677
0.56;Ideal;D;SI1;61.9;55;5.29;5.31;3.28;1677
0.51;Very Good;D;VS2;62.2;57;5.11;5.14;3.19;1678
0.51;Ideal;D;VS2;62.2;58;5.1;5.12;3.18;1678
0.5;Ideal;D;VS2;61.7;53;5.14;5.16;3.18;1678
0.51;Ideal;D;VS2;62.4;55;5.12;5.14;3.2;1678
0.53;Ideal;H;VS1;61.7;56;5.21;5.23;3.22;1678
0.53;Ideal;H;VS1;61.6;55;5.2;5.22;3.21;1678
0.53;Ideal;H;VS1;61.8;56;5.22;5.26;3.24;1678
0.5;Ideal;E;VS1;62.4;58;5.04;5.06;3.15;1678
0.5;Good;F;VVS2;64.5;62.3;4.92;4.93;3.17;1678
0.53;Very Good;E;VS2;63.5;59;5.17;5.13;3.27;1678
0.6;Very Good;H;VS1;60.2;60;5.45;5.48;3.29;1679
0.56;Very Good;F;SI1;60;57;5.41;5.38;3.24;1679
0.55;Ideal;F;VS2;61.3;55;5.29;5.31;3.25;1679
0.52;Ideal;D;VS2;62;56;5.17;5.19;3.21;1679
0.5;Ideal;F;VS1;62;55.1;5.05;5.11;3.16;1679
0.5;Ideal;F;VS1;62.5;52.4;5.07;5.11;3.18;1679
0.51;Very Good;F;VS1;60;59;5.18;5.22;3.12;1680
0.52;Very Good;F;VS2;60;61.5;5.19;5.23;3.13;1680
0.58;Ideal;I;VVS1;62.1;56;5.32;5.34;3.31;1680
0.54;Ideal;F;VS2;60.5;56;5.27;5.29;3.2;1680
0.54;Ideal;F;VS2;59.8;58;5.29;5.34;3.18;1680
0.51;Ideal;F;VS1;60.4;56;5.18;5.21;3.14;1680
0.57;Good;F;VS2;60;61;5.36;5.43;3.24;1680
0.54;Ideal;I;VVS1;62.7;57;5.22;5.14;3.25;1681
0.61;Ideal;F;SI1;61.4;56;5.46;5.42;3.34;1681
1;Premium;J;I1;58.3;58;6.61;6.51;3.82;1681
0.53;Very Good;D;VS2;62.6;58;5.14;5.18;3.23;1682
0.52;Very Good;E;VS1;60.7;54;5.22;5.29;3.19;1682
0.5;Very Good;D;VS2;61.2;55;5.07;5.12;3.12;1682
0.56;Ideal;G;VS1;60.7;57;5.27;5.34;3.22;1682
0.55;Ideal;F;VS1;60.3;57;5.32;5.37;3.23;1682
0.51;Ideal;E;SI1;61.5;57;5.11;5.16;3.16;1682
0.55;Good;F;VS1;59.5;62;5.3;5.35;3.17;1682
0.64;Premium;E;SI1;61.2;62;5.56;5.52;3.39;1682
0.52;Ideal;E;SI1;61;57;5.22;5.2;3.18;1682
0.58;Ideal;E;VS2;62.3;54;5.39;5.43;3.37;1683
0.58;Ideal;E;VS2;61.7;57;5.35;5.42;3.32;1683
0.43;Ideal;G;IF;61.3;55;4.86;4.89;2.99;1683
0.53;Ideal;F;VS2;62.3;55;5.2;5.17;3.23;1683
0.53;Ideal;D;SI1;62.3;56;5.18;5.15;3.22;1683
0.53;Ideal;D;SI1;62;57;5.23;5.19;3.23;1683
0.5;Premium;D;VS2;61.1;58;5.18;5.09;3.14;1683
0.54;Ideal;E;VS2;61.8;55;5.26;5.22;3.24;1684
0.57;Ideal;F;VS2;61.6;56;5.37;5.34;3.3;1684
0.54;Premium;G;VS1;61.1;59;5.2;5.24;3.19;1684
0.57;Ideal;D;SI1;61.4;55;5.34;5.35;3.28;1684
0.5;Ideal;H;VVS1;61.4;57;5.08;5.11;3.12;1684
0.59;Ideal;D;SI1;62.1;56;5.36;5.4;3.34;1684
0.54;Ideal;G;VS1;61.4;57;5.23;5.2;3.2;1684
0.5;Premium;E;VS2;59.3;62;5.25;5.18;3.09;1684
0.56;Ideal;F;SI1;61.1;55.9;5.33;5.35;3.26;1685
0.54;Good;G;VS1;60.8;62;5.22;5.24;3.18;1685
0.56;Very Good;G;VS1;60.2;56;5.35;5.37;3.23;1686
0.55;Ideal;H;VS1;61.2;56;5.26;5.3;3.23;1686
0.81;Fair;H;SI2;66.2;58;5.78;5.74;3.81;1687
0.51;Ideal;D;SI1;60.4;55;5.48;5.18;3.16;1687
0.56;Ideal;H;VS2;62.4;56;5.27;5.23;3.28;1687
0.51;Ideal;F;VS2;61.4;56;5.16;5.13;3.16;1687
0.51;Ideal;F;VS2;60.6;56;5.19;5.17;3.14;1687
0.51;Premium;F;VS2;61;58;5.17;5.1;3.13;1687
0.51;Premium;F;VS2;62.1;58;5.12;5.09;3.17;1687
0.51;Ideal;F;VS2;62.9;55;5.12;5.08;3.21;1687
0.51;Ideal;F;VS2;62.9;57;5.11;5.09;3.21;1687
0.51;Ideal;D;SI1;61.8;55;5.18;5.14;3.19;1687
0.51;Premium;D;SI1;60.1;60;5.17;5.15;3.1;1687
0.51;Premium;D;SI1;61;60;5.18;5.15;3.15;1687
0.51;Premium;D;SI1;60.3;59;5.22;5.2;3.14;1687
0.51;Premium;D;SI1;62.3;57;5.13;5.08;3.18;1687
0.51;Ideal;D;SI1;62.4;57;5.13;5.09;3.19;1687
0.51;Ideal;D;SI1;61.6;56;5.12;5.1;3.15;1687
0.51;Ideal;D;SI1;61.7;55;5.16;5.11;3.17;1687
0.51;Premium;D;SI1;61.6;58;5.14;5.12;3.16;1687
0.51;Premium;D;SI1;60.9;59;5.19;5.13;3.14;1687
0.51;Premium;D;SI1;60.1;60;5.18;5.14;3.1;1687
0.51;Ideal;D;SI1;62.8;56;5.09;5.07;3.19;1687
0.51;Ideal;F;VS2;63.2;57;5.08;5.05;3.2;1687
0.54;Premium;E;VS2;59;60;5.38;5.32;3.15;1687
0.56;Very Good;H;VS1;59.8;56;5.35;5.38;3.21;1688
0.5;Very Good;D;VS2;63;57;5.03;5.06;3.18;1688
0.64;Very Good;F;SI1;60.7;59;5.51;5.59;3.37;1688
0.53;Good;F;VS1;64.2;56;5.11;5.14;3.29;1688
0.52;Ideal;E;VS2;62.6;57;5.09;5.17;3.21;1689
0.52;Good;G;VS1;63.3;55;5.09;5.12;3.23;1689
0.52;Ideal;E;VS2;61.8;55;5.17;5.19;3.2;1689
0.52;Ideal;G;VS1;62.3;55;5.14;5.16;3.21;1689
0.52;Ideal;E;VS2;61.1;57;5.18;5.2;3.17;1689
0.52;Ideal;E;VS2;59.5;57;5.25;5.27;3.13;1689
0.52;Premium;G;VS1;61.2;60;5.13;5.19;3.16;1689
0.52;Premium;E;VS2;60.7;58;5.17;5.21;3.15;1689
0.52;Very Good;E;VS2;60.3;60;5.17;5.21;3.13;1689
0.52;Very Good;E;VS2;62.5;56;5.15;5.18;3.23;1689
0.52;Ideal;E;VS2;62.2;56;5.11;5.15;3.19;1689
0.52;Ideal;E;VS2;61.1;55;5.2;5.27;3.2;1689
0.52;Ideal;G;VS1;62.7;56;5.14;5.16;3.23;1689
0.52;Very Good;G;VS1;61.1;58;5.16;5.19;3.16;1689
0.52;Premium;G;VS1;62.4;59;5.13;5.16;3.21;1689
0.52;Ideal;E;VS2;61.7;55;5.16;5.21;3.2;1689
0.52;Very Good;G;VS1;61.7;56;5.17;5.21;3.2;1689
0.52;Ideal;G;VS1;61.1;55;5.15;5.19;3.16;1689
0.52;Ideal;G;VS1;61.8;55;5.17;5.21;3.21;1689
0.52;Very Good;G;VS1;62.4;60;5.11;5.12;3.19;1689
0.52;Ideal;G;VS1;60.9;55;5.16;5.22;3.16;1689
0.52;Ideal;E;VS2;61.2;56;5.16;5.23;3.18;1689
0.52;Ideal;G;VS1;62.4;56;5.11;5.15;3.2;1689
0.52;Ideal;G;VS1;62.7;57;5.12;5.15;3.22;1689
0.52;Ideal;E;VS2;62;55;5.14;5.19;3.2;1689
0.52;Ideal;E;VS2;61.9;56;5.12;5.16;3.18;1689
0.57;Premium;F;VS1;59.9;59;5.35;5.4;3.22;1689
0.52;Very Good;E;VS2;60.9;57;5.17;5.2;3.16;1689
0.52;Premium;G;VS1;62.6;59;5.08;5.11;3.19;1689
0.52;Very Good;E;VS2;62.3;57;5.1;5.17;3.2;1689
0.52;Ideal;E;VS2;60.9;57;5.21;5.23;3.18;1689
0.52;Ideal;H;VS2;61.7;55;5.2;5.23;3.22;1689
0.52;Ideal;D;VS2;62.1;57;5.13;5.17;3.2;1689
0.51;Ideal;G;VS1;62.4;57;5.1;5.13;3.19;1689
0.56;Ideal;I;IF;61.9;54;5.29;5.34;3.29;1689
0.53;Ideal;E;VS2;62.1;54.6;5.19;5.21;3.23;1690
0.5;Ideal;D;VS2;61.9;55;5.09;5.12;3.16;1690
0.5;Ideal;D;VS2;61.9;57;5.08;5.1;3.15;1690
0.58;Ideal;G;SI1;61.5;56;5.35;5.38;3.3;1690
0.5;Good;G;VVS2;61.2;63.3;5.06;5.08;3.1;1690
0.47;Good;E;VVS1;64;62;4.9;4.97;3.16;1690
0.5;Good;E;VS1;60.3;62;5.1;5.11;3.08;1690
0.71;Premium;J;SI1;62.4;61;5.68;5.63;3.53;1690
0.61;Ideal;D;SI2;59.9;57;5.55;5.53;3.32;1690
0.71;Fair;G;SI2;65.6;56;5.54;5.49;3.63;1691
0.54;Premium;F;VS2;62.4;58;5.25;5.2;3.26;1691
0.57;Ideal;G;VS2;61.5;55;5.33;5.37;3.29;1691
0.5;Ideal;F;VS2;62.7;56;5.07;5.1;3.19;1691
0.56;Ideal;H;VS1;62.2;55.3;5.26;5.31;3.28;1691
0.52;Ideal;G;VS1;60.8;55;5.2;5.26;3.18;1691
0.51;Ideal;G;VS1;61.9;56;5.12;5.16;3.18;1691
0.56;Ideal;E;SI1;61.6;56;5.29;5.33;3.27;1691
0.69;Fair;G;SI2;65.4;63;5.49;5.43;3.57;1691
0.7;Fair;J;VVS1;67.6;54;5.56;5.41;3.71;1691
0.5;Very Good;F;VS1;62;58;5.08;5.11;3.16;1692
0.55;Very Good;D;SI1;60.7;58;5.24;5.3;3.2;1692
0.55;Very Good;D;SI1;61.2;58;5.24;5.29;3.22;1692
0.55;Ideal;F;VS2;61.7;57;5.24;5.29;3.25;1692
0.55;Ideal;F;VS2;61.1;57;5.27;5.3;3.23;1692
0.55;Ideal;F;VS2;61.1;56;5.27;5.31;3.23;1692
0.55;Premium;D;SI1;61;58;5.27;5.29;3.22;1692
0.55;Ideal;F;VS2;61.7;56;5.26;5.3;3.26;1692
0.55;Very Good;F;VS2;61.7;56;5.25;5.29;3.25;1692
0.55;Ideal;D;SI1;60.6;56;5.27;5.32;3.21;1692
0.61;Ideal;J;VVS1;60.9;56;5.45;5.51;3.34;1692
0.53;Ideal;G;VS1;62.2;55;5.18;5.21;3.23;1692
0.69;Fair;I;VS1;57.9;63;5.73;5.77;3.33;1692
0.53;Very Good;F;VS2;59.2;58;5.29;5.31;3.14;1693
0.4;Ideal;D;VVS2;61.2;56;4.76;4.78;2.92;1693
0.32;Good;E;SI1;63.3;55;4.33;4.36;2.75;524
0.3;Very Good;H;VVS2;61.5;57;4.32;4.36;2.66;525
0.28;Very Good;H;VVS1;62.9;54;4.2;4.23;2.65;525
0.25;Very Good;G;VVS1;61.7;56;4.07;4.09;2.51;525
0.25;Very Good;G;VVS1;63;54;4.02;4.04;2.54;525
0.25;Very Good;G;VVS1;61.8;56;4.03;4.06;2.5;525
0.25;Very Good;G;VVS1;60.6;55;4.12;4.14;2.5;525
0.25;Very Good;G;VVS1;61.8;57;4.04;4.07;2.5;525
0.25;Very Good;G;VVS1;61.4;56;4.04;4.07;2.49;525
0.23;Very Good;F;VVS1;60.7;55;3.98;4;2.42;525
0.36;Ideal;J;VVS2;61.7;55;4.61;4.63;2.85;525
0.25;Ideal;G;VVS2;62;54;4.05;4.08;2.52;525
0.25;Ideal;G;VVS2;62.1;57;4.01;4.07;2.5;525
0.25;Ideal;G;VVS2;61.5;56;4.06;4.08;2.5;525
0.25;Ideal;G;VVS2;62.1;56;4.02;4.05;2.5;525
0.25;Ideal;G;VVS2;61.9;55;4.07;4.1;2.53;525
0.25;Ideal;H;VVS1;60.2;56;4.1;4.11;2.47;525
0.25;Ideal;H;VVS1;62.4;55;4.04;4.08;2.53;525
0.29;Ideal;G;VS2;61.6;56;4.26;4.29;2.63;525
0.29;Ideal;G;VS2;60.7;55;4.31;4.35;2.63;525
0.38;Ideal;J;SI1;62;54;4.66;4.7;2.9;525
0.38;Ideal;J;SI1;62;54;4.67;4.71;2.91;525
0.38;Ideal;J;SI1;61.8;54;4.68;4.7;2.9;525
0.25;Ideal;H;IF;61.4;57;4.05;4.08;2.49;525
0.25;Premium;E;VS2;59.7;61;4.1;4.08;2.44;525
0.25;Very Good;E;VVS2;63.1;55;3.98;4.04;2.53;526
0.25;Very Good;E;VVS1;60.1;57;4.08;4.11;2.46;526
0.3;Very Good;E;SI1;59.7;59.9;4.36;4.4;2.61;526
0.25;Very Good;F;IF;63.3;59;3.99;4.04;2.54;526
0.24;Ideal;F;VVS2;62.4;55;3.99;4.02;2.5;526
0.54;Premium;F;SI1;62.3;58;5.26;5.2;3.26;1693
0.5;Very Good;G;VS1;61;58;5.08;5.15;3.12;1694
0.59;Ideal;D;SI1;61.2;56;5.38;5.43;3.31;1694
0.59;Good;D;SI1;63.7;56;5.32;5.35;3.4;1694
0.52;Ideal;G;VS1;62.8;55;5.16;5.13;3.23;1694
0.52;Ideal;G;VS1;63;54;5.17;5.12;3.24;1694
0.53;Ideal;D;VS2;61.8;57;5.17;5.21;3.21;1694
0.52;Ideal;G;VS1;61.3;56;5.2;5.17;3.18;1694
0.52;Ideal;E;VS2;61.4;54;5.23;5.2;3.2;1694
0.52;Ideal;E;VS2;61.5;56;5.2;5.18;3.19;1694
0.52;Ideal;E;VS2;61.3;57;5.22;5.19;3.19;1694
0.52;Ideal;E;VS2;62.1;56;5.2;5.17;3.22;1694
0.52;Ideal;E;VS2;60.4;57;5.22;5.17;3.14;1694
0.52;Very Good;E;VS2;63.4;57;5.16;5.12;3.26;1694
0.52;Premium;E;VS2;61.6;59;5.16;5.14;3.17;1694
0.52;Premium;E;VS2;62.5;60;5.14;5.1;3.2;1694
0.52;Ideal;E;VS2;61.7;57;5.17;5.1;3.17;1694
0.56;Ideal;H;VS2;61.8;54;5.34;5.31;3.29;1694
0.52;Ideal;H;VVS1;62.4;55;5.11;5.15;3.2;1695
0.5;Ideal;E;VS2;61.3;55;5.13;5.15;3.15;1695
0.54;Ideal;E;VS2;61.6;59;5.21;5.24;3.22;1695
0.53;Ideal;G;VS1;61.9;55;5.22;5.25;3.24;1695
0.5;Ideal;F;VS1;61.6;57;5.07;5.09;3.13;1695
0.5;Ideal;F;VS1;61.2;56;5.13;5.17;3.15;1695
0.55;Good;E;VS2;59.8;61;5.29;5.32;3.17;1695
0.54;Ideal;H;VVS2;61.1;56;5.23;5.28;3.21;1696
0.54;Ideal;H;VVS2;61.8;56;5.25;5.27;3.25;1696
0.71;Premium;I;SI2;62.1;58;5.7;5.67;3.53;1696
0.7;Fair;D;SI2;71.6;55;5.47;5.28;3.85;1696
0.51;Very Good;F;VS1;62.4;59;5.04;5.09;3.16;1697
0.51;Very Good;E;VS1;60.4;59;5.16;5.2;3.13;1697
0.53;Ideal;F;VS1;60.7;55;5.32;5.25;3.21;1697
0.51;Ideal;E;VS1;61.8;55;5.15;5.18;3.19;1697
0.7;Good;H;SI2;64.2;58;5.56;5.6;3.58;1697
0.7;Fair;I;SI1;65.8;57;5.46;5.55;3.62;1697
0.54;Very Good;G;VS1;63.6;56;5.17;5.24;3.31;1698
0.51;Very Good;H;SI1;61;55;5.18;5.21;3.17;1698
0.5;Premium;E;VS1;58.8;62;5.17;5.14;3.03;1698
0.59;Ideal;I;VVS1;61.6;55;5.4;5.45;3.34;1698
0.58;Ideal;E;VS2;60.9;59;5.36;5.44;3.29;1698
0.57;Ideal;E;VS2;62.2;55;5.3;5.34;3.31;1698
0.6;Ideal;D;SI1;61.4;55;5.43;5.45;3.34;1698
0.56;Ideal;I;VVS1;62;56;5.29;5.26;3.27;1698
0.56;Premium;I;VVS1;62.4;56;5.28;5.24;3.28;1698
0.56;Ideal;I;VVS1;62;57;5.33;5.29;3.29;1698
0.56;Ideal;G;VS2;62.1;56;5.31;5.29;3.29;1698
0.56;Ideal;G;VS2;61;57;5.34;5.32;3.25;1698
0.56;Ideal;H;VS1;62.8;56;5.28;5.23;3.3;1698
0.56;Ideal;G;VS2;61.2;56;5.33;5.29;3.25;1698
0.56;Ideal;G;VS2;61.7;56;5.34;5.3;3.28;1698
0.56;Ideal;G;VS2;60.6;57;5.36;5.33;3.24;1698
0.56;Premium;G;VS2;60.9;58;5.36;5.34;3.26;1698
0.56;Premium;G;VS2;62.5;57;5.28;5.25;3.29;1698
0.56;Ideal;G;VS2;62;56;5.3;5.28;3.28;1698
0.56;Ideal;G;VS2;61.9;55;5.32;5.28;3.28;1698
0.56;Ideal;E;SI1;62.3;56;5.3;5.26;3.29;1698
0.56;Ideal;E;SI1;61.7;56;5.33;5.3;3.28;1698
0.56;Ideal;E;SI1;60.9;56;5.35;5.32;3.25;1698
0.56;Ideal;E;SI1;62.7;57;5.27;5.23;3.29;1698
0.55;Ideal;F;VS2;61.2;55;5.3;5.28;3.24;1698
0.55;Premium;F;VS2;62.2;58;5.26;5.22;3.26;1698
0.55;Ideal;F;VS2;62.7;55;5.26;5.24;3.29;1698
0.55;Premium;D;SI1;61.6;56;5.28;5.24;3.24;1698
0.55;Premium;D;SI1;62.7;59;5.25;5.22;3.28;1698
0.6;Premium;E;SI1;60;57;5.52;5.48;3.3;1698
0.72;Very Good;H;SI2;63.3;57;5.7;5.67;3.6;1698
0.63;Ideal;F;SI1;62.6;56;5.53;5.49;3.45;1698
0.55;Premium;D;SI1;60.5;60;5.3;5.27;3.2;1698
0.55;Premium;E;SI1;60.8;58;5.32;5.29;3.22;1698
0.55;Premium;F;VS2;59.7;58;5.37;5.31;3.19;1698
0.7;Good;J;SI2;61.6;57.2;5.65;5.68;3.49;1699
0.7;Good;I;SI2;63.4;59;5.66;5.57;3.56;1699
0.56;Ideal;E;VS2;62.8;57;5.21;5.23;3.28;1699
0.52;Ideal;H;VS1;62;55;5.15;5.19;3.2;1699
0.52;Ideal;H;VS1;61;56;5.15;5.23;3.17;1699
0.5;Premium;E;VS2;60.7;59;5.13;5.11;3.11;1699
0.5;Premium;E;VS2;60.5;60;5.13;5.09;3.09;1699
0.73;Premium;H;SI2;61.2;59;5.83;5.77;3.55;1699
0.62;Very Good;D;SI1;62.4;58;5.42;5.47;3.4;1700
0.53;Ideal;E;VS1;60.9;57;5.19;5.25;3.18;1700
0.55;Ideal;F;SI1;61.9;55;5.25;5.29;3.26;1700
0.5;Ideal;E;SI1;61.5;57;5.08;5.1;3.13;1700
0.52;Good;D;VS2;63.4;56;5.09;5.16;3.25;1701
0.52;Very Good;D;VS2;59.4;61;5.23;5.24;3.11;1701
0.52;Good;D;VS2;63.5;57;5.08;5.13;3.24;1701
0.52;Ideal;D;VS2;62;53;5.17;5.21;3.22;1701
0.5;Good;D;VS1;64.2;55;5.01;5.08;3.24;1701
0.58;Fair;G;VS1;64.7;60;5.23;5.28;3.41;1701
0.51;Ideal;H;VVS1;62.7;57;5.12;5.15;3.22;1702
0.55;Ideal;F;VS2;60.9;57;5.3;5.34;3.24;1702
0.7;Ideal;I;SI2;61.5;53;5.74;5.77;3.54;1702
0.5;Very Good;D;VS2;59.1;59;5.19;5.24;3.08;1703
0.53;Ideal;D;VS2;61.4;55;5.24;5.21;3.21;1704
0.61;Premium;G;VS1;61.7;60;5.46;5.4;3.35;1704
0.61;Premium;E;VS2;61.2;62;5.48;5.44;3.34;1704
0.49;Fair;E;VVS2;65.5;58;4.91;4.86;3.2;1705
0.59;Ideal;G;VS2;62;57;5.31;5.4;3.32;1705
0.58;Ideal;F;SI1;62.2;57;5.37;5.33;3.33;1705
0.96;Fair;H;I1;61.1;60;6.26;6.07;3.77;1705
0.96;Fair;H;I1;66.9;60;6.15;6.04;4.09;1705
0.61;Very Good;I;VS2;62.7;57;5.39;5.42;3.39;1706
0.56;Very Good;F;VS2;60.8;57;5.29;5.33;3.23;1706
0.51;Very Good;F;VS1;61;59;5.16;5.1;3.13;1706
0.5;Very Good;H;IF;61.3;60;5.08;5.17;3.14;1706
0.58;Ideal;F;VS2;60.2;57;5.43;5.48;3.28;1706
0.61;Ideal;H;VS1;61.6;56.9;5.4;5.49;3.36;1706
0.61;Good;H;VS1;60.1;60.3;5.47;5.5;3.29;1706
0.53;Ideal;D;SI1;61.2;57;5.24;5.19;3.19;1706
0.52;Ideal;F;VS1;62.5;57;5.17;5.13;3.22;1707
0.54;Very Good;E;VS2;61.2;58;5.21;5.28;3.21;1707
0.52;Ideal;D;VS1;60.9;56;5.17;5.21;3.16;1707
0.52;Premium;G;VVS2;61;58;5.15;5.21;3.16;1707
0.53;Ideal;E;VS2;60.8;55;5.26;5.3;3.21;1707
0.53;Ideal;E;VS2;61.4;55;5.19;5.24;3.2;1707
0.54;Very Good;I;IF;58.8;61;5.29;5.35;3.13;1708
0.65;Premium;E;SI1;58.5;58;5.68;5.64;3.31;1708
0.56;Ideal;F;VS2;61;55;5.33;5.35;3.26;1708
0.52;Ideal;E;VS2;61.7;56;5.13;5.18;3.18;1708
0.51;Ideal;G;VS1;61.5;54.9;5.13;5.25;3.17;1708
0.51;Ideal;G;VS1;60.9;56;5.16;5.19;3.15;1708
0.51;Ideal;E;VS1;61.5;53;5.17;5.24;3.2;1708
0.56;Ideal;D;SI1;61.3;55;5.32;5.35;3.27;1708
0.67;Good;I;VS2;60.7;61.4;5.6;5.64;3.41;1708
0.5;Good;D;VS2;64;56;5.04;5.02;3.22;1708
0.66;Premium;E;SI1;61.1;56;5.68;5.62;3.45;1708
0.55;Premium;E;VS2;58.1;62;5.46;5.38;3.15;1708
0.68;Premium;H;SI1;58.7;60;5.8;5.76;3.39;1708
0.64;Ideal;J;VVS2;62.4;57;5.48;5.51;3.43;1709
0.59;Very Good;I;VVS1;62.8;58;5.3;5.34;3.34;1709
0.54;Premium;E;VS2;60;58;5.34;5.29;3.19;1709
0.55;Ideal;F;VS2;61.7;56;5.25;5.31;3.26;1709
0.55;Ideal;F;VS2;60.9;56;5.3;5.34;3.24;1709
0.54;Ideal;H;VS1;61.8;56;5.21;5.25;3.23;1709
0.51;Very Good;G;VS1;63.4;57;5.08;5.04;3.21;1709
0.51;Ideal;E;VS2;61.7;53;5.2;5.18;3.2;1709
0.51;Premium;E;VS2;62.5;60;5.1;5.08;3.18;1709
0.51;Premium;E;VS2;63;59;5.08;5.05;3.19;1709
0.62;Very Good;H;VS2;61.7;63;5.48;5.42;3.36;1709
0.51;Fair;E;VS2;65.5;51;5.06;5.01;3.3;1709
0.51;Premium;G;VS1;60.2;57;5.24;5.2;3.14;1709
0.5;Premium;H;VVS1;62.5;58;5.05;5.1;3.17;1710
0.5;Good;H;VVS1;63.5;58;4.98;5.03;3.18;1710
0.5;Premium;F;VS1;61.3;59;5.09;5.15;3.14;1710
0.5;Premium;F;VS1;61.8;60;5.06;5.1;3.14;1710
0.5;Premium;F;VS1;62;58;5.03;5.1;3.14;1710
0.5;Very Good;F;VS1;62.3;55;5.06;5.09;3.16;1710
0.5;Ideal;F;VS1;62.5;57;5.06;5.09;3.17;1710
0.5;Ideal;H;VVS1;60.6;55;5.13;5.17;3.12;1710
0.52;Good;F;VS1;61.2;62;5.12;5.05;3.11;1710
0.51;Ideal;F;VS2;62.3;56;5.12;5.08;3.18;1711
0.63;Ideal;G;SI1;62.3;58;5.44;5.48;3.4;1711
0.69;Ideal;G;SI2;62.7;54;5.71;5.64;3.56;1711
0.56;Very Good;F;VS1;62;59;5.3;5.34;3.3;1712
0.53;Premium;F;VS2;61.6;57.1;5.15;5.21;3.19;1712
0.59;Very Good;E;VS2;61.8;59;5.35;5.4;3.32;1712
0.52;Ideal;E;VS2;61.3;55;5.18;5.2;3.18;1712
0.5;Ideal;D;VS2;61.9;59;5.07;5.1;3.15;1712
0.56;Ideal;G;VS1;61.8;55;5.28;5.37;3.29;1712
0.66;Ideal;I;SI1;61.2;57;5.6;5.64;3.44;1712
0.53;Ideal;H;IF;60.2;56;5.29;5.32;3.19;1712
0.56;Good;F;VS1;59.1;62;5.36;5.42;3.19;1712
0.56;Good;F;VS1;63.2;61;5.2;5.28;3.3;1712
0.56;Good;F;VS1;58.6;62;5.3;5.45;3.16;1712
0.55;Ideal;I;VVS1;62.7;57;5.23;5.17;3.26;1712
0.55;Ideal;I;VVS1;61.7;56;5.29;5.24;3.25;1712
0.55;Premium;I;VVS1;61.3;59;5.3;5.27;3.24;1712
0.65;Premium;G;SI1;59.9;59;5.69;5.62;3.39;1712
0.5;Very Good;D;VS2;60.1;63;5.13;5.09;3.07;1712
0.98;Fair;G;I1;69.7;58;6.08;5.98;4.21;1712
0.5;Fair;G;VVS2;64.9;58;5;4.95;3.23;1712
0.71;Ideal;J;SI1;61;57;5.78;5.8;3.53;1713
0.61;Ideal;I;VVS1;62.5;54;5.43;5.49;3.41;1713
0.54;Ideal;E;VS2;62.8;55;5.21;5.24;3.28;1713
0.52;Ideal;E;SI1;60.9;57;5.17;5.2;3.16;1713
0.5;Good;E;VS1;61;61;5.07;5.12;3.11;1714
0.55;Ideal;E;VS2;60.3;57;5.3;5.28;3.19;1715
0.55;Ideal;E;VS2;59.8;57;5.34;5.3;3.18;1715
0.55;Ideal;E;VS2;62;55;5.28;5.24;3.26;1715
0.7;Ideal;H;SI2;60.6;54;5.73;5.65;3.45;1715
0.56;Premium;F;SI2;60.2;58;5.36;5.33;3.22;1715
0.6;Very Good;F;SI1;62.1;57.4;5.39;5.45;3.35;1715
0.5;Very Good;G;VVS2;62.1;61;5.07;5.1;3.16;1715
0.5;Good;G;VVS2;63.8;56;5.03;5.06;3.22;1715
0.5;Good;G;VVS2;63.9;58;5;5.05;3.21;1715
0.5;Very Good;G;VVS2;62.2;61;5.07;5.09;3.16;1715
0.5;Good;G;VVS2;63.4;57;5.06;5.1;3.22;1715
0.5;Very Good;G;VVS2;60.5;62;5.07;5.14;3.09;1715
0.55;Ideal;H;VVS2;61.7;57;5.26;5.28;3.25;1715
0.71;Good;I;SI1;64.2;57;5.59;5.57;3.58;1715
0.6;Ideal;I;VVS1;62;56;5.39;5.43;3.35;1715
0.55;Ideal;G;VS2;61.8;55;5.25;5.3;3.26;1715
0.55;Ideal;F;VS2;61.4;56;5.28;5.31;3.25;1715
0.56;Ideal;H;VS1;61.1;57;5.31;5.34;3.25;1715
0.55;Good;E;VS2;60.3;61;5.31;5.37;3.22;1715
0.54;Premium;D;SI1;62.3;60;5.22;5.18;3.24;1715
0.54;Ideal;D;SI1;62.6;55;5.23;5.19;3.26;1715
0.5;Very Good;H;VVS1;63.3;57;5.06;5.02;3.19;1715
0.5;Premium;F;VS1;58;59;5.3;5.22;3.05;1715
0.7;Very Good;G;SI2;63.2;57;5.66;5.59;3.55;1715
0.7;Very Good;G;SI2;63.4;57;5.62;5.58;3.55;1715
0.8;Fair;G;I1;64.5;57;5.86;5.83;3.77;1715
0.5;Premium;F;VS1;61.6;58;5.11;5.06;3.13;1715
0.7;Premium;I;SI2;63;56;5.71;5.63;3.57;1715
0.5;Very Good;D;VS1;63.1;57;5.04;5;3.17;1715
0.61;Premium;E;SI2;61.3;59;5.48;5.39;3.33;1715
0.32;Fair;F;VS2;59.6;60;4.42;4.34;2.61;1715
0.71;Very Good;D;I1;59.7;63;5.8;5.7;3.43;1715
0.51;Ideal;D;VS2;62.9;56;5.1;5.07;3.2;1716
0.51;Ideal;D;VS2;61.4;57;5.13;5.16;3.16;1716
0.51;Very Good;D;VS2;62;59;5.08;5.12;3.16;1716
0.51;Premium;D;VS2;62.7;59;5.05;5.09;3.18;1716
0.51;Premium;D;VS2;62;60;5.07;5.12;3.16;1716
0.5;Ideal;E;VS1;61.9;56;5.09;5.12;3.16;1716
0.51;Premium;D;VS2;60.9;58;5.18;5.14;3.14;1716
0.51;Ideal;D;VS2;61.9;55;5.19;5.15;3.2;1716
0.51;Very Good;E;VS1;60;57;5.18;5.25;3.13;1717
0.51;Very Good;E;VS1;61;59;5.13;5.17;3.14;1717
0.71;Premium;G;SI2;59.9;59;5.79;5.82;3.48;1717
0.59;Premium;G;VS2;62.6;56;5.39;5.34;3.36;1717
0.57;Ideal;D;VS2;60.3;57;5.42;5.4;3.26;1718
0.36;Ideal;D;VVS1;61.5;55;4.61;4.63;2.84;1718
0.59;Ideal;G;SI1;61.8;56;5.37;5.39;3.32;1718
0.55;Ideal;F;SI1;61.7;56;5.3;5.26;3.25;1718
0.55;Very Good;E;VS2;61.6;60;5.23;5.27;3.23;1719
0.58;Ideal;G;VS2;61.1;56;5.4;5.43;3.31;1719
0.58;Ideal;G;VS2;60.6;55;5.42;5.45;3.3;1719
0.61;Premium;H;VS2;62.8;59;5.44;5.3;3.37;1719
0.52;Ideal;I;VS1;62.7;57;5.17;5.14;3.23;1720
0.54;Ideal;J;VVS2;61.6;57;5.25;5.23;3.23;1720
0.58;Very Good;D;SI1;63.5;58;5.29;5.32;3.37;1720
0.57;Ideal;H;VS1;61.3;55.1;5.34;5.42;3.29;1720
0.52;Premium;F;VS2;60.7;59;5.18;5.14;3.13;1720
0.52;Ideal;F;VS2;62.5;54;5.17;5.14;3.22;1720
0.52;Premium;F;VS2;62.1;59;5.15;5.12;3.19;1720
0.52;Premium;F;VS2;62.2;58;5.17;5.12;3.2;1720
0.52;Ideal;D;SI1;60.9;57;5.21;5.17;3.16;1720
0.52;Ideal;D;SI1;61.5;55;5.22;5.19;3.2;1720
0.52;Ideal;D;SI1;60;56;5.24;5.19;3.13;1720
0.52;Premium;D;SI1;61.4;58;5.19;5.16;3.18;1720
0.52;Ideal;D;SI1;61.8;57;5.19;5.14;3.19;1720
0.52;Ideal;D;SI1;62.4;56;5.17;5.12;3.21;1720
0.52;Ideal;D;SI1;62.2;57;5.16;5.13;3.2;1720
0.52;Ideal;D;SI1;62.7;56;5.17;5.14;3.23;1720
0.52;Ideal;D;SI1;62.4;57;5.18;5.14;3.22;1720
0.54;Premium;D;SI1;60.2;62;5.31;5.25;3.18;1720
0.78;Good;G;SI2;57.9;63;6.05;6;3.49;1720
0.54;Ideal;E;SI1;61.5;56;5.26;5.22;3.23;1720
0.54;Premium;H;VS1;62.6;59;5.22;5.19;3.26;1720
0.7;Fair;I;SI1;65;56;5.6;5.5;3.61;1720
0.52;Premium;D;SI1;58.7;58;5.32;5.28;3.11;1720
0.53;Premium;E;VS2;60.9;60;5.16;5.22;3.16;1721
0.53;Ideal;E;VS2;61.3;55;5.2;5.24;3.2;1721
0.53;Ideal;G;VS1;62.7;55;5.16;5.18;3.24;1721
0.53;Premium;G;VS1;62.4;58;5.16;5.2;3.23;1721
0.53;Ideal;E;VS2;60;57;5.24;5.3;3.16;1721
0.53;Ideal;E;VS2;61.9;56;5.19;5.21;3.22;1721
0.53;Ideal;E;VS2;61.4;56;5.18;5.25;3.2;1721
0.53;Ideal;G;VS1;61.9;56;5.19;5.21;3.22;1721
0.53;Ideal;G;VS1;62.1;57;5.16;5.18;3.21;1721
0.53;Very Good;E;VS2;61.6;57;5.18;5.21;3.2;1721
0.53;Ideal;E;VS2;62.1;56;5.17;5.2;3.22;1721
0.53;Ideal;E;VS2;61.9;55;5.19;5.22;3.22;1721
0.53;Ideal;E;VS2;61.4;56;5.21;5.24;3.21;1721
0.53;Ideal;G;VS1;62.6;54;5.16;5.19;3.24;1721
0.53;Ideal;E;VS2;62.4;56;5.16;5.2;3.23;1721
0.53;Ideal;G;VS1;61.8;55;5.17;5.22;3.21;1721
0.53;Premium;E;VS2;59.8;58;5.26;5.27;3.15;1721
0.53;Ideal;E;VS2;62.7;54;5.15;5.18;3.24;1721
0.53;Very Good;G;VS1;60.1;58;5.27;5.32;3.18;1721
0.53;Ideal;G;VS1;61.9;56;5.17;5.2;3.21;1721
0.61;Very Good;E;SI1;60.1;59;5.48;5.51;3.3;1721
0.52;Ideal;G;VS1;61.6;54;5.21;5.24;3.22;1721
0.47;Ideal;E;VS1;61.8;53;4.99;5.04;3.1;1721
0.5;Ideal;G;VS2;62.2;54;5.12;5.07;3.17;1721
0.51;Very Good;D;VS2;63.2;56;5.04;5.08;3.2;1722
0.53;Very Good;G;VS1;60.2;55;5.25;5.28;3.17;1722
0.51;Very Good;F;VS1;63.3;59;5.09;5.12;3.23;1722
0.42;Very Good;F;IF;60;58;4.87;4.9;2.93;1722
0.53;Ideal;D;VS2;61.7;55;5.2;5.24;3.22;1722
0.52;Ideal;G;VS1;61.4;56;5.18;5.21;3.19;1722
0.52;Ideal;G;VS1;61.6;56;5.18;5.22;3.2;1722
0.52;Ideal;G;VS1;61.9;55;5.16;5.18;3.2;1722
0.5;Very Good;G;VVS2;62.4;56;5.06;5.1;3.17;1723
0.59;Very Good;F;VS2;61.8;58;5.35;5.4;3.32;1723
0.56;Very Good;H;VVS2;59.8;57;5.39;5.48;3.25;1723
0.56;Ideal;F;VS2;62.6;55;5.25;5.29;3.3;1723
0.56;Premium;D;SI1;61.9;58;5.27;5.33;3.28;1723
0.56;Ideal;D;SI1;62.5;56;5.24;5.26;3.28;1723
0.56;Ideal;D;SI1;61.2;56;5.31;5.34;3.26;1723
0.56;Ideal;F;VS2;61.3;54;5.34;5.37;3.28;1723
0.56;Very Good;D;SI1;59.9;60;5.33;5.39;3.21;1723
0.56;Premium;D;SI1;60.6;59;5.34;5.36;3.24;1723
0.56;Ideal;D;SI1;60.5;57;5.31;5.36;3.23;1723
0.56;Premium;D;SI1;60.8;60;5.29;5.31;3.22;1723
0.56;Ideal;D;SI1;62.3;56;5.26;5.33;3.3;1723
0.54;Ideal;H;VVS1;61.2;57;5.21;5.25;3.2;1723
0.56;Ideal;F;VS2;62.1;57;5.28;5.29;3.28;1723
0.56;Ideal;F;VS2;61.6;55;5.29;5.32;3.27;1723
0.56;Ideal;D;SI1;61.4;57;5.31;5.34;3.27;1723
0.56;Premium;D;SI1;61.4;58;5.29;5.33;3.26;1723
0.24;Ideal;F;VVS2;61.7;59;4.01;4.03;2.48;526
0.24;Ideal;E;VVS2;61.7;58;3.96;4.01;2.46;526
0.24;Ideal;E;VVS2;61.3;57;4;4.02;2.46;526
0.24;Ideal;D;VVS2;61;57;4.03;4.07;2.47;526
0.24;Ideal;F;VVS1;61.8;59;4;4.03;2.48;526
0.34;Ideal;H;SI1;61.3;57;4.54;4.55;2.78;526
0.24;Good;E;VVS1;58;60;4.08;4.12;2.38;526
0.35;Very Good;J;SI1;63.3;56;4.53;4.5;2.86;526
0.32;Very Good;D;SI1;63;57;4.35;4.38;2.75;526
0.3;Very Good;E;SI1;62.4;58;4.24;4.28;2.66;526
0.3;Good;G;VS2;63.5;55;4.22;4.25;2.69;526
0.3;Premium;H;VS1;62.3;58;4.26;4.28;2.66;526
0.3;Good;E;SI1;63.2;57;4.25;4.3;2.7;526
0.3;Premium;E;SI1;62.5;60;4.24;4.27;2.66;526
0.3;Very Good;G;VS2;60.6;60;4.3;4.34;2.62;526
0.3;Very Good;H;VS1;62;58;4.24;4.28;2.64;526
0.3;Very Good;H;VS1;60.1;61;4.3;4.32;2.59;526
0.3;Premium;H;VS1;61;58;4.28;4.31;2.62;526
0.3;Ideal;H;VS1;62.1;54;4.32;4.35;2.69;526
0.3;Premium;E;SI1;61.3;60;4.27;4.31;2.63;526
0.3;Good;E;SI1;63.8;55;4.25;4.28;2.72;526
0.3;Very Good;H;VS1;62.9;54;4.28;4.31;2.7;526
0.3;Good;H;VS1;63.2;56;4.25;4.29;2.7;526
0.3;Good;H;VS1;63.4;53;4.25;4.3;2.71;526
0.3;Ideal;H;VS1;61.6;57;4.3;4.33;2.66;526
0.3;Very Good;H;VS1;62.9;56;4.22;4.27;2.67;526
0.3;Premium;G;VS2;61.9;58;4.3;4.33;2.67;526
0.3;Good;H;VS1;63.3;56;4.26;4.3;2.71;526
0.3;Good;E;SI1;63.4;56;4.23;4.25;2.69;526
0.3;Very Good;H;VS1;63;58;4.23;4.28;2.68;526
0.53;Ideal;F;VS2;61.3;55;5.22;5.25;3.21;1723
0.7;Fair;J;SI1;63;57;5.55;5.6;3.51;1723
0.7;Fair;E;SI2;58.7;68;5.77;5.72;3.37;1723
0.5;Ideal;E;VS1;62.2;57;5.13;5.1;3.18;1724
0.5;Ideal;E;VS1;62.3;55;5.12;5.09;3.18;1724
0.53;Very Good;G;VVS2;60.5;59;5.24;5.29;3.19;1724
0.53;Very Good;D;SI1;60;59.8;5.25;5.26;3.15;1724
0.54;Ideal;G;VS1;61.8;56;5.21;5.26;3.24;1724
0.54;Ideal;F;VS1;61.8;54;5.24;5.27;3.25;1724
0.7;Premium;I;SI2;62.1;60;5.65;5.62;3.5;1724
0.55;Very Good;E;VS2;61.2;57;5.22;5.27;3.21;1725
0.64;Very Good;F;SI1;61.2;58;5.54;5.6;3.41;1725
0.57;Ideal;G;VS2;61;55;5.38;5.4;3.29;1725
0.54;Ideal;D;VS2;61.2;56;5.24;5.28;3.22;1725
0.57;Ideal;H;VS2;61.7;55;5.37;5.34;3.3;1725
0.61;Very Good;E;SI1;63.3;60;5.36;5.29;3.37;1726
0.57;Very Good;H;VVS2;60.2;56;5.41;5.44;3.27;1726
0.57;Very Good;H;VVS2;62.2;56;5.32;5.35;3.31;1726
0.54;Very Good;E;VS2;61.5;59;5.21;5.23;3.21;1726
0.54;Ideal;G;VS1;61.7;57;5.23;5.25;3.23;1726
0.52;Ideal;E;VS1;61.3;56;5.18;5.22;3.19;1726
0.53;Very Good;G;VS1;63.2;55;5.15;5.13;3.25;1727
0.53;Ideal;G;VS1;61.7;55;5.22;5.18;3.21;1727
0.53;Ideal;G;VS1;61.6;57;5.24;5.21;3.22;1727
0.53;Premium;G;VS1;63;58;5.17;5.15;3.25;1727
0.53;Premium;E;VS2;58.3;62;5.31;5.26;3.08;1727
0.53;Premium;E;VS2;61.4;55;5.24;5.21;3.21;1727
0.53;Ideal;E;VS2;61;57;5.26;5.23;3.2;1727
0.53;Ideal;E;VS2;62;55;5.21;5.17;3.22;1727
0.53;Good;E;VS2;63.7;55;5.15;5.12;3.27;1727
0.53;Ideal;E;VS2;62.5;57;5.18;5.16;3.23;1727
0.53;Very Good;G;VS1;63.4;56;5.15;5.1;3.25;1727
0.57;Ideal;E;VS2;61.6;56;5.34;5.38;3.3;1728
0.57;Ideal;E;VS2;60.8;56;5.35;5.4;3.27;1728
0.57;Ideal;E;VS2;60.4;57;5.36;5.4;3.25;1728
0.51;Ideal;F;VS1;61.7;55;5.13;5.17;3.18;1728
0.57;Ideal;G;VS2;61.8;57;5.32;5.3;3.28;1728
0.57;Ideal;I;VVS1;61.7;56;5.35;5.31;3.29;1728
0.57;Premium;I;VVS1;62.1;58;5.32;5.25;3.28;1728
0.57;Ideal;G;VS2;61.8;56;5.35;5.3;3.29;1728
0.57;Ideal;G;VS2;61.6;57;5.36;5.32;3.29;1728
0.57;Premium;G;VS2;59.7;59;5.41;5.37;3.22;1728
0.57;Premium;G;VS2;62.8;57;5.28;5.23;3.3;1728
0.57;Premium;G;VS2;62.6;55;5.31;5.26;3.31;1728
0.57;Premium;G;VS2;62.1;57;5.3;5.27;3.28;1728
0.57;Premium;E;SI1;60.3;57;5.4;5.34;3.24;1728
0.57;Ideal;E;SI1;62.1;56;5.33;5.3;3.3;1728
0.57;Ideal;E;SI1;61.9;56;5.35;5.32;3.3;1728
0.57;Ideal;E;SI1;61.8;57;5.33;5.28;3.28;1728
0.57;Premium;E;SI1;61.4;58;5.34;5.28;3.26;1728
0.57;Good;H;VS1;63.7;51;5.36;5.29;3.39;1728
0.55;Premium;D;SI1;61.7;59;5.3;5.23;3.25;1728
0.5;Very Good;G;VVS2;61.3;57;5.12;5.15;3.15;1729
0.56;Ideal;F;VS2;62.3;55;5.32;5.28;3.3;1729
0.56;Ideal;D;SI1;62.5;56;5.28;5.24;3.29;1729
0.52;Ideal;H;SI1;62;55;5.16;5.2;3.21;1730
0.73;Premium;D;SI2;61;61;5.81;5.74;3.52;1730
0.53;Ideal;H;VS1;61.9;55;5.18;5.21;3.22;1731
0.5;Ideal;F;VS1;61;56;5.14;5.15;3.14;1731
0.5;Ideal;F;VS1;62.1;55;5.08;5.12;3.17;1731
0.57;Very Good;E;VS2;60.7;58;5.37;5.33;3.25;1732
0.54;Ideal;E;VS1;62.6;55;5.2;5.22;3.26;1732
0.51;Ideal;E;SI1;61.4;56;5.14;5.16;3.16;1732
0.51;Ideal;E;SI1;61.7;56;5.13;5.17;3.18;1732
0.52;Premium;I;VVS1;60.1;58;5.26;5.23;3.15;1733
0.51;Premium;E;VS2;61.4;56;5.18;5.15;3.17;1733
0.51;Ideal;E;VS2;62.8;56;5.14;5.11;3.22;1733
0.46;Ideal;G;IF;62.1;56;4.96;4.93;3.07;1733
0.64;Fair;E;SI1;59.5;64;5.65;5.39;3.31;1733
0.62;Very Good;H;VS2;61.8;57;5.47;5.5;3.39;1734
0.53;Good;D;VS2;63.4;55;5.11;5.23;3.28;1734
0.53;Premium;D;VS2;59.9;58;5.26;5.29;3.16;1734
0.7;Very Good;J;SI1;63;56;5.61;5.66;3.55;1735
0.7;Premium;J;SI1;61.3;59;5.73;5.75;3.52;1735
0.55;Premium;E;VS2;60.1;59;5.36;5.29;3.2;1735
0.52;Very Good;G;VS1;62.2;63;5.22;5.13;3.22;1736
0.7;Very Good;F;I1;63.2;61;5.57;5.48;3.49;1736
0.54;Ideal;G;SI1;61.9;55;5.24;5.26;3.25;1736
0.56;Good;E;VS2;61.4;62;5.34;5.28;3.26;1736
0.46;Ideal;E;VVS2;62.6;55;4.95;4.92;3.09;1736
0.46;Premium;F;VVS1;61.4;57;4.99;4.95;3.05;1736
0.63;Premium;F;SI1;60.9;56;5.58;5.56;3.39;1736
0.63;Premium;F;SI1;59.1;57;5.64;5.6;3.32;1736
0.5;Ideal;F;VS2;62.9;55;5.12;5.08;3.21;1736
0.5;Premium;F;VS2;61.4;59;5.12;5.1;3.14;1736
0.45;Premium;D;VVS1;61.5;55;5.02;4.97;3.07;1736
0.58;Ideal;D;SI1;61.1;57;5.36;5.41;3.29;1737
0.52;Ideal;G;VS2;61.3;56;5.18;5.21;3.18;1737
0.57;Ideal;F;VS2;61.6;55;5.35;5.37;3.3;1737
0.64;Ideal;G;SI1;61.6;55;5.55;5.59;3.43;1737
0.52;Ideal;E;SI1;60.8;55;5.2;5.24;3.18;1737
0.56;Fair;E;VS2;64.7;60;5.13;5.14;3.32;1737
0.5;Very Good;F;VS1;62.6;59;5.03;5.06;3.16;1738
0.6;Premium;E;SI1;61.9;58;5.39;5.43;3.35;1738
0.6;Ideal;E;SI1;61.5;56;5.39;5.51;3.35;1738
0.49;Good;D;VS1;57.5;60;5.18;5.25;3;1738
0.56;Ideal;F;VS2;60;57;5.36;5.38;3.22;1739
0.56;Ideal;F;VS2;62.2;55;5.25;5.28;3.28;1739
0.53;Ideal;E;VS2;61.3;55;5.22;5.25;3.21;1739
0.53;Ideal;E;VS2;62;56;5.16;5.2;3.21;1739
0.52;Premium;E;VS1;59.2;59;5.29;5.25;3.12;1739
0.96;Fair;H;I1;64.3;59;6.38;5.88;3.98;1739
0.96;Fair;H;I1;69.2;56;5.97;5.83;4.08;1739
0.51;Ideal;D;VS2;61;57;5.15;5.18;3.15;1740
0.53;Ideal;F;VS1;61.6;55;5.24;5.21;3.22;1740
0.71;Premium;G;SI2;62;59;5.69;5.65;3.52;1740
0.71;Very Good;G;SI2;63.4;56;5.71;5.6;3.59;1740
0.57;Very Good;F;VS1;63.2;56;5.27;5.31;3.34;1741
0.5;Ideal;G;VVS2;61.9;58;5.06;5.09;3.14;1741
0.51;Very Good;G;VS1;59.6;58;5.21;5.22;3.11;1741
0.55;Ideal;E;VS2;62.2;54;5.29;5.26;3.28;1741
0.55;Ideal;H;VVS1;60.5;57;5.32;5.35;3.23;1741
0.57;Good;F;VS1;58.3;61;5.49;5.54;3.21;1741
0.56;Very Good;E;VS1;58.6;57;5.43;5.46;3.19;1742
0.52;Ideal;E;VS1;61.7;56;5.13;5.18;3.18;1742
0.61;Ideal;I;VVS1;62;55;5.46;5.49;3.39;1742
0.59;Ideal;I;VVS1;61;55;5.43;5.48;3.33;1742
0.58;Ideal;E;SI1;60.1;55;5.42;5.56;3.3;1742
0.55;Very Good;G;VS1;62.8;57;5.2;5.21;3.27;1743
0.59;Ideal;D;SI1;61.6;57;5.41;5.44;3.34;1743
0.59;Very Good;D;SI1;62.8;57;5.32;5.38;3.36;1743
0.53;Ideal;H;VVS1;61.6;54;5.2;5.25;3.22;1743
0.53;Ideal;H;VVS1;62.4;54;5.18;5.2;3.24;1743
0.53;Ideal;E;VS2;60.7;57;5.27;5.3;3.2;1743
0.48;Good;D;VS1;59.3;58;5.09;5.13;3.03;1743
0.56;Ideal;I;VVS1;61.1;55;5.35;5.33;3.26;1743
0.59;Ideal;F;VS2;62.9;55;5.39;5.32;3.37;1743
0.56;Premium;I;VVS1;60.6;59;5.33;5.29;3.22;1743
0.52;Ideal;G;VS1;62.1;54;5.17;5.14;3.2;1743
0.52;Ideal;E;VS2;61.3;56;5.21;5.17;3.18;1743
0.52;Ideal;E;VS2;62.4;57;5.14;5.12;3.2;1743
0.52;Premium;E;VS2;62.8;55;5.15;5.11;3.22;1743
0.72;Ideal;F;SI2;62;57;5.68;5.64;3.51;1743
0.51;Very Good;H;VVS1;63.2;57;5.06;5.1;3.21;1744
0.55;Very Good;E;VS2;62.1;60;5.19;5.24;3.24;1744
0.51;Ideal;F;VS1;61.7;54;5.14;5.17;3.18;1744
0.51;Ideal;F;VS1;61.9;56;5.11;5.17;3.18;1744
0.51;Ideal;F;VS1;62.5;55;5.08;5.13;3.19;1744
0.51;Ideal;F;VS1;62.1;56;5.13;5.15;3.19;1744
0.51;Premium;F;VS1;61.4;58;5.15;5.18;3.17;1744
0.65;Good;I;VS1;61.1;61.7;5.55;5.59;3.4;1744
0.73;Premium;I;SI2;59.2;58;5.9;5.85;3.47;1744
0.56;Ideal;H;VVS2;62.1;57;5.26;5.3;3.27;1745
0.54;Very Good;F;VS2;63;56.8;5.18;5.22;3.28;1745
0.54;Good;F;VS2;64.2;53.8;5.12;5.19;3.31;1745
0.41;Ideal;E;VVS1;61.1;56;4.8;4.82;2.94;1745
0.54;Ideal;G;VS1;62;53.9;5.22;5.24;3.24;1745
0.54;Ideal;G;VS1;62.1;55.1;5.2;5.23;3.23;1745
0.5;Ideal;E;VS1;62.7;57;5.04;5.11;3.18;1745
0.56;Ideal;D;SI1;61.9;56;5.24;5.29;3.26;1745
0.57;Premium;F;SI2;62.1;59;5.33;5.29;3.3;1746
0.57;Premium;F;SI2;60.7;59;5.38;5.33;3.25;1746
0.56;Very Good;D;SI1;63;58;5.21;5.24;3.29;1746
0.5;Premium;E;VS2;61.3;59;5.1;5.05;3.11;1746
0.5;Ideal;G;VS1;62;55;5.11;5.05;3.15;1746
0.5;Premium;G;VS1;59.8;58;5.19;5.15;3.09;1746
0.55;Premium;F;VS2;62.5;56;5.27;5.23;3.28;1746
0.5;Premium;G;VS1;60.7;60;5.12;5.09;3.1;1746
0.5;Premium;G;VS1;61;59;5.14;5.09;3.12;1746
0.5;Premium;G;VS1;60.9;58;5.23;5.09;3.14;1746
0.5;Premium;G;VS1;59.7;60;5.14;5.11;3.06;1746
0.5;Premium;G;VS1;59.4;60;5.17;5.13;3.06;1746
0.5;Premium;G;VS1;62.5;60;5.08;5.06;3.17;1746
0.5;Premium;G;VS1;62.1;55;5.22;5.06;3.19;1746
0.5;Ideal;G;VS1;62.3;55;5.11;5.07;3.17;1746
0.5;Premium;G;VS1;62.5;58;5.11;5.07;3.18;1746
0.5;Ideal;E;VS2;61.3;57;5.15;5.13;3.15;1746
0.5;Ideal;E;VS2;62.1;54;5.13;5.11;3.18;1746
0.5;Ideal;E;VS2;61.5;57;5.14;5.11;3.15;1746
0.5;Ideal;E;VS2;60;57;5.15;5.12;3.08;1746
0.5;Ideal;E;VS2;61.6;55;5.14;5.09;3.15;1746
0.5;Premium;E;VS2;61.1;61;5.13;5.11;3.13;1746
0.5;Premium;E;VS2;61.4;59;5.13;5.09;3.14;1746
0.5;Ideal;E;VS2;61.4;57;5.11;5.08;3.13;1746
0.5;Ideal;E;VS2;62.2;54;5.11;5.08;3.17;1746
0.5;Ideal;E;VS2;62.6;54;5.11;5.08;3.19;1746
0.5;Premium;E;VS2;61.5;56;5.11;5.07;3.13;1746
0.5;Premium;E;VS2;61.4;58;5.12;5.07;3.13;1746
0.5;Premium;E;VS2;61.3;60;5.11;5.07;3.12;1746
0.5;Premium;E;VS2;62.7;54;5.1;5.07;3.19;1746
0.5;Premium;E;VS2;61.3;58;5.12;5.06;3.12;1746
0.5;Premium;E;VS2;61.8;58;5.09;5.07;3.14;1746
0.5;Ideal;E;VS2;62.2;55;5.09;5.07;3.16;1746
0.5;Ideal;E;VS2;61.8;55;5.11;5.06;3.14;1746
0.5;Premium;E;VS2;62.3;60;5.09;5.05;3.16;1746
0.5;Premium;E;VS2;61.8;58;5.11;5.05;3.14;1746
0.5;Ideal;E;VS2;62.8;57;5.12;5.04;3.19;1746
0.6;Ideal;G;VS2;62.1;57;5.43;5.36;3.35;1746
0.57;Premium;G;VS1;60.5;58;5.39;5.32;3.24;1746
0.5;Premium;E;VS2;62.9;59;5.09;5.06;3.19;1746
0.5;Premium;G;VS1;62.2;59;5.09;5.04;3.15;1746
0.5;Ideal;I;VVS1;61.6;56;5.1;5.13;3.15;1747
0.56;Ideal;E;VS2;61.6;57;5.32;5.3;3.27;1747
0.57;Very Good;D;VS2;62.5;59;5.28;5.32;3.31;1748
0.52;Very Good;F;VS1;63.2;57;5.09;5.1;3.22;1748
0.59;Very Good;E;SI1;61.3;58;5.41;5.45;3.33;1748
0.65;Premium;F;SI1;61.4;57.8;5.5;5.56;3.39;1748
0.71;Good;I;VS2;64;59;5.55;5.61;3.57;1748
0.52;Ideal;H;VVS1;61;56;5.17;5.21;3.17;1748
0.7;Premium;H;SI2;61.3;61;5.67;5.62;3.46;1749
0.52;Ideal;H;VVS2;61;57;5.16;5.2;3.16;1749
0.52;Very Good;D;VS2;62.8;58;5.11;5.14;3.22;1749
0.52;Premium;D;VS2;62.4;58;5.09;5.13;3.19;1749
0.62;Ideal;E;SI1;61.5;57;5.44;5.49;3.36;1749
0.51;Premium;F;VS1;62.2;58;5.14;5.12;3.19;1749
0.5;Ideal;F;VS2;60.9;57;5.14;5.16;3.14;1749
0.6;Ideal;E;SI1;61.4;58;5.44;5.47;3.35;1749
0.7;Fair;I;SI1;65.2;58;5.6;5.56;3.64;1749
0.51;Premium;F;VS1;60;58;5.21;5.19;3.12;1749
0.84;Good;F;I1;60.8;64;6.05;6.03;3.67;1749
0.68;Premium;G;SI1;61.9;60;5.66;5.62;3.49;1749
0.51;Premium;H;VVS2;60.8;61;5.12;5.08;3.1;1749
0.98;Fair;G;I1;68;63;6.13;6.02;4.13;1749
0.58;Very Good;D;VS2;61;58;5.37;5.42;3.29;1750
0.5;Very Good;D;VS1;62;56;5.09;5.11;3.16;1750
0.6;Very Good;D;SI1;62.2;58;5.4;5.44;3.37;1750
0.51;Ideal;G;VVS2;62;57;5.1;5.13;3.17;1750
0.51;Very Good;G;VVS2;62.9;57;5.06;5.12;3.2;1750
0.51;Ideal;G;VVS2;61.6;56;5.12;5.14;3.16;1750
0.51;Good;G;VVS2;63.5;56;5.07;5.11;3.23;1750
0.54;Very Good;G;VVS2;61.8;57;5.22;5.26;3.24;1751
0.51;Very Good;F;VS1;62.5;54;5.13;5.15;3.21;1751
0.51;Ideal;F;VS1;61.8;55;5.13;5.16;3.18;1751
0.57;Ideal;F;SI1;62.2;56;5.33;5.31;3.31;1751
0.64;Premium;D;SI2;62.8;54;5.52;5.5;3.46;1751
0.55;Ideal;G;VS2;61.6;55;5.31;5.25;3.25;1752
0.51;Very Good;G;VS1;62.4;60;5.05;5.08;3.16;1752
0.51;Ideal;D;VS1;60.9;57;5.17;5.2;3.16;1752
0.51;Ideal;D;VS1;61.7;54;5.12;5.15;3.17;1752
0.5;Good;E;VS2;63.8;54;5.05;5.07;3.23;1752
0.5;Very Good;D;VS2;62.8;56;5.04;5.08;3.18;1752
0.5;Premium;D;VS2;61.9;58;5.04;5.1;3.14;1752
0.5;Premium;D;VS2;61.1;58;5.09;5.12;3.12;1752
0.5;Premium;D;VS2;61.4;59;5.11;5.15;3.15;1752
0.61;Premium;H;VVS2;60.9;60;5.47;5.5;3.34;1752
0.61;Ideal;D;SI1;62.1;55;5.42;5.43;3.37;1752
0.5;Ideal;D;VS2;62.3;55;5.07;5.11;3.17;1752
0.5;Very Good;D;VS2;62.8;58;5.05;5.08;3.18;1752
0.5;Ideal;D;VS2;62.5;54;5.05;5.09;3.17;1752
0.5;Premium;D;VS2;61.2;60;5.08;5.12;3.12;1752
0.5;Very Good;D;VS2;62.9;61;4.96;5.03;3.14;1752
0.5;Very Good;D;VS2;62.8;58;5.03;5.07;3.17;1752
0.5;Premium;D;VS2;62.1;58;5.03;5.08;3.14;1752
0.5;Ideal;D;VS2;62.6;56;5.05;5.08;3.17;1752
0.58;Ideal;E;VS2;62;57;5.33;5.35;3.31;1752
0.52;Ideal;D;VS2;61.8;57;5.16;5.2;3.2;1752
0.55;Ideal;E;SI1;62.4;58;5.28;5.23;3.27;1752
0.56;Ideal;D;VS2;62.7;57;5.25;5.28;3.3;1753
0.53;Ideal;F;VS2;61.1;56;5.26;5.22;3.2;1753
0.53;Premium;F;VS2;60.6;55;5.26;5.23;3.18;1753
0.53;Premium;F;VS2;61.9;58;5.2;5.17;3.21;1753
0.53;Premium;F;VS2;61.4;60;5.21;5.18;3.19;1753
0.53;Ideal;F;VS2;61.8;55;5.23;5.19;3.22;1753
0.53;Ideal;F;VS2;61.5;55;5.27;5.2;3.22;1753
0.53;Premium;D;SI1;61.4;57;5.26;5.2;3.21;1753
0.53;Ideal;D;SI1;62;55;5.24;5.22;3.24;1753
0.53;Premium;D;SI1;60;58;5.29;5.24;3.16;1753
0.53;Ideal;D;SI1;61.7;56;5.23;5.15;3.2;1753
0.53;Premium;D;SI1;61;58;5.22;5.18;3.17;1753
0.53;Ideal;D;SI1;62.2;56;5.23;5.19;3.24;1753
0.53;Premium;D;SI1;61.6;59;5.2;5.16;3.19;1753
0.57;Very Good;F;VS2;59.5;57;5.39;5.43;3.22;1754
0.57;Ideal;D;SI1;61;57;5.31;5.34;3.25;1754
0.52;Ideal;H;VVS1;61.7;55;5.17;5.2;3.2;1754
0.54;Very Good;G;VS1;61.6;56;5.23;5.26;3.23;1754
0.57;Very Good;D;SI1;61.1;56;5.33;5.38;3.27;1754
0.54;Ideal;E;VS2;60.8;57;5.24;5.29;3.2;1754
0.54;Premium;G;VS1;61.1;59;5.22;5.26;3.2;1754
0.54;Ideal;G;VS1;61.3;57;5.25;5.28;3.23;1754
0.57;Ideal;F;VS2;61.7;57;5.33;5.36;3.3;1754
0.54;Ideal;G;VS1;62.3;55;5.2;5.24;3.25;1754
0.54;Ideal;E;VS2;61.4;57;5.21;5.25;3.21;1754
0.54;Ideal;G;VS1;62;56;5.21;5.24;3.24;1754
0.57;Ideal;D;SI1;62.4;56;5.29;5.32;3.31;1754
0.54;Ideal;E;VS2;61;56;5.25;5.28;3.21;1754
0.54;Ideal;E;VS2;61.9;55;5.2;5.24;3.23;1754
0.54;Premium;E;VS2;59.2;58;5.32;5.35;3.16;1754
0.54;Ideal;E;VS2;62.2;55;5.21;5.24;3.25;1754
0.54;Ideal;E;VS2;60.5;56;5.26;5.28;3.19;1754
0.54;Ideal;E;VS2;61.7;55;5.24;5.27;3.24;1754
0.54;Ideal;E;VS2;61.9;57;5.2;5.23;3.23;1754
0.54;Ideal;G;VS1;61.8;54;5.22;5.24;3.23;1754
0.57;Premium;F;VS2;60.3;58;5.4;5.44;3.27;1754
0.43;Ideal;D;VVS1;61.9;54;4.83;4.87;3;1754
0.4;Ideal;D;VVS1;61.8;55;4.72;4.76;2.93;1754
0.53;Ideal;G;VS1;61.2;55;5.23;5.26;3.21;1754
0.55;Ideal;F;VS1;62.3;53;5.28;5.31;3.3;1754
0.52;Good;G;VVS1;58.3;59;5.26;5.3;3.08;1754
0.55;Very Good;D;VS2;60.4;59;5.29;5.34;3.21;1755
0.56;Very Good;E;VS2;61.7;56;5.25;5.31;3.26;1755
0.56;Very Good;E;VS2;61;58;5.29;5.34;3.24;1755
0.5;Very Good;E;VS1;61.4;55;5.09;5.14;3.14;1755
0.5;Very Good;E;VS1;62.6;57;5.02;5.08;3.16;1755
0.55;Premium;F;VS1;61;59;5.26;5.29;3.22;1755
0.56;Premium;E;SI1;61.5;60;5.27;5.3;3.25;1755
0.59;Ideal;E;VS2;61.4;56;5.33;5.42;3.3;1755
0.55;Ideal;D;VS2;62.7;57;5.2;5.23;3.27;1755
0.5;Ideal;E;VS1;62;58;5.09;5.14;3.17;1755
0.56;Ideal;G;SI1;61.6;59;5.27;5.32;3.26;1755
0.71;Good;J;SI1;61.5;62;5.61;5.66;3.47;1755
0.3;Premium;H;VS1;61.3;58;4.29;4.32;2.64;526
0.3;Good;G;VS2;63.5;54;4.25;4.28;2.71;526
0.3;Very Good;G;VS2;61.4;54;4.31;4.36;2.66;526
0.3;Ideal;E;SI1;61.9;57;4.29;4.33;2.67;526
0.3;Good;E;VS2;63.3;55;4.26;4.3;2.71;526
0.3;Very Good;E;SI1;61.7;56;4.27;4.29;2.64;526
0.3;Premium;I;VVS2;61;60;4.3;4.36;2.64;526
0.3;Good;H;VS1;63.1;57;4.24;4.26;2.68;526
0.3;Very Good;E;SI1;62.9;57;4.27;4.32;2.7;526
0.3;Very Good;G;VS2;63;56;4.27;4.3;2.7;526
0.3;Ideal;H;VS1;61.3;56;4.31;4.33;2.65;526
0.3;Very Good;G;VS2;60.6;61;4.29;4.32;2.61;526
0.3;Good;G;VS2;63.1;56;4.25;4.28;2.69;526
0.3;Very Good;H;VS1;63;59;4.21;4.27;2.67;526
0.3;Ideal;G;VS2;61.7;56;4.31;4.35;2.67;526
0.3;Good;E;SI1;63.6;57;4.22;4.24;2.69;526
0.3;Premium;E;SI1;62.5;59;4.28;4.3;2.68;526
0.3;Very Good;H;VS1;62.9;57;4.26;4.29;2.69;526
0.3;Ideal;G;VS2;62.2;57;4.26;4.32;2.67;526
0.3;Premium;E;SI1;59.8;60;4.31;4.35;2.59;526
0.3;Very Good;G;VS2;63;55;4.29;4.31;2.71;526
0.3;Premium;I;VVS2;61.8;58;4.28;4.33;2.66;526
0.3;Ideal;H;VS1;62.3;55;4.29;4.34;2.69;526
0.3;Ideal;G;VS2;62.3;56;4.27;4.3;2.67;526
0.3;Good;H;VS1;63.9;55;4.26;4.28;2.73;526
0.3;Very Good;H;VS1;60.4;61;4.3;4.34;2.61;526
0.3;Good;E;SI1;63.1;53;4.27;4.32;2.71;526
0.3;Good;G;VS2;63.9;55;4.27;4.28;2.73;526
0.3;Very Good;E;SI1;61.8;60;4.23;4.28;2.63;526
0.3;Ideal;H;VS1;61.4;54;4.33;4.37;2.67;526
0.58;Ideal;H;VS2;61.2;56;5.41;5.39;3.3;1755
0.51;Very Good;D;VS1;61;57;5.15;5.18;3.15;1756
0.59;Very Good;H;VS1;62.1;55;5.37;5.41;3.35;1757
0.69;Very Good;H;SI1;62.5;57.6;5.66;5.72;3.55;1757
0.51;Ideal;G;VS1;61.8;60;5.08;5.12;3.15;1757
0.6;Good;G;VS1;60.1;61;5.44;5.5;3.29;1757
0.51;Ideal;E;VS1;62.7;56;5.14;5.1;3.21;1758
0.5;Very Good;D;VS2;60.8;56;5.14;5.16;3.13;1758
0.51;Ideal;E;VS1;61.5;56;5.11;5.16;3.16;1758
0.58;Good;E;VS2;63.1;56;5.26;5.33;3.34;1758
0.51;Premium;E;VS1;61.8;58;5.13;5.09;3.16;1758
0.52;Ideal;G;VS1;62.4;55.1;5.11;5.15;3.2;1758
0.56;Good;F;VS1;63;59;5.24;5.27;3.31;1758
0.5;Premium;D;VS2;62.8;58;5.03;5;3.15;1758
0.58;Premium;I;VVS1;62.6;59;5.31;5.27;3.31;1758
0.58;Ideal;I;VVS1;63;57;5.34;5.29;3.35;1758
0.58;Ideal;G;VS2;61.9;56;5.38;5.34;3.32;1758
0.58;Ideal;E;SI1;61.6;55;5.38;5.33;3.3;1758
0.58;Ideal;E;SI1;61.5;55;5.39;5.34;3.3;1758
0.51;Premium;E;VS1;62;61;5.14;5.11;3.18;1758
0.5;Good;D;VS2;63.7;56;5.09;5.05;3.23;1758
0.5;Very Good;D;VS2;63.4;56;5.1;5.05;3.22;1758
0.5;Very Good;D;VS2;63.3;54;5.07;5.04;3.2;1758
0.5;Very Good;D;VS2;63.4;57;5.09;5.04;3.21;1758
0.7;Ideal;E;SI1;62.3;56;5.68;5.62;3.52;1758
0.7;Good;E;SI2;56.9;63;5.78;5.71;3.27;1758
0.71;Very Good;D;SI2;59.6;63;5.8;5.71;3.44;1758
0.9;Fair;H;I1;66.9;63;6.04;5.91;4;1758
0.57;Ideal;H;VS2;61.5;57;5.35;5.38;3.3;1759
0.58;Ideal;H;VS1;61.1;57;5.38;5.42;3.3;1759
0.5;Ideal;E;VS1;61.9;54.1;5.09;5.15;3.17;1759
0.51;Ideal;E;VS1;60.9;56;5.16;5.22;3.16;1759
0.57;Ideal;F;SI1;61.9;56;5.33;5.37;3.31;1759
0.61;Good;D;SI1;59;57;5.54;5.57;3.28;1759
0.5;Ideal;G;VVS2;62.2;56;5.02;5.11;3.15;1760
0.71;Very Good;J;SI1;61;61;5.66;5.71;3.47;1760
0.57;Premium;F;VS2;59.8;59;5.4;5.37;3.22;1760
0.58;Ideal;G;VS2;61.2;56;5.37;5.41;3.3;1760
0.52;Ideal;E;VS2;61.5;56;5.16;5.18;3.18;1760
0.51;Good;E;VS1;57.9;63;5.24;5.39;3.08;1760
0.63;Fair;H;VS1;57.3;62.5;5.65;5.7;3.25;1760
0.57;Ideal;F;VS2;62.1;55;5.35;5.31;3.31;1760
0.57;Ideal;F;VS2;62.3;55;5.36;5.3;3.32;1760
0.57;Premium;F;VS2;62;54;5.34;5.31;3.3;1760
0.54;Ideal;G;VS1;62.2;56;5.23;5.19;3.24;1760
0.54;Premium;E;VS2;60.7;56;5.32;5.29;3.22;1760
0.54;Very Good;E;VS2;63.1;58;5.21;5.13;3.26;1760
0.54;Premium;G;VS1;61.6;58;5.25;5.21;3.22;1760
0.54;Premium;G;VS1;61.1;60;5.28;5.23;3.21;1760
0.57;Premium;F;VS2;60.4;60;5.36;5.31;3.22;1760
0.57;Premium;F;VS2;59.5;60;5.44;5.35;3.21;1760
0.71;Ideal;F;I1;60.1;57;5.79;5.76;3.47;1761
0.58;Ideal;G;VS2;61.9;55;5.33;5.36;3.31;1761
0.58;Ideal;G;VS2;60;56;5.45;5.48;3.28;1761
0.56;Ideal;F;VS2;62.6;56;5.28;5.3;3.31;1761
0.58;Ideal;E;VS2;62.1;55;5.35;5.34;3.32;1761
0.51;Very Good;G;VVS2;62.2;56;5.1;5.13;3.18;1762
0.54;Ideal;H;VS1;60.9;55;5.28;5.3;3.22;1762
0.72;Fair;J;SI2;66.1;55;5.51;5.56;3.66;1762
0.55;Ideal;G;VS1;61.5;57;5.23;5.28;3.23;1763
0.7;Good;I;SI1;61.6;63;5.59;5.68;3.47;1763
0.7;Very Good;I;SI1;62.8;59;5.63;5.67;3.55;1763
0.54;Ideal;D;VS2;60.9;56;5.3;5.27;3.22;1763
0.54;Ideal;I;IF;62.5;55;5.21;5.26;3.27;1763
0.57;Premium;E;VS2;62;58;5.38;5.33;3.32;1763
0.59;Very Good;F;VS2;62;58;5.35;5.42;3.34;1764
0.71;Very Good;J;SI2;61.1;58;5.67;5.76;3.49;1764
0.5;Very Good;G;VVS2;62.8;57;5.05;5.07;3.18;1764
0.5;Good;G;VVS2;63.6;57;5.04;5.08;3.22;1764
0.55;Ideal;E;VS1;61.5;57;5.23;5.27;3.23;1764
0.7;Premium;J;VVS2;60.6;58;5.73;5.82;3.5;1764
0.37;Ideal;D;VVS1;61.3;56;4.6;4.63;2.83;1764
0.58;Ideal;H;VS1;62.3;57;5.33;5.36;3.33;1764
0.5;Premium;F;VS1;60.6;59;5.19;5.14;3.13;1764
0.72;Premium;G;SI2;59.1;61;5.89;5.85;3.47;1764
0.72;Premium;G;SI2;62.7;57;5.74;5.7;3.59;1764
0.5;Ideal;D;SI1;59.9;60;5.15;5.13;3.08;1764
0.54;Ideal;E;VS2;62.4;56;5.23;5.19;3.25;1765
0.51;Ideal;F;VS1;60.2;56;5.22;5.24;3.15;1765
0.5;Ideal;G;VVS2;62.1;57;5.06;5.09;3.15;1766
0.5;Ideal;G;VVS2;61.8;54;5.11;5.15;3.17;1766
0.51;Ideal;H;VVS1;62.2;56;5.12;5.14;3.19;1766
0.6;Ideal;H;SI1;61.4;55;5.46;5.49;3.36;1766
0.62;Premium;F;SI1;59.8;60;5.56;5.51;3.31;1766
0.53;Premium;F;VS1;59.4;58;5.32;5.28;3.15;1766
0.55;Ideal;E;VS2;59.3;57;5.43;5.39;3.21;1767
0.51;Ideal;D;VS2;60.5;56;5.21;5.2;3.15;1767
0.52;Very Good;E;VS1;59.6;58;5.21;5.26;3.12;1767
0.52;Ideal;H;VVS1;62.1;53.8;5.17;5.19;3.21;1767
0.52;Ideal;F;VS1;62.1;56;5.14;5.2;3.2;1767
0.7;Ideal;J;SI2;61.4;55;5.72;5.75;3.52;1767
0.63;Good;H;VS1;62.9;54;5.47;5.56;3.47;1767
0.54;Good;D;SI1;57.9;60;5.36;5.39;3.11;1767
0.52;Ideal;E;VS2;61;57;5.21;5.19;3.17;1767
0.52;Ideal;E;VS2;61.3;55;5.22;5.19;3.19;1767
0.52;Ideal;E;VS2;61.5;56;5.17;5.14;3.17;1767
0.55;Ideal;D;VS2;61;56;5.31;5.28;3.23;1768
0.51;Very Good;G;VVS2;60.9;56;5.17;5.21;3.16;1768
0.51;Very Good;G;VVS2;62.6;59;5.08;5.11;3.19;1768
0.5;Ideal;E;VS2;60.8;55;5.19;5.16;3.15;1768
0.5;Ideal;E;VS2;60.8;57;5.16;5.13;3.13;1768
0.66;Very Good;E;SI2;61.3;57.2;5.59;5.66;3.45;1769
0.53;Ideal;G;VS2;61.6;57;5.15;5.2;3.19;1769
0.51;Ideal;D;VS2;60.8;57;5.18;5.21;3.16;1769
0.53;Ideal;E;SI1;60.9;57;5.21;5.24;3.18;1769
0.53;Good;G;VVS2;64.3;58;5.11;5.15;3.3;1769
0.59;Premium;F;VS2;61.5;58;5.45;5.41;3.34;1769
0.56;Very Good;E;VS2;61.1;57;5.33;5.38;3.27;1770
0.56;Ideal;H;VS1;61.8;55;5.29;5.33;3.28;1770
0.54;Premium;D;SI1;58.3;61;5.38;5.32;3.12;1770
0.7;Fair;D;SI2;67.8;58;5.51;5.44;3.71;1770
0.54;Premium;F;VS1;60;59;5.3;5.23;3.16;1770
0.62;Premium;G;VS1;62.9;58;5.41;5.37;3.39;1770
0.59;Very Good;H;VVS2;61.1;57;5.39;5.48;3.32;1771
0.7;Good;H;SI1;64.2;58;5.59;5.62;3.6;1771
0.54;Good;E;VS2;60.2;61;5.27;5.32;3.19;1771
0.6;Premium;E;SI1;59.4;60;5.57;5.51;3.29;1771
0.59;Very Good;D;SI1;63.1;61;5.35;5.3;3.36;1771
0.58;Ideal;F;VS1;61.9;54;5.33;5.37;3.31;1772
0.54;Ideal;F;VS1;60.9;57;5.21;5.26;3.19;1772
0.6;Very Good;F;VS2;62.1;57;5.37;5.39;3.34;1772
0.53;Ideal;E;VS1;60.4;57;5.27;5.26;3.18;1772
0.6;Ideal;H;VS1;62;53;5.44;5.46;3.38;1772
0.53;Ideal;G;VS1;61.6;55.7;5.21;5.24;3.22;1772
0.6;Very Good;G;VS2;62.9;59;5.35;5.39;3.38;1773
0.52;Very Good;E;VS2;63.5;54;5.19;5.11;3.27;1773
0.61;Very Good;I;VVS2;62;54.4;5.47;5.51;3.4;1773
0.56;Ideal;E;VS1;61.6;56;5.26;5.32;3.26;1773
0.54;Premium;F;VS1;61.8;59;5.23;5.16;3.21;1773
0.96;Fair;H;I1;68.9;59;6.09;5.96;4.15;1773
0.71;Premium;I;SI1;61.7;56;5.73;5.71;3.53;1774
0.51;Very Good;F;VS2;58.6;58;5.22;5.29;3.08;1774
0.52;Premium;D;VS2;61.8;58;5.15;5.2;3.2;1774
0.52;Ideal;D;VS2;61;57;5.18;5.21;3.17;1774
0.52;Ideal;D;VS2;62.1;57;5.13;5.17;3.2;1774
0.71;Good;J;VS2;63.8;58;5.61;5.58;3.57;1774
0.54;Ideal;H;VVS1;61.9;54;5.22;5.25;3.24;1774
0.59;Ideal;G;VS2;62.1;57;5.36;5.39;3.34;1774
0.54;Ideal;E;VS2;61.6;56;5.24;5.28;3.24;1774
0.54;Ideal;F;VS1;61.1;57;5.28;5.3;3.23;1774
0.6;Ideal;D;SI1;61.1;57;5.39;5.51;3.33;1774
0.71;Good;I;SI1;63.6;63;5.64;5.61;3.58;1774
0.71;Good;I;SI1;60;64;5.79;5.71;3.45;1774
0.57;Premium;D;VS2;60.4;57;5.38;5.35;3.24;1775
0.5;Premium;E;VS1;62.8;59;5.09;5;3.17;1775
0.7;Premium;J;VS2;62;62;5.63;5.59;3.48;1775
0.53;Ideal;H;VVS1;62.2;56;5.16;5.2;3.22;1775
0.53;Good;D;VS1;60.2;56;5.22;5.28;3.16;1775
0.63;Premium;E;SI2;58.5;61;5.64;5.58;3.28;1775
0.7;Very Good;I;SI2;63.4;59;5.66;5.57;3.56;1775
0.58;Ideal;F;SI2;60.9;56;5.42;5.39;3.29;1776
0.53;Good;E;VS1;63.2;56;5.14;5.18;3.26;1776
0.53;Very Good;E;VS1;63;56;5.13;5.16;3.24;1776
0.51;Ideal;H;VVS1;61.8;55;5.15;5.18;3.19;1776
0.51;Ideal;H;VVS1;61.4;55;5.13;5.16;3.16;1776
0.53;Ideal;E;VS2;62.8;57;5.19;5.16;3.25;1776
0.29;Fair;F;SI1;55.8;60;4.48;4.41;2.48;1776
0.6;Very Good;D;SI1;62;55;5.36;5.44;3.35;1777
0.6;Very Good;D;SI1;60.3;58;5.44;5.51;3.3;1777
0.55;Very Good;F;VS2;61.6;56.1;5.29;5.31;3.27;1777
0.55;Very Good;F;VS2;62.1;55.4;5.25;5.27;3.26;1777
0.54;Ideal;E;SI1;60.3;57;5.28;5.3;3.19;1777
0.58;Good;G;VS1;59;62;5.44;5.48;3.22;1777
0.56;Very Good;D;SI1;63.1;57;5.22;5.19;3.29;1777
0.62;Premium;F;SI1;63;59;5.43;5.39;3.41;1777
0.9;Premium;G;I1;61.3;59;6.2;6.15;3.78;1777
0.62;Premium;D;SI2;62;59;5.48;5.45;3.39;1777
0.57;Ideal;E;VS2;62.1;55;5.37;5.33;3.32;1778
0.46;Very Good;D;VVS1;62.2;56;4.94;4.97;3.08;1778
0.54;Very Good;F;VS1;59.9;57;5.35;5.3;3.19;1778
0.51;Very Good;E;VS1;61.6;59;5.1;5.12;3.15;1778
0.52;Ideal;F;VS1;61.2;57;5.16;5.2;3.17;1778
0.52;Ideal;H;VVS1;60.4;57;5.2;5.23;3.15;1778
0.52;Ideal;F;VS1;62;57;5.13;5.16;3.19;1778
0.52;Ideal;F;VS1;62.3;55;5.16;5.21;3.23;1778
0.52;Ideal;F;VS1;62.2;55;5.14;5.18;3.21;1778
0.5;Very Good;F;VVS2;60.4;61;5.12;5.14;3.1;1778
0.52;Very Good;F;VS1;61.7;56;5.14;5.17;3.18;1778
0.4;Ideal;E;VVS1;61.7;55;4.74;4.76;2.93;1778
0.4;Ideal;E;VVS1;61.3;56;4.75;4.78;2.92;1778
0.54;Ideal;E;SI1;61.5;55;5.24;5.26;3.23;1778
0.46;Good;E;VVS2;60.7;62;4.97;5.01;3.03;1778
0.57;Premium;E;VS2;63;59;5.29;5.25;3.32;1778
0.53;Fair;E;VS1;62.3;67;5.22;5.11;3.22;1778
0.56;Ideal;F;VS2;60.8;56;5.33;5.3;3.23;1778
0.56;Premium;F;VS2;59.6;58;5.36;5.34;3.19;1778
0.5;Ideal;G;VVS2;61;56;5.13;5.14;3.13;1779
0.51;Ideal;D;VS1;62.4;57;5.09;5.13;3.19;1779
0.51;Ideal;D;VS1;62.5;57;5.08;5.13;3.19;1779
0.57;Ideal;I;IF;61;55;5.38;5.41;3.29;1779
0.47;Ideal;F;VVS1;61.9;55;4.98;5;3.09;1779
0.62;Ideal;E;SI1;62.4;53;5.47;5.5;3.42;1779
0.63;Ideal;D;SI1;61.1;56;5.52;5.58;3.39;1779
0.47;Very Good;G;VVS1;60.6;55;5.05;5.09;3.07;1780
0.51;Ideal;H;VS1;61.2;55;5.17;5.19;3.17;1780
0.66;Ideal;H;SI1;60.9;55;5.63;5.7;3.45;1780
0.53;Ideal;H;VVS1;60.8;56;5.24;5.26;3.19;1781
0.53;Ideal;H;VVS1;61.3;56;5.21;5.23;3.2;1781
0.53;Ideal;H;VVS1;61.3;56;5.22;5.24;3.21;1781
0.51;Ideal;G;VS1;62.7;54;5.1;5.08;3.19;1781
0.51;Ideal;G;VS1;59.7;57;5.25;5.2;3.12;1781
0.51;Ideal;G;VS1;62.2;55;5.14;5.11;3.19;1781
0.51;Ideal;G;VS1;61;55;5.21;5.11;3.15;1781
0.51;Premium;G;VS1;61.1;58;5.19;5.12;3.15;1781
0.51;Ideal;G;VS1;61.7;55;5.17;5.14;3.18;1781
0.51;Ideal;G;VS1;62.1;55;5.17;5.14;3.2;1781
0.51;Premium;G;VS1;62.3;58;5.13;5.08;3.18;1781
0.51;Premium;G;VS1;62.1;60;5.11;5.1;3.17;1781
0.51;Ideal;G;VS1;61.9;56;5.14;5.1;3.17;1781
0.51;Ideal;G;VS1;62.7;56;5.1;5.08;3.19;1781
0.51;Premium;G;VS1;62.9;58;5.1;5.05;3.19;1781
0.51;Premium;G;VS1;62;52;5.37;5.05;3.23;1781
0.51;Ideal;G;VS1;62;56;5.16;5.06;3.17;1781
0.51;Ideal;G;VS1;62.5;57;5.14;5.07;3.19;1781
0.51;Premium;E;VS2;60.5;56;5.24;5.18;3.15;1781
0.51;Premium;E;VS2;60.3;59;5.22;5.2;3.14;1781
0.51;Ideal;E;VS2;61.9;55;5.17;5.13;3.19;1781
0.51;Ideal;E;VS2;61.7;54;5.18;5.13;3.18;1781
0.51;Ideal;E;VS2;60.4;57;5.18;5.15;3.12;1781
0.51;Ideal;E;VS2;60.9;56;5.2;5.15;3.15;1781
0.51;Ideal;E;VS2;61.4;57;5.16;5.13;3.16;1781
0.51;Premium;E;VS2;61.3;58;5.15;5.13;3.15;1781
0.51;Premium;E;VS2;61;60;5.17;5.12;3.14;1781
0.51;Premium;E;VS2;61.7;58;5.15;5.12;3.17;1781
0.51;Ideal;E;VS2;61.9;56;5.16;5.12;3.18;1781
0.51;Ideal;E;VS2;61.8;56;5.14;5.12;3.17;1781
0.51;Premium;E;VS2;61.3;60;5.16;5.11;3.15;1781
0.51;Ideal;E;VS2;62;56;5.15;5.11;3.18;1781
0.51;Ideal;E;VS2;62.4;57;5.13;5.1;3.19;1781
0.51;Ideal;E;VS2;61.5;57;5.12;5.09;3.14;1781
0.51;Ideal;E;VS2;62.5;55;5.13;5.08;3.19;1781
0.51;Very Good;E;VS2;63.3;56;5.12;5.08;3.23;1781
0.51;Ideal;E;VS2;62.6;55;5.11;5.08;3.19;1781
0.51;Premium;E;VS2;61.9;59;5.11;5.06;3.15;1781
0.51;Premium;E;VS2;62.5;59;5.11;5.06;3.18;1781
0.51;Ideal;E;VS2;62.2;57;5.11;5.08;3.17;1781
0.51;Ideal;E;VS2;61.8;57;5.15;5.14;3.18;1781
0.51;Good;E;VS2;56.6;59;5.37;5.26;3.01;1781
0.51;Very Good;F;VS2;60.5;63;5.17;5.11;3.11;1781
0.51;Premium;G;VS1;62.3;59;5.12;5.06;3.17;1781
0.7;Ideal;J;VS1;62.2;56;5.67;5.71;3.54;1782
0.59;Ideal;G;SI1;61.3;56;5.38;5.42;3.31;1782
0.53;Ideal;D;VS2;61.4;56;5.21;5.18;3.19;1783
0.53;Ideal;D;VS2;61;56;5.29;5.26;3.22;1783
0.53;Premium;D;VS2;62.4;59;5.14;5.18;3.22;1783
0.53;Ideal;D;VS2;60.9;57;5.17;5.24;3.17;1783
0.59;Ideal;D;SI1;61.4;55;5.41;5.43;3.33;1783
0.71;Good;E;SI2;57.5;58;5.91;5.89;3.39;1783
0.71;Good;E;SI2;57.5;58;5.91;5.89;3.39;1783
0.5;Very Good;G;VVS2;61.6;58;5.07;5.09;3.13;1784
0.59;Very Good;F;VS2;61.6;56;5.39;5.41;3.33;1784
0.5;Ideal;G;VVS2;62.7;54;5.05;5.09;3.18;1784
0.52;Ideal;G;VVS2;61.6;56;5.15;5.18;3.18;1784
0.52;Fair;F;VS1;57.2;59;5.35;5.39;3.07;1784
0.56;Ideal;E;SI1;62.8;58;5.31;5.26;3.32;1784
1;Fair;J;I1;65;59;6.27;6.17;4.05;1784
0.57;Very Good;E;VS2;61;57;5.33;5.35;3.26;1785
0.56;Very Good;E;SI1;58.5;59;5.42;5.45;3.18;1785
0.58;Very Good;D;SI1;60.2;58;5.37;5.46;3.26;1785
0.72;Premium;J;SI1;62;58;5.74;5.77;3.57;1785
0.61;Good;G;VS1;60.2;61;5.47;5.52;3.3;1785
0.81;Premium;I;SI2;61.5;60;5.94;5.9;3.64;1786
0.55;Premium;E;VS2;60.5;58;5.26;5.32;3.2;1786
0.55;Ideal;G;VS1;61.6;55;5.29;5.32;3.27;1786
0.55;Ideal;G;VS1;60.9;55;5.29;5.32;3.23;1786
0.55;Very Good;E;VS2;61.4;57;5.27;5.29;3.24;1786
0.55;Very Good;G;VS1;62;57;5.25;5.3;3.27;1786
0.55;Very Good;E;VS2;61.5;56;5.25;5.28;3.24;1786
0.53;Ideal;E;VS2;60.9;56;5.27;5.28;3.21;1786
0.64;Good;H;VS1;61.8;60.3;5.47;5.53;3.4;1786
0.54;Premium;H;VVS2;60.6;60;5.31;5.29;3.21;1786
0.54;Premium;F;VS2;59.4;57;5.35;5.29;3.16;1786
0.54;Premium;F;VS2;59.5;58;5.36;5.29;3.17;1786
0.54;Ideal;F;VS2;60.3;55;5.32;5.26;3.19;1786
0.54;Ideal;F;VS2;60.1;56;5.31;5.28;3.18;1786
0.54;Ideal;F;VS2;61.4;57;5.25;5.2;3.21;1786
0.54;Ideal;F;VS2;62.2;57;5.24;5.21;3.25;1786
0.54;Premium;F;VS2;61.8;58;5.29;5.22;3.25;1786
0.54;Ideal;F;VS2;62.3;56;5.2;5.17;3.23;1786
0.54;Ideal;D;SI1;60.8;57;5.31;5.25;3.21;1786
0.54;Ideal;D;SI1;60.7;56;5.3;5.27;3.21;1786
0.54;Ideal;D;SI1;62.1;56;5.25;5.21;3.25;1786
0.54;Premium;D;SI1;60.4;60;5.24;5.22;3.16;1786
0.54;Premium;D;SI1;62.1;56;5.25;5.22;3.25;1786
0.54;Ideal;D;SI1;61.5;56;5.25;5.23;3.22;1786
0.54;Premium;D;SI1;62;55;5.24;5.21;3.24;1786
0.54;Premium;D;SI1;62.1;58;5.23;5.21;3.24;1786
0.54;Ideal;D;SI1;62.4;57;5.23;5.19;3.25;1786
0.54;Ideal;D;SI1;62.9;57;5.22;5.17;3.27;1786
0.54;Very Good;D;VS2;63.2;55;5.21;5.17;3.28;1786
0.9;Fair;I;I1;67.2;60;5.96;5.88;3.98;1786
0.5;Ideal;G;VVS2;61.4;56;5.11;5.15;3.15;1787
0.51;Ideal;D;VS2;62.7;55;5.09;5.12;3.2;1787
0.51;Very Good;D;VS2;60.5;60;5.16;5.19;3.13;1787
0.51;Very Good;D;VS2;61.1;59;5.12;5.16;3.14;1787
0.51;Ideal;D;VS2;61.8;55;5.15;5.18;3.19;1787
0.51;Ideal;D;VS2;61.8;55;5.1;5.16;3.17;1787
0.51;Ideal;D;VS2;61.9;56;5.11;5.14;3.17;1787
0.51;Ideal;D;VS2;62.3;55;5.12;5.19;3.21;1787
0.51;Ideal;D;VS2;62.3;57;5.09;5.12;3.18;1787
0.3;Premium;H;VS1;61.4;59;4.3;4.33;2.65;526
0.3;Very Good;G;VS2;62.2;60;4.24;4.25;2.64;526
0.3;Ideal;H;VS1;61.6;55;4.27;4.3;2.64;526
0.3;Premium;H;VS1;62.5;58;4.27;4.34;2.69;526
0.3;Premium;H;VS1;62.2;60;4.23;4.29;2.65;526
0.3;Premium;H;VS1;62.6;59;4.26;4.3;2.68;526
0.3;Premium;E;SI1;60;60;4.36;4.38;2.62;526
0.3;Ideal;H;VS1;62.2;57;4.28;4.3;2.67;526
0.3;Ideal;G;VS2;61.3;56;4.28;4.33;2.64;526
0.3;Very Good;E;SI1;60.6;56;4.35;4.37;2.64;526
0.3;Ideal;H;VS1;62.7;55;4.25;4.3;2.68;526
0.3;Very Good;E;SI1;62.9;56;4.25;4.3;2.69;526
0.3;Good;G;VS2;63.1;57;4.24;4.28;2.69;526
0.3;Very Good;E;SI1;62.9;56;4.24;4.31;2.69;526
0.3;Very Good;E;SI1;62.7;60;4.24;4.28;2.67;526
0.3;Good;E;SI1;63.7;59;4.21;4.27;2.7;526
0.3;Ideal;G;VS2;61.3;56;4.28;4.3;2.63;526
0.3;Good;E;SI1;63.7;58;4.24;4.27;2.71;526
0.3;Premium;I;VVS2;61.7;58;4.28;4.37;2.67;526
0.3;Good;E;SI1;63.2;56;4.27;4.3;2.71;526
0.3;Very Good;I;VVS2;60.1;63;4.28;4.31;2.58;526
0.3;Very Good;E;SI1;62.9;57;4.25;4.3;2.69;526
0.3;Premium;E;SI1;61.3;60;4.24;4.28;2.61;526
0.4;Very Good;J;SI1;61.4;58;4.76;4.79;2.93;526
0.3;Premium;E;SI1;60.6;58;4.3;4.34;2.62;526
0.3;Very Good;E;SI1;62.1;60;4.27;4.29;2.66;526
0.3;Very Good;G;VS2;60.8;61;4.31;4.34;2.63;526
0.3;Very Good;E;SI1;61.9;58;4.27;4.33;2.66;526
0.3;Very Good;G;VS2;63;55;4.29;4.31;2.71;526
0.3;Good;H;VS1;63.3;57;4.22;4.25;2.68;526
0.51;Premium;D;VS2;59.7;58;5.18;5.24;3.11;1787
0.51;Ideal;D;VS2;61.5;57;5.11;5.14;3.15;1787
0.51;Ideal;D;VS2;61.9;57;5.09;5.15;3.17;1787
0.51;Ideal;D;VS2;61.9;57;5.11;5.13;3.17;1787
0.51;Ideal;D;VS2;61.2;55;5.16;5.18;3.16;1787
0.51;Ideal;D;VS2;61.7;55;5.11;5.14;3.16;1787
0.51;Ideal;D;VS2;62.1;56;5.11;5.16;3.19;1787
0.51;Ideal;D;VS2;61.6;56;5.15;5.17;3.18;1787
0.51;Ideal;D;VS2;62.4;55;5.11;5.14;3.2;1787
0.51;Ideal;D;VS2;61.5;55;5.13;5.18;3.17;1787
0.51;Ideal;D;VS2;61.9;55;5.11;5.13;3.17;1787
0.51;Ideal;D;VS2;61.2;55;5.13;5.17;3.15;1787
0.51;Ideal;D;VS2;60.9;56;5.16;5.19;3.15;1787
0.56;Ideal;F;VS1;62.7;56;5.25;5.3;3.31;1787
0.56;Ideal;H;VVS1;62.3;55;5.26;5.3;3.29;1787
0.97;Fair;F;I1;68.5;54;6.26;6.05;4.22;1787
0.7;Very Good;J;SI2;61.7;59;5.64;5.67;3.49;1788
0.72;Very Good;J;SI2;60.1;58;5.79;5.82;3.49;1788
0.71;Good;I;SI1;62.6;63;5.54;5.61;3.49;1788
0.57;Fair;F;VS1;64.5;61;5.23;5.19;3.36;1788
0.59;Very Good;E;VS2;62.3;55;5.39;5.43;3.37;1789
0.59;Ideal;E;VS2;61.5;56;5.38;5.42;3.32;1789
0.59;Ideal;G;VS2;62.6;54;5.38;5.32;3.35;1789
0.59;Premium;G;VS2;61.1;57;5.43;5.4;3.31;1789
0.59;Premium;E;SI1;61.8;60;5.39;5.33;3.31;1789
0.59;Ideal;E;SI1;62.4;55;5.39;5.34;3.35;1789
0.59;Ideal;E;SI1;61.4;56;5.39;5.36;3.3;1789
0.59;Ideal;E;SI1;62;55;5.4;5.37;3.34;1789
0.59;Ideal;E;SI1;62.9;57;5.36;5.33;3.36;1789
0.99;Fair;J;I1;73.6;60;6.01;5.8;4.35;1789
0.58;Very Good;I;VVS1;63;57;5.31;5.35;3.36;1790
0.7;Ideal;J;VVS2;62.7;56;5.67;5.71;3.57;1790
0.7;Good;H;SI2;62.8;57;5.58;5.66;3.53;1790
0.7;Good;I;SI1;62.8;59;5.59;5.65;3.53;1790
0.7;Ideal;I;SI1;61.3;57;5.72;5.75;3.52;1790
0.7;Very Good;G;SI2;58.2;63;5.82;5.79;3.38;1790
0.59;Ideal;E;SI1;61.1;56;5.38;5.44;3.31;1790
0.58;Ideal;F;VS2;62.1;56;5.37;5.33;3.32;1790
0.58;Ideal;F;VS2;62.1;55;5.37;5.33;3.32;1790
0.52;Ideal;H;VS1;61.7;55;5.21;5.17;3.2;1790
0.5;Very Good;G;VVS2;63;58;4.98;5.02;3.15;1791
0.53;Ideal;G;VS1;61.5;57;5.21;5.23;3.21;1791
0.56;Ideal;E;VS1;62.3;57;5.3;5.26;3.29;1791
0.56;Ideal;E;VS1;60.8;55;5.37;5.32;3.25;1791
0.48;Ideal;G;IF;61.9;55;5.03;5.08;3.13;1791
0.5;Good;G;VVS2;64.1;56;5.06;5.02;3.23;1791
0.5;Fair;G;VVS2;62.9;67;5.02;4.96;3.14;1791
0.56;Ideal;E;VS2;61.5;57;5.29;5.32;3.26;1792
0.5;Ideal;D;VS1;61.9;54;5.1;5.14;3.17;1792
0.5;Fair;D;VVS1;65.9;64;4.92;5.03;3.28;1792
0.55;Premium;G;VS1;59.4;62;5.36;5.32;3.17;1792
0.55;Ideal;G;VS1;61.3;57;5.28;5.25;3.23;1792
0.55;Ideal;E;VS2;61.4;56;5.32;5.26;3.25;1792
0.55;Ideal;E;VS2;61.8;57;5.34;5.27;3.28;1792
0.7;Fair;F;SI2;64.8;57;5.65;5.59;3.64;1792
0.77;Premium;J;VS2;62.3;58;5.86;5.8;3.63;1792
0.7;Premium;F;SI2;61.2;59;5.75;5.72;3.51;1792
0.7;Very Good;F;SI2;63.2;59;5.66;5.61;3.56;1792
0.7;Good;F;SI2;64.1;58;5.58;5.53;3.56;1792
0.52;Ideal;E;VS1;62.6;57;5.15;5.11;3.21;1793
0.52;Ideal;E;VS1;62.5;56;5.16;5.11;3.21;1793
0.59;Ideal;E;SI1;60.7;56;5.45;5.49;3.32;1793
0.59;Ideal;D;SI1;61.3;59;5.36;5.4;3.3;1793
0.6;Good;G;VS2;64.3;57;5.31;5.38;3.43;1793
0.6;Good;G;VS2;59.8;61.9;5.45;5.5;3.27;1793
0.7;Good;E;SI2;56.9;61;5.85;5.9;3.34;1793
0.61;Good;E;SI1;61.3;61;5.4;5.44;3.32;1793
0.52;Premium;E;VS1;61.6;58;5.18;5.14;3.18;1793
0.51;Very Good;D;VS2;63.1;58;5.13;5.08;3.22;1793
0.51;Very Good;D;VS2;63.5;56;5.1;5.07;3.23;1793
0.51;Very Good;D;VS2;63.5;56;5.1;5.04;3.22;1793
0.61;Premium;H;VS1;59.6;61;5.53;5.44;3.27;1793
0.52;Very Good;G;VVS2;62;57;5.15;5.19;3.2;1794
0.51;Ideal;G;VVS2;62.1;55.5;5.08;5.13;3.18;1794
0.58;Premium;E;SI1;61.6;59;5.38;5.33;3.3;1794
0.47;Very Good;D;VS1;60;59;5.07;5.09;3.06;1795
0.5;Good;D;VS1;64.3;54;5.02;5.06;3.24;1795
0.7;Very Good;I;SI2;62.4;58;5.64;5.68;3.53;1795
0.7;Very Good;I;SI2;59.5;58;5.73;5.79;3.43;1795
0.6;Ideal;G;VS2;62.1;56;5.4;5.45;3.37;1795
0.51;Ideal;E;VS2;61.2;57;5.13;5.16;3.15;1795
0.55;Very Good;D;VS2;62.2;60;5.2;5.25;3.25;1796
0.85;Premium;I;I1;59.6;58;6.24;6.14;3.69;1796
0.53;Ideal;G;VVS2;62.3;54;5.18;5.2;3.24;1797
0.58;Ideal;F;VS2;60.6;55;5.4;5.43;3.28;1798
0.58;Ideal;F;VS2;62.4;57;5.31;5.33;3.32;1798
0.52;Ideal;H;IF;61.8;55;5.17;5.19;3.2;1798
0.72;Very Good;H;SI2;63.5;55;5.66;5.62;3.58;1799
0.5;Very Good;H;IF;61;60;5.08;5.12;3.11;1799
0.55;Ideal;G;VVS2;62.3;53;5.27;5.29;3.29;1799
0.55;Very Good;D;VS2;62.8;57;5.24;5.27;3.3;1799
0.54;Ideal;F;VS1;62.2;55;5.23;5.25;3.26;1799
0.72;Fair;H;SI2;66;60;5.58;5.51;3.66;1799
0.72;Good;H;SI2;64.1;58;5.68;5.65;3.63;1799
0.72;Fair;I;SI1;64.8;54;5.69;5.67;3.68;1799
0.6;Premium;D;SI1;62.9;58;5.39;5.33;3.37;1799
0.72;Premium;I;SI1;60.6;57;5.88;5.73;3.52;1799
0.51;Premium;F;VS1;60.3;57;5.22;5.2;3.14;1799
0.51;Very Good;G;VVS1;62.9;57;5.08;5.12;3.21;1800
0.51;Good;G;VVS2;63.7;54;5.08;5.1;3.24;1800
0.51;Good;G;VVS2;63.3;58;5.04;5.07;3.2;1800
0.51;Good;G;VVS2;63.4;57;5.06;5.09;3.22;1800
0.61;Ideal;E;SI1;61.2;56;5.5;5.48;3.36;1800
0.46;Ideal;G;VVS1;61.6;55;5;5.03;3.09;1800
0.57;Ideal;H;VS1;60.9;56;5.34;5.36;3.26;1800
0.53;Ideal;F;VS1;61.4;57;5.18;5.2;3.19;1800
0.61;Premium;G;VS2;63;58;5.43;5.4;3.41;1800
0.53;Ideal;H;VVS2;61.8;56;5.22;5.2;3.22;1800
0.71;Ideal;H;SI2;62.6;56;5.75;5.69;3.58;1800
0.65;Very Good;I;VVS1;61.8;56;5.53;5.57;3.43;1801
0.5;Very Good;E;VS1;60.9;58;5.07;5.11;3.1;1801
0.54;Ideal;G;VVS2;62.6;57;5.19;5.23;3.26;1801
0.57;Good;F;VS1;60;61;5.35;5.38;3.22;1801
0.7;Very Good;I;SI2;63.5;56;5.63;5.59;3.56;1801
0.53;Ideal;E;VS2;61.5;56;5.23;5.18;3.2;1801
0.53;Ideal;E;VS2;61.8;56;5.21;5.17;3.21;1801
0.5;Premium;E;VS1;60.4;60;5.16;5.1;3.1;1801
0.52;Ideal;D;VS2;60.3;56;5.27;5.24;3.17;1802
0.73;Fair;J;VS1;64.6;60;5.68;5.59;3.64;1802
0.52;Ideal;D;VS2;61.9;55;5.19;5.21;3.22;1802
0.66;Premium;F;SI1;60.6;58;5.69;5.63;3.43;1802
0.7;Fair;H;SI1;65;59;5.54;5.5;3.59;1803
0.52;Ideal;G;VS1;61.2;56;5.19;5.23;3.19;1803
0.52;Ideal;G;VS1;61.9;55.5;5.13;5.16;3.18;1803
0.56;Ideal;D;SI1;61.9;55;5.31;5.29;3.28;1803
0.53;Ideal;F;VS2;61.6;57;5.21;5.15;3.19;1803
0.59;Ideal;G;VS1;64.1;54;5.37;5.3;3.42;1803
0.74;Premium;I;SI2;60.6;60;5.89;5.8;3.54;1803
0.5;Very Good;D;VS1;62.3;60;5.07;5.1;3.17;1804
0.54;Ideal;G;VS1;61.8;55.3;5.22;5.24;3.23;1804
0.61;Very Good;F;VS2;62.6;60;5.34;5.39;3.36;1805
0.71;Very Good;J;SI2;60.7;61;5.75;5.81;3.51;1805
0.55;Ideal;F;VS1;61.4;55;5.24;5.28;3.23;1805
0.58;Ideal;I;VVS1;62.1;56;5.34;5.32;3.31;1805
1;Fair;I;I1;68.6;56;6.2;6.08;4.22;1805
0.52;Very Good;E;VS1;62.3;59;5.14;5.17;3.21;1806
0.5;Very Good;E;VS1;59;60;5.19;5.22;3.07;1806
0.5;Very Good;E;VS1;60;60;5.13;5.2;3.1;1806
0.5;Good;E;VS1;58.2;61;5.19;5.22;3.03;1806
0.46;Good;F;IF;57.5;58;5.12;5.18;2.96;1806
0.46;Good;F;IF;56.2;61;5.16;5.24;2.92;1806
0.5;Very Good;G;VVS2;63.4;57;5.1;5.06;3.22;1806
0.5;Premium;G;VVS2;62.2;61;5.09;5.07;3.16;1806
0.5;Premium;G;VVS2;62.1;61;5.1;5.07;3.16;1806
0.5;Premium;G;VVS2;60.5;62;5.14;5.07;3.09;1806
0.5;Good;G;VVS2;63.9;58;5.05;5;3.21;1806
0.5;Good;G;VVS2;63.8;56;5.06;5.03;3.22;1806
0.7;Very Good;D;SI2;63.1;58;5.63;5.57;3.53;1806
0.7;Good;F;SI2;63.6;56;5.63;5.56;3.56;1806
0.7;Premium;F;SI2;60.6;57;5.81;5.74;3.5;1806
0.7;Premium;F;SI2;60.3;58;5.79;5.76;3.48;1806
0.52;Ideal;F;VS2;60;62;5.23;5.19;3.13;1806
0.55;Ideal;H;VVS2;61.7;57;5.28;5.26;3.25;1806
0.7;Fair;D;SI2;65.5;57;5.56;5.43;3.6;1806
0.7;Premium;D;SI2;59.8;59;5.75;5.72;3.43;1806
0.72;Premium;F;SI2;61.1;59;5.83;5.79;3.55;1806
0.57;Very Good;E;VS2;62.1;59;5.29;5.27;3.28;1807
0.7;Very Good;H;SI2;63.8;59;5.6;5.63;3.58;1807
0.77;Very Good;J;SI1;62.3;58;5.86;5.89;3.66;1807
0.53;Ideal;G;VS2;60.9;56;5.25;5.21;3.18;1807
0.51;Premium;D;VS2;62;59;5.12;5.08;3.16;1807
0.51;Premium;D;VS2;62.7;59;5.09;5.05;3.18;1807
0.51;Premium;D;VS2;62;60;5.12;5.07;3.16;1807
0.51;Ideal;D;VS2;61.4;57;5.16;5.13;3.16;1807
0.5;Premium;D;VS1;62.8;58;5.05;5.01;3.16;1807
0.53;Premium;D;VS2;60.2;58;5.23;5.26;3.16;1808
0.71;Premium;G;SI2;59.9;59;5.82;5.79;3.48;1808
0.6;Premium;D;VS2;60.9;61;5.43;5.4;3.3;1808
0.7;Fair;H;SI1;64.8;57;5.49;5.59;3.59;1808
0.72;Premium;E;SI2;59.3;60;5.88;5.85;3.48;1808
0.5;Ideal;D;VS2;61.2;55;5.12;5.07;3.12;1808
0.7;Premium;H;SI2;60.5;61;5.75;5.72;3.47;1808
0.96;Fair;H;I1;60.1;62;6.21;6;3.68;1808
0.96;Fair;H;I1;67.4;62;6.13;5.96;4.08;1808
0.62;Ideal;H;VS1;63;56;5.43;5.36;3.4;1808
0.58;Ideal;E;VS2;61.7;57;5.42;5.35;3.32;1809
0.58;Ideal;E;VS2;62.3;54;5.43;5.39;3.37;1809
0.52;Ideal;H;VVS1;61.2;57;5.17;5.22;3.18;1809
0.58;Ideal;F;VS2;60.6;56;5.41;5.44;3.29;1809
0.58;Ideal;E;VS2;60.6;56;5.43;5.47;3.3;1809
0.53;Ideal;D;VS2;62.2;56;5.17;5.18;3.22;1809
0.54;Ideal;G;VS1;61.7;56;5.22;5.25;3.23;1809
0.55;Ideal;F;VS1;61.3;57;5.25;5.28;3.23;1809
0.67;Premium;F;SI1;61.3;59;5.65;5.63;3.46;1809
0.67;Ideal;G;SI1;62.9;54;5.63;5.6;3.53;1809
0.76;Good;J;SI1;63.8;57;5.78;5.74;3.67;1809
0.79;Very Good;G;SI2;63.4;60;5.83;5.77;3.68;1809
0.51;Ideal;G;VVS1;62.8;53;5.09;5.14;3.21;1810
0.51;Ideal;D;VS1;62.2;55;5.15;5.17;3.21;1810
0.57;Ideal;D;SI1;61.4;55;5.35;5.34;3.28;1810
0.58;Ideal;F;VS2;61.9;60;5.32;5.35;3.3;1811
0.67;Good;G;SI1;62.9;59;5.58;5.62;3.52;1811
0.7;Fair;H;VS1;67.2;55;5.48;5.54;3.7;1811
0.56;Ideal;F;SI1;61.1;56;5.35;5.33;3.26;1811
0.64;Premium;E;SI1;61.3;58;5.57;5.53;3.4;1811
0.53;Ideal;F;VS1;62.1;57;5.16;5.21;3.22;1812
0.53;Ideal;F;VS1;61.8;56;5.2;5.22;3.22;1812
0.53;Ideal;F;VS1;62.2;55;5.17;5.22;3.23;1812
0.53;Ideal;F;VS1;62.3;55;5.18;5.22;3.24;1812
0.53;Ideal;F;VS1;62;55;5.15;5.2;3.21;1812
0.58;Premium;E;SI1;62.1;58;5.35;5.31;3.31;1812
0.61;Premium;E;SI1;60.1;59;5.51;5.48;3.3;1812
0.51;Premium;D;VS2;61.9;62;5.12;5.09;3.16;1812
0.51;Good;E;VS2;57.6;62;5.33;5.3;3.06;1812
0.51;Very Good;F;VS1;59.9;63;5.22;5.16;3.11;1812
0.59;Very Good;F;VS2;60.1;57;5.44;5.48;3.28;1813
0.54;Very Good;F;VS1;61;58;5.24;5.25;3.2;1813
0.51;Ideal;G;VVS2;60.1;56;5.22;5.24;3.14;1813
0.5;Very Good;G;VVS2;61.4;57;5.1;5.16;3.15;1813
0.53;Ideal;D;VS1;61.5;55;5.19;5.22;3.2;1813
0.51;Good;G;VVS2;58.1;62;5.24;5.3;3.06;1813
0.53;Premium;G;VS1;60.1;58;5.32;5.27;3.18;1813
0.53;Ideal;G;VS1;61.8;55;5.22;5.17;3.21;1813
0.53;Ideal;G;VS1;61.9;56;5.21;5.19;3.22;1813
0.53;Ideal;G;VS1;62.6;54;5.19;5.16;3.24;1813
0.53;Premium;G;VS1;62.4;58;5.2;5.16;3.23;1813
0.53;Ideal;G;VS1;61.9;56;5.2;5.17;3.21;1813
0.53;Ideal;G;VS1;62.1;57;5.18;5.16;3.21;1813
0.53;Ideal;G;VS1;62.7;55;5.18;5.16;3.24;1813
0.53;Ideal;E;VS2;60;57;5.3;5.24;3.16;1813
0.53;Premium;E;VS2;59.8;58;5.27;5.26;3.15;1813
0.53;Ideal;E;VS2;61.9;55;5.22;5.19;3.22;1813
0.53;Ideal;E;VS2;61.3;55;5.24;5.2;3.2;1813
0.53;Ideal;E;VS2;61.4;56;5.24;5.21;3.21;1813
0.53;Premium;E;VS2;61.6;57;5.21;5.18;3.2;1813
0.53;Ideal;E;VS2;61.4;56;5.25;5.18;3.2;1813
0.53;Ideal;E;VS2;61.9;56;5.21;5.19;3.22;1813
0.53;Ideal;E;VS2;62.7;54;5.18;5.15;3.24;1813
0.53;Ideal;E;VS2;62.4;56;5.2;5.16;3.23;1813
0.53;Premium;E;VS2;60.9;60;5.22;5.16;3.16;1813
0.53;Ideal;E;VS2;62.1;56;5.2;5.17;3.22;1813
0.56;Ideal;H;VVS2;60.9;57;5.38;5.33;3.26;1814
0.72;Ideal;H;SI2;61.8;55;5.79;5.76;3.57;1814
0.7;Premium;I;VS2;61;59;5.71;5.66;3.47;1814
0.7;Ideal;G;SI2;61.6;57;5.68;5.65;3.49;1814
0.7;Premium;G;SI2;62.5;62;5.58;5.56;3.48;1814
0.54;Premium;F;VS2;62.4;55;5.23;5.19;3.25;1814
0.7;Very Good;G;SI2;63.3;57;5.61;5.51;3.52;1814
0.72;Premium;J;VS2;62.6;58;5.72;5.66;3.56;1814
0.47;Ideal;G;IF;62.1;54;4.99;5.02;3.11;1814
0.7;Fair;I;VS2;66.1;56;5.53;5.48;3.64;1814
0.56;Ideal;F;VS2;62.1;57;5.29;5.28;3.28;1814
0.56;Ideal;F;VS2;61.6;55;5.32;5.29;3.27;1814
0.56;Premium;H;VVS2;59.8;57;5.48;5.39;3.25;1814
0.56;Ideal;F;VS2;62.6;55;5.29;5.25;3.3;1814
0.6;Premium;D;SI1;61.5;52;5.5;5.43;3.36;1814
0.56;Ideal;F;VS2;61.3;54;5.37;5.34;3.28;1814
0.56;Ideal;D;SI1;61.2;56;5.34;5.31;3.26;1814
0.56;Ideal;D;SI1;61.4;57;5.34;5.31;3.27;1814
0.56;Ideal;D;SI1;60.5;57;5.36;5.31;3.23;1814
0.56;Premium;D;SI1;59.9;60;5.39;5.33;3.21;1814
0.56;Premium;D;SI1;60.6;59;5.36;5.34;3.24;1814
0.56;Ideal;D;SI1;62.3;56;5.33;5.26;3.3;1814
0.56;Premium;D;SI1;61.9;58;5.33;5.27;3.28;1814
0.56;Premium;D;SI1;60.8;60;5.31;5.29;3.22;1814
0.56;Premium;D;SI1;61.4;58;5.33;5.29;3.26;1814
0.56;Ideal;D;SI1;62.5;56;5.26;5.24;3.28;1814
0.54;Ideal;H;VVS1;61.2;57;5.25;5.21;3.2;1814
0.72;Very Good;I;SI2;63.2;62;5.71;5.67;3.59;1814
0.72;Very Good;J;VS2;63.2;60;5.77;5.7;3.63;1814
0.56;Fair;F;VS2;57;67;5.49;5.36;3.09;1814
0.5;Premium;F;VVS2;60.6;58;5.2;5.1;3.12;1814
0.65;Very Good;F;SI1;60;63;5.62;5.54;3.35;1814
0.54;Ideal;F;VS1;60.9;56;5.31;5.27;3.22;1814
0.7;Premium;G;SI2;59;60;5.84;5.82;3.44;1814
0.57;Ideal;G;VS1;61.6;55;5.34;5.38;3.3;1815
0.57;Ideal;G;VS1;60.6;57;5.38;5.41;3.27;1815
0.7;Ideal;J;SI1;62;55;5.69;5.73;3.54;1815
0.7;Ideal;J;SI1;62.1;54;5.72;5.74;3.56;1815
0.52;Ideal;G;VS1;62.4;56;5.15;5.11;3.2;1815
0.52;Very Good;G;VS1;63.3;55;5.12;5.09;3.23;1815
0.52;Premium;G;VS1;61.7;56;5.21;5.17;3.2;1815
0.52;Ideal;G;VS1;61.8;55;5.21;5.17;3.21;1815
0.52;Ideal;G;VS1;61.1;55;5.19;5.15;3.16;1815
0.52;Premium;G;VS1;61.1;58;5.19;5.16;3.16;1815
0.52;Ideal;G;VS1;60.9;55;5.22;5.16;3.16;1815
0.52;Ideal;G;VS1;62.7;57;5.15;5.12;3.22;1815
0.52;Premium;G;VS1;62.4;59;5.16;5.13;3.21;1815
0.52;Premium;G;VS1;61.2;60;5.19;5.13;3.16;1815
0.52;Ideal;G;VS1;62.3;55;5.16;5.14;3.21;1815
0.52;Ideal;G;VS1;62.7;56;5.16;5.14;3.23;1815
0.52;Premium;G;VS1;62.6;59;5.11;5.08;3.19;1815
0.52;Premium;G;VS1;62.4;60;5.12;5.11;3.19;1815
0.52;Ideal;E;VS2;61.1;55;5.27;5.2;3.2;1815
0.52;Ideal;E;VS2;60.9;57;5.23;5.21;3.18;1815
0.52;Ideal;E;VS2;59.5;57;5.27;5.25;3.13;1815
0.52;Ideal;E;VS2;61.1;57;5.2;5.18;3.17;1815
0.52;Premium;E;VS2;60.3;60;5.21;5.17;3.13;1815
0.52;Premium;E;VS2;60.7;58;5.21;5.17;3.15;1815
0.52;Ideal;E;VS2;61.8;55;5.19;5.17;3.2;1815
0.52;Premium;E;VS2;60.9;57;5.2;5.17;3.16;1815
0.52;Ideal;E;VS2;62;55;5.19;5.14;3.2;1815
0.52;Premium;E;VS2;62.5;56;5.18;5.15;3.23;1815
0.52;Ideal;E;VS2;61.7;55;5.21;5.16;3.2;1815
0.52;Ideal;E;VS2;61.2;56;5.23;5.16;3.18;1815
0.52;Ideal;E;VS2;61.9;56;5.16;5.12;3.18;1815
0.52;Premium;E;VS2;62.3;57;5.17;5.1;3.2;1815
0.52;Ideal;E;VS2;62.2;56;5.15;5.11;3.19;1815
0.52;Ideal;E;VS2;62.6;57;5.17;5.09;3.21;1815
0.62;Very Good;G;VS2;63.2;55;5.42;5.4;3.42;1815
0.3;Ideal;H;VS1;62.5;56;4.24;4.27;2.66;526
0.3;Ideal;G;VS2;62.5;53;4.27;4.3;2.68;526
0.3;Very Good;I;VVS2;61.9;61;4.28;4.32;2.66;526
0.3;Premium;E;SI1;59.5;58;4.39;4.42;2.62;526
0.3;Premium;G;VS2;61.6;60;4.28;4.33;2.65;526
0.3;Very Good;H;VS1;60.4;61;4.27;4.31;2.59;526
0.3;Premium;I;VS1;61.9;59;4.31;4.24;2.65;527
0.35;Very Good;I;VS2;62.6;54;4.5;4.53;2.82;527
0.27;Ideal;H;VVS2;62.2;56;4.15;4.18;2.59;527
0.27;Ideal;G;VS1;62.3;53;4.16;4.19;2.6;527
0.36;Premium;J;SI1;61.6;60;4.58;4.54;2.81;527
0.37;Fair;F;SI1;65.3;56;4.53;4.47;2.94;527
0.32;Good;F;SI1;61.6;60.1;4.38;4.4;2.71;528
0.32;Ideal;E;SI1;63.2;55;4.37;4.33;2.75;528
0.37;Good;H;SI1;64;55;4.53;4.57;2.91;528
0.33;Very Good;J;IF;60.9;54;4.47;4.53;2.74;529
0.3;Ideal;I;VVS2;61.8;56;4.31;4.33;2.67;529
0.32;Ideal;H;VS2;61.7;57;4.38;4.4;2.71;529
0.32;Ideal;I;VS1;61.7;55.6;4.41;4.43;2.73;529
0.32;Ideal;I;VS1;61.4;55.3;4.39;4.42;2.7;529
0.32;Ideal;I;VS1;60.9;56.7;4.41;4.44;2.69;529
0.28;Premium;E;SI1;60.3;58;4.26;4.22;2.55;529
0.38;Good;I;SI1;63.7;57;4.63;4.57;2.93;529
0.32;Premium;D;SI2;62.5;58;4.38;4.33;2.72;530
0.23;Very Good;F;VVS2;59.6;57;3.98;4;2.38;530
0.23;Very Good;F;VVS2;59.3;57;4.01;4.05;2.39;530
0.23;Very Good;F;VVS2;60.3;58;3.99;4.03;2.42;530
0.23;Very Good;F;VVS2;61.2;58;3.96;3.98;2.43;530
0.23;Very Good;F;VVS2;59.7;58;4.02;4.06;2.41;530
0.23;Very Good;F;VVS2;62;58;3.89;3.92;2.42;530
0.57;Premium;F;VS1;61.3;54;5.41;5.35;3.3;1815
0.55;Premium;D;SI1;61.9;60;5.23;5.14;3.21;1815
0.55;Ideal;G;VS1;61;56;5.34;5.32;3.25;1815
0.59;Ideal;D;SI1;61;57;5.43;5.46;3.32;1816
0.59;Ideal;D;SI1;61.8;56;5.37;5.4;3.33;1816
0.59;Very Good;D;SI1;62.3;54;5.38;5.41;3.36;1816
0.71;Good;G;SI2;63.6;58;5.6;5.54;3.55;1816
0.46;Ideal;E;VVS1;62.6;53;4.93;4.97;3.1;1816
0.55;Ideal;E;VS2;62;55;5.26;5.28;3.27;1816
0.57;Good;G;VS2;58.2;66;5.34;5.45;3.14;1816
0.71;Good;E;SI2;64;56;5.68;5.61;3.62;1816
0.64;Premium;F;SI1;61.2;58;5.6;5.54;3.41;1816
0.57;Very Good;G;VS1;61;55;5.36;5.43;3.28;1817
0.7;Very Good;J;SI1;60.2;61;5.69;5.73;3.44;1817
0.54;Very Good;D;VS2;61.7;55;5.21;5.26;3.23;1817
0.54;Ideal;D;VS2;61.9;55;5.23;5.24;3.24;1817
0.7;Premium;H;SI2;61.1;58;5.72;5.84;3.53;1817
0.7;Ideal;H;SI2;61.1;57;5.73;5.76;3.51;1817
0.45;Ideal;E;VVS2;61.6;56;4.96;4.98;3.06;1817
0.62;Very Good;I;VS1;61.8;55;5.5;5.53;3.41;1818
0.53;Ideal;G;VVS2;60.4;56;5.29;5.24;3.18;1818
0.53;Ideal;G;VVS2;62.5;54;5.19;5.21;3.25;1818
0.53;Ideal;G;VVS2;62.6;56;5.16;5.19;3.24;1818
0.31;Ideal;F;IF;61.2;57;4.35;4.38;2.67;1818
0.53;Ideal;F;VS1;60.4;57;5.25;5.22;3.16;1818
0.51;Premium;D;VS2;61.9;58;5.19;5.12;3.19;1818
0.71;Good;F;SI2;64;58;5.65;5.59;3.6;1818
0.75;Good;G;SI2;63.6;58;5.75;5.7;3.64;1819
0.56;Ideal;E;VS2;61.9;55;5.29;5.34;3.29;1819
0.56;Ideal;E;VS2;60.9;56;5.32;5.35;3.25;1819
0.56;Ideal;E;VS2;61.5;57;5.27;5.3;3.25;1819
0.56;Very Good;G;VS1;60.5;59;5.26;5.31;3.2;1819
0.6;Premium;E;VS2;62.7;58;5.34;5.37;3.36;1819
0.56;Very Good;E;VS2;61.8;56;5.28;5.31;3.27;1819
0.56;Ideal;E;VS2;60.7;57;5.31;5.34;3.23;1819
0.56;Very Good;E;VS2;61.9;55;5.25;5.31;3.27;1819
0.56;Ideal;E;VS2;61.7;54;5.28;5.35;3.28;1819
0.56;Ideal;G;VS1;62.2;55;5.27;5.31;3.29;1819
0.56;Premium;G;VS1;62.4;58;5.22;5.3;3.28;1819
0.56;Ideal;E;VS2;62.6;57;5.26;5.29;3.3;1819
0.56;Premium;G;VS1;61.2;60;5.26;5.3;3.23;1819
0.56;Premium;E;VS2;61.8;59;5.27;5.34;3.28;1819
0.56;Very Good;E;VS2;62.1;57;5.27;5.3;3.28;1819
0.56;Ideal;E;VS2;61.9;56;5.27;5.32;3.28;1819
0.56;Ideal;G;VS1;60.6;56;5.33;5.36;3.24;1819
0.56;Very Good;E;VS2;61.4;61;5.28;5.31;3.25;1819
0.52;Premium;E;VS1;61.7;58;5.17;5.11;3.17;1819
0.56;Ideal;H;VVS1;62.1;54;5.28;5.31;3.29;1819
0.54;Ideal;F;VS1;62.5;56;5.18;5.22;3.25;1819
0.57;Ideal;E;VS2;61.6;56;5.38;5.34;3.3;1819
0.57;Ideal;E;VS2;60.8;56;5.4;5.35;3.27;1819
0.57;Ideal;E;VS2;60.4;57;5.4;5.36;3.25;1819
0.55;Premium;F;VS2;61.7;56;5.29;5.25;3.25;1819
0.55;Ideal;F;VS2;61.7;56;5.3;5.26;3.26;1819
0.55;Ideal;F;VS2;61.1;57;5.3;5.27;3.23;1819
0.55;Ideal;F;VS2;61.1;56;5.31;5.27;3.23;1819
0.55;Ideal;F;VS2;61.7;57;5.29;5.24;3.25;1819
0.55;Ideal;D;SI1;60.6;56;5.32;5.27;3.21;1819
0.55;Premium;D;SI1;61;58;5.29;5.27;3.22;1819
0.55;Premium;D;SI1;60.7;58;5.3;5.24;3.2;1819
0.55;Premium;D;SI1;61.2;58;5.29;5.24;3.22;1819
0.67;Premium;D;SI2;62.9;56;5.65;5.6;3.54;1819
0.57;Premium;G;VS1;60.2;57;5.42;5.37;3.25;1819
0.57;Premium;G;VS1;61;57;5.4;5.35;3.28;1819
0.5;Premium;D;VS2;59.7;57;5.13;5.08;3.05;1819
0.5;Very Good;D;VS2;63.3;57;5.08;5.06;3.21;1819
0.5;Ideal;D;VS2;62.9;54;5.09;5.05;3.19;1819
0.6;Ideal;H;VS1;61.6;56;5.4;5.42;3.33;1820
0.59;Ideal;D;SI1;62.5;55;5.35;5.4;3.36;1820
0.54;Ideal;F;VS2;61.1;57;5.3;5.27;3.23;1820
0.53;Very Good;F;VS1;61.5;59;5.19;5.22;3.2;1821
0.68;Very Good;E;SI2;63.1;54.5;5.61;5.64;3.55;1821
0.71;Premium;I;SI2;60.3;58;5.72;5.78;3.47;1821
0.71;Very Good;J;VS2;62.8;61;5.63;5.71;3.56;1821
0.63;Ideal;G;VS2;62.6;55;5.5;5.46;3.43;1821
0.61;Ideal;G;VS2;61.4;55.7;5.43;5.53;3.37;1821
0.61;Good;H;VVS2;60.3;60.5;5.44;5.48;3.29;1821
0.61;Good;G;VS2;61.2;62.8;5.38;5.42;3.3;1821
0.61;Good;G;VS2;59.6;61.5;5.47;5.52;3.27;1821
0.59;Ideal;D;SI1;61.2;56;5.43;5.38;3.31;1821
0.59;Good;D;SI1;63.7;56;5.35;5.32;3.4;1821
0.52;Very Good;E;VS1;63.3;58;5.07;5.11;3.22;1822
0.52;Very Good;E;VS1;62.6;56;5.11;5.14;3.21;1822
0.52;Ideal;D;VS2;61.8;55;5.16;5.19;3.2;1822
0.52;Ideal;D;VS2;61.6;55;5.15;5.2;3.19;1822
0.52;Ideal;D;VS2;61.7;56;5.16;5.18;3.19;1822
0.52;Ideal;D;VS2;62.6;56;5.11;5.14;3.21;1822
0.52;Ideal;D;VS2;62.3;54;5.14;5.19;3.22;1822
0.52;Ideal;D;VS2;61.3;56;5.15;5.2;3.17;1822
0.52;Ideal;D;VS2;61.8;55;5.16;5.19;3.2;1822
0.52;Ideal;D;VS2;61.5;56;5.15;5.19;3.18;1822
0.52;Ideal;D;VS2;62.2;56;5.13;5.16;3.2;1822
0.52;Ideal;D;VS2;61.9;57;5.14;5.17;3.19;1822
0.52;Ideal;D;VS2;62.3;56;5.11;5.16;3.2;1822
0.52;Premium;D;VS2;61.2;58;5.16;5.2;3.17;1822
0.52;Very Good;D;VS2;60.6;56;5.22;5.25;3.17;1822
0.52;Ideal;D;VS2;61.8;56;5.15;5.17;3.19;1822
0.52;Ideal;D;VS2;61.8;57;5.16;5.2;3.2;1822
0.52;Ideal;D;VS2;62.6;55;5.12;5.14;3.21;1822
0.52;Ideal;D;VS2;62.7;53;5.14;5.17;3.23;1822
0.56;Ideal;G;VS1;62;56;5.28;5.3;3.28;1822
0.69;Ideal;H;SI1;62.1;57;5.65;5.62;3.5;1822
0.69;Premium;H;SI1;62.8;58;5.65;5.62;3.54;1822
0.54;Ideal;E;VS1;62.6;55;5.22;5.2;3.26;1823
0.62;Premium;G;VS2;62.2;55;5.51;5.46;3.41;1823
0.56;Ideal;G;VS1;60.3;57;5.37;5.41;3.25;1824
0.7;Good;J;SI2;58.7;58;5.74;5.85;3.4;1824
0.7;Good;J;SI2;61.2;64;5.68;5.73;3.49;1824
0.73;Premium;H;SI2;60.5;57;5.84;5.76;3.51;1824
0.4;Ideal;E;VVS1;61.3;56;4.78;4.75;2.92;1824
0.4;Ideal;E;VVS1;61.7;55;4.76;4.74;2.93;1824
0.51;Ideal;G;VVS2;62.5;59;5.08;5.12;3.19;1825
0.53;Ideal;D;VS2;61.1;56;5.28;5.24;3.21;1825
0.52;Ideal;E;VS2;62.2;54;5.13;5.16;3.2;1825
0.54;Ideal;E;VS2;61.1;57;5.24;5.26;3.21;1825
0.53;Premium;D;VS2;59.9;58;5.29;5.26;3.16;1825
0.53;Very Good;D;VS2;63.4;55;5.23;5.11;3.28;1825
0.71;Premium;H;SI2;61.5;60;5.72;5.7;3.51;1826
0.57;Very Good;E;VS2;59.5;56;5.45;5.47;3.25;1826
0.71;Fair;J;VS2;64.4;56;5.64;5.6;3.62;1826
0.51;Ideal;D;VS1;60.7;57;5.18;5.23;3.16;1826
0.7;Ideal;J;SI2;61.6;57;5.68;5.65;3.49;1826
0.53;Very Good;G;VVS2;62.2;54;5.19;5.23;3.23;1827
0.51;Ideal;G;VVS2;62.2;56;5.09;5.13;3.18;1827
0.51;Ideal;G;VVS2;61.6;56;5.12;5.14;3.16;1827
0.61;Premium;H;VVS2;62.4;59;5.4;5.43;3.38;1827
0.43;Ideal;E;VVS1;61;57;4.85;4.88;2.97;1827
0.7;Premium;J;SI1;63;56;5.66;5.61;3.55;1827
0.53;Ideal;E;VS1;60.9;57;5.25;5.19;3.18;1827
0.75;Fair;J;SI1;55;66;6.2;6.04;3.37;1827
0.65;Premium;E;SI2;62.6;59;5.54;5.49;3.45;1827
0.7;Premium;J;SI1;61.3;59;5.75;5.73;3.52;1827
0.87;Ideal;G;I1;61.5;57;6.09;6.04;3.73;1827
0.65;Very Good;I;VVS2;61.3;59.3;5.52;5.59;3.4;1828
0.65;Very Good;G;SI1;62;58;5.5;5.58;3.43;1828
0.61;Very Good;D;SI1;58.5;58;5.54;5.64;3.27;1828
0.79;Very Good;J;SI1;58.8;62;6.01;6.03;3.54;1828
0.59;Ideal;F;VS2;61;56;5.41;5.44;3.31;1828
0.62;Ideal;H;VS1;61.8;54;5.5;5.53;3.41;1828
0.65;Good;G;SI1;59.6;60.3;5.64;5.71;3.38;1828
0.52;Premium;D;VS2;59.4;61;5.24;5.23;3.11;1828
0.52;Very Good;D;VS2;63.4;56;5.16;5.09;3.25;1828
0.52;Very Good;D;VS2;63.5;57;5.13;5.08;3.24;1828
0.86;Premium;I;I1;62.6;56;6.11;6.03;3.8;1828
0.71;Fair;H;SI1;65.9;57;5.54;5.48;3.63;1828
0.7;Fair;E;SI2;70.6;56;5.45;5.35;3.81;1828
0.65;Premium;E;SI1;60.5;59;5.61;5.49;3.36;1828
0.52;Very Good;D;VS1;62.5;57;5.11;5.16;3.21;1829
0.61;Very Good;E;SI1;62.1;55;5.43;5.46;3.38;1829
0.54;Ideal;G;VVS2;61.8;55;5.22;5.3;3.24;1829
0.52;Ideal;G;VVS1;62.1;56;5.15;5.17;3.2;1829
0.58;Ideal;D;SI1;61.1;57;5.41;5.36;3.29;1829
0.53;Very Good;E;VS1;61.9;59;5.16;5.21;3.21;1830
0.7;Very Good;H;SI1;62.6;57;5.64;5.7;3.55;1830
0.53;Ideal;F;VS1;61.2;56;5.22;5.24;3.2;1830
0.6;Premium;E;SI1;61.9;58;5.43;5.39;3.35;1830
0.6;Ideal;E;SI1;61.5;56;5.51;5.39;3.35;1830
0.58;Ideal;G;VS1;60.1;55;5.44;5.4;3.26;1830
0.55;Very Good;E;VS2;61;59;5.31;5.34;2.25;1831
0.51;Premium;E;VS1;61.9;58;5.1;5.15;3.17;1831
0.51;Premium;E;VS1;61.3;58;5.14;5.17;3.16;1831
0.51;Good;D;VS2;58;60;5.26;5.29;3.06;1831
0.64;Ideal;H;VS2;62.3;54;5.52;5.55;3.44;1831
0.72;Ideal;J;SI1;62.7;56;5.67;5.75;3.58;1832
0.53;Ideal;F;VS1;62.4;57;5.18;5.21;3.24;1832
0.7;Ideal;J;SI2;60.9;57;5.72;5.76;3.49;1832
0.66;Good;H;VS1;59.9;60.3;5.61;5.67;3.37;1832
0.51;Ideal;D;VS2;61;57;5.18;5.15;3.15;1832
0.53;Ideal;F;VS2;61.7;57;5.23;5.21;3.22;1832
0.71;Fair;H;VS2;62.1;70;5.67;5.6;3.5;1832
0.72;Ideal;J;VS1;62.3;55;5.77;5.69;3.57;1832
0.55;Premium;F;VS1;60.3;58;5.32;5.29;3.2;1832
0.62;Very Good;F;VS2;59.5;63;5.54;5.49;3.28;1832
0.52;Very Good;G;VVS2;59.9;56;5.22;5.27;3.14;1833
0.52;Very Good;G;VVS2;63.2;57;5.08;5.11;3.22;1833
0.52;Ideal;G;VVS2;62.1;56;5.14;5.16;3.2;1833
0.45;Ideal;F;VVS1;61.8;55;4.92;4.95;3.05;1833
0.55;Ideal;G;VS2;61.1;57;5.29;5.31;3.24;1833
0.55;Ideal;G;VS2;61.2;55;5.3;5.35;3.26;1833
0.76;Ideal;J;SI2;61.5;54;5.9;5.93;3.64;1833
0.47;Premium;E;VVS2;60.5;58;5.05;5;3.04;1833
0.51;Premium;G;VS1;59.6;58;5.22;5.21;3.11;1833
0.59;Ideal;H;VVS2;61.8;56;5.37;5.41;3.33;1834
0.59;Ideal;F;VS2;60.6;56;5.43;5.48;3.31;1834
0.46;Ideal;E;VS1;61.7;56;4.95;5;3.07;1834
0.46;Ideal;E;VS1;61.9;55;4.94;4.97;3.06;1834
0.46;Ideal;E;VS1;60.3;56;5.02;5.06;3.04;1834
0.52;Ideal;D;VS1;60.9;56;5.21;5.17;3.16;1835
0.52;Ideal;G;VVS2;62.1;57;5.13;5.15;3.19;1835
0.52;Premium;G;VVS2;61;58;5.21;5.15;3.16;1835
0.59;Ideal;D;SI1;61.6;57;5.44;5.41;3.34;1835
0.59;Premium;D;SI1;62.8;57;5.38;5.32;3.36;1835
0.7;Very Good;J;SI1;58.4;62;5.85;5.87;3.42;1836
0.5;Ideal;G;VVS2;62.7;55;5.07;5.1;3.19;1836
0.54;Premium;I;IF;58.8;61;5.35;5.29;3.13;1836
0.51;Ideal;F;VS1;62.5;55;5.13;5.08;3.19;1836
0.51;Ideal;F;VS1;61.9;56;5.17;5.11;3.18;1836
0.51;Ideal;F;VS1;62.1;56;5.15;5.13;3.19;1836
0.51;Ideal;F;VS1;61.7;54;5.17;5.14;3.18;1836
0.51;Premium;F;VS1;61.4;58;5.18;5.15;3.17;1836
0.6;Very Good;E;SI1;63.2;56;5.38;5.32;3.38;1836
0.51;Ideal;F;VS1;61.3;54;5.23;5.12;3.17;1836
0.51;Premium;F;VS1;60.9;57;5.27;5.17;3.18;1836
0.54;Ideal;F;VS2;61.9;56;5.22;5.21;3.23;1836
0.51;Ideal;H;VVS1;61.7;57;5.12;5.15;3.16;1837
0.57;Ideal;G;VS1;62.3;53.7;5.32;5.35;3.32;1837
0.56;Ideal;G;VS1;60.8;55;5.34;5.36;3.25;1837
0.57;Ideal;G;VS1;62.2;54;5.31;5.33;3.31;1837
0.59;Premium;I;VVS1;62.8;58;5.34;5.3;3.34;1837
0.54;Ideal;F;VS2;63;57;5.22;5.18;3.28;1837
0.54;Ideal;F;VS2;64.2;54;5.19;5.12;3.31;1837
0.51;Premium;E;VS1;62.3;56;5.14;5.13;3.2;1837
0.5;Premium;F;SI1;62.4;57;5.13;5.1;3.19;1838
0.55;Very Good;G;VVS1;60.8;58;5.25;5.3;3.21;1838
0.46;Very Good;F;VVS1;62.3;56;4.94;4.98;3.09;1838
0.59;Very Good;E;VS2;59.9;56;5.46;5.49;3.28;1838
0.51;Very Good;D;VS1;63.1;58;5.05;5.1;3.2;1838
0.5;Premium;G;VVS2;59.6;60;5.15;5.18;3.08;1838
0.5;Premium;G;VVS2;60.9;59;5.09;5.12;3.11;1838
0.5;Ideal;G;VVS2;61.2;56;5.1;5.13;3.13;1838
0.5;Very Good;G;VVS2;60.9;61;5.11;5.13;3.12;1838
0.5;Ideal;G;VVS2;61.4;57;5.1;5.13;3.14;1838
0.5;Premium;G;VVS2;61.6;60;5.1;5.13;3.15;1838
0.5;Ideal;G;VVS2;60.5;55;5.13;5.15;3.11;1838
0.5;Very Good;G;VVS2;62.9;57;5.04;5.11;3.19;1838
0.5;Very Good;G;VVS2;62.8;57;4.99;5.04;3.15;1838
0.5;Ideal;G;VVS2;62.1;55;5.05;5.09;3.15;1838
0.5;Ideal;G;VVS2;62.3;56;5.05;5.09;3.16;1838
0.5;Very Good;G;VVS2;60.7;57;5.1;5.14;3.11;1838
0.5;Ideal;G;VVS2;62;56;5.09;5.13;3.17;1838
0.64;Good;D;SI1;57.7;57;5.69;5.75;3.3;1838
0.59;Ideal;I;VVS1;62.2;55;5.38;5.39;3.35;1838
0.59;Ideal;E;VS2;62.2;58;5.35;5.39;3.34;1838
0.5;Ideal;H;VVS1;60.6;55;5.17;5.13;3.12;1838
0.5;Very Good;H;VVS1;63.5;58;5.03;4.98;3.18;1838
0.5;Premium;H;VVS1;62.5;58;5.1;5.05;3.17;1838
0.5;Premium;F;VS1;62.3;55;5.09;5.06;3.16;1838
0.5;Ideal;F;VS1;62.5;57;5.09;5.06;3.17;1838
0.5;Premium;F;VS1;61.8;60;5.1;5.06;3.14;1838
0.5;Premium;F;VS1;61.3;59;5.15;5.09;3.14;1838
0.5;Premium;F;VS1;62;58;5.1;5.03;3.14;1838
0.8;Premium;J;SI1;61.4;57;5.98;5.95;3.66;1838
0.51;Very Good;E;VS1;61.1;59;5.14;5.2;3.16;1839
0.51;Ideal;G;VVS1;60.8;56;5.21;5.22;3.17;1839
0.71;Ideal;G;SI2;62.8;57;5.68;5.63;3.55;1840
0.52;Very Good;E;VS1;59.8;61;5.19;5.22;3.11;1840
0.59;Very Good;H;VVS2;62.3;55;5.42;5.33;3.35;1840
0.6;Ideal;D;SI1;62.3;57;5.42;5.37;3.36;1840
0.55;Ideal;D;SI1;60.9;57;5.29;5.32;3.23;1840
0.7;Good;H;SI1;65.4;59;5.46;5.52;3.59;1840
0.7;Fair;H;SI1;66;56;5.5;5.53;3.64;1840
0.71;Good;I;VS2;64;59;5.61;5.55;3.57;1840
0.71;Fair;I;VS2;61.6;67;5.76;5.61;3.5;1840
0.71;Very Good;I;VS2;63.4;56;5.65;5.61;3.57;1840
0.66;Very Good;H;VS2;60.9;57;5.63;5.65;3.43;1841
0.51;Very Good;E;VS1;59.6;56;5.19;5.24;3.11;1841
0.71;Very Good;J;SI1;62.8;57;5.64;5.67;3.55;1841
0.6;Very Good;D;SI1;60;56;5.46;5.51;3.29;1841
0.55;Ideal;G;VS1;60.9;55;5.27;5.31;3.22;1841
0.51;Ideal;E;VS1;62;57;5.11;5.15;3.18;1841
0.51;Good;E;VS1;61.3;63;5.11;5.16;3.15;1841
0.62;Premium;G;VS2;60.9;59;5.52;5.48;3.35;1841
0.62;Premium;G;VS2;60.2;60;5.58;5.52;3.34;1841
0.62;Premium;G;VS2;61.1;59;5.56;5.5;3.38;1841
0.65;Ideal;F;SI1;61.4;58;5.56;5.5;3.39;1841
0.52;Good;F;VS1;64.2;58;5.1;5.02;3.25;1841
0.5;Ideal;H;VVS2;61.6;57;5.08;5.14;3.15;1842
0.5;Ideal;G;VVS2;62.2;56;5.08;5.11;3.17;1842
0.54;Ideal;D;VS2;61.2;56;5.23;5.29;3.22;1842
0.51;Very Good;G;VVS2;63.5;55;5.09;5.05;3.22;1842
0.53;Ideal;H;VVS1;61.2;56;5.25;5.27;3.22;1842
0.52;Premium;D;VS2;62.8;58;5.14;5.11;3.22;1842
0.52;Premium;D;VS2;62.4;58;5.13;5.09;3.19;1842
0.51;Ideal;G;VVS2;61.6;56;5.14;5.12;3.16;1842
0.51;Ideal;G;VVS2;62.9;57;5.12;5.06;3.2;1842
0.51;Very Good;G;VVS2;63.5;56;5.11;5.07;3.23;1842
0.51;Ideal;G;VVS2;62;57;5.13;5.1;3.17;1842
0.5;Very Good;G;VVS1;61.5;56;5.11;5.14;3.15;1843
0.5;Very Good;G;VVS1;60.9;57;5.1;5.15;3.12;1843
0.7;Premium;J;VS2;61.2;60;5.7;5.73;3.5;1843
0.77;Very Good;J;VS2;62.1;62;5.82;5.87;3.63;1843
0.71;Premium;J;VVS2;60.3;59;5.79;5.82;3.5;1843
0.7;Good;J;VS2;63.2;61;5.59;5.62;3.54;1843
0.7;Ideal;J;VS2;61.6;56;5.65;5.71;3.5;1843
0.7;Premium;J;VVS2;61.9;58;5.67;5.73;3.53;1843
0.65;Good;F;SI1;58.1;61;5.66;5.74;3.31;1843
0.53;Very Good;E;VS1;61.7;59;5.18;5.2;3.2;1844
0.51;Ideal;G;VVS2;62.1;58;5.09;5.12;3.17;1844
0.7;Premium;J;VVS1;60.9;58;5.74;5.79;3.51;1844
0.59;Ideal;G;VS2;61.9;56;5.39;5.44;3.35;1844
0.5;Ideal;D;VS2;61.7;56;5.12;5.14;3.16;1844
0.52;Ideal;E;VS1;61.8;55;5.17;5.22;3.21;1844
0.5;Ideal;H;IF;61.1;58;5.1;5.14;3.13;1844
0.5;Ideal;H;IF;62.4;54;5.1;5.13;3.19;1844
0.58;Good;E;SI1;61;62;5.36;5.33;3.26;1844
0.7;Premium;J;SI1;62.8;59;5.65;5.6;3.53;1844
0.51;Ideal;D;VS1;60.9;57;5.2;5.17;3.16;1845
0.51;Ideal;D;VS1;61.7;54;5.15;5.12;3.17;1845
0.55;Ideal;H;VVS1;61.7;55;5.27;5.3;3.27;1845
0.55;Ideal;H;VVS1;62.4;56;5.21;5.24;3.26;1845
0.3;Very Good;I;SI1;61.9;61;4.27;4.29;2.65;394
0.3;Very Good;J;VS1;61.9;56;4.28;4.32;2.66;394
0.3;Good;I;SI1;63.3;59;4.22;4.25;2.68;394
0.3;Very Good;I;SI1;61.6;59;4.29;4.34;2.66;394
0.3;Premium;G;SI2;62.5;59;4.27;4.31;2.68;394
0.3;Good;I;SI1;63.4;57;4.23;4.25;2.69;394
0.3;Very Good;J;VS1;62.4;58;4.26;4.3;2.67;394
0.3;Very Good;F;SI2;62.6;61;4.2;4.24;2.64;394
0.3;Very Good;J;VS1;63;59;4.24;4.27;2.68;394
0.3;Good;J;VS1;63.5;58;4.24;4.27;2.7;394
0.3;Good;F;SI2;63.5;57;4.22;4.25;2.69;394
0.3;Good;J;VS1;63.3;60;4.22;4.25;2.68;394
0.3;Premium;G;SI2;62.3;59;4.25;4.29;2.66;394
0.3;Premium;J;VS1;62.6;58;4.27;4.32;2.69;394
0.3;Good;I;SI1;63.3;59;4.23;4.3;2.7;394
0.3;Good;F;SI2;63.4;56;4.26;4.29;2.71;394
0.3;Good;J;VS1;63.4;57;4.23;4.26;2.69;394
0.3;Very Good;I;SI1;62.2;57;4.25;4.27;2.65;394
0.3;Very Good;I;SI1;61.4;58;4.3;4.33;2.65;394
0.3;Very Good;I;SI1;60.5;62;4.33;4.37;2.63;394
0.3;Very Good;J;VS1;61.2;61;4.3;4.33;2.64;394
0.31;Ideal;I;SI1;61.3;55;4.39;4.42;2.7;395
0.25;Ideal;G;SI1;62.6;53;4.04;4.07;2.54;395
0.23;Good;G;VVS1;56.2;60;4.14;4.19;2.34;395
0.31;Ideal;J;VS2;62.2;55;4.32;4.36;2.7;396
0.31;Ideal;J;VS2;62.3;54;4.35;4.38;2.72;396
0.26;Very Good;G;VS2;62.4;57;4.09;4.12;2.56;397
0.24;Very Good;I;VS1;61.8;56;3.98;4.01;2.46;397
0.26;Ideal;G;VS2;62.3;54;4.09;4.1;2.55;397
0.26;Ideal;H;SI1;62.2;54;4.1;4.13;2.56;397
0.23;Very Good;F;VVS2;61.9;59;3.94;3.97;2.45;530
0.23;Very Good;F;VVS2;61.5;58;3.9;3.94;2.41;530
0.23;Very Good;F;VVS2;60;57;4;4.04;2.41;530
0.23;Very Good;E;VVS2;59.4;59;4.03;4.08;2.41;530
0.23;Very Good;E;VVS2;61.5;59;3.95;3.98;2.44;530
0.23;Very Good;E;VVS2;62.4;59;3.89;3.93;2.44;530
0.23;Very Good;E;VVS2;61.2;58;3.93;3.98;2.42;530
0.23;Very Good;E;VVS2;60.9;59;3.96;3.99;2.42;530
0.23;Very Good;E;VVS2;60;56;4.03;4.07;2.43;530
0.23;Very Good;E;VVS2;62.4;59;3.91;3.94;2.45;530
0.23;Very Good;D;VVS2;61;59;3.95;3.98;2.42;530
0.23;Very Good;D;VVS2;62.2;58;3.94;3.97;2.46;530
0.23;Very Good;D;VVS2;61.3;59;3.91;3.99;2.42;530
0.23;Very Good;D;VVS2;62.5;58;3.92;3.95;2.46;530
0.23;Very Good;D;VVS2;61.3;58;3.93;3.97;2.42;530
0.23;Very Good;D;VVS2;62.6;58;3.89;3.94;2.45;530
0.23;Very Good;D;VVS2;61.9;58;3.91;3.94;2.43;530
0.23;Very Good;D;VVS2;62;58;3.94;3.96;2.45;530
0.23;Very Good;D;VVS2;61.4;58;3.92;3.96;2.42;530
0.23;Very Good;F;VVS1;59.3;58;4.02;4.04;2.39;530
0.23;Very Good;F;VVS1;61.4;58;3.93;3.95;2.42;530
0.23;Very Good;E;VVS1;61.3;59;3.93;3.97;2.42;530
0.23;Very Good;E;VVS1;60.9;58;3.95;3.96;2.41;530
0.23;Very Good;E;VVS1;62.9;59;3.93;3.95;2.48;530
0.23;Very Good;E;VVS1;60;59;3.97;4.03;2.4;530
0.23;Very Good;E;VVS1;63.5;54;3.92;3.95;2.5;530
0.23;Very Good;E;VVS1;61.4;59;3.93;3.99;2.43;530
0.23;Very Good;E;VVS1;62.3;58;3.88;3.99;2.45;530
0.23;Very Good;E;VVS1;61.8;59;3.9;3.93;2.42;530
0.23;Very Good;E;VVS1;62.1;58;3.9;3.93;2.43;530
0.59;Good;E;VS2;61.3;62;5.36;5.4;3.3;1845
0.5;Ideal;D;VS2;62.3;55;5.11;5.07;3.17;1845
0.5;Premium;D;VS2;61.2;60;5.12;5.08;3.12;1845
0.5;Premium;D;VS2;61.4;59;5.15;5.11;3.15;1845
0.5;Premium;D;VS2;61.1;58;5.12;5.09;3.12;1845
0.5;Premium;D;VS2;62.8;58;5.08;5.05;3.18;1845
0.5;Ideal;D;VS2;62.5;54;5.09;5.05;3.17;1845
0.5;Ideal;D;VS2;61.9;57;5.09;5.06;3.14;1845
0.5;Premium;D;VS2;62.1;58;5.08;5.03;3.14;1845
0.5;Ideal;D;VS2;62.8;56;5.08;5.04;3.18;1845
0.5;Premium;D;VS2;61.9;58;5.1;5.04;3.14;1845
0.5;Ideal;D;VS2;62.6;56;5.08;5.05;3.17;1845
0.5;Premium;D;VS2;62.9;61;5.03;4.96;3.14;1845
0.5;Premium;D;VS2;62.8;58;5.07;5.03;3.17;1845
0.5;Ideal;E;VS2;63.8;54;5.07;5.05;3.23;1845
0.5;Premium;D;VS2;60.2;57;5.21;5.15;3.12;1845
0.56;Ideal;D;VS2;62.7;57;5.28;5.25;3.3;1846
0.54;Ideal;H;VVS1;61.7;57;5.23;5.24;3.23;1846
0.5;Premium;H;IF;60.3;58;5.14;5.18;3.11;1846
0.54;Very Good;H;VVS1;62;57;5.2;5.25;3.24;1846
0.72;Premium;J;VS2;61.4;58;5.74;5.76;3.53;1846
0.54;Ideal;H;VVS1;61.8;55;5.21;5.24;3.23;1846
0.54;Ideal;H;VVS1;61.1;57;5.22;5.26;3.2;1846
0.54;Ideal;H;VVS1;60.4;55;5.27;5.32;3.2;1846
0.54;Ideal;H;VVS1;60.3;56;5.28;5.33;3.2;1846
0.69;Good;I;VS1;61.6;61.9;5.65;5.68;3.48;1846
0.78;Premium;H;SI2;61.1;59;5.91;5.88;3.6;1846
0.63;Premium;E;SI1;58.8;59;5.68;5.62;3.32;1846
0.52;Very Good;D;VS2;62.9;59;5.11;5.13;3.22;1847
0.5;Very Good;D;VS1;62.3;57;5.04;5.07;3.15;1847
0.52;Ideal;G;VVS2;61.4;57;5.17;5.19;3.18;1847
0.54;Ideal;E;VS2;61.8;55;5.26;5.24;3.24;1847
0.54;Ideal;G;VS1;61.9;54;5.25;5.28;3.26;1847
0.57;Ideal;F;VS2;61.7;57;5.36;5.33;3.3;1847
0.57;Premium;F;VS2;60.3;58;5.44;5.4;3.27;1847
0.57;Ideal;D;SI1;62.4;56;5.32;5.29;3.31;1847
0.57;Ideal;D;SI1;61;57;5.34;5.31;3.25;1847
0.57;Premium;D;SI1;61.1;56;5.38;5.33;3.27;1847
0.54;Ideal;G;VS1;61.3;57;5.28;5.25;3.23;1847
0.54;Ideal;G;VS1;62.3;55;5.24;5.2;3.25;1847
0.54;Ideal;G;VS1;62;56;5.24;5.21;3.24;1847
0.54;Ideal;G;VS1;61.8;54;5.24;5.22;3.23;1847
0.54;Premium;G;VS1;61.1;59;5.26;5.22;3.2;1847
0.54;Premium;G;VS1;61.6;56;5.26;5.23;3.23;1847
0.54;Ideal;E;VS2;60.5;56;5.28;5.26;3.19;1847
0.54;Premium;E;VS2;59.2;58;5.35;5.32;3.16;1847
0.54;Ideal;E;VS2;61;56;5.28;5.25;3.21;1847
0.54;Ideal;E;VS2;61.9;55;5.24;5.2;3.23;1847
0.54;Ideal;E;VS2;62.2;55;5.24;5.21;3.25;1847
0.54;Ideal;E;VS2;61.4;57;5.25;5.21;3.21;1847
0.54;Ideal;E;VS2;61.7;55;5.27;5.24;3.24;1847
0.54;Ideal;E;VS2;60.8;57;5.29;5.24;3.2;1847
0.54;Ideal;E;VS2;61.9;57;5.23;5.2;3.23;1847
0.57;Premium;D;SI1;60.2;60;5.36;5.34;3.22;1847
0.52;Ideal;H;VVS1;61.7;55;5.2;5.17;3.2;1847
0.57;Good;D;SI1;62.2;64;5.29;5.23;3.27;1847
0.54;Premium;D;VS1;60.5;58;5.27;5.21;3.17;1847
0.55;Premium;G;SI1;60.2;59;5.32;5.28;3.19;1848
0.7;Premium;D;SI2;58.6;60;5.89;5.78;3.42;1848
0.55;Ideal;D;VS2;61.7;57;5.21;5.26;3.23;1848
0.53;Ideal;H;VS1;60.8;57;5.24;5.29;3.2;1848
0.5;Ideal;D;SI1;61.8;55;5.11;5.15;3.17;1848
0.7;Fair;I;SI1;62;67;5.54;5.5;3.42;1848
0.56;Premium;E;SI1;61.5;60;5.3;5.27;3.25;1848
0.5;Very Good;F;VS1;61.4;58;5.05;5.14;3.13;1849
0.51;Very Good;D;VS1;62.4;58;5.13;5.16;3.21;1849
0.54;Ideal;F;VS1;60.7;59;5.27;5.3;3.21;1849
0.52;Fair;G;IF;65.5;55;4.98;5.06;3.29;1849
0.5;Ideal;F;VVS2;62.3;57;5.06;5.08;3.16;1850
0.62;Good;G;VS2;61;62;5.41;5.5;3.33;1850
0.57;Ideal;E;VS2;61.8;55;5.34;5.38;3.31;1851
0.57;Premium;E;VS2;61;58;5.31;5.34;3.25;1851
0.57;Ideal;G;VS1;62.1;56;5.3;5.33;3.3;1851
0.57;Ideal;G;VS1;62;55;5.29;5.35;3.3;1851
0.57;Ideal;E;VS2;61.7;56;5.34;5.36;3.3;1851
0.57;Ideal;G;VS1;61.3;56;5.34;5.36;3.28;1851
0.57;Ideal;E;VS2;61.9;57;5.29;5.31;3.28;1851
0.57;Premium;E;VS2;61.4;58;5.32;5.37;3.28;1851
0.57;Premium;G;VS1;62.4;58;5.29;5.32;3.31;1851
0.57;Ideal;E;VS2;61.6;56;5.33;5.38;3.3;1851
0.57;Ideal;E;VS2;61.8;56;5.29;5.33;3.28;1851
0.57;Very Good;E;VS2;62.9;57;5.26;5.29;3.32;1851
0.7;Good;F;SI2;64.3;57;5.6;5.53;3.58;1851
0.7;Good;F;SI2;64.1;55;5.58;5.52;3.56;1851
0.51;Ideal;E;VS1;61.8;56;5.17;5.19;3.2;1851
0.51;Ideal;E;VS1;61.5;56;5.16;5.11;3.16;1851
0.53;Very Good;E;VS2;60.1;59;5.24;5.27;3.16;1852
0.53;Very Good;E;VS1;58.5;61;5.28;5.39;3.12;1852
0.54;Ideal;G;VVS2;60.8;56;5.28;5.31;3.22;1852
0.51;Ideal;G;VS1;61.8;56;5.1;5.15;3.17;1852
0.51;Ideal;G;VS1;60.2;56;5.2;5.24;3.14;1852
0.55;Very Good;F;VS1;60.7;60;5.29;5.32;3.22;1853
0.65;Premium;F;VS2;59;62;5.68;5.65;3.34;1853
0.57;Ideal;E;VS2;62.5;56;5.3;5.33;3.32;1853
0.72;Ideal;J;SI1;61.7;56;5.77;5.81;3.57;1853
0.71;Premium;J;SI1;61;61;5.71;5.66;3.47;1853
0.55;Ideal;G;VS2;60.4;56;5.38;5.31;3.23;1854
0.5;Ideal;D;VS2;60.7;57;5.12;5.22;3.14;1854
0.7;Very Good;J;VS1;59.6;62;5.7;5.77;3.42;1855
0.56;Ideal;G;VS1;60.7;55;5.33;5.36;3.25;1855
0.53;Ideal;F;VS1;61.5;56;5.26;5.22;3.22;1856
0.7;Very Good;I;SI1;61.6;63;5.68;5.59;3.47;1856
0.7;Good;H;SI2;63.8;57;5.58;5.55;3.55;1856
0.55;Ideal;G;VS1;61.5;57;5.28;5.23;3.23;1856
0.55;Ideal;E;VS1;61.5;57;5.27;5.23;3.23;1857
0.59;Very Good;E;VS2;61.7;60;5.36;5.4;3.32;1857
0.53;Premium;D;VS2;60.4;58;5.23;5.26;3.17;1857
0.53;Ideal;D;VS2;61.2;56;5.2;5.23;3.19;1857
0.53;Ideal;D;VS2;62.3;56;5.14;5.17;3.21;1857
0.53;Ideal;D;VS2;62.2;56;5.16;5.19;3.22;1857
0.53;Ideal;D;VS2;62.1;55;5.17;5.2;3.22;1857
0.53;Ideal;D;VS2;61.7;55;5.21;5.23;3.22;1857
0.53;Ideal;D;VS2;61.2;57;5.2;5.26;3.2;1857
0.53;Ideal;D;VS2;62.6;56;5.14;5.18;3.23;1857
0.53;Very Good;E;VS2;62.3;56.7;5.19;5.23;3.25;1857
0.53;Ideal;D;VS2;60.2;57;5.24;5.26;3.16;1857
0.53;Ideal;D;VS2;61.4;55;5.21;5.25;3.21;1857
0.53;Ideal;D;VS2;60.6;57;5.24;5.28;3.19;1857
0.53;Premium;D;VS2;61.5;58;5.2;5.24;3.21;1857
0.53;Ideal;D;VS2;61.5;56;5.17;5.23;3.2;1857
0.53;Ideal;D;VS2;61.4;56;5.2;5.23;3.2;1857
0.53;Ideal;D;VS2;61.2;55;5.21;5.25;3.2;1857
0.55;Ideal;F;VS1;61;55;5.29;5.33;3.24;1857
0.5;Ideal;G;SI1;60.2;57;5.16;5.2;3.12;1857
0.52;Ideal;G;VVS2;60.9;56;5.22;5.26;3.19;1858
0.5;Ideal;G;VVS2;62.8;57;5.07;5.05;3.18;1858
0.5;Good;G;VVS2;63.6;57;5.08;5.04;3.22;1858
0.75;Premium;D;SI2;61.3;59;5.88;5.83;3.59;1858
0.72;Premium;I;SI1;60.8;58;5.83;5.78;3.53;1858
0.51;Ideal;G;VVS2;62.2;53.4;5.11;5.15;3.19;1859
0.76;Ideal;J;SI1;61.9;53;5.85;5.92;3.64;1859
0.75;Very Good;J;SI1;61.7;56;5.81;5.92;3.62;1859
0.64;Ideal;E;SI1;62.7;57;5.54;5.47;3.45;1859
0.48;Ideal;G;IF;61.6;54;5.03;5.1;3.12;1859
0.52;Very Good;D;VS1;62.6;59;5.03;5.13;3.18;1860
0.7;Good;E;SI2;62.2;63;5.65;5.6;3.5;1860
0.61;Very Good;G;VS2;62;57;5.44;5.47;3.38;1861
0.71;Very Good;J;SI1;59.1;61;5.82;5.85;3.45;1861
0.6;Ideal;G;VS2;60.4;57;5.49;5.51;3.32;1861
0.6;Ideal;G;VS2;62;54;5.43;5.47;3.38;1861
0.59;Good;F;VS1;60.5;61;5.43;5.5;3.31;1861
0.65;Ideal;E;SI1;61.8;55;5.57;5.6;3.45;1862
0.58;Premium;E;VS2;59.4;60;5.47;5.43;3.24;1862
0.6;Good;E;SI1;62.7;60.1;5.31;5.36;3.35;1863
0.69;Premium;H;VS2;60.8;59;5.77;5.74;3.5;1863
0.83;Ideal;H;SI2;61.8;57;6.08;5.99;3.73;1863
0.57;Ideal;D;VS2;62.1;56;5.29;5.34;3.3;1864
0.72;Ideal;J;SI1;61.8;54;5.76;5.8;3.57;1864
0.72;Ideal;J;SI1;61.9;54;5.76;5.8;3.58;1864
0.72;Ideal;J;SI1;62.3;56;5.75;5.78;3.59;1864
0.56;Premium;E;VS2;61.1;57;5.38;5.33;3.27;1864
0.49;Very Good;G;IF;59.7;56;5.16;5.19;3.09;1865
0.53;Ideal;G;VVS2;60;57;5.27;5.29;3.17;1865
0.5;Ideal;G;VVS1;62.2;55;5.09;5.14;3.18;1865
0.5;Ideal;G;VVS1;62.1;53.5;5.08;5.13;3.17;1865
0.5;Ideal;G;VVS1;61.8;54;5.13;5.16;3.18;1865
0.55;Ideal;F;VS2;61.4;57;5.29;5.25;3.24;1865
0.57;Ideal;D;VS2;61.7;57;5.3;5.33;3.28;1865
0.47;Ideal;H;IF;61.9;56;4.99;5.02;3.1;1865
0.47;Ideal;H;IF;62.4;57;4.97;5;3.11;1865
0.7;Fair;H;SI1;65.5;57;5.59;5.55;3.65;1865
0.7;Good;H;SI1;64.2;58;5.62;5.59;3.6;1865
0.7;Fair;H;SI1;65.3;55;5.58;5.54;3.63;1865
0.58;Ideal;F;VS1;61.9;54;5.37;5.33;3.31;1865
0.74;Fair;E;I1;58.2;65;6.03;5.89;3.47;1865
0.56;Premium;D;SI1;62.3;58;5.28;5.21;3.27;1865
0.74;Good;G;SI1;64.2;59;5.69;5.62;3.63;1865
0.74;Good;G;SI1;63.6;58;5.73;5.71;3.64;1865
0.72;Ideal;G;SI2;61.8;57;5.73;5.69;3.53;1866
0.72;Very Good;J;SI1;61.1;57;5.75;5.8;3.53;1866
0.59;Premium;I;IF;61.2;58;5.38;5.41;3.3;1866
0.54;Ideal;F;VS1;60.9;57;5.26;5.21;3.19;1866
0.6;Ideal;F;VS2;62.1;57;5.39;5.37;3.34;1866
0.67;Very Good;H;VS2;62.9;55;5.56;5.6;3.51;1867
0.55;Very Good;D;VS2;59.8;57;5.31;5.35;3.19;1867
0.5;Ideal;G;VVS2;61.4;56;5.13;5.17;3.16;1867
0.53;Ideal;G;VVS2;61.9;54;5.2;5.23;3.23;1867
0.7;Very Good;I;VS2;62.8;55;5.63;5.67;3.55;1867
0.7;Very Good;I;VS2;63;60;5.59;5.62;3.53;1867
0.38;Ideal;D;VVS1;60.3;56;4.72;4.74;2.85;1867
0.61;Ideal;I;VVS2;62;54;5.51;5.47;3.4;1867
0.54;Ideal;G;VVS2;62.2;55;5.22;5.27;3.26;1868
0.44;Ideal;E;VVS1;61.4;55;4.92;4.95;3.03;1868
0.57;Ideal;G;VS1;62.1;56;5.31;5.34;3.3;1868
0.54;Ideal;G;VS1;61.4;55;5.26;5.3;3.24;1868
0.52;Ideal;D;VS2;61;57;5.21;5.18;3.17;1868
0.52;Premium;D;VS2;61.8;58;5.2;5.15;3.2;1868
0.52;Ideal;D;VS2;62.1;57;5.17;5.13;3.2;1868
0.71;Very Good;J;VS2;60.1;61;5.77;5.82;3.48;1869
0.58;Premium;F;VS2;62.4;55;5.38;5.36;3.35;1869
0.57;Ideal;F;VS2;60.8;57;5.34;5.37;3.25;1869
0.75;Fair;J;VS1;61.9;67;5.8;5.7;3.56;1869
0.59;Very Good;H;VVS1;63.7;56;5.35;5.38;3.42;1870
0.51;Ideal;F;VS1;61.6;55;5.14;5.18;3.18;1870
0.62;Very Good;I;VVS1;63.1;58;5.4;5.44;3.42;1871
0.51;Very Good;G;VVS1;63.2;59;5.04;5.09;3.2;1871
0.57;Very Good;F;VS1;60.3;58;5.36;5.39;3.24;1871
0.63;Premium;G;VS2;61.5;57;5.54;5.51;3.4;1871
0.55;Ideal;F;VS2;61.6;56;5.31;5.29;3.27;1871
0.55;Ideal;F;VS2;62.1;55;5.27;5.25;3.26;1871
0.58;Very Good;G;VVS2;62.1;58;5.35;5.4;3.34;1872
0.51;Good;G;VVS1;63.2;58;5.08;5.11;3.22;1872
0.52;Ideal;F;VS1;61.6;56;5.2;5.16;3.18;1872
0.47;Ideal;E;VS1;61.2;56;5.01;5.05;3.08;1872
0.52;Ideal;F;VS1;62.2;55;5.18;5.14;3.21;1872
0.52;Ideal;H;VVS1;60.4;57;5.23;5.2;3.15;1872
0.52;Ideal;F;VS1;62;57;5.16;5.13;3.19;1872
0.52;Premium;F;VS1;61.7;56;5.17;5.14;3.18;1872
0.52;Ideal;F;VS1;61.2;57;5.2;5.16;3.17;1872
0.52;Ideal;F;VS1;62.3;55;5.21;5.16;3.23;1872
0.64;Very Good;G;VS2;62.7;59;5.44;5.5;3.43;1873
0.51;Premium;D;VS1;59.5;57;5.24;5.21;3.11;1873
0.51;Ideal;D;VS1;62.5;57;5.13;5.08;3.19;1873
0.51;Ideal;D;VS1;62.4;57;5.13;5.09;3.19;1873
0.53;Very Good;E;VS1;61.8;60;5.13;5.22;3.2;1874
0.7;Ideal;J;VS2;62.6;57;5.64;5.67;3.54;1874
0.7;Ideal;J;VS2;61.8;53;5.73;5.76;3.55;1874
0.7;Ideal;J;VS2;62.4;55;5.68;5.7;3.55;1874
0.7;Ideal;I;SI2;62.3;55;5.67;5.72;3.55;1874
0.52;Very Good;E;VS1;59.1;58;5.31;5.38;3.16;1875
0.71;Very Good;I;SI2;63.7;57;5.64;5.67;3.6;1875
0.51;Ideal;G;VVS2;61.3;57;5.12;5.15;3.15;1875
0.51;Premium;G;VVS2;61.7;58;5.11;5.14;3.16;1875
0.51;Very Good;G;VVS2;61.7;58;5.13;5.18;3.18;1875
0.51;Good;G;VVS2;63.1;58;5.07;5.11;3.21;1875
0.51;Very Good;G;VVS2;61.5;56;5.12;5.15;3.16;1875
0.51;Ideal;G;VVS2;60.1;56;5.19;5.22;3.13;1875
0.51;Ideal;G;VVS2;61.8;56;5.1;5.16;3.17;1875
0.51;Ideal;G;VVS2;61.9;55;5.15;5.19;3.2;1875
0.51;Very Good;G;VVS2;62.9;57;5.09;5.12;3.21;1875
0.51;Ideal;G;VVS2;61.5;57;5.13;5.18;3.17;1875
0.51;Ideal;G;VVS2;61.1;56;5.15;5.19;3.16;1875
0.51;Ideal;G;VVS2;62.6;57;5.1;5.12;3.2;1875
0.51;Premium;G;VVS2;59.1;59;5.18;5.21;3.07;1875
0.51;Ideal;G;VVS2;61.2;55;5.15;5.18;3.16;1875
0.51;Ideal;G;VVS2;61.6;56;5.12;5.17;3.17;1875
0.6;Premium;E;VS1;61;61;5.46;5.39;3.31;1875
0.54;Ideal;H;VVS1;61.3;56;5.23;5.27;3.22;1875
0.51;Ideal;F;VS2;62.6;55;5.15;5.1;3.21;1875
0.6;Ideal;F;VS2;61.9;55;5.43;5.46;3.37;1875
0.59;Ideal;E;VS2;62.1;55;5.4;5.42;3.36;1875
0.7;Premium;G;SI2;61;58;5.75;5.72;3.5;1875
0.72;Premium;J;VS1;63;56;5.72;5.67;3.59;1875
0.7;Very Good;I;SI2;58.8;60;5.8;5.83;3.42;1876
0.57;Ideal;G;VS1;60.3;57;5.4;5.42;3.26;1876
0.58;Ideal;H;VS2;61.8;55;5.36;5.39;3.32;1876
0.58;Ideal;D;VS2;61.2;57;5.37;5.41;3.3;1876
0.51;Ideal;H;VVS2;61.6;55;5.11;5.14;3.16;1877
0.51;Ideal;G;VVS2;62;57;5.11;5.15;3.18;1877
0.61;Very Good;H;VVS2;62.8;58;5.4;5.42;3.4;1877
0.61;Premium;D;SI1;62.3;58;5.4;5.45;3.38;1877
0.51;Very Good;D;VS2;60.1;59;5.16;5.19;3.11;1877
0.51;Ideal;E;VS2;60.7;56;5.17;5.21;3.15;1877
0.73;Ideal;J;SI1;61.8;56;5.78;5.81;3.58;1877
0.53;Premium;D;VS2;62.4;59;5.18;5.14;3.22;1877
0.53;Ideal;D;VS2;60.9;57;5.24;5.17;3.17;1877
0.79;Premium;G;SI2;60.8;58;6;5.98;3.61;1877
0.59;Very Good;G;VS1;62;56;5.35;5.39;3.33;1878
0.62;Ideal;H;VS1;61.4;56;5.47;5.51;3.37;1878
0.52;Ideal;G;VVS2;61.6;56;5.18;5.15;3.18;1878
0.52;Ideal;G;VVS2;60.8;57;5.2;5.17;3.15;1878
0.7;Good;F;SI1;64.3;62;5.55;5.49;3.55;1878
0.52;Ideal;G;VVS2;61.2;55;5.22;5.2;3.19;1878
0.55;Very Good;G;VVS2;57.1;63;5.39;5.47;3.1;1879
0.51;Ideal;H;IF;62.3;54;5.14;5.17;3.21;1879
0.51;Ideal;H;IF;62;54;5.14;5.18;3.2;1879
0.72;Premium;J;SI1;62;58;5.77;5.74;3.57;1879
0.58;Premium;D;SI1;60.2;58;5.46;5.37;3.26;1879
0.53;Very Good;F;VVS2;59.6;56;5.27;5.31;3.16;1880
0.64;Ideal;H;SI1;61.7;55;5.54;5.57;3.43;1880
0.64;Ideal;H;SI1;61.8;55;5.56;5.57;3.44;1880
0.53;Ideal;G;VVS2;61.5;56;5.18;5.22;3.2;1881
0.53;Ideal;G;VVS2;60.4;55;5.26;5.3;3.19;1881
0.55;Very Good;H;VVS1;61.1;57;5.26;5.35;3.24;1881
0.55;Ideal;F;VS1;61.9;56;5.25;5.29;3.26;1881
0.71;Good;J;VS1;63.3;55;5.62;5.66;3.57;1881
0.55;Ideal;F;VS1;62;55;5.26;5.29;3.27;1881
0.55;Ideal;F;VS1;61.6;57;5.23;5.29;3.24;1881
0.52;Ideal;G;VVS1;61.6;56;5.16;5.2;3.19;1881
0.55;Premium;G;VS1;62;57;5.3;5.25;3.27;1881
0.55;Ideal;G;VS1;60.9;55;5.32;5.29;3.23;1881
0.55;Ideal;G;VS1;61.6;55;5.32;5.29;3.27;1881
0.55;Premium;E;VS2;61.5;56;5.28;5.25;3.24;1881
0.55;Premium;E;VS2;60.5;58;5.32;5.26;3.2;1881
0.55;Premium;E;VS2;61.4;57;5.29;5.27;3.24;1881
0.65;Fair;F;VS2;58.3;64;5.7;5.62;3.3;1881
0.75;Premium;F;SI2;59.8;60;5.96;5.92;3.55;1881
0.51;Ideal;D;VS2;61.2;55;5.18;5.16;3.16;1882
0.51;Very Good;D;VS1;63.3;57;5.07;5.1;3.22;1882
0.51;Ideal;D;VS1;62.3;56;5.09;5.12;3.18;1882
0.67;Good;I;VVS2;58.9;51;5.74;5.78;3.4;1882
0.56;Ideal;H;VVS1;62.3;55;5.3;5.26;3.29;1882
0.51;Ideal;D;VS2;60.9;56;5.19;5.16;3.15;1882
0.51;Premium;D;VS2;59.7;58;5.24;5.18;3.11;1882
0.51;Ideal;D;VS2;61.6;56;5.17;5.15;3.18;1882
0.51;Ideal;D;VS2;61.8;55;5.18;5.15;3.19;1882
0.51;Premium;D;VS2;60.5;60;5.19;5.16;3.13;1882
0.51;Ideal;D;VS2;61.2;55;5.17;5.13;3.15;1882
0.51;Ideal;D;VS2;61.5;55;5.18;5.13;3.17;1882
0.51;Ideal;D;VS2;61.9;55;5.13;5.11;3.17;1882
0.23;Very Good;D;VVS1;62.5;58;3.94;3.96;2.47;530
0.23;Very Good;D;VVS1;63.3;58;3.9;3.93;2.48;530
0.23;Very Good;D;VVS1;62.4;58;3.91;3.97;2.46;530
0.23;Very Good;F;IF;59.5;58;4;4.03;2.39;530
0.23;Ideal;F;VVS2;62.3;56;3.95;4.01;2.48;530
0.23;Ideal;F;VVS2;60.9;57;3.95;3.97;2.41;530
0.23;Ideal;F;VVS2;62;56;3.92;3.98;2.45;530
0.23;Ideal;F;VVS2;61.9;57;3.93;3.96;2.44;530
0.23;Ideal;F;VVS2;60.3;57;3.99;4.03;2.42;530
0.23;Ideal;F;VVS2;61;57;3.98;4.02;2.44;530
0.23;Ideal;E;VVS2;62.5;57;3.92;3.99;2.47;530
0.23;Ideal;E;VVS2;62.8;57;3.91;3.96;2.47;530
0.23;Ideal;D;VVS2;62.1;57;3.92;3.97;2.45;530
0.23;Ideal;F;VVS1;62.7;57;3.9;3.92;2.45;530
0.31;Ideal;H;SI1;61;56;4.38;4.41;2.68;530
0.34;Ideal;D;I1;61.4;55;4.52;4.5;2.77;530
0.34;Ideal;D;I1;62.5;57;4.49;4.47;2.8;530
0.32;Premium;I;SI2;60;58;4.48;4.45;2.68;530
0.23;Very Good;E;VVS2;60.9;60;3.96;3.99;2.42;530
0.23;Very Good;E;VVS1;61.1;60;3.95;4.01;2.43;530
0.23;Very Good;E;VVS1;61.3;60;3.95;4.01;2.44;530
0.23;Very Good;E;VVS1;58.6;61;4.02;4.04;2.36;530
0.23;Very Good;E;VVS2;61.8;58;3.92;3.94;2.43;530
0.23;Good;E;VVS2;63.3;56;3.88;3.92;2.47;530
0.23;Very Good;D;VVS2;60.4;59;3.95;4;2.4;530
0.34;Ideal;G;SI1;61.9;55.5;4.49;4.54;2.79;531
0.34;Ideal;G;SI1;61.8;54.4;4.49;4.52;2.79;531
0.37;Ideal;G;SI1;61.1;56;4.64;4.66;2.84;531
0.31;Good;G;VS2;64.4;54;4.24;4.29;2.75;531
0.23;Premium;G;VVS1;61.3;59;3.96;3.94;2.42;531
0.51;Ideal;D;VS2;61.5;57;5.14;5.11;3.15;1882
0.51;Ideal;D;VS2;61.7;55;5.14;5.11;3.16;1882
0.51;Ideal;D;VS2;61.9;56;5.14;5.11;3.17;1882
0.51;Ideal;D;VS2;62.4;55;5.14;5.11;3.2;1882
0.51;Ideal;D;VS2;62.1;56;5.16;5.11;3.19;1882
0.51;Premium;D;VS2;61.1;59;5.16;5.12;3.14;1882
0.51;Ideal;D;VS2;62.3;55;5.19;5.12;3.21;1882
0.51;Ideal;D;VS2;61.8;55;5.16;5.1;3.17;1882
0.51;Ideal;D;VS2;61.9;57;5.13;5.11;3.17;1882
0.51;Ideal;D;VS2;62.3;57;5.12;5.09;3.18;1882
0.51;Ideal;D;VS2;62.7;55;5.12;5.09;3.2;1882
0.51;Ideal;D;VS2;61.9;57;5.15;5.09;3.17;1882
0.56;Ideal;E;VS2;61.4;57;5.35;5.31;3.27;1882
0.51;Premium;E;VVS2;62;62;5.09;5.04;3.14;1882
0.56;Premium;E;VS1;60.1;61;5.38;5.31;3.21;1882
0.51;Premium;F;VVS2;61.2;59;5.19;5.1;3.15;1882
0.56;Premium;E;VS2;58.8;59;5.45;5.36;3.18;1882
0.56;Premium;E;VS2;61;62;5.36;5.28;3.24;1882
0.54;Good;H;VVS2;60.9;57.2;5.22;5.26;3.19;1883
0.59;Premium;H;VVS1;62;58;5.36;5.38;3.33;1883
0.57;Very Good;E;VS1;62.9;57;5.27;5.29;3.32;1883
0.7;Very Good;F;SI2;63.4;58;5.62;5.58;3.55;1883
0.47;Ideal;E;VVS2;62;55;4.97;5;3.09;1883
0.5;Ideal;G;VVS1;62.2;55;5.09;5.11;3.17;1883
0.5;Ideal;G;VVS1;62.2;54;5.1;5.13;3.18;1883
0.5;Ideal;G;VVS1;61.9;58;5.06;5.09;3.14;1883
0.52;Ideal;E;VS1;60;56;5.25;5.29;3.16;1883
0.71;Very Good;I;SI1;62.6;63;5.61;5.54;3.49;1883
0.59;Ideal;E;VS2;61.5;56;5.42;5.38;3.32;1883
0.59;Premium;E;VS2;62.3;55;5.43;5.39;3.37;1883
0.71;Premium;H;SI1;61;58;5.75;5.67;3.49;1883
0.61;Very Good;E;VS2;60.1;60;5.5;5.54;3.32;1884
0.58;Premium;G;VS1;61.5;58;5.35;5.41;3.31;1884
0.58;Ideal;G;VS1;62.6;54;5.3;5.34;3.33;1884
0.58;Ideal;E;VS2;61.9;56;5.35;5.38;3.32;1884
0.58;Ideal;E;VS2;61.1;57;5.39;5.41;3.3;1884
0.58;Ideal;E;VS2;61.6;55;5.33;5.38;3.3;1884
0.58;Ideal;E;VS2;61.9;57;5.33;5.37;3.31;1884
0.58;Ideal;G;VS1;62;57;5.32;5.35;3.31;1884
0.57;Ideal;E;VS1;61.6;55;5.32;5.36;3.29;1884
0.57;Ideal;E;VS1;60.5;57;5.33;5.38;3.24;1884
0.51;Ideal;D;SI1;60.7;56;5.18;5.2;3.15;1884
0.5;Very Good;G;VVS1;63.3;53;5.06;5.09;3.21;1885
0.54;Very Good;D;VS2;60.5;59;5.24;5.28;3.18;1885
0.63;Very Good;D;SI1;62.8;57;5.4;5.46;3.41;1885
0.51;Good;G;VVS2;57.6;56;5.27;5.35;3.06;1885
0.66;Ideal;G;SI1;61.7;55;5.64;5.6;3.47;1885
0.72;Very Good;J;SI1;58.3;62;5.87;5.93;3.44;1886
0.52;Ideal;E;VS1;61.3;56;5.18;5.22;3.19;1886
0.59;Premium;H;VVS2;62.3;55;5.42;5.33;3.35;1886
0.5;Very Good;G;VVS1;59.6;63;5.11;5.16;3.06;1887
0.52;Ideal;G;VS1;60.4;57;5.21;5.24;3.16;1887
0.52;Ideal;E;VS2;61.7;56;5.16;5.21;3.2;1888
0.56;Ideal;H;VS1;60.2;57;5.38;5.35;3.23;1888
0.54;Very Good;E;VS1;61.8;58;5.23;5.28;3.25;1889
0.56;Ideal;G;VVS2;62.5;56;5.24;5.28;3.29;1889
0.7;Premium;H;SI1;61.9;59;5.67;5.74;3.53;1889
0.54;Very Good;F;VS2;62;59;5.16;5.22;3.22;1889
0.58;Ideal;D;VS2;61.2;54;5.4;5.42;3.31;1889
0.71;Ideal;J;SI1;61.6;57;5.72;5.75;3.53;1889
0.7;Very Good;H;SI2;63.8;55;5.57;5.59;3.56;1890
0.7;Very Good;H;SI2;63.3;56;5.64;5.68;3.58;1890
0.7;Very Good;I;SI1;63.8;59;5.56;5.6;3.56;1890
0.7;Very Good;I;SI1;63.2;59;5.59;5.62;3.54;1890
0.55;Ideal;D;VS1;61.7;55;5.25;5.26;3.24;1890
0.6;Ideal;E;SI1;61.3;56;5.49;5.44;3.35;1890
0.56;Ideal;G;VS1;61.2;54;5.36;5.32;3.27;1890
0.55;Ideal;F;VS1;60.6;56;5.33;5.37;3.24;1890
0.7;Premium;I;SI2;62.4;58;5.68;5.64;3.53;1890
0.7;Premium;I;SI2;59.5;58;5.79;5.73;3.43;1890
0.5;Fair;E;VS1;55.3;65;5.35;5.31;2.95;1890
0.7;Premium;F;SI2;62;58;5.7;5.64;3.52;1890
0.5;Very Good;F;VVS2;61.2;57;5.1;5.13;3.13;1891
0.59;Ideal;G;SI1;61.3;56;5.41;5.43;3.32;1891
0.54;Ideal;D;VS2;61.1;56;5.25;5.29;3.22;1892
0.54;Ideal;D;VS2;61.8;56;5.21;5.24;3.23;1892
0.54;Ideal;D;VS2;61.1;57;5.22;5.25;3.2;1892
0.54;Very Good;D;VS2;61.1;55;5.24;5.37;3.24;1892
0.54;Ideal;D;VS2;61.3;56;5.22;5.26;3.21;1892
0.54;Very Good;D;VS2;61.7;58;5.16;5.24;3.21;1892
0.54;Ideal;D;VS2;61.1;57;5.19;5.29;3.2;1892
0.54;Very Good;D;VS2;60.6;58;5.26;5.3;3.2;1892
0.54;Premium;D;VS2;60.9;58;5.27;5.31;3.22;1892
0.54;Ideal;D;VS2;62.6;57;5.18;5.24;3.26;1892
0.54;Premium;D;VS2;61.5;58;5.21;5.26;3.22;1892
0.54;Ideal;D;VS2;61.8;57;5.22;5.26;3.24;1892
0.5;Ideal;E;VS2;60.4;56;5.15;5.21;3.13;1892
0.73;Fair;I;SI2;61.3;67;5.77;5.64;3.51;1892
0.5;Very Good;D;VS1;59.8;58;5.12;5.14;3.07;1893
0.53;Ideal;G;VVS2;62.1;54;5.18;5.22;3.23;1893
0.52;Ideal;H;VVS1;61.7;53;5.19;5.25;3.22;1893
0.51;Ideal;G;VVS1;60.5;59;5.16;5.19;3.13;1893
0.5;Ideal;D;VS2;61.8;56;5.11;5.14;3.16;1893
0.52;Ideal;E;VS1;62;53;5.16;5.2;3.21;1893
0.58;Ideal;E;VS1;62.6;56;5.33;5.27;3.32;1893
0.5;Ideal;D;VS1;61;56;5.13;5.17;3.14;1893
0.62;Good;G;VS1;62.5;60.8;5.37;5.47;3.39;1893
0.55;Premium;D;VS2;61.6;56;5.33;5.28;3.27;1894
0.55;Ideal;D;VS2;62.8;57;5.27;5.24;3.3;1894
0.7;Very Good;E;SI2;63.5;59;5.63;5.51;3.53;1894
0.7;Very Good;H;SI2;60.9;58;5.68;5.74;3.48;1895
0.53;Ideal;G;VVS2;61;56;5.19;5.23;3.18;1895
0.51;Good;G;VVS2;63.7;54;5.1;5.08;3.24;1895
0.51;Very Good;G;VVS2;63.4;57;5.09;5.06;3.22;1895
0.51;Very Good;G;VVS2;63.3;58;5.07;5.04;3.2;1895
0.7;Fair;D;SI1;52.2;65;6.04;5.99;3.14;1895
0.7;Very Good;J;VS2;58.2;60;5.86;5.9;3.42;1896
0.6;Very Good;D;SI1;62.2;56;5.4;5.44;3.37;1896
0.6;Premium;D;SI1;60.4;60;5.44;5.48;3.3;1896
0.6;Premium;D;SI1;61.6;58;5.42;5.45;3.35;1896
0.55;Ideal;F;VS1;61.5;56;5.26;5.3;3.25;1896
0.76;Ideal;J;SI1;62.9;54;5.82;5.85;3.67;1896
0.7;Fair;J;VS2;67.4;58;5.34;5.37;3.61;1896
0.52;Ideal;G;VVS2;61.3;56;5.18;5.2;3.18;1897
0.52;Ideal;G;VVS2;61.6;57;5.16;5.2;3.19;1897
0.6;Ideal;E;VS2;61.8;56;5.41;5.46;3.36;1897
0.5;Ideal;G;VVS1;62.2;56;5.08;5.11;3.17;1897
0.67;Good;F;SI1;60.2;61;5.64;5.69;3.41;1897
0.52;Ideal;E;VS2;60.5;56;5.27;5.21;3.17;1897
0.46;Premium;D;VVS1;60;59;5;5.04;3.01;1898
0.71;Very Good;I;SI1;61.9;58;5.66;5.69;3.51;1898
0.58;Very Good;E;VS2;60.9;58;5.4;5.39;3.29;1899
0.7;Good;H;SI2;61.5;63;5.59;5.63;3.45;1899
0.7;Good;I;SI1;63.5;59;5.62;5.65;3.58;1899
0.71;Ideal;J;VS2;62.4;54;5.72;5.76;3.58;1899
0.58;Ideal;G;VS1;60.6;56;5.43;5.48;3.3;1899
0.58;Ideal;G;VS1;62.2;55;5.32;5.35;3.32;1899
0.57;Ideal;G;VS1;60.8;56.8;5.36;5.39;3.26;1899
0.58;Ideal;F;VS1;62.2;55;5.34;5.37;3.33;1899
0.51;Ideal;H;IF;60.3;58;5.15;5.17;3.11;1899
0.71;Ideal;J;SI2;61.3;56;5.73;5.78;3.53;1901
0.55;Ideal;F;VS1;61.4;55;5.28;5.24;3.23;1901
0.99;Fair;J;I1;62.9;58;6.33;6.1;3.91;1901
0.66;Ideal;E;SI1;62.8;57;5.58;5.53;3.49;1901
0.72;Ideal;H;SI2;60.9;56;5.87;5.78;3.55;1901
0.64;Premium;F;SI1;60.1;60;5.62;5.57;3.36;1901
0.57;Very Good;F;VVS2;62.6;58;5.32;5.38;3.34;1902
0.57;Very Good;F;VVS2;63.2;56;5.28;5.32;3.35;1902
0.71;Very Good;J;VS2;62.6;54;5.68;5.72;3.57;1902
0.71;Very Good;I;SI2;62.2;58;5.61;5.7;3.52;1902
0.71;Very Good;I;SI2;61.9;54;5.67;5.74;3.53;1902
0.51;Ideal;G;VVS2;61.3;56;5.16;5.19;3.17;1902
0.71;Good;G;SI2;58.2;64;5.82;5.77;3.37;1902
0.55;Ideal;G;VS1;61.5;56.7;5.25;5.28;3.24;1902
0.73;Ideal;J;SI1;62;56;5.74;5.78;3.57;1902
0.57;Fair;F;VVS2;65.2;56.2;5.19;5.23;3.4;1902
0.71;Premium;G;SI2;58.2;60;5.91;5.88;3.43;1902
0.58;Ideal;E;VS2;61.8;57;5.32;5.36;3.3;1903
0.5;Very Good;G;VVS2;62.9;55;5.05;5.09;3.19;1904
0.53;Very Good;G;VVS1;60.3;54;5.29;5.33;3.2;1904
0.7;Very Good;J;VS1;60.9;58;5.66;5.73;3.47;1904
0.72;Ideal;J;VS2;60.8;59;5.76;5.81;3.52;1904
0.61;Ideal;D;SI1;61.4;56;5.46;5.48;3.36;1904
0.61;Ideal;D;SI1;61.6;55;5.49;5.51;3.39;1904
0.53;Premium;D;VS2;60.2;58;5.26;5.23;3.16;1904
0.76;Premium;J;SI1;58.4;59;6.01;5.97;3.51;1904
0.55;Ideal;H;IF;62.3;54;5.25;5.28;3.28;1905
0.51;Ideal;H;IF;62.1;55;5.14;5.2;3.21;1905
0.73;Premium;J;SI1;58.2;59;5.99;5.91;3.46;1905
0.63;Premium;F;VS2;61.5;59;5.53;5.5;3.39;1905
0.58;Very Good;E;VS2;59.6;59;5.4;5.44;3.23;1906
0.57;Very Good;D;SI1;59.8;60;5.4;5.34;3.21;1906
0.52;Ideal;G;VVS2;62.2;56;5.13;5.16;3.2;1906
0.52;Ideal;G;VVS2;62.7;55;5.12;5.15;3.22;1906
0.52;Ideal;G;VVS2;62.3;56;5.15;5.18;3.22;1906
0.51;Good;E;VVS2;63.4;64;5.03;5.07;3.2;1906
0.64;Good;G;VS2;64.1;55.3;5.43;5.45;3.49;1906
0.7;Very Good;J;VS2;62;59;5.61;5.65;3.49;1907
0.53;Very Good;D;VS1;59.4;59;5.25;5.32;3.14;1907
0.72;Very Good;I;SI2;63.4;56;5.67;5.72;3.61;1907
0.53;Ideal;F;SI1;60;57;5.3;5.27;3.17;1908
0.4;Ideal;F;VVS1;61.1;56;4.78;4.81;2.93;1908
0.65;Ideal;H;SI1;61.5;55;5.59;5.63;3.45;1908
0.53;Ideal;F;VS1;62.2;55;5.22;5.17;3.23;1908
0.53;Ideal;F;VS1;62.3;55;5.22;5.18;3.24;1908
0.53;Ideal;F;VS1;61.8;56;5.22;5.2;3.22;1908
0.53;Ideal;F;VS1;62;55;5.2;5.15;3.21;1908
0.53;Ideal;F;VS1;62.1;57;5.21;5.16;3.22;1908
0.53;Premium;E;VS2;58.5;61;5.33;5.26;3.1;1908
0.53;Very Good;E;VS1;62.6;59;5.19;5.25;3.27;1909
0.77;Good;J;SI1;63.3;57;5.79;5.84;3.68;1909
0.77;Premium;J;SI1;61.8;59;5.82;5.86;3.61;1909
0.72;Good;I;SI1;63.6;59;5.61;5.58;3.56;1909
0.5;Premium;G;VVS2;61.4;57;5.16;5.1;3.15;1909
0.51;Ideal;E;VS2;60.1;57;5.23;5.19;3.13;1909
0.78;Ideal;H;SI2;62.6;56;5.88;5.81;3.66;1909
0.68;Premium;D;SI1;59.8;59;5.72;5.66;3.4;1909
0.74;Very Good;F;SI2;63.1;58;5.76;5.72;3.62;1909
0.52;Ideal;F;VS2;60.1;57;5.26;5.23;3.15;1909
0.67;Ideal;G;VS2;61.4;57;5.7;5.67;3.49;1910
0.64;Very Good;D;SI1;63.7;54;5.47;5.52;3.5;1910
0.56;Premium;D;VS2;61.5;58;5.28;5.33;3.26;1910
0.67;Premium;E;SI1;59.2;61;5.74;5.72;3.39;1910
0.59;Good;G;VS1;60.4;61.2;5.38;5.43;3.26;1910
0.52;Ideal;G;VVS2;61.7;55;5.19;5.22;3.21;1911
0.52;Premium;G;VVS2;61.2;59;5.14;5.16;3.15;1911
0.52;Ideal;G;VVS2;60.8;57;5.16;5.21;3.15;1911
0.52;Ideal;G;VVS2;61.8;57;5.14;5.19;3.19;1911
0.52;Ideal;G;VVS2;59.8;57;5.24;5.26;3.14;1911
0.52;Ideal;G;VVS2;62.1;56;5.14;5.17;3.2;1911
0.52;Ideal;G;VVS2;62.4;55;5.17;5.19;3.23;1911
0.52;Ideal;G;VVS2;61.7;56;5.14;5.16;3.18;1911
0.52;Ideal;G;VVS2;61;56;5.18;5.24;3.18;1911
0.52;Ideal;G;VVS2;61.5;56;5.18;5.2;3.19;1911
0.52;Ideal;G;VVS2;61.9;55;5.14;5.16;3.19;1911
0.52;Very Good;G;VVS2;61.8;59;5.13;5.16;3.18;1911
0.52;Ideal;G;VVS2;62.1;57;5.13;5.17;3.2;1911
0.52;Premium;G;VVS2;61.1;59;5.15;5.2;3.16;1911
0.52;Ideal;G;VVS2;62.3;55;5.12;5.16;3.2;1911
0.58;Ideal;G;VS1;61.5;55;5.36;5.41;3.31;1911
0.58;Ideal;G;VS1;61.8;55;5.35;5.39;3.32;1911
0.61;Ideal;H;VVS2;60.2;57;5.53;5.47;3.31;1911
0.6;Very Good;G;VS1;61.6;56;5.4;5.44;3.34;1912
0.56;Very Good;G;VS1;59.9;60;5.37;5.41;3.23;1912
0.5;Ideal;F;VVS2;60.7;57;5.12;5.16;3.12;1912
0.74;Good;J;VS2;60.6;62.6;5.79;5.85;3.53;1912
0.59;Ideal;D;SI1;61;57;5.46;5.43;3.32;1912
0.59;Premium;D;SI1;62.3;54;5.41;5.38;3.36;1912
0.59;Ideal;D;SI1;61.8;56;5.4;5.37;3.33;1912
0.52;Very Good;G;VVS1;60.9;56;5.18;5.24;3.17;1913
0.74;Very Good;J;SI1;62.2;59;5.74;5.81;3.59;1913
0.54;Premium;D;VS2;61.6;55;5.28;5.24;3.24;1913
0.54;Ideal;D;VS2;61.9;55;5.24;5.23;3.24;1913
0.54;Premium;D;VS2;61.7;55;5.26;5.21;3.23;1913
0.57;Very Good;H;VVS1;59.6;58;5.4;5.43;3.23;1914
0.48;Very Good;F;VVS1;62.3;55;5.02;5.05;3.13;1914
0.72;Very Good;J;VS1;62.2;59.9;5.67;5.69;3.53;1914
0.54;Ideal;G;VVS2;61.2;56;5.25;5.3;3.22;1914
0.54;Ideal;G;VVS2;61.2;56;5.25;5.28;3.22;1914
0.54;Ideal;G;VVS2;61.7;57;5.23;5.26;3.23;1914
0.76;Good;I;SI1;64.1;59;5.73;5.75;3.68;1914
0.53;Premium;G;VVS2;60.8;58;5.25;5.18;3.17;1914
0.59;Ideal;F;VS2;60.2;57;5.48;5.44;3.29;1914
0.57;Ideal;D;VS2;62.5;57;5.28;5.31;3.31;1914
0.52;Ideal;D;VS1;62.1;57;5.13;5.2;3.21;1914
0.53;Ideal;G;VVS2;62.6;56;5.19;5.16;3.24;1914
0.53;Ideal;G;VVS2;62.5;54;5.21;5.19;3.25;1914
0.67;Premium;G;SI1;60.5;60;5.69;5.65;3.43;1914
0.58;Very Good;F;VS2;60.7;63;5.39;5.36;3.26;1914
0.7;Premium;I;SI1;61.8;62;5.69;5.64;3.5;1914
0.57;Premium;G;SI1;62.6;56;5.29;5.26;3.3;1915
0.59;Very Good;G;VS1;57.4;63;5.54;5.58;3.19;1915
0.56;Ideal;F;VS1;61.7;56;5.28;5.32;3.27;1915
0.7;Good;G;SI1;64;55;5.59;5.62;3.59;1915
0.56;Very Good;F;VS1;58.2;60;5.38;5.41;3.14;1915
0.5;Very Good;F;VVS2;60.8;59;5.08;5.11;3.1;1915
0.56;Ideal;F;VS1;61.7;56;5.3;5.33;3.28;1915
0.56;Ideal;F;VS1;61.7;54;5.28;5.32;3.27;1915
0.57;Premium;F;VS1;61.3;58;5.38;5.26;3.26;1915
0.7;Fair;G;SI1;68.4;58;5.59;5.55;3.61;1915
0.76;Premium;H;SI1;60.9;59;5.91;5.86;3.58;1915
0.6;Premium;E;VS2;62.7;58;5.37;5.34;3.36;1915
0.56;Premium;G;VS1;60.5;59;5.31;5.26;3.2;1915
0.56;Ideal;G;VS1;62.2;55;5.31;5.27;3.29;1915
0.56;Ideal;G;VS1;60.6;56;5.36;5.33;3.24;1915
0.56;Premium;G;VS1;62.4;58;5.3;5.22;3.28;1915
0.56;Premium;G;VS1;61.2;60;5.3;5.26;3.23;1915
0.56;Ideal;E;VS2;61.9;55;5.34;5.29;3.29;1915
0.56;Ideal;E;VS2;60.9;56;5.35;5.32;3.25;1915
0.56;Ideal;E;VS2;60.7;57;5.34;5.31;3.23;1915
0.56;Ideal;E;VS2;61.9;56;5.32;5.27;3.28;1915
0.56;Premium;E;VS2;61.8;59;5.34;5.27;3.28;1915
0.56;Premium;E;VS2;61.4;61;5.31;5.28;3.25;1915
0.56;Premium;E;VS2;61.8;56;5.31;5.28;3.27;1915
0.56;Ideal;E;VS2;61.7;54;5.35;5.28;3.28;1915
0.56;Premium;E;VS2;61.9;55;5.31;5.25;3.27;1915
0.56;Ideal;E;VS2;62.6;57;5.29;5.26;3.3;1915
0.56;Ideal;E;VS2;61.5;57;5.3;5.27;3.25;1915
0.56;Premium;E;VS2;62.1;57;5.3;5.27;3.28;1915
0.6;Premium;E;VS2;59.9;61;5.53;5.48;3.3;1915
0.38;Ideal;D;VVS1;60.3;56;4.74;4.72;2.85;1915
0.55;Ideal;G;VVS2;62.2;54;5.23;5.3;3.27;1916
0.51;Ideal;G;VVS2;62.4;56;5.1;5.13;3.19;1916
0.59;Ideal;G;VS1;62.1;55;5.35;5.4;3.34;1916
0.55;Ideal;I;VVS1;61.6;55;5.26;5.3;3.25;1916
0.59;Ideal;G;VS1;61.1;58;5.39;5.41;3.3;1916
0.71;Very Good;J;SI1;63.5;58;5.63;5.67;3.59;1917
0.81;Premium;J;SI1;61.4;60;5.98;5.94;3.66;1917
0.53;Ideal;E;VS1;61.5;55;5.22;5.24;3.22;1917
0.31;Ideal;D;IF;60.5;57;4.39;4.41;2.66;1917
0.5;Good;E;VVS2;64.8;58;4.97;5;3.23;1917
0.71;Premium;J;VS2;62.8;61;5.71;5.63;3.56;1917
0.71;Premium;I;SI2;60.3;58;5.78;5.72;3.47;1917
0.96;Fair;F;I1;62.9;66;6.29;6.07;3.91;1917
0.66;Very Good;F;SI1;59.2;58;5.69;5.72;3.38;1918
0.7;Very Good;I;SI1;62.7;56;5.64;5.68;3.55;1918
0.68;Very Good;E;SI1;58.2;60;5.75;5.79;3.36;1918
0.55;Ideal;D;VS1;61.5;56;5.26;5.28;3.24;1918
0.57;Premium;D;VS2;60.8;59;5.34;5.38;3.26;1918
0.7;Ideal;H;SI1;60.6;57;5.73;5.78;3.49;1919
0.51;Ideal;G;VVS1;61.9;53;5.14;5.2;3.2;1919
0.51;Ideal;G;VVS1;62.7;54;5.1;5.14;3.21;1919
0.57;Ideal;E;VS2;60.8;56;5.34;5.37;3.26;1919
0.52;Premium;D;VS2;61.2;58;5.2;5.16;3.17;1919
0.52;Ideal;D;VS2;61.8;57;5.2;5.16;3.2;1919
0.52;Premium;D;VS2;60.6;56;5.25;5.22;3.17;1919
0.52;Ideal;D;VS2;61.6;55;5.2;5.15;3.19;1919
0.52;Ideal;D;VS2;61.7;56;5.18;5.16;3.19;1919
0.52;Ideal;D;VS2;61.8;55;5.19;5.16;3.2;1919
0.52;Ideal;D;VS2;61.8;55;5.19;5.16;3.2;1919
0.28;Very Good;D;VVS2;64;56;4.14;4.17;2.66;532
0.26;Very Good;E;VVS1;61.4;55;4.12;4.16;2.54;532
0.3;Ideal;I;VVS2;62.3;53.7;4.29;4.32;2.68;532
0.3;Ideal;I;VVS2;62.5;53.6;4.29;4.33;2.69;532
0.3;Ideal;I;VVS1;62.2;54;4.29;4.35;2.68;532
0.38;Ideal;J;VS2;62.1;54;4.65;4.69;2.9;532
0.29;Ideal;G;VS1;61.9;55;4.25;4.28;2.64;532
0.38;Ideal;G;SI2;62;55;4.66;4.69;2.9;532
0.37;Ideal;I;SI1;60.7;60;4.6;4.62;2.8;532
0.32;Ideal;E;SI1;62.1;54;4.4;4.42;2.74;532
0.32;Ideal;E;SI1;61.5;55;4.4;4.44;2.72;532
0.33;Ideal;E;SI1;61.5;55;4.46;4.49;2.75;532
0.26;Good;D;VVS1;64.3;55;4.05;4.1;2.62;532
0.3;Very Good;I;VVS2;62.1;56;4.27;4.31;2.66;533
0.3;Very Good;H;VVS2;62;55;4.28;4.32;2.67;533
0.24;Very Good;F;VVS2;58;60;4.09;4.12;2.38;533
0.25;Very Good;E;VVS2;61.1;61;4.03;4.06;2.47;533
0.25;Very Good;D;VVS1;63.8;54;3.94;3.99;2.53;533
0.32;Very Good;F;SI1;62.3;55;4.39;4.44;2.75;533
0.32;Very Good;F;SI1;62.7;57;4.37;4.4;2.75;533
0.32;Good;F;SI1;63.2;55;4.37;4.4;2.77;533
0.32;Premium;J;IF;61.2;59;4.41;4.44;2.71;533
0.32;Very Good;F;SI1;59.3;58;4.47;4.5;2.66;533
0.32;Ideal;J;IF;62.2;55;4.4;4.44;2.75;533
0.32;Ideal;J;IF;62.2;56;4.37;4.41;2.73;533
0.32;Premium;F;SI1;60;59;4.42;4.45;2.66;533
0.37;Ideal;H;SI1;59.7;56;4.67;4.71;2.8;533
0.37;Good;H;SI1;63.2;57;4.54;4.58;2.88;533
0.31;Ideal;D;SI1;62.5;53;4.34;4.37;2.72;533
0.31;Premium;D;SI1;60.6;59;4.35;4.39;2.65;533
0.52;Ideal;D;VS2;61.5;56;5.19;5.15;3.18;1919
0.52;Ideal;D;VS2;61.3;56;5.2;5.15;3.17;1919
0.52;Ideal;D;VS2;62.3;54;5.19;5.14;3.22;1919
0.52;Ideal;D;VS2;61.8;56;5.17;5.15;3.19;1919
0.52;Ideal;D;VS2;62.7;53;5.17;5.14;3.23;1919
0.52;Ideal;D;VS2;62.6;55;5.14;5.12;3.21;1919
0.52;Ideal;D;VS2;62.2;56;5.16;5.13;3.2;1919
0.52;Ideal;D;VS2;61.9;57;5.17;5.14;3.19;1919
0.52;Ideal;D;VS2;62.3;56;5.16;5.11;3.2;1919
0.52;Ideal;D;VS2;62.6;56;5.14;5.11;3.21;1919
0.54;Ideal;G;VVS2;62;56;5.23;5.27;3.25;1920
0.51;Ideal;H;IF;62.6;56;5.1;5.13;3.2;1920
0.53;Ideal;H;IF;62;54;5.19;5.23;3.23;1920
0.56;Good;E;VS2;62.3;63;5.22;5.27;3.27;1920
0.7;Fair;F;SI2;58.2;66;5.77;5.74;3.35;1920
0.5;Premium;E;VS2;60.3;58;5.15;5.13;3.1;1920
0.63;Premium;H;VS1;62.9;60;5.45;5.33;3.39;1921
0.5;Ideal;H;VS2;62.3;55;5.09;5.12;3.18;1921
0.63;Premium;E;SI1;61.3;58;5.57;5.52;3.4;1921
0.72;Premium;I;SI1;62;52;5.71;5.67;3.53;1922
0.71;Very Good;J;VS2;59;61;5.81;5.85;3.44;1922
0.7;Good;J;VVS2;63.2;55;5.63;5.57;3.54;1922
0.53;Ideal;G;VS1;61.3;57;5.18;5.22;3.19;1922
0.5;Ideal;D;VS1;61.1;56;5.12;5.23;3.16;1922
0.7;Good;J;VVS2;64.3;56;5.57;5.63;3.6;1922
0.71;Good;J;VS2;60.6;61;5.7;5.79;3.48;1922
0.71;Good;I;SI2;61.3;63;5.66;5.7;3.48;1922
0.57;Ideal;H;VS1;61;57;5.37;5.34;3.26;1922
0.74;Very Good;J;SI2;59.1;58;5.93;5.99;3.52;1923
0.71;Premium;I;VS2;59.7;60;5.83;5.86;3.49;1923
0.75;Ideal;J;VS2;62.3;57;5.81;5.84;3.63;1923
0.5;Very Good;H;IF;61.4;61;5.14;5.03;3.12;1923
0.5;Ideal;H;IF;61;56;5.15;5.17;3.15;1923
0.5;Ideal;D;VS1;61.6;57;5.09;5.13;3.15;1923
0.6;Ideal;F;VS2;58.6;60;5.54;5.62;3.27;1923
0.56;Ideal;D;VS1;61.7;56;5.3;5.33;3.28;1924
0.56;Ideal;D;VS1;60.4;56;5.33;5.36;3.23;1924
0.44;Ideal;E;VVS1;61.1;56;4.91;4.94;3.01;1924
0.68;Good;F;SI1;61.2;61;5.59;5.63;3.43;1924
0.79;Premium;J;SI1;58.8;62;6.03;6.01;3.54;1924
0.51;Premium;G;VVS1;60.2;58;5.2;5.24;3.14;1925
0.51;Good;G;VVS1;63.9;57;5.06;5.08;3.24;1925
0.51;Premium;G;VVS1;62.4;58;5.09;5.13;3.19;1925
0.55;Ideal;D;VS2;61.6;56;5.25;5.3;3.25;1925
0.7;Very Good;E;SI1;63.3;58;5.63;5.57;3.55;1926
0.51;Ideal;G;VVS2;61.9;55;5.14;5.17;3.19;1926
0.71;Very Good;I;SI1;60.4;63;5.73;5.8;3.48;1926
0.64;Premium;E;VS2;61.6;62;5.48;5.46;3.37;1926
0.48;Ideal;F;VVS1;62;55;4.99;5.04;3.11;1926
0.72;Ideal;J;SI2;61.7;55;5.77;5.81;3.57;1926
0.7;Ideal;J;SI1;60.4;56;5.71;5.74;3.46;1926
0.54;Ideal;G;VVS2;61.9;55;5.2;5.3;3.25;1927
0.61;Ideal;D;SI1;62;55;5.44;5.47;3.38;1927
0.72;Ideal;I;SI2;60.7;60;5.75;5.78;3.5;1927
0.62;Ideal;D;SI1;60.8;59;5.48;5.5;3.34;1927
0.73;Premium;I;SI2;62;57;5.79;5.76;3.58;1927
0.73;Premium;H;SI2;58.7;58;5.94;5.91;3.48;1927
0.55;Premium;E;VS2;61.1;58;5.28;5.3;3.23;1928
0.55;Premium;D;VS2;61.3;60;5.28;5.29;3.24;1928
0.55;Ideal;D;VS2;61.5;56;5.25;5.28;3.24;1928
0.55;Ideal;D;VS2;61.4;57;5.27;5.31;3.25;1928
0.55;Ideal;D;VS2;62.3;55;5.24;5.29;3.28;1928
0.55;Ideal;D;VS2;61.8;54;5.26;5.29;3.26;1928
0.53;Ideal;E;VS1;61.5;57;5.22;5.25;3.22;1928
0.51;Premium;E;VS1;61.3;58;5.17;5.14;3.16;1928
0.51;Premium;E;VS1;61.9;58;5.15;5.1;3.17;1928
0.7;Ideal;F;I1;62.1;57;5.67;5.64;3.52;1928
0.51;Premium;D;VS2;58;60;5.29;5.26;3.06;1928
0.56;Very Good;F;VS1;61.2;58;5.32;5.33;3.26;1929
0.56;Ideal;H;VVS1;60.8;57;5.3;5.35;3.24;1929
0.56;Ideal;H;VVS1;60;56;5.37;5.4;3.23;1929
0.57;Ideal;H;VVS1;61.8;55;5.33;5.38;3.31;1929
0.72;Ideal;J;SI1;62.7;56;5.75;5.67;3.58;1929
0.56;Ideal;D;VS2;62.2;56;5.28;5.26;3.28;1929
0.7;Good;E;SI2;63.9;59;5.68;5.56;3.59;1929
0.71;Very Good;J;VS2;62.3;57;5.65;5.69;3.53;1930
0.56;Premium;E;VS1;62.6;58;5.23;5.28;3.29;1930
0.56;Ideal;E;VS1;61.3;55;5.29;5.32;3.25;1930
0.6;Ideal;G;VS2;61.1;55;5.46;5.48;3.34;1930
0.56;Very Good;E;VS1;62.7;60;5.25;5.28;3.3;1931
0.6;Ideal;H;VVS2;62.2;55;5.38;5.43;3.36;1931
0.55;Premium;F;VS2;59;58;5.38;5.33;3.16;1931
0.74;Premium;J;SI1;61.6;59;5.82;5.77;3.57;1931
0.71;Very Good;J;SI1;59.2;58;5.86;5.9;3.48;1932
0.53;Ideal;G;VVS2;60.6;56;5.25;5.28;3.19;1932
0.71;Ideal;J;VS1;61.9;55;5.69;5.75;3.54;1932
0.5;Good;E;VS1;61.1;58.2;5.08;5.12;3.11;1932
0.63;Very Good;H;VVS2;63.2;60;5.49;5.39;3.44;1932
0.63;Ideal;F;SI1;59.9;59;5.59;5.63;3.36;1932
0.52;Ideal;G;VVS2;62.1;57;5.15;5.13;3.19;1932
1;Premium;H;I1;60.4;61;6.39;6.32;3.84;1932
0.98;Fair;G;I1;58.7;57;6.54;6.43;3.8;1932
0.98;Fair;G;I1;67.3;60;6.17;6.11;4.14;1932
0.62;Premium;G;VS1;59.8;58;5.55;5.58;3.33;1933
0.51;Ideal;G;VVS1;61;57;5.17;5.19;3.16;1933
0.51;Ideal;G;VVS1;60.4;57;5.2;5.22;3.15;1933
0.51;Ideal;G;VVS1;61.6;56;5.12;5.16;3.17;1933
0.57;Very Good;G;VS1;59.9;57;5.38;5.47;3.25;1934
0.49;Ideal;D;VS1;62.3;55;5.03;5.05;3.14;1934
0.62;Ideal;D;SI1;61.6;55;5.49;5.51;3.39;1934
0.7;Good;G;SI2;64.1;56;5.64;5.59;3.6;1935
0.5;Ideal;G;VVS2;62;56;5.13;5.09;3.17;1935
0.5;Premium;G;VVS2;59.6;60;5.18;5.15;3.08;1935
0.5;Ideal;G;VVS2;61.4;57;5.13;5.1;3.14;1935
0.5;Premium;G;VVS2;61.6;60;5.13;5.1;3.15;1935
0.5;Premium;G;VVS2;60.7;57;5.14;5.1;3.11;1935
0.5;Premium;G;VVS2;60.9;61;5.13;5.11;3.12;1935
0.5;Ideal;G;VVS2;60.5;55;5.15;5.13;3.11;1935
0.5;Ideal;G;VVS2;62.1;55;5.09;5.05;3.15;1935
0.5;Ideal;G;VVS2;62.3;56;5.09;5.05;3.16;1935
0.5;Premium;G;VVS2;60.9;59;5.12;5.09;3.11;1935
0.5;Ideal;G;VVS2;61.2;56;5.13;5.1;3.13;1935
0.5;Ideal;G;VVS2;62.9;57;5.11;5.04;3.19;1935
0.5;Ideal;G;VVS2;62.8;57;5.04;4.99;3.15;1935
0.56;Premium;F;VS2;60.5;59;5.42;5.33;3.25;1935
0.52;Ideal;G;VVS1;61.9;54.4;5.15;5.18;3.2;1936
0.66;Ideal;H;SI1;61.6;55;5.63;5.66;3.48;1936
0.54;Ideal;F;VS1;60.9;56;5.27;5.29;3.21;1937
0.5;Ideal;D;VS1;61.9;55;5.09;5.12;3.16;1937
0.7;Ideal;J;SI1;62.6;56;5.66;5.68;3.55;1937
0.71;Very Good;I;SI2;61.1;56;5.75;5.79;3.53;1938
0.56;Good;E;VS1;61.7;65;5.21;5.23;3.22;1938
0.5;Very Good;G;VVS2;60.6;66;5.06;5.1;3.08;1939
0.54;Good;D;VS1;63.2;56;5.21;5.23;3.3;1939
0.54;Ideal;E;VS1;62;56;5.17;5.25;3.23;1939
0.54;Premium;E;VS1;60.3;58;5.26;5.32;3.19;1939
0.54;Ideal;E;VS1;61;56;5.24;5.35;3.23;1939
0.63;Very Good;D;SI1;62.8;57;5.46;5.49;3.44;1939
0.53;Ideal;F;VS1;60.8;55;5.26;5.3;3.21;1939
0.54;Ideal;D;VS2;61.2;56;5.29;5.23;3.22;1939
0.9;Fair;G;I1;65.1;58;6.05;5.99;3.92;1939
0.9;Good;H;I1;57.4;63;6.38;6.33;3.65;1939
0.9;Premium;G;I1;62.3;53;6.16;6.12;3.82;1939
0.9;Premium;H;I1;62.8;61;6.09;6.07;3.82;1939
0.6;Very Good;F;VS2;59.5;57.8;5.48;5.56;3.28;1940
0.5;Very Good;G;VVS1;61.3;57;5.15;5.07;3.13;1940
0.7;Very Good;F;SI2;59.9;59;5.75;5.81;3.46;1940
0.7;Very Good;F;SI2;60.9;58;5.7;5.77;3.49;1940
0.7;Very Good;F;SI2;62.1;57;5.63;5.68;3.51;1940
0.55;Ideal;E;VS1;61.6;55;5.33;5.28;3.27;1940
0.49;Premium;D;VVS2;58.8;60;5.26;5.14;3.06;1940
0.71;Ideal;J;SI1;61.4;56;5.75;5.78;3.54;1940
0.6;Good;F;VS2;58.8;60.7;5.52;5.55;3.25;1940
0.77;Premium;J;VS2;62.1;62;5.87;5.82;3.63;1940
0.7;Very Good;J;VS2;63.2;61;5.62;5.59;3.54;1940
0.7;Ideal;J;VS2;61.6;56;5.71;5.65;3.5;1940
0.7;Premium;J;VS2;61.2;60;5.73;5.7;3.5;1940
0.53;Premium;D;VS1;62.4;61;5.25;5.14;3.24;1940
0.55;Very Good;E;VS1;62.8;56;5.2;5.24;3.28;1941
0.53;Ideal;G;VVS2;61.8;58;5.18;5.2;3.21;1941
0.72;Premium;J;VS2;61.7;58;5.67;5.77;3.53;1941
0.56;Ideal;H;VVS1;61.7;55;5.3;5.33;3.28;1941
0.56;Ideal;H;VVS1;61.4;56;5.3;5.32;3.26;1941
0.59;Ideal;E;VS2;60.2;59;5.47;5.49;3.3;1941
0.59;Ideal;E;VS2;60.2;61;5.43;5.47;3.28;1941
0.54;Ideal;D;VS1;62;56;5.21;5.25;3.24;1941
0.57;Very Good;E;VS1;62.9;56;5.31;5.35;3.35;1942
0.72;Very Good;H;SI2;63.5;58;5.65;5.68;3.6;1942
0.59;Very Good;G;VS1;62.5;53;5.46;5.35;3.38;1942
0.71;Very Good;G;SI1;61.1;61;5.71;5.72;3.49;1942
0.5;Very Good;F;VVS2;62.7;56;5.08;5.03;3.17;1942
0.7;Premium;H;SI2;62.9;61;5.57;5.53;3.49;1942
0.57;Ideal;G;VS1;61.2;55;5.35;5.38;3.29;1942
0.57;Ideal;G;VS1;59.3;57;5.42;5.45;3.23;1942
0.57;Ideal;E;VS1;62.1;53;5.36;5.41;3.34;1942
0.51;Good;F;VVS2;60.2;62;5.16;5.21;3.12;1942
0.62;Premium;F;VS1;60.1;58;5.56;5.48;3.32;1942
0.53;Ideal;F;VVS2;62.3;56;5.2;5.24;3.25;1943
0.57;Ideal;G;VS1;62.5;54.2;5.29;5.31;3.31;1943
0.79;Good;F;SI2;64.3;60;5.82;5.75;3.72;1943
0.54;Fair;F;SI1;64.8;59;5.11;5.05;3.29;1944
0.54;Very Good;F;SI1;63.5;58;5.21;5.15;3.29;1944
0.54;Premium;I;VVS2;60.9;59;5.28;5.26;3.21;1944
0.57;Premium;D;VS2;61.9;58;5.32;5.35;3.3;1944
0.57;Premium;D;VS2;61.7;60;5.28;5.32;3.27;1944
0.72;Premium;J;VS2;61.4;58;5.76;5.74;3.53;1944
0.54;Ideal;H;VVS1;60.4;55;5.32;5.27;3.2;1944
0.54;Ideal;H;VVS1;60.3;56;5.33;5.28;3.2;1944
0.54;Ideal;H;VVS1;61.7;57;5.24;5.23;3.23;1944
0.54;Ideal;H;VVS1;61.1;57;5.26;5.22;3.2;1944
0.54;Ideal;H;VVS1;61.8;55;5.24;5.21;3.23;1944
0.54;Premium;H;VVS1;62;57;5.25;5.2;3.24;1944
0.75;Fair;J;VS2;59.1;66;5.99;5.82;3.49;1944
0.75;Ideal;J;SI2;60.8;57;5.91;5.87;3.58;1944
0.6;Good;D;SI1;63.8;57;5.32;5.27;3.38;1944
0.72;Premium;J;VS2;60.2;59;5.85;5.81;3.51;1944
0.65;Very Good;D;SI1;62.4;58;5.52;5.57;3.46;1945
0.91;Good;J;I1;63.1;57;6.06;6.12;3.84;1945
0.7;Ideal;J;VVS1;61.6;58;5.69;5.71;3.51;1945
0.72;Good;H;SI2;65.8;59;5.51;5.58;3.65;1945
0.53;Ideal;G;VVS2;60.4;59;5.26;5.3;3.19;1946
0.53;Ideal;G;VVS2;61;56;5.21;5.25;3.19;1946
0.69;Premium;F;SI1;61.2;58;5.73;5.7;3.5;1946
0.53;Premium;E;VS2;59.9;61;5.3;5.25;3.16;1946
0.7;Fair;F;SI2;64.6;57;5.6;5.57;3.61;1947
0.71;Ideal;I;SI2;61.6;56;5.72;5.74;3.53;1947
0.52;Ideal;E;VS2;61.2;56;5.2;5.16;3.17;1947
0.46;Premium;D;VVS1;60;59;5.04;5;3.01;1947
0.53;Very Good;G;VVS1;61.7;57;5.19;5.22;3.21;1948
0.59;Very Good;D;VS2;63.2;57;5.28;5.32;3.35;1948
0.55;Ideal;G;VVS2;60.5;56;5.36;5.37;3.24;1948
0.53;Ideal;G;VVS2;61.4;57;5.19;5.26;3.21;1948
0.53;Ideal;G;VVS2;62.2;54;5.17;5.22;3.23;1948
0.53;Ideal;G;VVS2;61.7;56;5.2;5.23;3.22;1948
0.53;Ideal;G;VVS2;60.4;56;5.24;5.29;3.18;1948
0.7;Premium;H;SI1;61.1;58;5.74;5.79;3.52;1948
0.53;Ideal;E;VS2;61.5;56;5.22;5.25;3.22;1948
0.7;Good;G;SI2;59.4;61;5.77;5.81;3.44;1948
0.58;Premium;G;SI1;62.4;60;5.34;5.3;3.32;1949
0.62;Very Good;D;SI1;61.3;58;5.47;5.49;3.36;1949
0.56;Ideal;G;VVS2;62;54;5.28;5.32;3.29;1949
0.57;Ideal;F;VS1;62.6;56;5.27;5.33;3.32;1949
0.76;Very Good;J;VS2;59.9;59;5.92;5.94;3.55;1949
0.57;Ideal;F;VS1;61.9;56;5.3;5.39;3.31;1949
0.57;Ideal;H;VVS1;60.9;56;5.36;5.38;3.27;1949
0.57;Ideal;E;VS2;60.4;57;5.4;5.35;3.25;1949
0.7;Fair;G;SI1;66;53;5.53;5.47;3.63;1949
0.56;Ideal;H;VS1;61.6;56;5.31;5.34;3.28;1949
0.53;Ideal;H;IF;62;54;5.22;5.27;3.25;1949
0.57;Ideal;G;VS1;62;55;5.35;5.29;3.3;1949
0.57;Ideal;G;VS1;62.1;56;5.33;5.3;3.3;1949
0.57;Ideal;G;VS1;61.3;56;5.36;5.34;3.28;1949
0.57;Premium;G;VS1;62.4;58;5.32;5.29;3.31;1949
0.57;Ideal;E;VS2;61.7;56;5.36;5.34;3.3;1949
0.57;Ideal;E;VS2;61.8;55;5.38;5.34;3.31;1949
0.57;Ideal;E;VS2;61.9;57;5.31;5.29;3.28;1949
0.57;Ideal;E;VS2;61.8;56;5.33;5.29;3.28;1949
0.57;Premium;E;VS2;61;58;5.34;5.31;3.25;1949
0.57;Premium;E;VS2;61.4;58;5.37;5.32;3.28;1949
0.57;Ideal;E;VS2;61.6;56;5.38;5.33;3.3;1949
0.57;Ideal;E;VS2;62.9;57;5.29;5.26;3.32;1949
0.57;Premium;D;SI1;58.9;59;5.46;5.41;3.2;1949
0.58;Premium;E;SI1;60.6;56;5.42;5.38;3.27;1949
0.57;Premium;D;SI1;63;59;5.27;5.23;3.31;1949
0.7;Ideal;J;SI1;60.1;59;5.79;5.75;3.47;1949
0.56;Ideal;F;VS2;61.8;55;5.3;5.34;3.29;1950
0.46;Ideal;F;IF;62;55;4.96;4.98;3.08;1950
0.7;Good;H;SI2;60.2;63;5.7;5.73;3.44;1950
0.53;Premium;E;VS1;58.5;61;5.39;5.28;3.12;1950
0.54;Ideal;G;VVS2;60.8;56;5.31;5.28;3.22;1950
0.86;Very Good;J;SI2;63.2;61;6.05;5.97;3.79;1950
0.5;Fair;E;VS1;56.1;64;5.31;5.28;2.97;1950
0.69;Very Good;F;SI1;62.6;59.6;5.59;5.66;3.52;1951
0.58;Ideal;G;VS2;61.1;55;5.42;5.38;3.3;1951
0.56;Good;E;VS1;59.8;61;5.35;5.36;3.2;1951
0.69;Good;F;SI1;58.4;61.7;5.75;5.82;3.38;1951
0.49;Very Good;F;VVS1;62.2;56;5.04;5.08;3.14;1952
0.73;Very Good;J;VS2;60.6;61;5.77;5.81;3.51;1952
0.7;Very Good;J;VS2;61.1;61;5.64;5.69;3.46;1952
0.63;Very Good;E;SI1;61;57.6;5.48;5.51;3.36;1952
0.71;Premium;I;VS2;60;58;5.79;5.85;3.49;1952
0.53;Ideal;D;VS1;61.3;56;5.21;5.23;3.2;1952
0.63;Fair;E;SI1;64.6;57.7;5.36;5.41;3.47;1952
0.51;Premium;F;VVS2;62.3;58;5.08;5.1;3.17;1953
0.72;Very Good;H;SI2;61;56;5.75;5.8;3.52;1953
0.7;Ideal;J;VS2;62;58;5.66;5.69;3.52;1953
0.58;Ideal;F;VS1;61.4;56;5.38;5.4;3.31;1953
0.7;Premium;J;VS1;59.6;62;5.77;5.7;3.42;1953
0.78;Premium;J;SI1;63;60;5.88;5.82;3.66;1954
1;Fair;G;I1;67.3;57;6.26;6.12;4.18;1954
0.54;Very Good;E;VVS2;63.3;60;5.1;5.17;3.25;1955
0.53;Ideal;G;VVS2;60.8;57;5.24;5.28;3.2;1955
0.7;Good;F;SI1;64.3;63;5.55;5.58;3.58;1955
0.46;Ideal;E;VVS1;62.5;53;4.95;5;3.11;1955
0.57;Ideal;D;VS2;61.8;57;5.29;5.32;3.28;1955
0.54;Ideal;D;VS1;61.4;53;5.28;5.3;3.25;1955
0.53;Ideal;G;VVS1;61.8;56;5.19;5.24;3.22;1956
0.52;Ideal;H;IF;62.1;57;5.13;5.16;3.19;1956
0.53;Premium;D;VS2;60.4;58;5.26;5.23;3.17;1956
0.53;Ideal;D;VS2;60.2;57;5.26;5.24;3.16;1956
0.53;Ideal;D;VS2;60.6;57;5.28;5.24;3.19;1956
0.53;Premium;D;VS2;61.5;58;5.24;5.2;3.21;1956
0.53;Ideal;D;VS2;61.2;57;5.26;5.2;3.2;1956
0.53;Ideal;D;VS2;61.7;55;5.23;5.21;3.22;1956
0.53;Ideal;D;VS2;61.4;55;5.25;5.21;3.21;1956
0.53;Ideal;D;VS2;61.2;55;5.25;5.21;3.2;1956
0.53;Ideal;D;VS2;62.6;56;5.18;5.14;3.23;1956
0.53;Ideal;D;VS2;62.2;56;5.19;5.16;3.22;1956
0.53;Ideal;D;VS2;62.1;55;5.2;5.17;3.22;1956
0.53;Ideal;D;VS2;61.5;56;5.23;5.17;3.2;1956
0.53;Ideal;D;VS2;61.2;56;5.23;5.2;3.19;1956
0.53;Ideal;D;VS2;61.4;56;5.23;5.2;3.2;1956
0.53;Ideal;D;VS2;62.3;56;5.17;5.14;3.21;1956
0.77;Fair;J;SI1;60.2;66;5.97;5.81;3.55;1956
0.53;Ideal;E;VS2;62;56;5.29;5.2;3.25;1956
0.53;Ideal;E;VS2;60.8;56;5.28;5.25;3.21;1956
0.53;Ideal;E;VS2;62.3;57;5.23;5.19;3.25;1956
0.73;Ideal;J;SI1;61.3;57;5.82;5.8;3.56;1956
0.52;Ideal;G;VVS2;61.4;55.3;5.18;5.21;3.19;1957
0.52;Ideal;G;VVS2;61.6;55;5.14;5.18;3.19;1957
0.53;Premium;H;IF;62.5;59;5.15;5.18;3.23;1957
0.54;Ideal;G;VS1;61.6;56;5.24;5.28;3.24;1957
0.54;Ideal;G;VS1;60.6;56;5.28;5.31;3.21;1957
0.54;Ideal;G;VS1;61;57;5.25;5.28;3.21;1957
0.54;Ideal;G;VS1;60.1;57;5.29;5.31;3.18;1957
0.52;Ideal;G;VVS2;61.6;54;5.17;5.22;3.2;1958
0.53;Ideal;G;VVS1;62.1;56;5.19;5.21;3.23;1958
0.75;Premium;J;SI1;61.7;56;5.92;5.81;3.62;1958
0.75;Very Good;J;SI1;63.1;57;5.79;5.74;3.64;1958
0.51;Very Good;D;VS1;62.2;59;5.1;5.13;3.18;1959
0.31;Ideal;D;SI1;61.8;57;4.33;4.37;2.69;533
0.31;Ideal;D;SI1;61.2;57;4.34;4.38;2.67;533
0.31;Ideal;D;SI1;62;56;4.35;4.39;2.71;533
0.31;Good;D;SI1;63.8;57;4.29;4.33;2.75;533
0.27;Ideal;I;VS2;62.1;56;4.14;4.18;2.58;534
0.32;Ideal;H;VS2;61.7;56;4.39;4.42;2.72;534
0.32;Ideal;H;VS2;61.5;57;4.41;4.45;2.72;534
0.33;Ideal;I;VS1;62.1;53.9;4.43;4.45;2.76;534
0.39;Ideal;I;SI1;62.4;54;4.67;4.69;2.92;534
0.33;Very Good;H;SI2;63.5;57;4.39;4.36;2.78;534
0.25;Ideal;F;VS2;61.6;55;4.06;4.08;2.51;535
0.25;Ideal;F;VS2;62.9;55;4.01;4.05;2.53;535
0.25;Ideal;F;VS2;61.7;56;4.04;4.07;2.5;535
0.25;Ideal;E;VS2;62.1;57;4.01;4.05;2.5;535
0.25;Ideal;E;VS2;60.6;57;4.08;4.11;2.48;535
0.25;Ideal;E;VS2;62.1;57;4.02;4.06;2.5;535
0.28;Very Good;F;VS1;62.3;52;4.2;4.26;2.62;536
0.34;Very Good;G;SI1;61.2;54;4.53;4.56;2.78;536
0.31;Ideal;I;VVS1;61.2;55.6;4.33;4.38;2.67;536
0.23;Ideal;G;VVS1;61.9;58;3.93;3.96;2.44;536
0.23;Ideal;G;VVS1;61.5;57;3.94;3.97;2.43;536
0.23;Ideal;G;VVS1;60.8;57;3.96;3.99;2.41;536
0.23;Ideal;G;IF;61.8;56;3.92;3.94;2.43;536
0.23;Ideal;G;IF;62.8;55;3.93;3.96;2.48;536
0.23;Ideal;G;IF;61.7;55;3.94;3.98;2.44;536
0.33;Good;F;SI1;61.8;62;4.4;4.45;2.74;536
0.24;Ideal;F;VS1;62;56;3.99;3.94;2.46;536
0.24;Ideal;F;VS2;61.8;57;4.02;3.97;2.47;536
0.24;Premium;E;VS2;62.6;58;4.03;3.99;2.51;536
0.34;Premium;H;SI2;58.6;62;4.62;4.6;2.7;536
0.7;Very Good;J;SI2;63.2;60;5.58;5.62;3.54;1959
0.7;Very Good;J;SI1;61.1;60;5.66;5.7;3.47;1959
0.62;Ideal;D;SI1;62.2;55;5.45;5.51;3.41;1959
0.72;Good;J;VS1;63.7;54;5.68;5.71;3.63;1959
0.51;Ideal;D;VS1;62.1;55;5.14;5.2;3.21;1959
0.63;Very Good;G;VS1;61.5;56;5.53;5.49;3.39;1960
0.54;Premium;E;VS1;61.3;56;5.27;5.23;3.22;1960
0.63;Premium;F;VS2;58.2;61;5.68;5.62;3.29;1960
0.5;Ideal;F;VVS2;62.1;58;5.07;5.11;3.16;1960
0.71;Premium;H;SI2;61.5;57;5.76;5.69;3.52;1960
0.71;Good;G;SI2;63.8;56;5.65;5.6;3.59;1960
0.51;Very Good;F;VS1;60.8;59;5.15;5.18;3.14;1961
0.58;Ideal;H;VVS1;62.1;53.6;5.35;5.38;3.34;1961
0.56;Ideal;H;VVS1;62.1;53.8;5.27;5.33;3.29;1961
0.57;Ideal;H;VVS1;61.6;56;5.32;5.35;3.28;1961
0.58;Ideal;H;VVS1;62.4;55;5.32;5.36;3.33;1961
0.57;Ideal;F;VS1;62.3;57;5.29;5.32;3.3;1961
0.7;Ideal;I;SI2;61.3;57;5.7;5.73;3.5;1961
0.74;Premium;H;SI2;60.9;61;5.84;5.75;3.53;1962
0.54;Ideal;G;VVS2;62.4;53.4;5.22;5.25;3.26;1962
0.51;Ideal;D;VS1;61.6;57;5.13;5.16;3.17;1962
0.54;Ideal;E;VS1;61.2;57;5.25;5.27;3.22;1962
0.74;Fair;H;SI2;62;53;5.85;5.74;3.6;1962
0.56;Ideal;D;VS2;61.4;57;5.32;5.36;3.28;1963
0.56;Ideal;D;VS2;61.9;57;5.26;5.3;3.27;1963
0.56;Ideal;D;VS2;60.9;56;5.32;5.35;3.25;1963
0.56;Ideal;D;VS2;61.6;56;5.27;5.31;3.26;1963
0.56;Ideal;D;VS2;60.9;56;5.31;5.36;3.25;1963
0.56;Ideal;D;VS2;61.2;56;5.3;5.35;3.26;1963
0.56;Ideal;D;VS2;62.2;56;5.24;5.28;3.27;1963
0.56;Very Good;E;VS2;61.1;57;5.33;5.37;3.27;1963
0.56;Ideal;D;VS2;61.1;56;5.3;5.33;3.25;1963
0.56;Ideal;D;VS2;61.4;55;5.33;5.35;3.28;1963
0.56;Ideal;D;VS2;60.6;56;5.33;5.37;3.24;1963
0.56;Ideal;D;VS2;61;57;5.28;5.35;3.24;1963
0.56;Premium;D;VS2;61.1;58;5.3;5.34;3.25;1963
0.56;Very Good;D;VS2;62.8;57;5.25;5.29;3.31;1963
0.56;Ideal;D;VS2;61.5;57;5.28;5.33;3.26;1963
0.56;Ideal;D;VS2;62.1;57;5.25;5.28;3.27;1963
0.71;Premium;G;SI2;62.4;59;5.67;5.61;3.52;1963
0.51;Ideal;G;VVS1;61.4;56;5.14;5.15;3.16;1963
0.74;Ideal;J;SI1;61.7;56;5.81;5.85;3.6;1963
0.57;Ideal;D;VS2;62.1;56;5.34;5.29;3.3;1963
0.57;Ideal;D;VS2;62.4;57;5.32;5.26;3.3;1963
0.68;Very Good;F;SI1;60.1;57.9;5.69;5.74;3.43;1964
0.7;Very Good;E;SI2;60.2;64;5.67;5.7;3.42;1964
0.63;Ideal;D;SI1;61.5;56;5.52;5.53;3.4;1964
0.88;Good;J;VS1;64;56;5.98;5.9;3.8;1964
0.57;Ideal;E;VS1;61.4;57;5.32;5.37;3.28;1965
0.58;Ideal;E;VS1;60.1;57;5.41;5.47;3.27;1965
0.75;Good;J;SI1;61;59;5.79;5.85;3.55;1965
0.59;Premium;I;IF;61.2;58;5.41;5.38;3.3;1965
0.7;Ideal;G;SI2;61.8;56;5.66;5.6;3.48;1966
0.7;Premium;G;SI2;62;59;5.62;5.58;3.47;1966
0.72;Very Good;J;SI1;63;57;5.69;5.74;3.6;1966
0.5;Ideal;G;VVS1;62.2;56;5.1;5.12;3.18;1966
0.5;Premium;G;VVS1;61;60;5.08;5.12;3.11;1966
0.59;Ideal;G;VVS2;62.2;56;5.37;5.4;3.35;1966
0.5;Good;G;VVS1;63.3;56;5.07;5.1;3.22;1966
0.5;Very Good;G;VVS1;62.3;59;5.01;5.04;3.13;1966
0.5;Ideal;G;VVS1;62.7;57;5.07;5.1;3.19;1966
0.7;Very Good;G;SI2;58.2;63;5.82;5.79;3.38;1966
0.72;Ideal;J;SI1;62.6;56;5.67;5.74;3.57;1966
0.5;Good;G;VVS1;60;62;5.12;5.18;3.09;1966
0.7;Premium;I;VS2;63;60;5.62;5.59;3.53;1966
0.7;Premium;F;SI2;58.4;61;5.86;5.79;3.4;1966
0.64;Very Good;D;SI1;62.2;55;5.51;5.55;3.44;1967
0.64;Ideal;D;SI1;62.1;56;5.5;5.55;3.43;1967
0.52;Ideal;H;IF;59.2;58;5.23;5.31;3.12;1967
0.59;Ideal;E;VS2;62.3;55;5.35;5.38;3.34;1968
0.71;Premium;J;VS2;60.1;61;5.82;5.77;3.48;1968
0.83;Good;F;SI2;63.7;59;5.91;5.86;3.75;1968
0.7;Very Good;J;VVS2;63.2;55;5.63;5.57;3.54;1968
0.64;Very Good;D;SI1;62.3;58;5.49;5.53;3.43;1969
0.72;Good;G;SI1;64;59;5.59;5.63;3.59;1969
0.52;Ideal;G;VVS1;61;57;5.18;5.2;3.17;1969
0.61;Very Good;H;VVS2;60.5;57;5.52;5.54;3.35;1970
0.61;Very Good;H;VVS2;61.4;57;5.46;5.5;3.36;1970
0.72;Very Good;H;SI2;62.6;53;5.75;5.78;3.61;1970
0.72;Very Good;H;SI2;62.9;57;5.64;5.68;3.56;1970
0.51;Very Good;E;VS1;61.8;54.7;5.12;5.15;31.8;1970
0.51;Very Good;E;VS1;62.8;57.1;5.07;5.1;3.2;1970
0.6;Ideal;F;VS2;61.9;57;5.39;5.43;3.35;1970
0.76;Premium;G;SI2;62.6;55;5.87;5.82;3.66;1970
0.65;Premium;F;VS2;59.6;58;5.65;5.62;3.36;1970
0.73;Premium;F;SI2;60.2;59;5.87;5.82;3.52;1971
0.61;Very Good;F;VS2;62.9;58;5.33;5.39;3.37;1971
0.7;Very Good;I;VS1;62.4;58;5.62;5.67;3.52;1971
0.61;Very Good;F;VS2;59.6;61;5.5;5.58;3.3;1971
0.51;Premium;G;VVS1;61.6;59;5.12;5.08;3.14;1971
0.7;Ideal;J;VS2;61.5;57;5.7;5.74;3.52;1971
0.61;Good;F;VS2;63;64.2;5.29;5.32;3.34;1971
0.51;Very Good;G;VVS1;63.2;58;5.11;5.08;3.22;1971
0.7;Premium;E;SI1;61.1;60;5.69;5.56;3.44;1971
0.5;Premium;H;IF;61.4;61;5.14;5.03;3.12;1971
0.51;Premium;F;VS1;61.7;58;5.11;5.07;3.14;1971
0.71;Very Good;H;SI2;63.7;56;5.62;5.65;3.59;1972
0.57;Ideal;G;VS1;61.4;55;5.34;5.38;3.29;1972
0.7;Very Good;I;SI1;63.8;56;5.58;5.62;3.57;1973
0.7;Ideal;H;SI2;63.1;54;5.64;5.68;3.57;1973
0.7;Ideal;J;VS2;61.9;57;5.65;5.69;3.51;1974
0.7;Ideal;J;SI1;62.3;57;5.69;5.71;3.55;1974
0.51;Premium;G;VVS2;59.1;59;5.21;5.18;3.07;1974
0.51;Ideal;G;VVS2;60.1;56;5.22;5.19;3.13;1974
0.51;Premium;G;VVS2;61.7;58;5.18;5.13;3.18;1974
0.51;Ideal;G;VVS2;61.2;55;5.18;5.15;3.16;1974
0.51;Ideal;G;VVS2;61.1;56;5.19;5.15;3.16;1974
0.51;Ideal;G;VVS2;61.9;55;5.19;5.15;3.2;1974
0.51;Ideal;G;VVS2;61.5;57;5.18;5.13;3.17;1974
0.51;Ideal;G;VVS2;61.3;57;5.15;5.12;3.15;1974
0.51;Premium;G;VVS2;61.5;56;5.15;5.12;3.16;1974
0.51;Ideal;G;VVS2;61.6;56;5.17;5.12;3.17;1974
0.51;Ideal;G;VVS2;62.9;57;5.12;5.09;3.21;1974
0.51;Ideal;G;VVS2;62.6;57;5.12;5.1;3.2;1974
0.51;Ideal;G;VVS2;61.8;56;5.16;5.1;3.17;1974
0.51;Premium;G;VVS2;61.7;58;5.14;5.11;3.16;1974
0.51;Very Good;G;VVS2;63.1;58;5.11;5.07;3.21;1974
0.7;Premium;H;SI2;61;59;5.76;5.71;3.5;1974
0.7;Fair;F;SI1;65.3;54;5.58;5.54;3.63;1974
0.55;Ideal;E;VS1;61.7;55;5.27;5.29;3.26;1975
0.55;Very Good;D;VS2;58.5;58.4;5.39;5.42;3.16;1975
0.55;Ideal;E;VS1;62.2;55;5.22;5.26;3.26;1975
0.55;Ideal;E;VS1;61.1;55;5.3;5.33;3.25;1975
0.55;Premium;D;VS1;62;58;5.26;5.28;3.27;1975
0.55;Very Good;F;VS1;61.2;56.4;5.28;5.33;3.25;1975
0.58;Premium;G;VVS2;61.4;61;5.43;5.38;3.32;1975
0.58;Premium;G;VVS2;61.5;60;5.37;5.33;3.29;1975
0.73;Very Good;E;SI2;63.1;59;5.76;5.72;3.62;1975
0.51;Ideal;G;VVS2;62.7;55;5.08;5.1;3.19;1976
0.57;Ideal;G;VVS2;60.5;56;5.36;5.38;3.25;1976
0.5;Good;G;IF;64;55;5.05;5.08;3.24;1976
0.56;Ideal;G;VVS2;61.6;56;5.29;5.32;3.27;1976
0.61;Good;H;VVS2;58.7;64;5.53;5.5;3.24;1976
0.61;Premium;D;SI1;62.3;58;5.45;5.4;3.38;1976
0.58;Very Good;D;VS2;60.2;57;5.41;5.45;3.27;1977
0.7;Very Good;I;SI2;61.8;58;5.65;5.71;3.51;1977
0.71;Premium;G;SI2;62.3;55;5.72;5.68;3.55;1977
0.51;Premium;D;VS2;60.1;59;5.19;5.16;3.11;1977
0.5;Very Good;F;VVS1;63.5;60;4.98;5.04;3.18;1978
0.74;Very Good;J;VS2;62.3;55;5.79;5.83;3.62;1978
0.66;Very Good;H;VS1;61.6;58.1;5.54;5.58;3.42;1978
0.52;Ideal;F;VVS2;62.1;54;5.17;5.2;3.22;1978
0.59;Ideal;D;VS2;61.4;57;5.39;5.4;3.31;1978
0.56;Ideal;E;VS1;61;57;5.32;5.34;3.25;1978
0.66;Good;H;VS1;59.8;60.9;5.62;5.68;3.38;1978
0.7;Good;F;SI2;63.3;58;5.57;5.61;3.54;1978
0.58;Very Good;H;VVS1;63.3;55;5.27;5.31;3.35;1979
0.71;Very Good;J;SI1;59.7;57;5.84;5.88;3.5;1979
0.7;Very Good;J;SI1;61.7;57;5.65;5.69;3.5;1979
0.56;Ideal;G;VVS2;61.2;55;5.35;5.37;3.28;1979
0.58;Ideal;F;VS1;61.2;57;5.36;5.39;3.29;1979
0.58;Ideal;F;VS1;59.9;59;5.42;5.47;3.26;1979
0.51;Good;E;VVS2;62;60.5;5.05;5.08;3.15;1980
0.55;Premium;H;VVS1;61.1;57;5.35;5.26;3.24;1980
0.55;Ideal;F;VS1;62;55;5.29;5.26;3.27;1980
0.55;Ideal;F;VS1;61.6;57;5.29;5.23;3.24;1980
0.55;Ideal;F;VS1;61.9;56;5.29;5.25;3.26;1980
0.5;Premium;D;VS2;61.3;61;5.1;5.04;3.11;1980
0.5;Fair;D;VVS2;67.6;57;4.95;4.84;3.31;1980
0.75;Premium;G;SI1;59.4;62;5.95;5.91;3.52;1980
0.67;Very Good;H;VS1;63.4;59;5.53;5.57;3.52;1981
0.55;Ideal;G;VVS2;62;56;5.26;5.28;3.27;1981
0.54;Ideal;G;VVS2;61.9;57;5.22;5.25;3.24;1981
0.66;Ideal;D;VS2;61.8;56;5.6;5.57;3.45;1981
0.52;Ideal;F;VS2;61.5;56;5.19;5.21;3.2;1981
0.57;Ideal;D;VS2;61.8;55;5.32;5.34;3.29;1981
0.56;Ideal;F;VS1;61.7;55.1;5.29;5.33;3.27;1981
0.54;Ideal;H;IF;61.5;54;5.27;5.3;3.25;1981
0.7;Fair;H;VS2;57;58;5.87;5.89;3.35;1981
0.7;Fair;H;VS2;64.9;56;5.49;5.51;3.57;1981
0.71;Very Good;J;VS1;63.3;55;5.66;5.62;3.57;1981
0.57;Ideal;E;VS1;62.9;57;5.29;5.27;3.32;1982
0.54;Ideal;G;VVS1;61.3;56;5.23;5.28;3.22;1982
0.57;Ideal;D;VS1;61.8;55;5.31;5.37;3.3;1982
0.59;Premium;H;VVS1;62;58;5.38;5.36;3.33;1982
0.74;Fair;J;VS1;58.8;68;5.91;5.8;3.44;1982
0.7;Premium;H;SI2;61.7;58;5.72;5.69;3.52;1982
0.7;Fair;G;SI1;65;59;5.57;5.5;3.6;1982
0.54;Very Good;G;VVS1;60.6;55;5.28;5.31;3.21;1983
0.61;Very Good;E;SI1;62.2;60;5.44;5.4;3.37;1983
0.58;Ideal;F;VS1;62.1;56;5.32;5.38;3.32;1983
0.54;Ideal;H;VVS2;60.9;57;5.26;5.22;3.19;1983
0.6;Very Good;D;VS2;61.5;59;5.4;5.43;3.33;1984
0.58;Ideal;E;VS2;61.1;57;5.41;5.39;3.3;1984
0.58;Ideal;G;VS1;62.6;54;5.34;5.3;3.33;1984
0.58;Premium;G;VS1;61.5;58;5.41;5.35;3.31;1984
0.58;Ideal;E;VS2;61.9;57;5.37;5.33;3.31;1984
0.58;Ideal;E;VS2;61.6;55;5.38;5.33;3.3;1984
0.58;Ideal;E;VS2;61.9;56;5.38;5.35;3.32;1984
0.76;Premium;H;SI2;59;59;6.05;6.02;3.56;1985
0.54;Ideal;G;VVS2;61.4;55;5.22;5.3;3.23;1985
0.54;Ideal;G;VVS2;60.6;56;5.26;5.27;3.19;1985
0.54;Ideal;G;VVS2;61;56;5.25;5.3;3.22;1985
0.54;Ideal;G;VVS2;61.8;56;5.23;5.25;3.24;1985
0.54;Ideal;G;VVS2;62.1;56;5.19;5.22;3.23;1985
0.54;Ideal;G;VVS2;61.5;54;5.24;5.26;3.23;1985
0.51;Ideal;E;VS2;61.6;55;5.15;5.2;3.19;1985
0.74;Ideal;J;VS1;61.2;56;5.82;5.87;3.58;1985
0.59;Very Good;D;VS2;59.2;56;5.47;5.54;3.26;1986
0.55;Very Good;E;VS1;61.6;55;5.26;5.28;3.25;1986
0.71;Very Good;J;SI2;60.9;55;5.76;5.87;3.54;1986
0.73;Very Good;G;SI2;62.6;56;5.77;5.79;3.62;1986
0.51;Ideal;D;VS2;61.1;56;5.16;5.2;3.17;1986
0.71;Very Good;H;SI1;62.5;63;5.66;5.63;3.53;1986
0.54;Ideal;D;VS1;61.6;54;5.24;5.25;3.23;1987
0.46;Ideal;G;IF;61.7;56;4.97;5.01;3.08;1987
0.46;Ideal;G;IF;61.1;56;5;5.02;3.06;1987
0.7;Premium;D;SI2;60.8;61;5.69;5.64;3.45;1987
0.5;Premium;G;VVS1;61.3;57;5.15;5.07;3.13;1987
0.5;Premium;F;VVS2;62.7;56;5.08;5.03;3.17;1987
0.72;Premium;J;SI1;62.1;59;5.75;5.71;3.56;1987
0.5;Very Good;G;VVS1;59.6;63;5.16;5.11;3.06;1987
0.72;Very Good;J;VS1;62.7;58;5.67;5.72;3.57;1988
0.54;Very Good;D;VS1;59.9;57;5.38;5.3;3.2;1988
0.52;Ideal;I;IF;60.2;56;5.23;5.27;3.16;1988
0.7;Good;F;SI1;63.5;59;5.58;5.64;3.56;1988
0.61;Very Good;F;VS2;61.8;56;5.42;5.46;3.36;1989
0.72;Very Good;J;SI1;63;58;5.67;5.7;3.58;1989
0.74;Good;H;VS2;59.2;64;5.79;5.66;3.4;1989
0.65;Ideal;E;SI1;62.7;54;5.58;5.56;3.49;1989
0.54;Premium;F;VS2;62;59;5.22;5.16;3.22;1989
0.51;Premium;E;VS1;61.6;57;5.13;5.1;3.15;1989
0.55;Ideal;D;VS1;61.7;55;5.26;5.25;3.24;1990
0.7;Very Good;D;SI2;60.9;60;5.68;5.72;3.47;1990
0.58;Premium;G;VVS2;59.7;59;5.4;5.45;3.24;1990
0.67;Good;G;VS2;63.8;60;5.5;5.47;3.5;1990
0.53;Ideal;G;VVS1;62.1;54;5.2;5.23;3.24;1990
0.7;Fair;F;SI2;57.1;64;5.81;5.86;3.33;1990
0.63;Very Good;H;VS1;61.1;57;5.5;5.54;3.37;1991
0.71;Ideal;E;SI2;62.6;55;5.72;5.68;3.57;1991
0.64;Ideal;D;SI1;62.1;57;5.52;5.49;3.42;1991
0.56;Ideal;D;VS2;61.2;56;5.31;5.38;3.27;1991
0.55;Ideal;G;VS1;60.9;55;5.34;5.37;3.26;1991
0.52;Ideal;D;VS1;60.9;56;5.19;5.22;3.17;1991
0.64;Ideal;I;IF;62;54;5.53;5.56;3.44;1991
0.5;Good;G;VVS2;64.4;57;4.97;5.05;3.22;1991
0.72;Premium;I;VS2;61.1;61;5.79;5.74;3.52;1991
0.59;Premium;G;VS1;62.5;53;5.46;5.35;3.38;1991
0.38;Ideal;D;VVS1;61.6;55;4.66;4.69;2.88;1992
0.63;Ideal;D;SI1;62;56;5.55;5.48;3.42;1992
0.46;Very Good;D;VVS1;61.6;59;4.92;4.97;3.05;1993
0.71;Very Good;J;VS1;64.1;58;5.61;5.65;3.61;1993
0.59;Very Good;E;VS1;61.6;61;5.34;5.37;3.3;1993
0.71;Very Good;G;SI2;63;56;5.62;5.65;3.55;1993
0.53;Ideal;G;VVS2;61.7;54.5;5.2;5.26;3.23;1993
0.56;Ideal;G;VVS1;61.7;57;5.29;5.31;3.27;1993
0.54;Premium;E;VS2;61.3;59;5.26;5.21;3.21;1993
0.54;Premium;D;VS2;61.1;55;5.37;5.24;3.24;1993
0.54;Ideal;D;VS2;61.1;56;5.29;5.25;3.22;1993
0.54;Premium;D;VS2;60.6;58;5.3;5.26;3.2;1993
0.54;Premium;D;VS2;60.9;58;5.31;5.27;3.22;1993
0.54;Ideal;D;VS2;61.1;57;5.25;5.22;3.2;1993
0.54;Ideal;D;VS2;61.3;56;5.26;5.22;3.21;1993
0.54;Ideal;D;VS2;61.8;57;5.26;5.22;3.24;1993
0.54;Ideal;D;VS2;62.6;57;5.24;5.18;3.26;1993
0.54;Ideal;D;VS2;61.1;57;5.29;5.19;3.2;1993
0.54;Ideal;D;VS2;61.8;56;5.24;5.21;3.23;1993
0.54;Premium;D;VS2;61.5;58;5.26;5.21;3.22;1993
0.54;Premium;D;VS2;61.7;58;5.24;5.16;3.21;1993
0.54;Premium;D;VS1;61.1;58;5.24;5.3;3.22;1994
0.59;Ideal;E;SI1;61.6;55;5.41;5.43;3.34;1994
0.71;Fair;G;SI2;65.6;61;5.46;5.37;3.55;1994
0.52;Very Good;D;VS1;59.6;57;5.24;5.3;3.14;1995
0.7;Good;I;SI1;63.6;55;5.62;5.58;3.56;1995
0.7;Fair;H;SI1;61;66;5.68;5.64;3.45;1995
0.7;Very Good;H;SI2;63.1;55;5.71;5.66;3.59;1995
0.7;Very Good;I;VS1;63.3;55;5.64;5.6;3.56;1995
0.7;Fair;G;SI1;61.6;66;5.62;5.57;3.45;1995
0.7;Fair;I;VS2;64.4;55;5.6;5.55;3.59;1996
0.55;Ideal;E;VS1;61.2;54;5.3;5.32;3.25;1996
0.6;Ideal;D;SI1;62.2;56;5.44;5.4;3.37;1996
0.6;Premium;D;SI1;60.4;60;5.48;5.44;3.3;1996
0.72;Ideal;J;VVS2;61.6;56;5.76;5.73;3.54;1996
0.63;Premium;H;VS1;61.7;59;5.53;5.49;3.4;1996
0.77;Premium;G;SI2;61.2;58;5.99;5.96;3.64;1996
0.7;Very Good;J;VS2;63.2;57;5.63;5.66;3.57;1997
1;Fair;I;I1;66.9;57;6.15;6.03;4.09;1997
0.57;Very Good;D;VS2;61.4;56;5.34;5.37;3.29;1998
0.57;Ideal;D;VS2;61.8;56;5.31;5.34;3.29;1998
0.7;Fair;E;SI2;64.4;58;5.58;5.51;3.57;1998
0.7;Fair;E;SI2;65.3;56;5.57;5.54;3.63;1998
0.51;Ideal;F;VVS2;62.2;55;5.12;5.11;3.18;1998
0.51;Ideal;F;VVS2;61.9;56;5.13;5.15;3.18;1998
0.51;Ideal;F;VVS2;61.7;56;5.12;5.15;3.17;1998
0.79;Premium;H;SI2;61.6;58;5.98;5.94;3.67;1998
0.75;Premium;J;VS1;61.6;57;5.88;5.84;3.61;1998
0.54;Ideal;G;SI1;60;57;5.31;5.36;3.2;1999
0.7;Fair;G;SI2;61.5;66;5.55;5.6;3.43;1999
0.7;Very Good;H;SI2;61.5;63;5.63;5.59;3.45;1999
0.7;Very Good;I;SI1;63.5;59;5.65;5.62;3.58;1999
0.7;Premium;H;SI2;62.1;62;5.67;5.63;3.51;1999
0.7;Good;H;SI2;63.6;54;5.67;5.62;3.59;1999
0.56;Premium;G;VS1;61;60;5.39;5.32;3.27;1999
0.59;Very Good;F;SI1;63.4;54;5.35;5.4;3.41;2000
0.7;Ideal;J;VS1;62.8;56;5.64;5.66;3.55;2000
0.7;Good;E;SI1;64.4;58;5.48;5.52;3.54;2000
0.7;Fair;E;SI1;57.2;66;5.76;5.74;3.29;2000
0.58;Very Good;F;VS1;61.5;60;5.32;5.38;3.29;2001
0.77;Very Good;J;SI2;61.2;56;5.91;5.96;3.63;2001
0.77;Very Good;J;SI2;61.3;58;5.84;5.91;3.6;2001
0.3;Fair;D;SI2;64.6;54;4.29;4.25;2.76;536
0.34;Premium;J;VS2;62.3;60;4.49;4.46;2.79;536
0.34;Good;F;SI2;63.9;56;4.43;4.4;2.82;536
0.3;Very Good;G;SI1;63.2;55;4.29;4.26;2.7;536
0.3;Good;D;SI2;60.8;65;4.29;4.26;2.6;536
0.37;Very Good;H;VS2;61.2;54;4.62;4.7;2.85;537
0.37;Ideal;I;VS2;61.5;56;4.6;4.63;2.84;537
0.34;Ideal;F;SI1;61.1;56;4.52;4.55;2.77;537
0.31;Premium;I;SI1;62.3;58;4.38;4.35;2.72;537
0.31;Premium;I;SI1;60.1;59;4.41;4.38;2.64;537
0.31;Premium;I;SI1;59.6;58;4.44;4.39;2.63;537
0.31;Premium;I;SI1;62.8;60;4.31;4.29;2.7;537
0.31;Ideal;I;SI1;62.5;56;4.35;4.29;2.7;537
0.31;Ideal;I;SI1;62.2;56;4.37;4.34;2.71;537
0.27;Ideal;E;VS2;60.8;56;4.25;4.23;2.58;537
0.31;Premium;D;SI1;58.5;59;4.49;4.44;2.61;537
0.23;Good;G;VVS2;63.8;56;3.94;3.9;2.5;537
0.34;Ideal;H;VS2;61.7;57;4.46;4.48;2.76;537
0.34;Premium;I;VS1;61;60;4.48;4.51;2.74;537
0.34;Good;H;VS2;63.7;57;4.42;4.44;2.82;537
0.34;Premium;H;VS2;61.1;58;4.47;4.5;2.74;537
0.36;Premium;G;SI1;61.8;59;4.55;4.57;2.82;537
0.36;Premium;D;SI2;61.2;59;4.56;4.59;2.8;537
0.36;Good;G;SI1;63.3;56;4.5;4.53;2.86;537
0.34;Premium;H;VS2;61.7;60;4.47;4.51;2.77;537
0.34;Very Good;H;VS2;62.4;60;4.41;4.44;2.76;537
0.34;Premium;I;VS1;59.5;59;4.55;4.59;2.72;537
0.34;Premium;H;VS2;60.2;60;4.51;4.56;2.73;537
0.34;Good;H;VS2;63.1;56;4.41;4.46;2.8;537
0.34;Good;H;VS2;63.2;55;4.46;4.5;2.83;537
0.72;Very Good;G;SI2;63.4;57;5.67;5.71;3.61;2001
0.73;Very Good;H;SI1;62.2;57;5.77;5.8;3.6;2001
0.55;Ideal;E;VS1;61.2;57;5.28;5.3;3.24;2001
0.55;Ideal;E;VS1;62;56;5.24;5.27;3.26;2001
0.53;Ideal;G;VVS1;61.4;57;5.18;5.21;3.19;2001
0.75;Ideal;J;VS2;61.5;54;5.87;5.9;3.62;2001
0.71;Ideal;J;SI1;60.7;61;5.72;5.77;3.49;2001
0.57;Premium;D;SI1;62.6;56;5.4;5.34;3.36;2001
0.61;Ideal;F;VS2;62.4;55;5.42;5.45;3.39;2002
0.71;Fair;E;SI2;64.8;63;5.63;5.51;3.61;2002
0.74;Premium;E;SI2;62.2;57;5.79;5.77;3.59;2002
0.5;Very Good;F;VVS2;61.9;56;5.09;5.12;3.16;2003
0.5;Very Good;E;VVS2;60.9;59;5.07;5.11;3.1;2003
0.74;Very Good;J;VS2;60.8;58;5.79;5.85;3.54;2003
0.71;Very Good;I;SI2;60.4;59;5.76;5.79;3.49;2003
0.54;Very Good;D;VS1;62.1;59;5.18;5.19;3.22;2004
0.56;Ideal;G;VVS2;61.4;54;5.33;5.35;3.28;2004
0.54;Ideal;D;VS1;62.1;57;5.19;5.22;3.23;2004
0.51;Ideal;G;VVS1;62.6;57;5.08;5.14;3.2;2005
0.51;Very Good;G;VVS1;60.1;56;5.16;5.35;3.16;2005
0.51;Ideal;G;VVS1;62.3;55;5.1;5.14;3.19;2005
0.53;Ideal;G;VVS1;60.8;56;5.22;5.24;3.18;2005
0.53;Ideal;G;VVS1;61.8;56;5.18;5.2;3.21;2005
0.53;Ideal;G;VVS1;61.2;55;5.19;5.23;3.19;2005
0.7;Premium;J;VS1;60.9;58;5.73;5.66;3.47;2005
0.77;Premium;J;VS1;62.2;61;5.85;5.82;3.63;2005
0.77;Fair;J;VS1;61.2;66;5.92;5.83;3.6;2005
0.77;Good;E;SI2;64.1;56;5.84;5.77;3.72;2005
0.71;Ideal;H;SI1;60.8;57;5.77;5.81;3.52;2006
0.72;Ideal;J;VS1;62.7;57;5.71;5.74;3.59;2006
0.71;Premium;H;SI1;61;58;5.73;5.77;3.51;2006
0.58;Ideal;H;VVS1;61.6;56;5.35;5.39;3.31;2006
0.76;Very Good;D;SI2;59.1;63;5.91;5.84;3.47;2006
0.67;Very Good;D;SI1;60.2;60;5.61;5.68;3.4;2007
0.71;Good;I;VS1;64.2;57;5.62;5.57;3.59;2007
0.54;Ideal;G;VVS1;62.2;53.9;5.22;5.25;3.26;2007
0.57;Very Good;E;VS1;59.1;57;5.43;5.5;3.23;2008
0.71;Very Good;I;SI1;62.9;59;5.66;5.7;3.57;2008
0.5;Good;E;VVS1;58.3;62;5.16;5.23;3.03;2008
0.65;Very Good;G;VS2;63.2;57;5.54;5.47;3.48;2009
0.54;Premium;D;VS2;62.2;56;5.27;5.21;3.26;2009
0.62;Premium;F;VS2;62.3;60;5.46;5.39;3.38;2009
0.56;Very Good;G;VVS2;61.4;57;5.26;5.32;3.25;2010
0.56;Very Good;G;VVS2;61.6;56;5.29;5.31;3.27;2010
0.6;Very Good;D;VS2;63.7;56;5.34;5.36;3.41;2010
0.7;Good;I;VS2;57.1;61;5.9;5.93;3.38;2010
0.56;Ideal;E;VS1;61.1;56;5.29;5.34;3.25;2010
0.7;Good;I;VS2;63.6;58;5.57;5.59;3.55;2010
0.7;Very Good;G;SI1;61.7;57;5.65;5.8;3.53;2010
0.56;Ideal;E;VS1;61.8;55;5.28;5.33;3.28;2010
0.7;Premium;G;SI1;61.5;58;5.69;5.76;3.52;2010
0.56;Ideal;E;VS1;61.8;56;5.28;5.33;3.28;2010
0.7;Premium;H;VS2;61.7;59;5.66;5.68;3.5;2010
0.67;Ideal;G;VS2;62.5;56;5.64;5.56;3.5;2010
0.52;Ideal;D;VS1;61;56;5.2;5.23;3.18;2010
0.77;Premium;J;SI1;61.8;59;5.86;5.82;3.61;2010
0.77;Very Good;J;SI1;63.3;57;5.84;5.79;3.68;2010
0.7;Ideal;F;SI2;62.6;53;5.72;5.69;3.57;2011
0.56;Premium;D;VS2;61.5;58;5.33;5.28;3.26;2011
0.63;Fair;E;VS2;65.7;60;5.41;5.31;3.52;2011
0.52;Premium;G;VVS2;61.5;62;5.17;5.14;3.17;2012
0.52;Ideal;G;VVS2;60.8;57;5.21;5.16;3.15;2012
0.52;Ideal;G;VVS2;61.8;57;5.19;5.14;3.19;2012
0.52;Premium;G;VVS2;61.1;59;5.2;5.15;3.16;2012
0.52;Ideal;G;VVS2;62.4;55;5.19;5.17;3.23;2012
0.52;Ideal;G;VVS2;61.5;56;5.2;5.18;3.19;2012
0.52;Ideal;G;VVS2;61;56;5.24;5.18;3.18;2012
0.52;Ideal;G;VVS2;59.8;57;5.26;5.24;3.14;2012
0.52;Ideal;G;VVS2;62.1;56;5.17;5.14;3.2;2012
0.52;Ideal;G;VVS2;61.9;55;5.16;5.14;3.19;2012
0.52;Ideal;G;VVS2;61.7;56;5.16;5.14;3.18;2012
0.52;Premium;G;VVS2;61.2;59;5.16;5.14;3.15;2012
0.52;Ideal;G;VVS2;62.1;57;5.17;5.13;3.2;2012
0.52;Ideal;G;VVS2;62.3;55;5.16;5.12;3.2;2012
0.52;Premium;G;VVS2;61.8;59;5.16;5.13;3.18;2012
0.78;Ideal;I;VS2;62;56;5.93;5.87;3.66;2012
0.78;Ideal;H;SI2;61.9;54;5.89;5.85;3.63;2012
0.5;Very Good;F;VVS2;61;61;5.09;5.11;3.11;2013
0.63;Ideal;D;VS2;61.5;54;5.54;5.58;3.42;2013
0.56;Premium;G;VS1;59.9;60;5.41;5.37;3.23;2013
0.72;Very Good;G;SI2;62.1;59;5.66;5.73;3.54;2015
0.53;Ideal;G;VVS1;61.3;56;5.22;5.26;3.21;2015
0.57;Good;D;VS2;58.3;61;5.42;5.45;3.17;2015
0.76;Good;J;VS1;62.6;61.9;5.7;5.75;3.58;2015
0.71;Good;D;SI2;56.6;63;5.9;5.76;3.3;2015
0.7;Premium;G;SI1;59.9;58;5.8;5.68;3.44;2016
0.56;Premium;F;SI1;62.7;59;5.27;5.22;3.29;2016
0.8;Premium;J;SI1;58.4;59;6.12;6.04;3.55;2016
0.54;Very Good;D;VS1;63;54;5.19;5.23;3.28;2016
0.55;Ideal;G;VVS2;60.5;58;5.3;5.34;3.22;2016
0.56;Ideal;F;VS1;61.7;54;5.34;5.3;3.28;2016
0.56;Ideal;F;VS1;61.9;55;5.36;5.32;3.3;2016
0.5;Ideal;F;VVS2;59.9;58;5.14;5.17;3.09;2016
0.76;Good;I;SI1;64.1;59;5.75;5.73;3.68;2016
0.7;Good;G;SI1;64;55;5.62;5.59;3.59;2016
0.7;Fair;G;SI1;64.8;59;5.65;5.56;3.63;2016
0.56;Ideal;F;VS1;61.7;56;5.32;5.28;3.27;2016
0.56;Ideal;F;VS1;61.7;54;5.32;5.28;3.27;2016
0.56;Ideal;F;VS1;61.7;56;5.33;5.3;3.28;2016
0.5;Premium;F;VVS2;60.9;58;5.13;5.09;3.11;2016
0.5;Ideal;F;VVS2;62;56;5.08;5.05;3.14;2016
0.56;Premium;F;VS1;58.2;60;5.41;5.38;3.14;2016
0.6;Premium;E;SI1;59.6;59;5.52;5.48;3.28;2016
0.66;Good;F;SI1;60.4;60.1;5.59;5.65;3.39;2017
1.01;Premium;I;I1;59.2;57;6.58;6.44;3.85;2017
0.7;Very Good;H;SI1;59.2;59;5.79;5.86;3.45;2018
0.5;Ideal;F;VVS1;62;58;5.06;5.07;3.14;2018
0.55;Ideal;D;SI1;60.9;56;5.31;5.34;3.24;2018
0.59;Ideal;G;VS1;62.1;55;5.4;5.35;3.34;2018
0.6;Ideal;D;VS2;60.4;57;5.49;5.53;3.33;2019
0.53;Ideal;E;VS1;61.6;55.6;5.19;5.24;3.22;2019
0.57;Premium;D;VS2;60.8;59;5.38;5.34;3.26;2019
0.72;Premium;E;SI2;61.6;59;5.83;5.68;3.55;2019
0.7;Very Good;F;SI2;58.8;57;5.85;5.89;3.45;2020
0.7;Premium;H;SI1;62.3;58;5.63;5.57;3.49;2020
0.7;Good;F;SI2;58.1;61;5.76;5.8;3.36;2020
0.55;Ideal;D;VS1;61.5;56;5.28;5.26;3.24;2020
0.51;Good;E;VVS1;58.6;65;5.32;5.24;3.1;2020
0.7;Premium;H;SI1;62.2;59;5.7;5.65;3.53;2020
0.7;Premium;H;SI1;62.7;59;5.68;5.63;3.55;2020
0.51;Premium;E;VS1;58.2;58;5.33;5.29;3.09;2020
0.58;Very Good;G;VVS2;59.1;59.6;5.39;5.42;3.19;2021
0.52;Very Good;E;VS1;61.8;60;5.14;5.18;3.19;2021
0.59;Very Good;E;VS1;60;56;5.46;5.5;3.29;2021
0.7;Very Good;I;SI1;61.1;56;5.74;5.75;3.51;2021
0.53;Ideal;D;SI1;60.4;57;5.28;5.31;3.2;2021
0.53;Ideal;D;SI1;61.5;55;5.19;5.22;3.2;2021
0.62;Very Good;D;VS2;59;59;5.59;5.66;3.32;2022
0.55;Ideal;G;VVS2;61.9;56;5.23;5.27;3.25;2022
0.55;Ideal;G;VVS2;62;57;5.22;5.26;3.25;2022
0.55;Ideal;G;VVS2;62.5;56;5.22;5.25;3.27;2022
0.72;Premium;G;SI2;62.8;61;5.68;5.59;3.54;2022
0.8;Premium;J;SI2;60.2;59;6.07;5.95;3.62;2022
0.83;Premium;J;SI1;59.3;59;6.17;6.1;3.64;2022
0.78;Premium;J;SI2;60.6;58;5.94;5.91;3.59;2022
0.73;Good;F;SI2;63.4;55;5.71;5.75;3.63;2023
0.7;Premium;F;SI1;60.8;59;5.73;5.71;3.48;2023
0.71;Ideal;G;SI2;62.2;56;5.7;5.74;3.56;2023
0.71;Ideal;H;SI2;61.8;55;5.75;5.7;3.54;2024
0.59;Ideal;G;VVS2;61;57;5.41;5.44;3.31;2024
0.7;Very Good;I;VS2;60.7;59;5.75;5.79;3.5;2025
0.61;Very Good;E;VS1;59.6;63;5.44;5.57;3.28;2025
0.55;Ideal;G;VS1;62.2;54.3;5.24;5.27;3.27;2025
0.51;Ideal;F;VVS2;61.4;56;5.16;5.17;3.17;2025
0.5;Ideal;F;VVS2;62.2;54;5.07;5.12;3.17;2025
0.5;Ideal;F;VVS2;62;53.6;5.09;5.13;3.18;2025
0.75;Ideal;J;VS2;62.3;57;5.84;5.81;3.63;2025
0.5;Ideal;D;VS1;61.6;57;5.13;5.09;3.15;2025
0.56;Ideal;D;VS1;60.4;56;5.36;5.33;3.23;2026
0.72;Very Good;I;SI1;59.8;58;5.84;5.87;3.5;2026
0.76;Ideal;J;VS2;61.8;54;5.87;5.91;3.64;2026
0.76;Ideal;J;VS2;61.7;56;5.85;5.88;3.62;2026
0.55;Ideal;F;VS2;61.4;57;5.26;5.3;3.24;2026
0.7;Good;E;SI2;59.9;57;5.75;5.8;3.46;2026
0.56;Ideal;D;VS1;61.7;56;5.33;5.3;3.28;2026
0.56;Very Good;E;VS1;62;58.9;5.25;5.29;3.27;2027
0.51;Ideal;G;VVS1;61.4;55;5.15;5.18;3.17;2027
0.51;Premium;G;VVS1;62.4;58;5.13;5.09;3.19;2027
0.51;Good;G;VVS1;63.9;57;5.08;5.06;3.24;2027
0.51;Premium;G;VVS1;60.2;58;5.24;5.2;3.14;2027
0.72;Very Good;J;VS2;62.2;58;5.68;5.73;3.55;2028
0.7;Very Good;I;SI1;61.4;57;5.72;5.75;3.52;2028
0.55;Ideal;G;VVS2;61.4;56;5.27;5.28;3.24;2028
0.7;Good;E;SI2;62.9;56;5.63;5.66;3.55;2028
0.71;Good;I;VS2;64.2;58;5.52;5.57;3.56;2028
0.7;Good;I;SI1;58.2;61;5.8;5.84;3.39;2028
0.71;Very Good;I;SI1;60.4;63;5.8;5.73;3.48;2028
0.71;Premium;H;SI2;62.4;56;5.7;5.64;3.54;2028
0.71;Good;G;VS2;63.5;59;5.63;5.67;3.59;2029
0.52;Ideal;G;VVS1;62;55;5.15;5.18;3.2;2029
0.7;Good;H;SI1;63.3;60;5.57;5.65;3.55;2029
0.61;Ideal;D;SI1;62;55;5.47;5.44;3.38;2029
0.53;Ideal;F;VVS2;62.7;56;5.16;6.2;3.25;2030
0.72;Premium;F;SI1;59.3;60;5.91;5.86;3.49;2030
0.54;Ideal;G;VVS1;62;57;5.25;5.21;3.24;2030
0.57;Ideal;E;VS1;61.6;56.9;5.29;5.36;3.28;2030
0.55;Premium;E;VS2;62.3;60;5.26;5.18;3.25;2030
0.55;Ideal;D;VS2;61.4;57;5.31;5.27;3.25;2030
0.55;Premium;D;VS2;61.3;60;5.29;5.28;3.24;2030
0.55;Ideal;D;VS2;61.5;56;5.28;5.25;3.24;2030
0.55;Ideal;D;VS2;61.8;54;5.29;5.26;3.26;2030
0.55;Ideal;D;VS2;62.3;55;5.29;5.24;3.28;2030
0.55;Ideal;E;VS2;62.5;56;5.26;5.23;3.28;2030
0.55;Premium;E;VS2;61.1;58;5.3;5.28;3.23;2030
0.73;Very Good;J;SI1;60.1;62;5.85;5.9;3.53;2031
0.53;Ideal;H;VS2;61.4;56;5.2;5.23;3.2;2031
0.71;Ideal;G;SI2;61.8;56;5.7;5.72;3.53;2031
0.81;Fair;F;SI2;65.7;57;5.8;5.75;3.79;2031
0.63;Very Good;F;VS2;63;56.2;5.38;5.48;3.42;2032
0.73;Fair;G;SI1;65.5;56;5.68;5.62;3.7;2032
0.56;Ideal;E;VS1;61.3;55;5.32;5.29;3.25;2032
0.56;Premium;E;VS1;62.6;58;5.28;5.23;3.29;2032
0.7;Good;E;SI2;63.6;65;5.67;5.55;3.57;2032
0.82;Good;J;SI1;57.5;62;6.2;6.25;3.58;2033
0.82;Good;J;SI1;57.4;59;6.19;6.25;3.57;2033
0.5;Ideal;D;VS1;62.3;54.3;5.05;5.12;3.17;2033
0.5;Ideal;D;VS1;62.4;53.7;5.08;5.12;3.18;2033
0.5;Ideal;D;VS1;62.2;54.4;5.07;5.11;3.16;2033
0.7;Very Good;I;VS2;64.2;55;5.57;5.61;3.59;2034
0.59;Very Good;F;VS1;61.7;59;5.35;5.38;3.31;2034
0.7;Good;I;SI1;64.3;57;5.59;5.63;3.61;2034
0.7;Good;I;SI1;63.6;61;5.59;5.63;3.57;2034
0.7;Very Good;H;SI2;59.9;57;5.74;5.77;3.45;2034
0.7;Good;I;SI1;63.8;57;5.63;5.66;3.6;2034
0.7;Very Good;H;SI2;62.8;59;5.62;5.65;3.54;2034
0.71;Ideal;J;VS1;61.9;55;5.75;5.69;3.54;2034
0.5;Ideal;E;VS1;61.1;58;5.12;5.08;3.11;2034
0.52;Very Good;F;VVS2;62.9;57;5.11;5.13;3.22;2035
0.78;Very Good;J;SI1;59.4;62;6.01;6.05;3.58;2035
0.78;Good;J;SI1;58;62;6.01;6.05;3.5;2035
0.7;Fair;F;SI2;64.9;58;5.46;5.59;3.59;2035
0.51;Premium;G;VVS2;60.9;61;5.17;5.11;3.13;2035
1;Fair;I;I1;64.5;58;6.33;6.1;4.01;2035
0.61;Very Good;E;VS2;60;57;5.52;5.55;3.32;2036
0.71;Very Good;F;SI2;60.9;56;5.8;5.83;3.54;2036
0.71;Very Good;F;SI2;63.3;56;5.68;5.73;3.61;2036
0.58;Premium;F;VS2;61.9;57;5.47;5.36;3.35;2036
0.76;Very Good;J;VS1;59.3;63;6.12;5.93;3.55;2036
1.01;Fair;E;I1;64.5;54;6.31;6.22;4.03;2036
0.56;Very Good;E;VS1;61.9;57;5.29;5.31;3.28;2037
0.7;Premium;E;SI2;61.8;58;5.73;5.7;3.53;2037
0.6;Premium;D;VS2;62.8;59;5.39;5.35;3.37;2037
0.73;Premium;J;VS1;60.2;58;5.87;5.82;3.52;2037
0.73;Premium;J;VS1;61.3;61;5.83;5.78;3.56;2037
1.04;Fair;I;I1;67.3;56;6.34;6.23;4.22;2037
0.7;Good;E;SI1;65;57;5.53;5.58;3.61;2038
0.7;Very Good;F;SI2;59.6;61;5.8;5.88;3.48;2039
0.7;Very Good;I;SI1;62.5;60;5.64;5.68;3.54;2039
0.71;Very Good;G;SI1;58.2;57;5.89;5.93;3.44;2039
0.71;Premium;G;SI2;60.8;60;5.74;5.78;3.5;2039
0.57;Ideal;G;VVS2;61.9;56;5.29;5.3;3.28;2039
0.57;Ideal;F;VS1;61.8;55;5.33;5.35;3.3;2039
0.57;Ideal;F;VS1;61.3;56;5.35;5.36;3.28;2039
0.57;Ideal;F;VS1;61.7;55;5.35;5.39;3.31;2039
0.54;Ideal;D;VS1;61.4;57;5.21;5.24;3.21;2039
0.56;Very Good;E;VVS2;62.1;58;5.27;5.33;3.3;2040
0.52;Very Good;G;VVS1;62.3;55;5.13;5.15;3.2;2040
0.71;Premium;F;SI2;62.2;57;5.66;5.6;3.5;2040
0.63;Ideal;H;VS1;61.2;57;5.5;5.55;3.37;2040
0.68;Premium;G;VS2;61.7;57;5.67;5.65;3.49;2040
0.59;Premium;G;VVS2;62.8;54;5.41;5.34;3.38;2040
0.54;Ideal;D;VS2;61.8;56;5.25;5.23;3.24;2041
0.51;Very Good;F;VVS2;62;55;5.11;5.14;3.17;2041
0.51;Very Good;F;VVS2;62;56;5.1;5.15;3.17;2041
0.5;Very Good;F;VVS2;61.9;59;5.07;5.11;3.15;2041
0.51;Very Good;F;VVS2;60.8;56;5.17;5.2;3.15;2041
0.62;Very Good;F;VS2;59.8;58;5.55;5.59;3.33;2041
0.54;Ideal;E;VS1;62;56;5.26;5.23;3.25;2041
0.54;Ideal;G;VVS1;61.3;56;5.25;5.27;3.23;2041
0.54;Ideal;G;VVS1;61.6;55;5.22;5.24;3.22;2041
0.54;Ideal;G;VVS1;61.9;54;5.23;5.25;3.24;2041
0.54;Ideal;G;VVS1;61.7;56;5.24;5.26;3.24;2041
0.61;Ideal;G;VS1;61.8;56;5.43;5.48;3.37;2041
0.58;Ideal;E;VS1;62.2;55;5.38;5.42;3.36;2041
0.58;Good;E;VS1;61.5;61.9;5.3;5.34;3.27;2041
0.63;Ideal;D;SI1;62.8;57;5.49;5.46;3.44;2041
0.54;Ideal;E;VS1;62;56;5.25;5.17;3.23;2041
0.54;Ideal;E;VS1;61;56;5.35;5.24;3.23;2041
0.54;Premium;E;VS1;60.3;58;5.32;5.26;3.19;2041
0.7;Very Good;J;VVS1;63.3;55;5.63;5.68;3.58;2042
0.7;Very Good;G;SI1;62.5;60;5.64;5.68;3.54;2042
0.7;Very Good;H;VS2;61.8;58;5.66;5.73;3.52;2042
0.7;Premium;G;SI1;59.1;59;5.77;5.83;3.43;2042
0.7;Premium;G;SI1;61.2;60;5.7;5.74;3.5;2042
0.7;Very Good;G;SI1;60.6;57;5.73;5.79;3.49;2042
0.7;Very Good;G;SI1;61.9;56;5.68;5.73;3.53;2042
0.74;Very Good;F;SI2;63.2;58;5.75;5.71;3.62;2042
0.55;Ideal;G;VVS1;62;55;5.25;5.27;3.26;2042
0.74;Premium;F;SI1;58.8;61;5.88;5.82;3.44;2042
0.74;Premium;E;SI1;61.4;57;5.83;5.79;3.57;2042
0.74;Premium;I;SI2;59.8;58;5.93;5.88;3.53;2042
0.53;Very Good;E;VVS2;63.1;60;5.12;5.08;3.22;2043
0.7;Premium;F;SI2;61.5;58;5.74;5.67;3.51;2043
0.57;Ideal;D;VS1;61.1;57;5.33;5.37;3.27;2043
0.57;Ideal;D;VS1;61.6;55;5.33;5.39;3.3;2043
0.72;Premium;D;SI2;59.1;58;5.88;5.83;3.46;2043
0.72;Premium;J;VS2;61.7;58;5.77;5.67;3.53;2043
0.7;Very Good;J;VS2;63.3;58;5.61;5.63;3.56;2044
0.53;Ideal;F;VVS2;62.3;56;5.24;5.2;3.25;2045
0.52;Very Good;G;VVS1;61.9;61;5.11;5.13;3.17;2045
0.52;Very Good;G;VVS1;59.2;58;5.28;5.31;3.14;2045
0.69;Premium;E;VS2;61;60;5.68;5.63;3.45;2045
0.71;Fair;G;SI1;65;58;5.57;5.53;3.61;2045
0.8;Premium;J;VS2;62.7;61;5.89;5.84;3.68;2045
0.58;Very Good;F;VS1;62.4;55;5.33;5.34;3.33;2046
0.53;Ideal;F;VS1;61.7;55;5.18;5.22;3.21;2046
0.58;Ideal;E;VS1;61.8;57;5.33;5.35;3.3;2046
0.98;Premium;H;I1;59.6;60;6.61;6.48;3.89;2046
0.71;Ideal;J;VS2;61.5;59;5.71;5.74;3.52;2047
0.7;Ideal;J;SI2;61.6;57;5.73;5.69;3.52;2047
0.57;Premium;D;VS2;61.7;60;5.32;5.28;3.27;2047
0.57;Premium;D;VS2;61.9;58;5.35;5.32;3.3;2047
0.72;Very Good;I;VS1;64;56;5.65;5.73;3.65;2048
0.7;Very Good;H;SI1;57.7;60;5.85;5.9;3.39;2048
0.7;Very Good;H;SI1;63;55;5.59;5.64;3.54;2048
0.7;Very Good;H;SI1;62;60;5.65;5.7;3.52;2048
0.7;Very Good;H;SI1;63.3;58;5.61;5.64;3.56;2048
0.7;Very Good;H;SI1;62.9;56;5.64;5.68;3.56;2048
0.79;Good;J;VS2;57.6;59;6.13;6.06;3.51;2048
0.61;Ideal;I;VVS1;61.9;56;5.41;5.45;3.36;2048
0.36;Ideal;D;SI2;62;56;4.56;4.6;2.84;537
0.36;Very Good;G;SI1;62;59;4.53;4.56;2.82;537
0.34;Premium;H;VS2;61.3;60;4.47;4.53;2.76;537
0.34;Premium;H;VS2;59;59;4.55;4.61;2.7;537
0.36;Very Good;G;SI1;61.8;60;4.53;4.57;2.81;537
0.34;Very Good;H;VS2;61.9;56;4.46;4.49;2.77;537
0.34;Ideal;H;VS2;62.2;56;4.48;4.53;2.8;537
0.34;Ideal;H;VS2;62.6;54;4.45;4.5;2.8;537
0.34;Ideal;H;VS2;61.5;54;4.5;4.54;2.78;537
0.34;Very Good;H;VS2;61.9;60;4.42;4.46;2.75;537
0.36;Ideal;G;SI1;62.7;55;4.54;4.59;2.86;537
0.34;Ideal;I;VS1;62.4;55;4.47;4.51;2.8;537
0.36;Very Good;G;SI1;61.2;63;4.56;4.59;2.8;537
0.34;Ideal;I;VS1;62.6;56;4.44;4.47;2.79;537
0.34;Good;H;VS2;63.3;56;4.39;4.45;2.8;537
0.34;Ideal;H;VS2;62.5;54;4.49;4.54;2.82;537
0.36;Premium;D;SI2;61.5;60;4.54;4.6;2.81;537
0.36;Premium;D;SI2;60;58;4.58;4.62;2.76;537
0.36;Ideal;D;SI2;62.3;57;4.52;4.57;2.83;537
0.34;Premium;H;VS2;62.6;60;4.42;4.46;2.78;537
0.34;Ideal;H;VS2;60.5;56;4.54;4.58;2.76;537
0.34;Ideal;H;VS2;61.4;57;4.48;4.55;2.77;537
0.24;Very Good;F;VVS2;61.4;57;4.03;4.06;2.48;538
0.24;Very Good;F;VVS2;61.9;56;4;4.02;2.48;538
0.38;Very Good;J;SI1;63.2;59;4.59;4.62;2.91;538
0.23;Ideal;F;VVS2;61.4;57;3.96;3.99;2.44;538
0.36;Ideal;H;SI1;62.3;53;4.57;4.61;2.86;538
0.36;Ideal;H;SI1;61.6;56;4.6;4.62;2.84;538
0.36;Ideal;H;SI1;61.7;54;4.56;4.62;2.83;538
0.36;Ideal;H;SI1;62.4;53;4.58;4.59;2.86;538
0.72;Ideal;I;VS1;61;57;5.76;5.83;3.56;2048
0.72;Good;I;VS1;61.8;61;5.67;5.72;3.53;2048
0.7;Good;H;SI1;64.2;60;5.52;5.6;3.57;2048
0.7;Fair;H;SI1;65.5;57;5.53;5.59;3.64;2048
0.7;Fair;H;SI1;65.2;58;5.49;5.55;3.6;2048
0.91;Very Good;J;I1;63.1;57;6.12;6.06;3.84;2048
0.71;Premium;H;SI1;62.3;61;5.65;5.61;3.51;2049
0.59;Ideal;I;VVS1;61.2;56;5.42;5.46;3.33;2049
0.71;Fair;H;SI1;65.1;55;5.69;5.65;3.69;2049
0.72;Very Good;G;SI2;59.7;56;5.83;5.89;3.5;2050
0.73;Fair;G;SI2;64.7;60;5.68;5.64;3.66;2050
0.67;Premium;G;VS2;61;57;5.68;5.63;3.45;2050
0.67;Premium;G;VS2;61;61;5.66;5.61;3.44;2050
0.74;Premium;I;SI2;61;60;5.8;5.75;3.52;2051
0.51;Very Good;F;VVS2;62.7;56;5.11;5.13;3.21;2051
0.53;Ideal;G;VVS2;60.4;56;5.29;5.24;3.18;2051
0.53;Ideal;G;VVS2;61.7;56;5.23;5.2;3.22;2051
0.53;Ideal;G;VVS2;61.4;57;5.26;5.19;3.21;2051
0.53;Ideal;G;VVS2;62.2;54;5.22;5.17;3.23;2051
0.7;Fair;H;SI1;64.7;58;5.59;5.54;3.6;2051
0.57;Premium;F;SI1;62.1;59;5.31;5.28;3.29;2052
0.71;Very Good;I;VS2;62.3;58;5.68;5.72;3.55;2052
0.62;Ideal;H;VVS2;62;56;5.46;5.48;3.39;2052
0.5;Very Good;F;VVS2;61.8;56;5.11;5.15;3.17;2052
0.5;Ideal;F;VVS2;62;55;5.1;5.12;3.17;2052
0.5;Premium;F;VVS2;61.9;58;5.07;5.1;3.15;2052
0.5;Very Good;F;VVS2;63;57;5.01;5.05;3.17;2052
0.5;Ideal;F;VVS2;61.6;56;5.08;5.11;3.14;2052
0.5;Ideal;F;VVS2;62.2;54;5.09;5.11;3.17;2052
0.5;Premium;F;VVS2;62.3;58;5.06;5.11;3.17;2052
0.71;Ideal;J;VS2;62;56;5.7;5.75;3.55;2052
0.5;Good;F;VVS2;58.5;62;5.23;5.27;3.07;2052
0.57;Ideal;H;VVS1;60.9;56;5.38;5.36;3.27;2052
0.57;Ideal;F;VS1;62.6;56;5.33;5.27;3.32;2052
0.57;Ideal;F;VS1;61.9;56;5.39;5.3;3.31;2052
0.76;Premium;J;VS2;59.9;59;5.94;5.92;3.55;2052
0.59;Good;J;IF;63.7;59;5.3;5.28;3.37;2053
0.56;Ideal;D;SI1;61.9;57;5.27;5.3;3.27;2053
0.61;Ideal;H;VS1;60.8;56;5.51;5.47;3.34;2053
0.51;Very Good;F;VVS2;60.8;56;5.18;5.21;3.16;2054
0.77;Very Good;I;VS2;62.4;63;5.8;5.84;3.63;2054
0.51;Ideal;F;VVS2;60.4;56;5.18;5.22;3.14;2054
0.73;Ideal;J;VS2;62.8;55;5.69;5.72;3.58;2054
0.55;Ideal;D;VS1;61.4;57;5.26;5.29;3.24;2054
0.7;Ideal;I;SI1;61.9;58;5.67;5.7;3.52;2054
0.62;Ideal;E;SI1;61.7;54;5.53;5.49;3.4;2054
0.71;Very Good;H;SI2;63.3;58;5.65;5.69;3.59;2055
0.52;Ideal;G;IF;61.5;56;5.16;5.21;3.19;2055
0.56;Ideal;G;VVS1;62.3;55;5.25;5.31;3.29;2055
0.66;Good;G;VS1;59;62;5.66;5.72;3.35;2055
0.71;Fair;G;SI2;64.8;58;5.6;5.57;3.62;2055
0.5;Premium;E;VS1;61.9;59;5.1;5.08;3.15;2055
0.51;Very Good;E;VVS2;62.1;55;5.14;5.16;3.2;2056
0.7;Ideal;G;SI2;62.9;56;5.69;5.66;3.57;2056
0.7;Premium;G;SI2;61.8;61;5.66;5.63;3.49;2056
0.71;Good;H;SI1;63.4;54;5.6;5.67;3.57;2056
0.51;Ideal;D;VS2;61.6;57;5.19;5.14;3.18;2056
0.7;Ideal;I;VS2;62.4;56;5.71;5.66;3.55;2056
0.72;Good;H;SI2;57.9;58;5.98;5.91;3.44;2056
0.51;Premium;F;VVS2;62.3;58;5.1;5.08;3.17;2056
0.7;Premium;G;SI2;58.1;60;5.81;5.79;3.37;2056
0.51;Ideal;D;VS2;62.5;56;5.13;5.11;3.2;2056
0.73;Very Good;G;SI2;62.2;58;5.71;5.77;3.57;2057
0.7;Very Good;G;SI2;60.6;58;5.72;5.77;3.48;2057
0.61;Very Good;I;IF;60.2;57;5.49;5.58;3.33;2057
0.59;Ideal;G;VS2;61.9;56;5.38;5.42;3.34;2057
0.56;Ideal;D;VS1;62.6;55;5.25;5.29;3.3;2057
0.69;Good;E;VS2;58.7;64;5.73;5.79;3.38;2057
0.7;Very Good;H;SI2;60.7;57;5.72;5.75;3.48;2058
0.7;Very Good;G;SI2;62.6;56;5.65;5.69;3.55;2058
0.7;Very Good;I;SI1;59.4;62;5.77;5.82;3.44;2058
0.72;Ideal;F;SI2;61.9;57;5.74;5.79;3.57;2058
0.72;Premium;F;SI2;61.7;58;5.73;5.78;3.55;2058
0.7;Good;F;SI1;63.1;64;5.58;5.61;3.53;2058
0.7;Very Good;F;SI1;58.4;63;5.77;5.84;3.39;2058
0.56;Ideal;G;VVS2;60.7;56;5.32;5.33;3.23;2058
0.7;Ideal;E;SI1;61.8;57;5.71;5.68;3.52;2058
0.74;Good;J;SI1;59.9;64;5.82;5.86;3.5;2058
1;Premium;H;I1;62.7;59;6.39;6.33;3.98;2058
0.73;Ideal;E;SI2;59.9;57;5.87;5.82;3.5;2059
0.57;Premium;G;VVS2;60.2;60;5.44;5.36;3.25;2059
0.53;Ideal;H;IF;61.4;55;5.21;5.24;3.21;2059
0.48;Ideal;F;IF;62;54;5;5.05;3.11;2059
0.7;Good;F;SI1;64.3;63;5.58;5.55;3.58;2059
0.64;Very Good;H;VVS2;60;59;5.59;5.65;3.37;2060
0.64;Very Good;G;VS1;60.4;62;5.54;5.58;3.36;2060
0.54;Ideal;G;VVS2;61.5;57;5.21;5.26;3.22;2060
0.71;Premium;F;SI2;62.3;60;5.67;5.7;3.54;2060
0.74;Fair;G;SI1;64.8;59;5.63;5.6;3.64;2060
0.51;Premium;E;VVS2;61;61;5.17;5.13;3.14;2060
0.57;Ideal;G;VS1;61.1;57;5.34;5.36;3.27;2060
0.71;Very Good;J;VS1;62.4;58;5.67;5.7;3.55;2061
0.7;Ideal;E;SI2;62;56;5.71;5.74;3.55;2061
0.6;Ideal;E;VS2;62;57;5.41;5.42;3.36;2061
0.6;Ideal;D;VS2;62.8;57;5.37;5.39;3.38;2061
0.6;Ideal;G;VS1;62.2;55;5.41;5.45;3.38;2061
0.57;Ideal;E;VS1;60.8;54.8;5.36;5.4;3.27;2061
0.56;Ideal;D;SI1;61.8;55;5.32;5.36;3.3;2061
0.53;Premium;E;VS2;59.6;58;5.36;5.32;3.18;2061
0.51;Very Good;E;VVS2;60;58;5.19;5.21;3.12;2062
0.71;Very Good;J;VS1;63.3;57;5.59;5.69;3.57;2062
0.7;Good;F;SI2;62.2;59;5.62;5.64;3.5;2062
0.72;Good;J;VS1;63.7;54;5.71;5.68;3.63;2062
0.62;Ideal;D;SI1;62.2;55;5.51;5.45;3.41;2062
0.51;Very Good;G;IF;63.8;58;5.06;5.09;3.24;2063
0.71;Very Good;I;SI1;60.2;58;5.76;5.83;3.49;2063
0.52;Ideal;G;VVS1;61.6;55;5.14;5.18;3.18;2063
0.51;Ideal;H;IF;59.6;59;5.2;5.24;3.11;2063
0.64;Good;F;VS2;59.3;60.7;5.59;5.66;3.34;2063
0.64;Fair;F;VS2;57;62.5;5.67;5.78;3.26;2063
0.52;Very Good;F;VVS2;62.1;58;5.12;5.16;3.19;2064
0.52;Very Good;F;VVS2;58.9;60;5.23;5.3;3.1;2064
0.55;Ideal;G;VVS2;60.8;56.9;5.27;5.31;3.22;2064
0.55;Ideal;G;VVS2;61.2;55.8;5.27;5.33;3.24;2064
0.55;Ideal;G;VVS2;62;53.8;5.25;5.28;3.27;2064
0.63;Premium;E;VS1;61.8;60;5.51;5.49;3.4;2064
0.52;Ideal;F;VVS2;62.5;57;5.15;5.19;3.23;2064
0.63;Ideal;I;VVS1;62.8;58;5.44;5.49;3.43;2064
0.98;Premium;I;I1;59.6;60;6.43;6.3;3.79;2064
0.98;Premium;I;I1;62.5;60;6.31;6.25;3.93;2064
0.52;Ideal;G;VVS1;60.7;55;5.19;5.29;3.18;2065
0.57;Ideal;F;VS1;61.4;55;5.38;5.39;3.3;2065
0.5;Good;D;VVS2;57.8;62;5.23;5.28;3.04;2065
0.6;Good;E;VS1;58.1;63;5.53;5.63;3.24;2065
0.62;Premium;F;VS2;61.4;59;5.5;5.47;3.37;2065
0.72;Very Good;J;VS1;62.8;58;5.71;5.73;3.59;2066
0.72;Very Good;J;VS1;64;57;5.67;5.71;3.64;2066
0.67;Very Good;I;IF;61.4;56;5.59;5.65;3.45;2066
0.56;Ideal;G;VVS2;61.6;55;5.32;5.35;3.28;2066
0.7;Very Good;H;SI1;60.9;62;5.67;5.72;3.47;2066
0.7;Good;H;SI1;63.4;61;5.58;5.62;3.55;2066
0.7;Very Good;H;SI1;62.4;59;5.63;5.75;3.55;2066
0.7;Good;H;SI1;63.8;58;5.59;5.66;3.59;2066
0.7;Very Good;E;SI2;63.1;54;5.73;5.65;3.59;2066
0.56;Ideal;D;VS2;61.4;55;5.35;5.33;3.28;2066
0.56;Ideal;D;VS2;60.6;56;5.37;5.33;3.24;2066
0.56;Ideal;D;VS2;61.4;57;5.36;5.32;3.28;2066
0.56;Ideal;D;VS2;61.2;56;5.35;5.3;3.26;2066
0.56;Ideal;D;VS2;60.9;56;5.36;5.31;3.25;2066
0.56;Ideal;D;VS2;60.9;56;5.35;5.32;3.25;2066
0.56;Ideal;D;VS2;61;57;5.35;5.28;3.24;2066
0.56;Ideal;D;VS2;61.1;56;5.33;5.3;3.25;2066
0.56;Premium;D;VS2;61.1;58;5.34;5.3;3.25;2066
0.56;Ideal;D;VS2;62.8;57;5.29;5.25;3.31;2066
0.56;Ideal;D;VS2;61.9;57;5.3;5.26;3.27;2066
0.56;Ideal;D;VS2;61.6;56;5.31;5.27;3.26;2066
0.56;Ideal;D;VS2;61.5;57;5.33;5.28;3.26;2066
0.56;Ideal;D;VS2;62.2;56;5.28;5.24;3.27;2066
0.56;Ideal;D;VS2;62.1;57;5.28;5.25;3.27;2066
0.51;Ideal;D;VS1;61.6;57;5.16;5.13;3.17;2066
0.56;Ideal;E;VS2;61.1;57;5.37;5.33;3.27;2066
1.05;Good;E;I1;64.1;58;6.46;6.32;4.09;2066
0.53;Ideal;D;VS2;60.8;56;5.24;5.27;3.2;2067
0.58;Ideal;D;VS1;61.4;57;5.41;5.34;3.3;2067
0.5;Very Good;D;VS1;62.1;58;5.07;5.1;3.16;2068
0.59;Very Good;E;VS2;60.8;57;5.37;5.42;3.28;2068
0.72;Ideal;G;SI2;61.9;57;5.73;5.77;3.56;2068
0.72;Good;I;VS2;63.3;59;5.62;5.66;3.57;2068
0.96;Fair;G;I1;64.5;60;6.16;6.11;3.96;2068
0.57;Ideal;E;VS1;61.4;57;5.37;5.32;3.28;2068
0.6;Ideal;E;SI1;61.2;57;5.43;5.45;3.33;2069
0.74;Fair;E;SI1;66;56;5.6;5.67;3.72;2069
0.57;Premium;E;VS2;61.9;60;5.35;5.31;3.3;2069
0.7;Very Good;F;SI2;62.3;58;5.65;5.71;3.54;2070
0.59;Ideal;G;VVS2;62.2;56;5.4;5.37;3.35;2070
0.5;Ideal;G;VVS1;62.7;57;5.1;5.07;3.19;2070
0.5;Very Good;G;VVS1;63.3;56;5.1;5.07;3.22;2070
0.5;Premium;G;VVS1;61;60;5.12;5.08;3.11;2070
0.5;Ideal;G;VVS1;62.2;56;5.12;5.1;3.18;2070
0.5;Premium;G;VVS1;62.3;59;5.04;5.01;3.13;2070
0.69;Fair;G;VS1;57.8;66;5.9;5.84;3.39;2070
0.69;Very Good;I;VS2;63.3;57;5.64;5.57;3.55;2070
0.75;Premium;I;SI2;61.1;57;5.88;5.84;3.58;2070
0.75;Premium;G;SI2;58.8;60;5.99;5.89;3.49;2070
0.58;Premium;G;VS1;59.9;58;5.49;5.37;3.25;2071
0.71;Very Good;G;SI1;64.2;56;5.6;5.65;3.61;2072
0.71;Good;F;SI2;63.6;60;5.64;5.61;3.58;2072
0.71;Premium;F;SI2;62.6;59;5.64;5.6;3.52;2072
0.62;Ideal;F;VS1;62.3;56;5.43;5.46;3.39;2073
0.72;Very Good;I;SI1;63.3;57;5.73;5.67;3.61;2074
0.7;Very Good;G;SI1;60.7;58;5.7;5.73;3.47;2074
0.7;Very Good;H;VS2;62.2;56;5.69;5.75;3.56;2074
0.7;Premium;H;VS2;62.2;58;5.69;5.72;3.55;2074
0.7;Good;G;SI1;63.5;61;5.61;5.64;3.57;2074
0.7;Ideal;G;SI1;61.2;57;5.71;5.79;3.52;2074
0.8;Premium;J;SI2;61.4;57;5.99;5.93;3.66;2074
0.68;Good;F;SI1;58.1;60;5.8;5.91;3.4;2074
0.72;Good;G;SI1;64;59;5.63;5.59;3.59;2074
0.64;Premium;D;SI1;62.3;58;5.53;5.49;3.43;2074
0.78;Premium;H;SI2;59.7;59;6.03;5.97;3.58;2074
0.64;Ideal;F;VS2;62.5;56;5.55;5.53;3.46;2074
0.72;Premium;I;VVS2;62;56;5.75;5.73;3.56;2074
0.72;Ideal;F;SI2;61.6;57;5.75;5.68;3.52;2074
0.82;Ideal;I;SI2;61.1;57;6.05;6.09;3.71;2075
0.56;Ideal;E;VS1;61.7;57;5.3;5.32;3.27;2075
0.7;Premium;F;SI2;62.6;58;5.64;5.6;3.52;2075
0.51;Ideal;E;VS1;62.8;57;5.1;5.07;3.2;2075
0.61;Premium;F;VS2;59.6;61;5.58;5.5;3.3;2075
0.7;Fair;F;SI2;65.3;55;5.6;5.49;3.62;2075
0.51;Ideal;E;VS1;61.8;55;5.15;31.8;5.12;2075
0.71;Very Good;H;SI1;62.4;58;5.67;5.7;3.55;2076
0.71;Very Good;H;SI1;61.4;58;5.72;5.78;3.53;2076
0.71;Very Good;H;SI1;61.2;56;5.69;5.72;3.49;2076
0.61;Good;F;VS1;61.9;60;5.39;5.41;3.34;2076
0.7;Very Good;H;SI2;60;60;5.76;5.8;3.47;2077
0.55;Ideal;G;VVS1;61.2;56;5.27;5.3;3.24;2077
0.55;Ideal;G;VVS1;60;56;5.35;5.39;3.21;2077
0.58;Very Good;G;VVS2;62;57;5.33;5.34;3.31;2078
0.59;Ideal;D;VS2;61.7;56;5.39;5.41;3.33;2078
0.52;Very Good;F;VVS2;61.5;57;5.18;5.22;3.19;2079
0.72;Very Good;G;SI2;62.5;56;5.68;5.71;3.56;2079
0.6;Ideal;E;VS2;61.2;56;5.44;5.45;3.33;2079
0.55;Ideal;E;VS1;61.9;55;5.3;5.24;3.25;2079
0.7;Ideal;I;SI2;62.1;57;5.66;5.71;3.53;2079
0.72;Ideal;G;SI2;62.1;54;5.77;5.82;3.6;2079
0.72;Ideal;G;SI2;62.5;57;5.71;5.75;3.58;2079
0.66;Ideal;D;SI1;62.7;55;5.56;5.61;3.5;2079
0.52;Fair;E;VVS2;57.2;64;5.27;5.36;3.04;2079
0.55;Ideal;E;VS1;62.2;55;5.26;5.22;3.26;2079
0.55;Ideal;E;VS1;61.7;55;5.29;5.27;3.26;2079
0.55;Ideal;E;VS1;61.1;55;5.33;5.3;3.25;2079
0.7;Good;E;SI1;59.8;64;5.75;5.69;3.42;2079
0.55;Ideal;D;VS2;58.5;58;5.42;5.39;3.16;2079
0.55;Ideal;F;VS1;61.2;56;5.33;5.28;3.25;2079
0.67;Very Good;G;VS2;60.4;61;5.61;5.64;3.4;2080
0.54;Ideal;G;VVS1;62.2;56;5.19;5.22;3.24;2080
0.54;Ideal;G;VVS1;62.2;56;5.18;5.23;3.24;2080
1.06;Very Good;G;I1;60.7;63;6.59;6.56;3.99;2080
0.71;Very Good;G;SI2;61.3;58;5.73;5.75;3.52;2081
0.5;Premium;F;VVS1;61.1;55;5.15;5.13;3.14;2081
0.5;Good;G;IF;64;55;5.08;5.05;3.24;2081
0.68;Premium;G;VS2;61.6;59;5.65;5.64;3.48;2081
0.56;Ideal;G;VVS2;61.6;56;5.32;5.29;3.27;2081
0.61;Very Good;G;VS1;62.7;57;5.36;5.43;3.38;2082
0.58;Very Good;E;VS1;62.9;54;5.31;5.34;3.35;2082
0.58;Very Good;E;VS1;61.8;55;5.35;5.39;3.32;2082
0.51;Ideal;F;VVS2;62.2;57;5.12;5.14;3.19;2082
0.5;Very Good;E;VVS2;61.7;61;5.09;5.12;3.15;2083
0.75;Very Good;J;SI1;62.4;56;5.78;5.82;3.62;2083
0.7;Good;H;VS2;63.8;60;5.59;5.51;3.54;2083
0.51;Ideal;F;VVS2;62.2;57;5.12;5.17;3.2;2083
0.54;Ideal;F;VS1;61.1;55;5.26;5.32;3.23;2083
0.7;Ideal;I;SI1;59.9;59;5.75;5.8;3.46;2083
0.7;Ideal;I;SI1;60.8;59;5.74;5.78;3.5;2083
0.7;Ideal;I;SI1;62.1;58;5.68;5.72;3.54;2083
0.62;Fair;F;VS1;60;64;5.69;5.48;3.36;2083
0.82;Premium;J;SI1;62.2;58;5.98;5.94;3.71;2083
0.51;Very Good;G;IF;59.3;57;5.25;5.31;3.13;2084
0.64;Ideal;H;VVS1;61.1;55;5.58;5.61;3.43;2084
0.58;Good;F;VS1;62.2;62;5.37;5.44;3.36;2084
0.65;Very Good;I;VVS1;62.9;58;5.51;5.53;3.47;2085
0.6;Very Good;E;VS2;62.9;59;5.34;5.38;3.37;2085
0.51;Ideal;E;VS2;61.6;55;5.16;5.19;3.19;2085
0.71;Ideal;J;VS1;62.3;55;5.7;5.73;3.56;2085
0.51;Ideal;F;VS1;61.7;55;5.14;5.17;3.18;2085
0.51;Ideal;F;VS1;60.9;56;5.17;5.2;3.16;2085
0.56;Ideal;E;VS1;61.2;56;5.3;5.34;3.26;2085
0.73;Good;H;SI2;60.9;65;5.86;5.69;3.51;2085
0.77;Very Good;J;SI1;61;59;5.94;5.99;3.64;2086
0.71;Fair;D;SI1;55.5;62;6;5.97;3.32;2086
0.71;Very Good;G;SI2;63.4;56;5.68;5.62;3.58;2086
0.47;Ideal;D;VS1;60.5;57;5.04;5.07;3.06;2086
0.71;Ideal;H;SI2;62.1;56;5.76;5.71;3.56;2086
0.73;Ideal;F;SI2;61.7;57;5.78;5.82;3.58;2087
0.7;Premium;G;SI2;62;60;5.7;5.62;3.51;2087
0.51;Premium;D;VVS2;61.6;59;5.12;5.08;3.14;2087
0.54;Ideal;G;VVS1;61.3;56;5.28;5.23;3.22;2087
0.71;Good;I;SI1;60.9;64;5.72;5.67;3.47;2087
0.7;Very Good;G;SI1;63.3;57;5.58;5.63;3.55;2088
0.71;Ideal;D;SI2;62.5;57;5.7;5.73;3.57;2088
0.71;Very Good;F;SI1;60.7;57;5.78;5.81;3.52;2088
0.71;Very Good;F;SI1;63;56;5.65;5.72;3.58;2088
0.71;Fair;F;SI1;62.6;57;5.73;5.68;3.57;2088
0.7;Good;H;SI1;61.9;62;5.57;5.61;3.46;2088
0.62;Fair;F;VVS2;57.1;60;5.65;5.7;3.24;2088
0.58;Ideal;F;VS1;62.1;56;5.38;5.32;3.32;2088
0.8;Premium;J;SI1;60;60;6.1;5.97;3.66;2088
0.77;Premium;I;SI1;60.4;58;5.96;5.99;3.61;2089
0.7;Ideal;F;SI1;62.6;56;5.66;5.69;3.55;2089
0.72;Ideal;G;SI2;62.1;55.3;5.72;5.74;3.56;2089
0.64;Ideal;E;SI1;62;56;5.57;5.53;3.44;2089
0.6;Ideal;E;SI1;62.3;55;5.45;5.4;3.38;2090
0.54;Ideal;G;VVS2;61.5;54;5.26;5.24;3.23;2090
0.54;Ideal;G;VVS2;61;56;5.3;5.25;3.22;2090
0.54;Ideal;G;VVS2;60.6;56;5.27;5.26;3.19;2090
0.54;Ideal;G;VVS2;62.1;56;5.22;5.19;3.23;2090
0.54;Ideal;G;VVS2;61.4;55;5.3;5.22;3.23;2090
0.54;Ideal;G;VVS2;61.8;56;5.25;5.23;3.24;2090
0.54;Premium;G;VVS2;60.5;55;5.28;5.24;3.18;2090
0.54;Good;F;VS1;63.7;55;5.16;5.11;3.27;2090
0.6;Ideal;G;VS1;61.3;60;5.39;5.41;3.31;2091
0.57;Ideal;D;VS1;61.7;56;5.31;5.33;3.28;2091
0.52;Very Good;E;VS1;58.9;64;5.23;5.3;3.1;2092
0.7;Very Good;F;SI2;62.8;56;5.64;5.69;3.56;2092
0.52;Ideal;F;VVS2;61.5;55;5.17;5.21;3.19;2092
0.7;Ideal;G;SI2;62.4;56;5.65;5.67;3.53;2092
0.7;Good;E;SI2;59.7;63;5.71;5.78;3.43;2092
0.7;Fair;E;SI2;64.6;53;5.58;5.63;3.62;2092
0.73;Very Good;I;SI2;63;58;5.71;5.75;3.61;2093
0.51;Ideal;F;VVS2;62.6;57;5.1;5.13;3.2;2093
0.26;Very Good;E;VVS1;61.8;59;4.11;4.14;2.55;539
0.33;Ideal;H;VS2;61.8;54;4.45;4.48;2.76;539
0.33;Ideal;H;VS2;60.6;56;4.51;4.54;2.74;539
0.33;Ideal;H;VS2;61.1;56;4.5;4.54;2.76;539
0.33;Ideal;H;VS2;61;55;4.49;4.52;2.75;539
0.3;Ideal;H;VS1;62.3;55.1;4.29;4.32;2.68;539
0.3;Ideal;H;VS1;62.2;54;4.29;4.33;2.68;539
0.39;Ideal;J;SI1;62.6;53;4.68;4.71;2.94;539
0.41;Good;I;SI2;63.5;57;4.7;4.72;2.99;539
0.41;Premium;I;SI2;61.6;59;4.76;4.79;2.94;539
0.31;Good;H;VS1;64;59;4.25;4.28;2.73;539
0.32;Very Good;G;SI1;62;58.5;4.36;4.41;2.72;540
0.32;Ideal;I;VVS2;61.7;56;4.4;4.42;2.72;540
0.24;Ideal;F;VVS2;61.4;59;4;4.05;2.47;540
0.24;Ideal;F;VVS2;61.5;56;3.99;4.01;2.46;540
0.35;Ideal;J;VVS1;62.1;53;4.53;4.55;2.82;540
0.3;Ideal;I;VVS1;62.1;57;4.29;4.34;2.68;540
0.3;Ideal;I;VVS1;61.8;54;4.32;4.35;2.68;540
0.3;Ideal;I;VVS1;62.1;54;4.29;4.31;2.67;540
0.4;Ideal;H;SI2;62.6;55;4.7;4.72;2.95;540
0.4;Ideal;H;SI2;62.2;55;4.75;4.77;2.96;540
0.34;Ideal;G;SI1;61.9;55;4.5;4.52;2.79;540
0.34;Ideal;G;SI1;61.5;55;4.49;4.52;2.77;540
0.34;Ideal;G;SI1;61.8;54;4.48;4.51;2.78;540
0.3;Good;G;VVS2;57.9;61;4.4;4.42;2.56;540
0.32;Ideal;G;SI2;63;56;4.35;4.32;2.73;540
0.32;Premium;G;SI2;61.6;59;4.38;4.35;2.69;540
0.32;Premium;G;SI2;62.4;59;4.4;4.35;2.73;540
0.32;Ideal;G;SI2;62.5;55;4.4;4.37;2.74;540
0.32;Very Good;F;SI2;63.5;56;4.37;4.35;2.77;540
0.51;Ideal;F;VVS2;61.2;56;5.17;5.19;3.17;2093
0.51;Premium;F;VVS2;60.5;59;5.15;5.17;3.12;2093
0.72;Very Good;J;VVS1;61.4;61;5.7;5.77;3.52;2093
0.51;Ideal;F;VVS2;62.2;56;5.08;5.12;3.17;2093
0.51;Ideal;F;VVS2;62.4;57;5.08;5.12;3.18;2093
0.75;Very Good;H;SI2;62.2;58;5.77;5.83;3.61;2093
0.51;Ideal;F;VVS2;61.2;56;5.17;5.19;3.17;2093
0.52;Good;G;IF;59.8;57;5.24;5.27;3.14;2093
0.7;Fair;D;SI1;66;56;5.45;5.52;3.62;2093
0.57;Premium;D;VS1;60.9;57;5.43;5.37;3.29;2093
0.59;Very Good;E;VS2;60.6;60;5.44;5.49;3.31;2094
0.6;Very Good;G;VS1;61.9;56;5.41;5.45;3.36;2094
0.7;Very Good;H;SI2;63.4;55;5.59;5.64;3.56;2094
0.79;Good;I;SI1;63.9;55;5.85;5.8;3.72;2095
0.7;Very Good;G;SI1;62.2;58;5.63;5.66;3.51;2095
0.57;Ideal;G;VVS2;60.7;55;5.34;5.36;3.25;2095
0.57;Ideal;G;VVS2;61.7;56;5.3;5.33;3.28;2095
0.57;Ideal;G;VVS2;61.7;54;5.32;5.41;3.31;2095
0.79;Very Good;I;SI1;63.3;57;5.86;5.83;3.7;2095
0.81;Very Good;G;SI2;63.2;60;5.82;5.79;3.67;2095
0.58;Premium;G;VVS2;59.7;59;5.45;5.4;3.24;2095
0.71;Good;H;SI1;63.5;57;5.63;5.67;3.59;2096
0.71;Good;H;SI1;63.1;57;5.61;5.65;3.55;2096
0.71;Good;H;SI1;63.5;57;5.64;5.67;3.59;2096
0.71;Very Good;H;SI1;62.5;60;5.68;5.75;3.57;2096
0.71;Premium;H;SI1;62.1;58;5.72;5.75;3.56;2096
0.61;Very Good;D;VS1;62.4;57;5.44;5.46;3.4;2096
0.71;Premium;E;SI2;60.4;61;5.79;5.77;3.49;2096
0.57;Ideal;F;VS2;60.7;56;5.37;5.41;3.27;2096
0.7;Ideal;J;SI1;60.3;57;5.75;5.79;3.48;2096
0.7;Ideal;J;SI1;61;56;5.69;5.82;3.51;2096
0.54;Ideal;H;IF;60.9;57;5.26;5.31;3.22;2096
0.51;Ideal;G;IF;62.4;54;5.12;5.17;3.21;2096
0.56;Ideal;F;VS1;62.1;56;5.32;5.28;3.29;2097
0.71;Very Good;F;SI2;59;58;5.84;5.89;3.46;2098
0.71;Very Good;F;SI2;63.6;56;5.58;5.67;3.58;2098
0.71;Very Good;I;SI1;62;56;5.69;5.72;3.54;2098
0.51;Ideal;F;VVS2;61.8;56;5.13;5.16;3.18;2098
0.51;Ideal;F;VVS2;61.7;56;5.14;5.16;3.18;2098
0.51;Ideal;F;VVS2;61.9;56;5.09;5.14;3.16;2098
0.55;Ideal;I;IF;60.1;56;5.33;5.38;3.22;2098
0.73;Good;J;VS2;60.8;63;5.67;5.78;3.48;2098
1;Good;F;I1;63.9;59;6.27;6.2;3.99;2098
0.53;Premium;E;SI1;61.8;60;5.21;5.18;3.21;2099
0.72;Ideal;J;VS2;61.4;57;5.76;5.8;3.55;2099
0.6;Ideal;F;VS2;60.9;55;5.49;5.51;3.34;2099
0.57;Ideal;D;VS2;61.7;56;5.3;5.37;3.29;2099
0.7;Ideal;E;SI2;62.9;56;5.66;5.6;3.54;2100
0.7;Very Good;F;SI1;63.2;56;5.61;5.5;3.51;2100
0.56;Very Good;E;VVS2;62.6;57;5.25;5.23;3.28;2100
0.7;Very Good;F;SI2;61.2;57;5.67;5.74;3.49;2100
0.5;Ideal;D;VVS2;60.4;54;5.17;5.23;3.14;2100
0.81;Ideal;J;SI2;62.2;57;5.95;5.92;3.69;2100
0.7;Good;F;SI2;59;57;5.8;5.83;3.43;2100
0.54;Premium;D;VS1;61.1;58;5.3;5.24;3.22;2100
0.7;Fair;H;VS1;62;73;5.65;5.54;3.47;2100
0.7;Premium;G;SI2;61.3;58;5.75;5.67;3.5;2100
0.5;Ideal;E;VS2;60.5;56;5.18;5.16;3.13;2100
0.73;Very Good;J;VS2;62.7;57;5.71;5.74;3.59;2101
0.73;Ideal;J;VS2;62.3;55;5.74;5.78;3.59;2101
0.66;Good;G;VS2;58.1;59.9;5.68;5.72;3.31;2101
0.55;Very Good;F;VVS2;63.1;56;5.19;5.23;3.29;2102
0.51;Very Good;G;IF;62.6;56;5.09;5.13;3.2;2102
0.48;Ideal;E;VVS2;60.7;56;5.04;5.08;3.07;2102
0.75;Fair;F;SI2;65.1;57;5.7;5.66;3.7;2102
0.62;Premium;E;VS2;60;59;5.58;5.56;3.34;2102
0.73;Premium;H;SI2;61.2;58;5.84;5.8;3.56;2102
0.71;Fair;F;SI2;65.2;55.5;5.52;5.58;3.62;2103
0.57;Ideal;D;VS2;61.8;56;5.34;5.31;3.29;2103
0.57;Ideal;D;VS2;61.4;56;5.37;5.34;3.29;2103
0.59;Ideal;D;VS2;61.9;56;5.39;5.34;3.32;2103
0.7;Very Good;D;SI2;63.7;58;5.56;5.62;3.56;2104
0.71;Very Good;G;SI1;62.3;57;5.7;5.76;3.57;2104
0.71;Good;I;VS1;63.8;53;5.7;5.64;3.62;2104
0.71;Fair;I;VS1;64.5;56;5.61;5.56;3.6;2104
0.75;Ideal;J;VS2;61.2;56;5.86;5.9;3.6;2104
0.5;Ideal;G;IF;61.5;56;5.11;5.14;3.15;2104
0.71;Premium;I;VS1;61.9;58;5.76;5.71;3.55;2104
0.5;Very Good;E;VVS2;62.6;59;5.02;5.05;3.15;2105
0.5;Very Good;E;VVS2;61.5;59;5.08;5.1;3.13;2105
0.5;Very Good;E;VVS2;62;55;5.08;5.11;3.16;2105
0.6;Premium;G;VVS2;59.7;60;5.55;5.5;3.3;2105
0.6;Ideal;G;VS1;61.3;57;5.4;5.47;3.33;2105
0.52;Ideal;E;VS1;61.9;55;5.16;5.18;3.2;2105
0.58;Premium;E;VS1;60.7;58;5.41;5.36;3.27;2105
0.5;Very Good;E;VVS2;59.1;61;5.19;5.23;3.08;2106
0.75;Very Good;H;SI2;60.4;60;5.89;5.93;3.57;2106
0.7;Very Good;H;SI1;63.5;57;5.59;5.66;3.59;2106
0.74;Ideal;J;VVS2;61.7;55;5.83;5.87;3.61;2106
0.7;Very Good;G;SI1;61.8;56;5.7;5.76;3.54;2106
0.7;Premium;G;SI1;62.2;58;5.69;5.76;3.56;2106
0.7;Very Good;G;SI1;62.5;57;5.63;5.7;3.54;2106
0.7;Very Good;I;VVS2;58.6;60;5.79;5.91;3.43;2106
0.7;Very Good;G;SI1;62.1;58;5.66;5.7;3.53;2106
0.7;Very Good;H;VS2;62.1;55;5.66;5.71;3.53;2106
0.63;Ideal;D;VS2;61.1;55;5.6;5.56;3.41;2106
0.6;Premium;D;SI1;62.8;61;5.41;5.33;3.37;2106
0.53;Ideal;G;VVS1;61.4;57;5.21;5.18;3.19;2106
0.65;Ideal;H;VS1;61.8;55;5.6;5.56;3.45;2106
0.55;Ideal;E;VS1;62;56;5.27;5.24;3.26;2107
0.55;Ideal;E;VS1;61.2;57;5.3;5.28;3.24;2107
0.77;Ideal;F;SI2;62;56;5.92;5.86;3.65;2107
0.71;Very Good;G;SI2;63.2;59;5.6;5.64;3.55;2107
0.7;Very Good;H;SI1;62.2;56;5.64;5.67;3.52;2107
0.7;Very Good;H;SI1;61.5;57;5.64;5.68;3.48;2107
0.7;Very Good;H;SI1;61;58;5.67;5.7;3.47;2107
0.7;Very Good;H;SI1;62.7;56;5.6;5.62;3.52;2107
0.7;Premium;F;SI2;61.9;62;5.69;5.66;3.51;2107
0.7;Premium;F;SI2;61.7;62;5.69;5.65;3.5;2107
0.7;Ideal;J;VS1;61.4;55;5.72;5.75;3.53;2107
0.7;Ideal;H;SI1;61.1;58;5.69;5.7;3.48;2107
0.7;Ideal;H;SI1;61.9;57;5.66;5.69;3.51;2107
0.73;Premium;H;SI1;62.2;57;5.8;5.77;3.6;2107
0.61;Ideal;F;VS2;62.4;55;5.45;5.42;3.39;2108
1.01;Very Good;G;I1;63.1;60;6.42;6.25;3.99;2108
0.72;Very Good;I;VS2;61.8;60;5.72;5.76;3.55;2109
0.54;Ideal;F;VVS2;61;57;5.26;5.3;3.22;2109
0.6;Ideal;G;VS1;60.2;57;5.49;5.54;3.32;2109
0.7;Good;F;SI2;60.6;61;5.71;5.77;3.48;2109
0.7;Good;F;SI2;61.6;61;5.66;5.68;3.49;2109
0.74;Premium;G;SI2;62.8;57;5.77;5.73;3.61;2109
0.57;Ideal;E;VS1;61.3;57;5.34;5.37;3.28;2110
0.7;Ideal;H;SI2;62.1;55;5.69;5.72;3.54;2110
0.7;Ideal;H;SI2;61.6;54;5.71;5.75;3.53;2110
0.7;Ideal;I;SI1;61.6;53;5.73;5.76;3.54;2110
0.7;Ideal;I;SI1;61.9;58;5.66;5.68;3.51;2110
0.7;Ideal;I;SI1;62.5;55;5.68;5.71;3.56;2110
0.7;Ideal;I;SI1;62.5;55;5.7;5.73;3.57;2110
0.51;Ideal;G;VVS1;61;57;5.17;5.16;3.15;2111
0.71;Very Good;I;VS2;59.5;57;5.85;5.88;3.49;2111
0.75;Very Good;F;SI2;58.6;60;5.99;6.03;3.52;2111
0.7;Ideal;I;VS2;61.1;57;5.7;5.75;3.5;2111
0.71;Ideal;I;SI1;62.6;54;5.68;5.73;3.57;2111
0.52;Ideal;I;IF;60.9;57;5.17;5.21;3.16;2111
0.7;Good;E;SI1;61.6;61;5.64;5.66;3.48;2111
0.51;Ideal;G;VVS1;62.6;57;5.14;5.08;3.2;2111
0.51;Ideal;G;VVS1;62.3;55;5.14;5.1;3.19;2111
0.51;Premium;G;VVS1;60.1;56;5.35;5.16;3.16;2111
0.6;Very Good;E;VS1;60.9;58;5.43;5.48;3.32;2112
0.71;Premium;H;SI1;62.4;59;5.65;5.6;3.51;2112
0.6;Ideal;E;VS2;62;56;5.4;5.43;3.36;2112
0.71;Fair;H;SI1;65.1;56;5.63;5.55;3.64;2112
0.72;Ideal;H;SI2;61.4;55;5.81;5.78;3.56;2112
0.72;Ideal;J;VS1;62.7;57;5.74;5.71;3.59;2112
1;Fair;I;I1;65.4;57;6.28;6.2;4.08;2112
0.55;Premium;E;VS2;59.7;57;5.39;5.36;3.21;2112
0.52;Very Good;G;VVS1;61.1;58;5.19;5.22;3.18;2113
0.54;Very Good;D;VS2;60.7;57;5.24;5.29;3.2;2113
0.47;Ideal;E;VVS2;61.6;56;4.97;5.01;3.07;2113
0.47;Ideal;F;VVS1;61.6;56;5;5.02;3.09;2113
0.7;Ideal;H;SI1;62.1;56;5.74;5.67;3.54;2113
0.64;Very Good;E;VS2;63.4;54;5.52;5.49;3.49;2114
0.68;Very Good;G;VS1;60.7;58;5.68;5.75;3.47;2114
0.72;Very Good;G;SI2;60.6;57;5.79;5.86;3.53;2114
0.72;Very Good;G;SI2;60.6;61;5.73;5.79;3.49;2114
0.5;Very Good;D;VVS2;61.7;59;5.02;5.09;3.12;2115
0.72;Premium;G;SI2;62.6;60;5.7;5.65;3.55;2115
0.54;Very Good;F;VVS2;63.2;54;5.2;5.18;3.28;2115
0.61;Ideal;E;VS2;59.7;57;5.57;5.52;3.31;2115
0.75;Good;G;SI2;63.9;62;5.66;5.61;3.6;2115
0.78;Good;I;SI1;63.1;56;5.82;5.88;3.69;2116
0.52;Ideal;E;VVS2;62.3;57;5.12;5.15;3.2;2116
0.55;Ideal;G;VVS1;62.6;56;5.24;5.27;3.29;2116
0.7;Good;E;SI2;61;64;5.63;5.69;3.45;2116
0.7;Fair;I;VS2;64.7;60;5.55;5.49;3.57;2117
0.7;Very Good;G;SI1;63.2;58;5.64;5.6;3.55;2117
0.7;Good;G;SI1;63.8;59;5.62;5.58;3.57;2117
0.58;Ideal;F;VS1;60.6;55;5.41;5.48;3.3;2117
0.7;Good;H;SI1;65;57;5.52;5.59;3.61;2117
0.7;Good;I;VS2;63.6;58;5.59;5.57;3.55;2117
0.56;Ideal;E;VS1;61.8;55;5.33;5.28;3.28;2117
0.56;Ideal;E;VS1;61.1;56;5.34;5.29;3.25;2117
0.56;Ideal;E;VS1;61.8;56;5.33;5.28;3.28;2117
0.7;Very Good;G;SI2;63.2;57;5.7;5.66;3.59;2117
0.7;Fair;G;SI2;65.2;56;5.63;5.54;3.64;2117
1;Fair;J;SI2;69.9;61;6.13;5.86;4.23;2117
0.7;Fair;I;VVS2;64.7;55;5.62;5.51;3.6;2117
0.56;Ideal;H;VVS2;61.8;56;5.28;5.33;3.28;2118
0.56;Ideal;F;VVS2;61;56;5.33;5.35;3.26;2119
0.55;Ideal;F;VS1;60.5;57;5.3;5.34;3.22;2119
0.55;Ideal;F;VS1;61.8;55;5.28;5.3;3.27;2119
0.55;Ideal;D;VS1;61.8;55;5.29;5.32;3.28;2119
0.76;Very Good;I;SI1;62;58;5.84;5.9;3.64;2120
0.55;Ideal;H;IF;61.5;55;5.25;5.29;3.25;2120
0.55;Ideal;H;IF;61.9;56;5.26;5.34;3.26;2120
0.61;Good;F;VS1;60.6;60.3;5.46;5.51;3.32;2120
0.71;Good;E;SI2;58.8;63;5.75;5.88;3.42;2120
0.7;Fair;G;SI1;56.6;61;5.86;5.95;3.34;2120
0.5;Very Good;F;VVS1;62.2;57;5.03;5.07;3.14;2121
0.73;Ideal;J;VS1;62;53;5.78;5.82;3.6;2121
0.7;Good;F;SI1;63.8;58;5.56;5.67;3.58;2121
0.7;Good;G;SI1;64;57;5.63;5.58;3.59;2121
0.7;Fair;F;SI1;66;56;5.59;5.56;3.68;2121
0.8;Ideal;H;SI2;62.4;57;5.91;5.83;3.66;2122
0.5;Very Good;F;VVS1;61.1;55;5.14;5.18;3.15;2122
0.75;Premium;I;SI1;62.5;58;5.77;5.82;3.62;2122
0.73;Ideal;I;SI1;62;56;5.75;5.8;3.58;2122
0.57;Ideal;D;VS1;61.5;54;5.36;5.38;3.3;2122
0.71;Ideal;H;SI2;61.5;56;5.71;5.74;3.52;2122
0.71;Ideal;H;SI2;62.1;57;5.68;5.76;3.55;2122
0.61;Very Good;H;VS1;60.1;56;5.55;5.59;3.35;2123
0.72;Very Good;J;SI1;57.6;63;5.89;5.95;3.41;2123
0.71;Very Good;E;SI2;62.1;57;5.71;5.76;3.56;2123
0.54;Ideal;G;VVS1;61.8;55;5.24;5.27;3.25;2123
0.54;Very Good;G;VVS1;60.7;56;5.25;5.3;3.2;2123
0.54;Ideal;G;VVS1;62.2;56;5.2;5.22;3.24;2123
0.71;Very Good;D;SI2;59.7;60;5.79;5.84;3.47;2123
0.52;Ideal;F;VS1;61.3;56;5.19;5.22;3.19;2123
0.59;Premium;F;SI1;62.2;60;5.37;5.33;3.33;2124
0.59;Very Good;F;SI1;63.1;57;5.39;5.36;3.39;2124
0.61;Good;E;VS2;60.8;59;5.41;5.48;3.31;2124
0.6;Premium;E;VS2;59.3;60;5.51;5.46;3.25;2124
0.6;Ideal;D;VS2;60.4;57;5.53;5.49;3.33;2125
0.78;Very Good;H;SI2;62.9;55;5.83;5.87;3.68;2125
0.59;Ideal;G;VVS2;62.7;56;5.33;5.36;3.35;2125
0.59;Ideal;G;VVS2;62.6;57;5.33;5.37;3.35;2125
0.71;Good;F;SI1;64.3;57;5.62;5.55;3.59;2125
0.72;Very Good;E;SI2;59.4;63;5.87;5.82;3.47;2125
0.72;Fair;E;SI2;68.4;64;5.38;5.32;3.66;2125
0.72;Premium;E;SI2;61.7;58;5.79;5.74;3.56;2125
0.7;Fair;E;SI1;65.1;56;5.49;5.41;3.55;2125
0.72;Very Good;F;SI2;58.5;60;5.86;5.93;3.45;2126
0.63;Very Good;H;VVS1;62;57;5.47;5.5;3.4;2127
0.7;Good;F;SI1;63.1;56;5.63;5.66;3.56;2127
0.71;Premium;I;VS2;62.7;59;5.66;5.69;3.56;2127
0.54;Very Good;G;IF;62.5;58;5.19;5.27;3.27;2128
0.7;Very Good;I;VS1;63.1;54;5.61;5.67;3.56;2129
0.77;Very Good;H;SI2;63.6;58;5.77;5.81;3.68;2129
0.71;Very Good;F;SI2;59.5;58;5.82;5.87;3.48;2129
0.59;Ideal;G;VS1;61.3;55;5.42;5.44;3.33;2129
0.55;Ideal;G;VVS2;62.5;56;5.25;5.22;3.27;2129
0.55;Ideal;G;VVS2;62;57;5.26;5.22;3.25;2129
0.55;Ideal;G;VVS2;61.9;56;5.27;5.23;3.25;2129
0.77;Premium;G;SI2;61.3;58;5.94;5.88;3.62;2129
0.91;Fair;I;SI2;65;58;6.05;6.02;3.92;2129
0.81;Premium;J;VS2;60.6;60;6.04;6;3.65;2129
0.71;Good;F;SI2;64.1;60;0;0;0;2130
0.71;Good;F;SI2;64.1;60;0;0;0;2130
0.6;Very Good;G;VVS2;62.2;56;5.39;5.42;3.36;2130
0.78;Very Good;I;SI2;60.6;60;5.91;5.93;3.59;2130
0.67;Very Good;G;VS2;59.4;59.4;5.71;5.8;3.41;2131
0.67;Very Good;G;VS2;61.7;59.7;5.56;5.61;3.45;2131
0.7;Very Good;F;SI2;62.9;56;5.68;5.71;3.58;2131
0.53;Ideal;F;VVS2;61.6;55;5.21;5.24;3.22;2131
0.66;Ideal;H;VS1;61;57;5.61;5.66;3.43;2131
0.6;Ideal;G;VS1;61.6;56;5.44;5.47;3.36;2131
0.72;Ideal;H;SI2;61.5;56;5.8;5.75;3.55;2131
0.62;Good;F;VVS2;59.9;62;5.51;5.53;3.3;2131
0.67;Good;G;VS2;57.5;60.1;5.78;5.83;3.34;2131
0.71;Good;H;SI1;58.3;61;5.84;5.79;3.39;2131
0.72;Fair;I;VVS2;65.7;57;5.56;5.64;3.68;2131
0.64;Premium;F;VS2;62.2;55;5.53;5.5;3.43;2131
0.74;Premium;G;SI1;58.3;58;5.97;5.93;3.47;2131
0.59;Ideal;G;VVS2;61;57;5.44;5.41;3.31;2131
0.5;Very Good;E;VVS2;61.5;60;5.04;5.08;3.11;2132
0.78;Very Good;I;SI2;62.5;58;5.82;5.89;3.66;2132
0.58;Ideal;G;VVS2;61.9;57;5.33;5.36;3.31;2132
0.55;Ideal;G;VS1;62.2;54;5.27;5.24;3.27;2132
0.58;Ideal;G;VVS2;61.8;56;5.35;5.36;3.31;2133
0.83;Fair;H;SI2;65.1;59;5.84;5.81;3.79;2133
0.55;Ideal;D;VS2;61.7;55;5.27;5.29;3.26;2133
0.55;Ideal;H;IF;61.7;55;5.27;5.29;3.26;2133
0.71;Very Good;F;SI2;59.2;60;5.85;5.91;3.48;2134
0.65;Premium;D;SI1;60.5;58;5.61;5.57;3.38;2134
1.04;Fair;F;I1;65.4;60;6.39;6.3;4.15;2134
0.7;Very Good;H;SI2;62;59;5.68;5.7;3.53;2135
0.58;Ideal;G;VVS2;61.6;56;5.37;5.4;3.31;2135
0.7;Premium;E;SI2;62;55;5.65;5.61;3.49;2135
0.7;Premium;E;SI2;59.8;61;5.76;5.74;3.44;2135
0.56;Ideal;H;IF;61.3;56;5.32;5.35;3.27;2135
0.53;Very Good;G;VVS1;58.9;60;5.23;5.3;3.1;2136
0.72;Very Good;J;VS1;62.3;57;5.73;5.77;3.58;2136
0.7;Very Good;I;SI1;62.2;58;5.63;5.66;3.51;2136
0.72;Ideal;J;VVS2;60.9;58;5.74;5.78;3.51;2136
0.71;Ideal;G;SI1;61.4;57;5.76;5.8;3.55;2136
0.71;Very Good;G;VS2;63.5;59;5.67;5.63;3.59;2137
0.71;Very Good;I;VVS2;61.9;58;5.72;5.75;3.55;2137
0.7;Very Good;H;VS2;63.2;57;5.58;5.62;3.54;2137
0.71;Very Good;G;SI1;63.2;58;5.58;5.68;3.56;2137
0.71;Premium;F;SI2;60.2;60;5.8;5.77;3.48;2137
0.52;Ideal;F;VVS2;60.6;56;5.22;5.24;3.17;2137
0.6;Ideal;E;VS2;62.3;53.8;5.41;5.45;3.38;2137
0.53;Ideal;G;IF;62.7;56;5.23;5.13;3.25;2137
0.7;Good;H;VS2;64.1;58;5.51;5.57;3.55;2137
0.7;Good;H;VS2;64.5;57;5.53;5.57;3.58;2137
0.7;Good;G;SI1;64.6;59;5.49;5.54;3.56;2137
0.74;Very Good;H;SI2;63.1;55;5.72;5.78;3.63;2138
0.71;Very Good;F;SI2;60.5;62;5.75;5.79;3.49;2138
0.7;Very Good;H;VS2;61.4;54;5.77;5.66;3.51;2138
0.51;Ideal;F;VVS2;60.3;56;5.2;5.23;3.15;2138
0.52;Ideal;F;VS1;61.5;56;5.19;5.22;3.2;2138
0.7;Ideal;H;SI1;61.2;58;5.74;5.77;3.52;2138
0.9;Fair;E;I1;59.9;66;6.18;6.14;3.69;2138
0.66;Good;F;VS2;64.1;56;5.5;5.46;3.51;2138
0.7;Ideal;F;SI2;62.8;55;5.68;5.65;3.56;2138
0.9;Fair;H;SI2;64.4;59;6.03;5.99;3.87;2138
0.72;Ideal;J;VVS1;62.4;58;5.71;5.76;3.58;2139
0.72;Ideal;G;SI2;62.1;59;5.71;5.76;3.56;2139
0.66;Good;G;VS1;61.6;61;5.56;5.63;3.43;2139
0.46;Good;D;IF;58.6;59;5.06;5.11;2.98;2139
0.32;Ideal;F;SI2;62.6;56;4.41;4.37;2.75;540
0.32;Very Good;F;SI2;63.1;56;4.38;4.34;2.75;540
0.3;Ideal;I;VS2;62.6;56;4.31;4.29;2.69;540
0.3;Very Good;H;SI1;59.4;63;4.4;4.35;2.6;540
0.3;Good;H;SI1;63.9;55;4.27;4.24;2.72;540
0.3;Premium;H;SI1;61.3;61;4.27;4.25;2.61;540
0.3;Premium;H;SI1;62.9;56;4.31;4.28;2.7;540
0.3;Premium;E;SI2;61.9;58;4.31;4.28;2.66;540
0.32;Ideal;J;VS1;61.3;57;4.43;4.41;2.71;540
0.32;Premium;J;VS1;60.6;59;4.46;4.42;2.69;540
0.32;Premium;J;VS1;61.9;58;4.39;4.33;2.7;540
0.32;Premium;J;VS1;61.7;58;4.4;4.38;2.71;540
0.32;Premium;I;SI1;61.6;61;4.4;4.36;2.7;540
0.32;Premium;I;SI1;61.1;59;4.42;4.38;2.69;540
0.32;Premium;I;SI1;59.9;61;4.47;4.44;2.67;540
0.32;Very Good;I;SI1;63.5;57;4.33;4.3;2.74;540
0.32;Premium;G;SI2;61;59;4.42;4.36;2.68;540
0.32;Premium;G;SI2;62.3;58;4.42;4.37;2.74;540
0.32;Very Good;G;SI2;63.4;55;4.35;4.32;2.75;540
0.32;Premium;G;SI2;62.7;58;4.39;4.35;2.74;540
0.32;Ideal;G;SI2;62.5;57;4.38;4.35;2.73;540
0.32;Premium;F;SI2;59.7;59;4.48;4.43;2.66;540
0.32;Good;F;SI2;63.8;55;4.35;4.34;2.77;540
0.3;Ideal;H;SI1;62.6;55;4.32;4.28;2.69;540
0.3;Premium;H;SI1;61.2;60;4.31;4.29;2.63;540
0.3;Premium;H;SI1;61.3;58;4.33;4.29;2.64;540
0.3;Premium;H;SI1;59.5;62;4.35;4.32;2.58;540
0.3;Premium;H;SI1;59.3;59;4.38;4.36;2.59;540
0.3;Premium;H;SI1;62.9;58;4.24;4.22;2.66;540
0.3;Premium;H;SI1;62.6;58;4.28;4.22;2.66;540
0.7;Premium;F;SI2;59.6;60;5.77;5.71;3.42;2139
0.59;Ideal;F;VS1;61.1;56;5.43;5.47;3.33;2140
0.82;Good;J;SI1;57.4;59;6.25;6.19;3.57;2140
0.82;Good;J;SI1;57.5;62;6.25;6.2;3.58;2140
0.71;Very Good;H;SI2;61.8;58;5.67;5.73;3.52;2141
0.7;Very Good;G;SI2;60.7;58;5.74;5.76;3.49;2141
0.7;Very Good;G;SI2;60.7;58;5.74;5.8;3.5;2141
0.7;Very Good;G;SI2;61.7;60;5.67;5.7;3.51;2141
0.71;Very Good;I;SI1;61.8;56;5.73;5.76;3.55;2141
0.71;Very Good;I;SI1;61.5;58;5.67;5.72;3.5;2141
0.71;Very Good;I;SI1;58.9;59;5.78;5.84;3.42;2141
0.71;Very Good;H;SI1;64;58;5.57;5.61;3.58;2141
0.71;Ideal;I;VS2;61;58;5.77;5.81;3.53;2141
0.6;Ideal;E;VS2;60.6;56;5.47;5.52;3.33;2141
0.62;Ideal;G;VS1;61.8;57;5.47;5.5;3.39;2141
0.6;Very Good;H;VVS1;61.5;56;5.43;5.46;3.35;2142
0.75;Premium;I;SI1;62.7;61;5.75;5.71;3.59;2142
0.7;Ideal;I;VS1;63.1;54;5.61;5.67;3.56;2142
0.7;Ideal;I;VS1;63;54;5.63;5.7;3.57;2142
0.7;Good;I;SI1;63.8;57;5.66;5.63;3.6;2142
0.7;Ideal;H;SI2;59.9;57;5.77;5.74;3.45;2142
0.7;Good;I;SI1;63.6;61;5.63;5.59;3.57;2142
0.7;Good;I;SI1;64.3;57;5.63;5.59;3.61;2142
0.6;Premium;F;VS1;59.4;58;5.52;5.45;3.26;2142
0.6;Ideal;F;VS1;62.9;57;5.35;5.31;3.35;2142
0.7;Premium;H;SI2;62.8;59;5.65;5.62;3.54;2142
0.6;Ideal;F;VVS2;63;55;5.39;5.37;3.39;2143
0.9;Good;F;I1;64.3;58;6.09;6.05;3.9;2143
0.53;Ideal;E;VS1;61.4;56;5.21;5.25;3.21;2143
0.53;Ideal;E;VS1;60.1;57;5.25;5.31;3.17;2143
0.76;Ideal;G;SI2;62.1;54;5.88;5.84;3.64;2143
0.72;Very Good;J;VVS2;63;59;5.7;5.72;3.6;2144
0.73;Good;I;VS2;63.7;58;5.69;5.64;3.61;2144
0.52;Fair;F;IF;64.6;58;5.04;5.17;3.3;2144
0.72;Premium;H;SI2;61.8;56;5.79;5.73;3.56;2144
0.56;Ideal;E;VS1;61.9;57;5.31;5.29;3.28;2145
0.59;Very Good;E;VS2;59.4;63;5.42;5.46;3.23;2145
0.71;Ideal;I;VVS2;61.6;56;5.72;5.8;3.56;2145
0.7;Very Good;H;VS1;62.2;57;5.67;5.72;3.54;2145
0.7;Very Good;H;VS1;62.4;57;5.64;5.7;3.54;2145
0.51;Ideal;D;VVS2;62;55;5.13;5.16;3.19;2145
0.5;Ideal;F;VVS1;62.6;53.1;5.08;5.11;3.19;2145
0.71;Good;I;VS2;61.1;60.6;5.71;5.74;3.49;2145
0.51;Very Good;E;VVS2;62.8;57;5.06;5.1;3.19;2146
0.52;Ideal;D;VS1;60.4;56;5.24;5.26;3.17;2146
0.51;Ideal;G;IF;62.9;58;5.07;5.11;3.2;2146
0.55;Very Good;F;VVS2;62.4;59;5.2;5.22;3.25;2147
0.62;Very Good;E;VS1;60.1;56;5.56;5.58;3.35;2147
0.71;Very Good;F;SI2;62.8;58;5.63;5.7;3.56;2147
0.7;Very Good;I;SI1;63;56;5.61;5.66;3.55;2147
0.7;Very Good;I;SI1;62.2;55;5.62;5.67;3.51;2147
0.53;Premium;D;VS1;60;61;5.3;5.26;3.17;2147
0.71;Very Good;G;SI1;63.2;58;5.68;5.65;3.58;2147
0.61;Ideal;D;VS2;61;57;5.45;5.47;3.33;2147
0.6;Ideal;G;VS1;61.2;56;5.43;5.47;3.33;2147
0.6;Ideal;G;VS1;61.1;57;5.41;5.45;3.32;2147
0.6;Ideal;G;VS1;62.5;56;5.37;5.41;3.36;2147
0.77;Ideal;J;SI1;61.6;55;5.87;5.93;3.63;2147
0.71;Premium;G;SI2;60.6;59;5.78;5.74;3.49;2147
0.57;Ideal;G;VVS2;61.9;56;5.3;5.29;3.28;2147
0.53;Premium;D;VS1;59.2;60;5.37;5.31;3.16;2147
0.71;Premium;G;SI2;62.7;60;5.69;5.63;3.55;2147
0.73;Fair;D;SI2;65.5;60;5.64;5.54;3.66;2147
0.5;Very Good;E;VVS1;62.1;56;5.06;5.11;3.16;2148
0.56;Ideal;G;VVS2;62.6;53;5.27;5.31;3.31;2148
0.76;Premium;J;VS1;61.1;58;5.85;5.91;3.59;2148
0.72;Premium;I;SI1;61.5;59;5.73;5.78;3.54;2148
0.63;Very Good;F;VS1;59.2;57;5.56;5.66;3.32;2149
0.71;Fair;F;SI1;57;62;5.84;5.87;3.34;2149
0.72;Ideal;J;VVS2;61.5;57;5.74;5.77;3.54;2150
0.7;Premium;J;IF;60.5;59;5.67;5.73;3.45;2150
0.7;Premium;G;SI1;63;59;5.64;5.6;3.54;2150
0.7;Fair;G;SI1;63.1;57;5.64;5.58;3.54;2150
0.7;Good;G;SI1;63.7;60;5.57;5.51;3.53;2150
0.7;Good;E;SI1;57.8;62;5.79;5.84;3.36;2150
0.71;Fair;D;SI1;64.6;60;5.55;5.6;3.6;2151
0.7;Fair;H;VS1;64.9;56;5.68;5.56;3.65;2152
0.5;Very Good;F;VVS2;62.8;55;5;5.13;3.18;2153
0.53;Ideal;G;VVS1;61.6;57;5.2;5.22;3.21;2153
0.52;Premium;G;VVS1;61.9;61;5.13;5.11;3.17;2153
0.52;Premium;G;VVS1;59.2;58;5.31;5.28;3.14;2153
0.7;Ideal;I;VS2;62.2;55;5.69;5.73;3.55;2154
0.7;Premium;I;VS2;60.8;59;5.68;5.71;3.46;2154
0.53;Ideal;H;VVS1;61.1;57;5.22;5.25;3.2;2154
0.74;Ideal;J;VS1;61.6;57;5.77;5.83;3.57;2154
0.72;Ideal;J;SI1;62.3;55;5.73;5.76;3.58;2154
0.48;Ideal;F;IF;62.1;55;5;5.05;3.12;2154
0.59;Very Good;G;VVS2;62.5;57;5.32;5.36;3.34;2155
0.77;Very Good;J;VS2;62.9;58;5.83;5.87;3.68;2155
0.7;Very Good;F;SI1;60.5;56;5.73;5.8;3.49;2155
0.59;Ideal;G;VVS2;62.3;56;5.34;5.39;3.34;2155
0.7;Premium;H;SI1;62;58;5.65;5.71;3.52;2155
0.7;Premium;H;SI1;61.3;58;5.71;5.74;3.51;2155
0.72;Premium;D;SI2;61.3;59;5.79;5.76;3.54;2155
0.64;Ideal;G;VS1;62.3;54;5.54;5.56;3.46;2155
0.7;Good;G;SI1;61.8;62;5.68;5.72;3.52;2155
0.73;Ideal;E;SI2;62.1;57;5.75;5.71;3.56;2155
0.71;Good;H;SI1;64;61;5.61;5.54;3.57;2156
0.63;Ideal;E;VS2;62.1;56;5.54;5.51;3.43;2156
0.62;Ideal;E;SI1;60.7;56;5.54;5.57;3.37;2156
0.63;Very Good;G;VS1;63.1;58;5.42;5.46;3.43;2157
0.56;Ideal;H;IF;60.4;57;5.35;5.39;3.24;2157
0.56;Ideal;H;IF;61.3;55;5.31;5.33;3.26;2157
0.72;Very Good;F;SI2;60.4;59;5.8;5.83;3.51;2158
0.53;Ideal;F;VVS2;62.2;56;5.18;5.2;3.23;2158
0.77;Very Good;I;SI2;60.8;56;5.89;5.92;3.59;2159
0.7;Premium;E;SI2;61.8;59;5.69;5.76;3.54;2159
0.7;Good;E;SI2;63.1;56;5.63;5.66;3.56;2159
0.77;Ideal;J;VS2;61.4;55;5.9;5.95;3.64;2159
0.59;Ideal;G;VS2;61.7;55;5.38;5.41;3.33;2159
0.83;Good;J;SI1;60.6;63;6.03;6.08;3.67;2159
0.7;Premium;H;SI2;58.8;59;5.92;5.84;3.44;2159
0.72;Very Good;H;SI2;62.4;59;5.67;5.71;3.55;2160
0.53;Ideal;F;VVS2;61.9;56;5.18;5.22;3.22;2160
0.53;Ideal;F;VVS2;60.8;56;5.22;5.24;3.18;2160
0.53;Ideal;F;VVS2;61.3;57;5.2;5.24;3.2;2160
0.5;Premium;F;VVS2;63;57;5.05;5.01;3.17;2160
0.5;Premium;F;VVS2;62.3;58;5.11;5.06;3.17;2160
0.5;Premium;F;VVS2;61.9;58;5.1;5.07;3.15;2160
0.5;Ideal;F;VVS2;61.6;56;5.11;5.08;3.14;2160
0.5;Ideal;F;VVS2;62.2;54;5.11;5.09;3.17;2160
0.5;Ideal;F;VVS2;62;55;5.12;5.1;3.17;2160
0.5;Premium;F;VVS2;61.8;56;5.15;5.11;3.17;2160
0.34;Fair;F;I1;55.8;62;4.72;4.6;2.6;2160
0.62;Very Good;G;VS1;60.1;58;5.52;5.54;3.32;2161
0.7;Premium;F;SI1;61.3;59;5.71;5.74;3.51;2161
0.7;Good;F;SI1;63.1;57;5.61;5.65;3.55;2161
0.7;Very Good;F;SI1;59.8;59;5.78;5.82;3.47;2161
0.7;Ideal;F;SI1;61.2;56;5.72;5.78;3.52;2161
0.7;Very Good;F;SI1;62.6;59;5.64;5.7;3.55;2161
0.7;Very Good;F;SI1;62.3;58;5.62;5.78;3.55;2161
0.61;Ideal;E;VS1;61.6;57;5.42;5.45;3.35;2161
0.7;Very Good;F;SI1;61.4;57;5.73;5.77;3.53;2161
0.75;Ideal;J;VS1;61.9;56;5.81;5.85;3.61;2161
0.71;Ideal;F;SI2;59.9;59;5.79;5.83;3.48;2161
0.71;Good;I;VS1;64.2;56;5.62;5.66;3.62;2161
0.77;Ideal;G;SI2;60.3;56;5.96;5.92;3.58;2162
0.71;Ideal;J;VVS2;60.5;58;5.77;5.8;3.5;2162
0.51;Ideal;G;IF;61.6;54;5.17;5.19;3.19;2162
0.77;Very Good;I;VS2;62.4;63;5.84;5.8;3.63;2162
0.73;Premium;G;SI1;60.8;58;5.82;5.85;3.55;2163
0.73;Premium;G;SI1;62;58;5.75;5.8;3.58;2163
0.85;Good;J;SI1;59.2;64;6.13;6.17;3.64;2163
0.51;Ideal;F;VVS1;61.7;57;5.12;5.15;3.17;2163
0.53;Ideal;E;VS2;61.8;55;5.21;5.24;3.23;2163
0.7;Ideal;I;VS1;62.7;57;5.63;5.67;3.54;2163
0.7;Ideal;F;SI2;60.1;57;5.78;5.81;3.48;2163
0.51;Ideal;G;IF;61.3;56;5.15;5.19;3.16;2163
0.73;Ideal;F;SI2;59.6;56;5.89;5.85;3.5;2164
0.78;Very Good;J;SI1;58;61;6.07;6.13;3.54;2164
0.7;Very Good;E;SI1;63.2;61;5.61;5.49;3.51;2164
0.57;Ideal;E;VS1;61.5;55;5.35;5.37;3.3;2164
0.56;Ideal;G;VVS1;62.3;55;5.31;5.25;3.29;2164
0.52;Ideal;G;IF;61.5;56;5.21;5.16;3.19;2164
0.73;Fair;F;SI2;59.2;64;5.92;5.83;3.48;2164
0.73;Fair;F;SI2;53.4;65;6.19;6.15;3.3;2164
0.7;Good;E;SI1;64.3;57;5.63;5.56;3.6;2164
0.82;Ideal;G;SI2;61;55;6.04;5.99;3.67;2165
0.75;Ideal;H;SI1;62.1;57;5.82;5.78;3.6;2165
0.5;Ideal;E;VVS2;61.1;57;5.13;5.15;3.14;2165
0.5;Ideal;F;VVS1;61;57;5.13;5.16;3.14;2165
0.5;Ideal;F;VVS1;60.4;56;5.16;5.21;3.13;2165
0.71;Good;I;SI1;59.9;65;5.71;5.74;3.43;2165
0.7;Very Good;I;VS2;61.1;60;5.67;5.75;3.49;2166
0.59;Ideal;G;VVS1;61.5;57;5.4;5.46;3.34;2166
0.61;Ideal;G;VS1;61.6;55;5.45;5.49;3.37;2166
0.7;Fair;D;SI2;65.6;55;5.59;5.5;3.64;2167
0.76;Ideal;J;VVS2;62;57;5.86;5.81;3.62;2167
0.7;Good;F;SI1;57.7;65;5.78;5.72;3.32;2167
0.73;Ideal;I;VS1;62.1;54;5.77;5.8;3.59;2167
0.61;Ideal;G;VS1;60.9;57;5.46;5.5;3.34;2167
0.61;Ideal;G;VS1;61.9;56;5.43;5.45;3.37;2167
0.61;Ideal;G;VS1;62.1;56;5.42;5.44;3.37;2167
0.7;Good;F;SI1;63.1;64;5.61;5.58;3.53;2167
0.7;Fair;F;SI1;65.9;59;5.53;5.49;3.63;2167
0.7;Fair;F;SI1;64.8;60;5.57;5.54;3.6;2167
0.56;Ideal;G;VVS2;60.7;56;5.33;5.32;3.23;2167
0.7;Fair;D;SI2;64.5;60;5.53;5.47;3.55;2167
0.56;Premium;G;VVS1;59.7;59;5.41;5.35;3.21;2167
0.7;Premium;D;SI2;58.3;61;5.74;5.7;3.33;2167
0.56;Premium;E;VS2;59.9;58;5.37;5.34;3.21;2167
0.84;Fair;D;SI2;64.5;60;5.92;5.84;3.79;2167
0.6;Fair;G;VVS2;57.9;67;5.66;5.47;3.23;2167
0.5;Very Good;E;VVS2;59.3;56;5.25;5.3;3.13;2168
0.72;Very Good;H;SI1;63.7;57;5.66;5.7;3.62;2168
0.82;Premium;J;SI1;61.2;58;5.99;6.04;3.68;2168
0.52;Ideal;F;VVS2;61.6;57;5.16;5.2;3.19;2168
0.52;Ideal;F;VVS2;62;55;5.16;5.2;3.21;2168
0.54;Ideal;F;VVS2;61.9;56;5.2;5.23;3.23;2168
0.71;Ideal;F;SI2;61.6;56;5.73;5.67;3.51;2168
0.59;Ideal;G;VVS2;62.2;56;5.35;5.39;3.34;2169
0.71;Premium;H;VS2;61.3;58;5.76;5.82;3.55;2169
0.71;Premium;F;SI2;62.1;60;5.68;5.62;3.51;2169
0.78;Ideal;J;SI1;61.1;56;5.95;5.97;3.64;2169
0.71;Premium;F;SI2;62.3;60;5.7;5.67;3.54;2169
0.74;Very Good;J;VS1;62.7;58;5.75;5.8;3.62;2170
0.53;Very Good;D;VS1;60.5;58;5.27;5.3;3.2;2170
0.72;Very Good;G;SI1;63.6;56;5.69;5.72;3.63;2170
0.7;Premium;G;SI1;60.3;58;5.73;5.77;3.47;2170
0.56;Ideal;D;VS1;62.6;59;5.24;5.31;3.3;2170
0.72;Ideal;G;SI2;61.6;54;5.78;5.82;3.57;2170
0.87;Premium;F;I1;59.1;58;6.25;6.21;3.68;2170
0.71;Very Good;G;SI2;62.4;59;5.68;5.7;3.55;2171
0.71;Very Good;G;SI2;62.4;54;5.72;5.76;3.58;2171
0.63;Premium;E;VS1;60.4;58;5.59;5.64;3.39;2171
0.67;Premium;H;VVS2;60.6;61;5.65;5.61;3.41;2171
0.67;Very Good;F;VS2;63.2;60;5.55;5.5;3.49;2171
0.6;Ideal;E;VS1;61;56;5.44;5.47;3.33;2171
0.7;Ideal;F;SI2;61.8;56;5.69;5.71;3.52;2171
0.77;Premium;E;SI2;62.5;60;5.84;5.8;3.64;2171
0.59;Ideal;E;VS1;61.6;57;5.35;5.39;3.31;2172
0.57;Premium;H;VVS1;61.6;58;5.39;5.35;3.31;2172
0.62;Ideal;G;VS1;62;56;5.45;5.49;3.39;2173
0.71;Premium;I;SI1;60.2;58;5.83;5.76;3.49;2173
0.71;Ideal;F;SI2;62.2;56;5.76;5.7;3.56;2173
0.51;Good;D;VVS2;63.1;58;5.07;5.1;3.21;2174
0.72;Good;I;VS2;60.1;60.5;5.76;5.85;3.48;2174
0.82;Very Good;J;SI2;62;58;5.93;5.98;3.69;2175
0.7;Very Good;G;SI1;62.1;56;5.64;5.67;3.51;2175
0.53;Very Good;F;VVS2;61.4;57;5.2;5.22;3.2;2175
0.53;Ideal;F;VVS2;62.2;54;5.19;5.22;3.24;2175
0.53;Ideal;F;VVS2;62.1;56;5.15;5.22;3.22;2175
0.71;Ideal;H;VS1;61.6;57;5.74;5.79;3.55;2175
0.59;Ideal;D;VS1;60.9;56;5.39;5.44;3.3;2175
0.76;Premium;I;VS2;62.8;61;5.78;5.74;3.62;2175
0.7;Premium;H;SI1;62;61;6.65;5.69;3.46;2176
0.7;Premium;H;SI1;60.9;62;5.72;5.67;3.47;2176
0.7;Very Good;H;SI1;63.4;61;5.62;5.58;3.55;2176
0.7;Good;H;SI1;63.8;58;5.66;5.59;3.59;2176
0.7;Fair;H;SI1;64.5;59;5.54;5.51;3.56;2176
0.7;Premium;H;SI1;60.3;55;5.8;5.75;3.48;2176
0.7;Good;H;SI1;60.2;64;5.72;5.65;3.42;2176
0.7;Very Good;F;SI2;56.9;62;5.87;5.9;3.35;2177
0.72;Ideal;G;SI2;61.7;56;5.76;5.71;3.54;2177
0.7;Premium;G;SI2;61.1;60;5.67;5.62;3.45;2177
0.63;Premium;H;VVS1;61.3;61;5.49;5.44;3.35;2177
0.53;Ideal;F;VVS2;62;57;5.17;5.2;3.21;2177
0.65;Ideal;H;VVS1;62.4;54;5.55;5.57;3.47;2177
0.61;Ideal;G;VS1;62.4;55;5.39;5.44;3.38;2177
0.57;Ideal;E;VS1;62;55;5.31;5.34;3.3;2177
0.51;Ideal;D;VS1;61.9;57;5.17;5.14;3.19;2177
0.54;Ideal;G;IF;61.5;56;5.28;5.25;3.24;2177
0.72;Very Good;I;VS2;63.3;59;5.66;5.62;3.57;2177
0.54;Ideal;D;VS2;60;56;5.39;5.28;3.2;2177
0.6;Very Good;E;VS1;63.2;56;5.39;5.3;3.38;2177
0.7;Ideal;G;SI2;62.7;57;5.62;5.6;3.52;2177
0.59;Premium;E;VS2;60.8;57;5.42;5.37;3.28;2177
0.72;Ideal;J;VS1;61.1;56;5.84;5.82;3.56;2177
0.65;Very Good;G;VVS2;61.3;59;5.51;5.61;3.41;2178
0.66;Ideal;H;VS2;61.4;56;5.62;5.65;3.46;2178
0.62;Ideal;G;VS1;62.4;57;5.44;5.46;3.4;2178
0.71;Ideal;H;SI2;62.7;57;5.66;5.69;3.56;2178
0.71;Ideal;I;SI1;61.9;56;5.7;5.73;3.54;2178
0.61;Very Good;E;SI1;63.9;54;5.38;5.42;3.45;2179
0.74;Very Good;E;SI2;61.7;56;5.76;5.9;3.6;2179
0.5;Very Good;G;VVS1;63.7;58;5.01;5.04;5.06;2180
0.75;Very Good;H;SI2;63;58;5.76;5.79;3.64;2180
0.75;Very Good;I;SI1;59.1;58;5.87;5.91;3.48;2180
0.54;Ideal;F;VVS2;62.1;54;5.24;5.26;3.26;2180
0.71;Premium;G;SI1;58.9;62;5.85;5.79;3.43;2181
0.71;Premium;H;VS2;62.8;59;5.68;5.63;3.55;2181
0.61;Ideal;G;VS1;61.5;56;5.48;5.5;3.38;2182
0.63;Ideal;F;VS2;61.2;56;5.56;5.51;3.39;2182
0.7;Ideal;F;SI2;61.1;56;5.71;5.78;3.51;2183
0.5;Good;E;VVS2;58.9;61;5.18;5.2;3.06;2183
0.7;Premium;F;SI1;62.6;55;5.65;4.5;3;2184
0.71;Very Good;G;SI1;62.9;56;5.68;5.73;3.59;2184
0.7;Ideal;H;SI1;61.2;56;5.69;5.74;3.5;2184
0.7;Premium;G;SI1;61.8;59;5.68;5.59;3.48;2184
0.7;Very Good;G;SI1;63.3;61;5.6;5.55;3.53;2184
0.7;Premium;G;SI1;62;61;5.67;5.62;3.5;2184
0.73;Ideal;J;SI1;62;55;5.75;5.86;3.6;2184
0.77;Good;I;VS1;64.1;55;5.8;5.86;3.73;2184
0.77;Fair;I;VS1;65.1;57;5.65;5.77;3.72;2184
0.7;Very Good;G;SI1;63.5;61;5.64;5.61;3.57;2184
0.7;Very Good;E;SI1;59.1;63;5.89;5.81;3.46;2184
0.7;Premium;H;SI2;60.2;61;5.76;5.66;3.44;2184
0.7;Ideal;H;VS2;61.4;54;5.77;5.66;3.51;2184
0.7;Premium;F;SI2;62.9;60;5.57;5.49;3.48;2184
0.7;Premium;F;SI2;62.9;57;5.64;5.61;3.53;2184
0.7;Premium;F;SI2;59.8;56;5.78;5.73;3.44;2184
0.7;Ideal;H;SI1;62;55;5.71;5.68;3.53;2184
0.7;Premium;H;VS2;62.2;58;5.74;5.68;3.55;2184
0.51;Premium;E;VVS2;62.1;57;5.18;5.15;3.21;2185
0.71;Very Good;I;VS2;62.8;59;5.64;5.67;3.55;2185
0.71;Very Good;I;VS2;60.4;60;5.72;5.8;3.48;2185
0.58;Good;E;VS1;58.6;64;5.4;5.46;3.18;2185
0.7;Ideal;I;SI1;62.6;56;5.66;5.69;3.55;2187
0.7;Good;H;VS2;58.9;65;5.69;5.76;3.37;2187
0.7;Good;H;VS2;56.7;63;5.87;5.92;3.34;2187
0.63;Very Good;G;VVS2;63.3;59.2;5.42;5.44;3.44;2188
0.7;Very Good;I;VS2;62.1;56;5.7;5.74;3.55;2188
0.56;Very Good;D;VS1;60.8;60;5.32;5.34;3.24;2188
0.71;Very Good;H;SI1;62.2;56;5.72;5.76;3.57;2188
0.72;Good;F;SI1;63.9;62;5.7;5.63;3.62;2188
0.52;Ideal;F;VVS1;60.9;57;5.2;5.25;3.18;2188
0.63;Good;F;VS1;61.6;60.7;5.46;5.52;3.38;2188
0.58;Very Good;F;VVS2;62.6;56;5.37;5.27;3.33;2189
0.57;Ideal;F;VS1;61.9;55;5.34;5.32;3.3;2189
0.64;Ideal;F;VS2;62.3;56;5.53;5.49;3.43;2189
0.3;Premium;H;SI1;62.2;60;4.28;4.24;2.65;540
0.3;Premium;H;SI1;61.6;62;4.3;4.24;2.63;540
0.3;Premium;H;SI1;60.8;61;4.3;4.25;2.6;540
0.3;Ideal;H;SI1;62.9;57;4.29;4.26;2.69;540
0.3;Very Good;H;SI1;63.4;58;4.29;4.26;2.71;540
0.3;Ideal;H;SI1;63;54;4.3;4.27;2.7;540
0.3;Very Good;H;SI1;63.4;57;4.31;4.27;2.72;540
0.3;Premium;H;SI1;61.2;62;4.31;4.28;2.63;540
0.3;Ideal;H;SI1;62.9;57;4.31;4.28;2.7;540
0.3;Good;H;SI1;63.7;56;4.22;4.2;2.68;540
0.3;Very Good;H;SI1;63.4;58;4.24;4.21;2.68;540
0.3;Premium;E;SI2;61.6;61;4.29;4.25;2.63;540
0.3;Very Good;E;SI2;63.5;55;4.3;4.27;2.72;540
0.3;Premium;E;SI2;61.7;61;4.31;4.28;2.65;540
0.3;Premium;E;SI2;61.7;61;4.33;4.29;2.66;540
0.3;Premium;E;SI2;62.7;59;4.26;4.22;2.66;540
0.33;Very Good;E;SI1;59.1;59;4.54;4.59;2.7;540
0.33;Premium;H;VS1;62.4;60;4.39;4.42;2.75;540
0.33;Good;E;SI1;63.1;56;4.42;4.45;2.8;540
0.33;Very Good;G;VS2;61.3;61;4.43;4.47;2.73;540
0.33;Very Good;H;VS1;59;62;4.49;4.52;2.66;540
0.29;Very Good;H;VVS2;61.2;56;4.26;4.29;2.61;541
0.29;Very Good;H;VVS2;61.7;55;4.27;4.3;2.64;541
0.29;Very Good;G;VVS2;62.2;55;4.24;4.27;2.64;541
0.29;Very Good;G;VVS2;60.9;57;4.28;4.32;2.61;541
0.29;Very Good;G;VVS2;61.9;56;4.27;4.3;2.65;541
0.29;Very Good;G;VVS2;61.6;56;4.24;4.28;2.63;541
0.29;Very Good;G;VVS2;60.2;59;4.27;4.3;2.58;541
0.31;Very Good;I;VVS1;63.6;55;4.27;4.32;2.73;541
0.3;Very Good;G;VS2;61.7;56;4.32;4.35;2.67;541
0.8;Good;F;SI2;63.9;57;5.86;5.84;3.74;2189
0.6;Ideal;E;VS2;61.2;56;5.45;5.44;3.33;2189
0.73;Premium;F;SI1;60.6;59;5.81;5.77;3.51;2190
0.6;Ideal;G;VVS2;61.2;56;5.43;5.45;3.33;2190
0.71;Ideal;E;SI2;62.3;57;5.66;5.74;3.55;2190
0.74;Good;F;SI2;59.3;61;5.87;5.97;3.51;2190
0.7;Good;F;SI1;57.9;63;5.8;5.84;3.37;2190
0.73;Good;F;SI2;58.1;62;5.92;5.93;3.44;2191
0.7;Very Good;F;SI1;63.7;55;5.62;5.69;3.6;2192
0.7;Good;E;SI2;63.7;61;5.6;5.64;3.58;2192
0.5;Ideal;E;VS1;61.7;57;5.11;5.13;3.16;2192
0.57;Ideal;E;VS1;61.8;55;5.34;5.39;3.32;2192
0.58;Ideal;E;VS1;60.6;57;5.4;5.45;3.29;2192
0.58;Ideal;E;VS1;62.9;54;5.34;5.31;3.35;2192
0.58;Premium;E;VS1;61.8;55;5.39;5.35;3.32;2192
0.61;Premium;G;VS1;62.7;57;5.43;5.36;3.38;2192
0.58;Fair;E;VS1;57.9;56;5.52;5.49;3.19;2192
0.58;Premium;E;VS2;59.6;59;5.43;5.38;3.22;2192
0.58;Premium;D;VS1;61.4;58;5.37;5.34;3.29;2192
0.59;Ideal;H;VVS1;62.1;55;5.38;5.41;3.35;2193
0.57;Ideal;F;VS1;61;56;5.36;5.4;3.28;2193
0.76;Fair;H;SI1;65.5;59;5.75;5.66;3.74;2193
0.74;Premium;I;VS1;62.9;57;5.79;5.76;3.63;2193
0.74;Fair;H;VS1;66.3;63;5.63;5.5;3.69;2193
0.7;Premium;E;SI1;62.4;60;5.72;5.63;3.54;2194
0.71;Ideal;G;SI2;59.5;57;5.86;5.78;3.46;2194
0.7;Very Good;F;SI2;60.7;58;5.73;5.77;3.49;2195
0.83;Good;J;SI1;63.8;58;5.95;5.97;3.8;2195
0.57;Ideal;H;IF;62.2;56;5.3;5.33;3.3;2195
0.51;Good;F;VVS2;62.4;63;5.05;5.08;3.16;2195
0.95;Premium;J;I1;61.7;59;6.32;6.26;3.88;2195
0.73;Very Good;H;SI1;62.8;55;5.71;5.75;3.6;2196
0.62;Premium;E;VS1;62.2;58;5.41;5.46;3.38;2196
0.7;Ideal;F;SI1;61.3;57;5.76;5.79;3.54;2196
0.7;Premium;F;SI1;60.4;58;5.76;5.82;3.5;2196
0.7;Very Good;F;SI1;62.7;57;5.63;5.67;3.54;2196
0.7;Very Good;F;SI1;62.4;56;5.64;5.7;3.54;2196
0.7;Premium;F;SI1;62.3;58;5.67;5.72;3.55;2196
0.7;Very Good;F;SI1;59.8;60;5.75;5.83;3.46;2196
0.7;Premium;F;SI1;62.1;59;5.68;5.72;3.54;2196
0.7;Very Good;F;SI1;62.3;57;5.65;5.69;3.53;2196
0.7;Very Good;F;SI1;62.6;56;5.66;5.72;3.56;2196
0.61;Good;F;VS1;60;65;5.53;5.47;3.3;2196
0.51;Ideal;G;VVS2;61.8;56;5.11;5.15;3.16;2197
0.51;Ideal;G;VVS2;61.6;55;5.13;5.16;3.17;2197
0.73;Very Good;D;SI1;62.2;57;5.74;5.78;3.58;2197
0.73;Premium;F;SI2;61.4;58;5.83;5.8;3.57;2197
0.73;Premium;I;VS1;61.8;62;5.78;5.72;3.55;2197
0.51;Ideal;F;VVS2;61.7;56;5.11;5.13;3.16;2197
0.62;Ideal;H;VVS1;61.1;56;5.48;5.52;3.36;2197
0.72;Ideal;H;SI1;60.3;59;5.77;5.83;3.5;2197
0.54;Very Good;F;VVS2;60.2;59;5.27;5.3;3.18;2198
0.74;Very Good;H;SI2;62.8;59;5.72;5.77;3.61;2198
0.72;Very Good;H;SI1;63;58;5.68;5.71;3.59;2198
0.71;Premium;F;SI1;60.9;59;5.74;5.69;3.48;2198
0.71;Very Good;F;SI1;63.2;56;5.66;5.61;3.56;2198
0.71;Very Good;F;SI1;63.3;60;5.61;5.54;3.53;2198
0.71;Fair;D;SI2;64.6;60;5.62;5.59;3.62;2198
0.71;Fair;F;SI1;57;68;6.05;5.87;3.4;2198
0.71;Very Good;I;VS1;63.3;58;5.68;5.66;3.59;2198
0.9;Very Good;F;I1;61.9;59;6.16;6.18;3.82;2199
0.81;Premium;J;SI1;61.8;57;6.02;5.96;3.7;2199
0.49;Ideal;E;VVS2;61.9;56;5.05;5.1;3.14;2199
0.79;Premium;J;SI1;59.1;57;6.08;6.06;3.59;2199
0.7;Very Good;I;VS2;61.8;59;5.67;5.73;3.52;2200
0.59;Very Good;D;VS2;62.9;56.7;5.37;5.39;3.38;2200
0.59;Very Good;E;VS1;61.2;58;5.4;5.45;3.32;2200
0.7;Very Good;H;SI1;61.5;55;5.72;5.76;3.53;2200
0.9;Very Good;E;I1;62.4;63;6.13;6.01;3.79;2200
0.78;Premium;F;SI2;62.8;56;5.9;5.86;3.69;2200
0.7;Ideal;F;SI1;62.6;56;5.69;5.66;3.55;2200
0.83;Ideal;H;SI2;60.7;57;6.08;6.05;3.68;2201
0.58;Very Good;F;VVS2;60;57;5.44;5.42;3.26;2201
0.71;Very Good;G;SI1;62.7;59;5.65;5.67;3.55;2201
0.74;Premium;H;SI1;60.9;60;5.81;5.75;3.52;2201
0.6;Ideal;F;VS1;61.9;55;5.4;5.42;3.35;2201
0.83;Ideal;I;VS2;62.9;56;5.98;5.94;3.75;2201
0.7;Very Good;I;VS2;62.8;59;5.56;5.61;3.51;2202
0.57;Ideal;E;VS2;61.3;57;5.29;5.38;3.27;2202
0.57;Ideal;E;VS2;61;54;5.39;5.43;3.3;2202
0.56;Ideal;G;VVS1;62;56;5.28;5.3;3.28;2202
0.71;Very Good;I;VS1;63.1;57;5.68;5.58;3.55;2202
0.71;Premium;I;VS1;62.5;61;5.68;5.64;3.54;2202
0.8;Premium;J;VS1;61.6;60;5.94;5.88;3.64;2202
0.56;Ideal;F;VVS2;61.2;57;5.31;5.35;3.26;2202
0.61;Ideal;D;VS2;62;56;5.43;5.48;3.38;2202
0.54;Ideal;F;VS1;61.5;55;5.26;5.27;3.24;2202
0.7;Ideal;H;SI2;61.6;56;5.69;5.71;3.51;2202
0.71;Ideal;F;SI2;61.6;56;5.68;5.74;3.52;2202
0.69;Good;G;VS1;60.8;64;5.77;5.66;3.47;2202
0.71;Premium;I;VS1;62.5;59;5.75;5.71;3.58;2202
0.51;Premium;F;VS2;61.1;58;5.19;5.16;3.16;2203
0.72;Premium;J;VVS1;61.4;61;5.77;5.7;3.52;2203
0.51;Premium;F;VVS2;60.5;59;5.17;5.15;3.12;2203
0.51;Ideal;F;VVS2;62.2;56;5.12;5.08;3.17;2203
0.72;Fair;H;SI2;65.9;57;5.6;5.54;3.67;2203
0.51;Ideal;F;VVS2;62.6;57;5.13;5.1;3.2;2203
0.51;Ideal;F;VVS2;62.4;57;5.12;5.08;3.18;2203
0.51;Ideal;F;VVS2;61.2;56;5.19;5.17;3.17;2203
0.51;Ideal;F;VVS2;61.2;56;5.19;5.17;3.17;2203
0.51;Premium;D;VS1;60;58;5.19;5.14;3.1;2203
0.52;Very Good;F;VVS1;61.7;56;5.17;5.22;3.2;2205
0.63;Ideal;E;VS2;62.1;56;5.49;5.52;3.42;2205
0.76;Very Good;J;VS2;61.2;57;5.86;5.91;3.6;2206
0.71;Very Good;G;SI1;62.1;58;5.68;5.72;3.54;2206
0.71;Very Good;G;SI1;62.4;57;5.66;5.69;3.54;2206
0.72;Very Good;H;VS1;62.8;56;5.72;5.77;3.61;2206
1.01;Premium;H;I1;58.4;60;6.53;6.48;3.8;2206
0.74;Premium;G;SI2;60.1;58;5.89;5.86;3.53;2206
0.5;Ideal;E;VVS2;61.7;55.7;5.09;5.12;3.13;2206
0.62;Ideal;G;VS1;60.7;55;5.55;5.59;3.38;2206
0.57;Ideal;G;VVS2;60.7;55;5.36;5.34;3.25;2206
0.57;Ideal;G;VVS2;61.7;56;5.33;5.3;3.28;2206
0.57;Ideal;G;VVS2;61.7;54;5.41;5.32;3.31;2206
0.61;Premium;D;VS1;62.4;57;5.46;5.44;3.4;2207
0.71;Premium;H;SI1;62.4;62;5.67;5.64;3.53;2207
0.62;Ideal;I;VVS1;61.1;55;5.52;5.57;3.39;2207
0.61;Ideal;D;VS2;61;57;5.49;5.53;3.36;2207
0.71;Very Good;H;SI1;63.5;57;5.67;5.64;3.59;2207
0.71;Premium;H;SI1;62.5;60;5.75;5.68;3.57;2207
0.71;Very Good;H;SI1;63.1;57;5.65;5.61;3.55;2207
0.71;Very Good;H;SI1;63.5;57;5.67;5.63;3.59;2207
0.71;Good;H;SI1;64;61;5.61;5.54;3.57;2207
0.71;Fair;I;VS2;64.7;60;5.54;5.46;3.56;2208
0.72;Very Good;J;VVS1;60.1;58;5.8;5.84;3.5;2208
0.51;Ideal;F;VVS1;60.9;57;5.16;5.21;3.16;2208
0.62;Ideal;E;VS2;62;54.5;5.46;5.48;3.39;2208
0.51;Ideal;G;IF;61.4;54;5.18;5.24;3.2;2208
0.7;Fair;G;SI2;58.6;56;5.8;5.74;3.38;2208
0.71;Premium;G;SI2;62.1;58;5.72;5.68;3.54;2208
0.7;Very Good;G;SI1;63.6;58;5.61;5.65;3.58;2209
0.7;Very Good;G;SI1;62.8;58;5.64;5.69;3.56;2209
0.71;Ideal;H;VS1;62.1;55;5.68;5.72;3.54;2209
0.51;Ideal;E;VVS2;61.7;57;5.11;5.14;3.16;2209
0.7;Good;G;SI1;62.7;59;5.57;5.63;3.51;2209
0.71;Very Good;H;SI1;63.1;56;5.62;5.69;3.57;2210
0.7;Very Good;D;SI1;63.7;59;5.59;5.65;3.58;2210
0.65;Ideal;H;VVS2;61.6;58;5.56;5.6;3.44;2210
0.5;Ideal;F;VVS2;60.5;56;5.15;5.09;3.1;2210
0.5;Ideal;F;VVS2;61.3;59;5.05;5.1;3.11;2210
0.73;Ideal;G;SI2;61.8;56;5.76;5.8;3.57;2210
0.54;Ideal;H;IF;60.3;55;5.29;5.33;3.2;2210
0.57;Ideal;H;IF;61;57;5.35;5.38;3.27;2210
0.5;Ideal;D;VVS2;60.4;54;5.23;5.17;3.14;2211
0.66;Very Good;G;VVS2;60.5;59;5.67;5.72;3.44;2211
0.51;Very Good;E;VVS2;61.4;59;5.1;5.16;3.15;2211
0.47;Fair;D;IF;60.6;60;5.09;4.98;3.05;2211
0.51;Ideal;E;VVS2;62.8;56;5.13;5.15;3.23;2211
0.58;Ideal;D;VS1;61.8;56;5.34;5.37;3.31;2211
0.58;Ideal;H;IF;61.6;57;5.34;5.37;3.3;2211
0.63;Premium;F;VS2;61;61;5.6;5.49;3.38;2211
0.63;Very Good;D;SI1;63.1;58;5.49;5.44;3.45;2211
0.67;Premium;F;VS2;62.5;59;5.58;5.53;3.47;2211
0.7;Good;F;VS2;63.5;56;5.64;5.45;3.52;2212
0.7;Very Good;G;VS1;62.9;59;5.56;5.63;3.52;2212
0.72;Premium;G;SI1;61.2;62;5.75;5.72;3.51;2212
0.7;Very Good;H;SI1;62.1;59;5.62;5.66;3.5;2213
0.7;Premium;F;SI2;61.8;60;5.65;5.71;3.51;2213
0.59;Very Good;E;VVS2;59.8;57;5.48;5.53;3.29;2214
0.71;Good;I;VS2;64.3;63;5.63;5.56;3.6;2214
0.7;Very Good;H;SI1;62.8;57;5.61;5.66;3.54;2214
0.61;Ideal;E;VS1;62.2;56;5.43;5.41;3.37;2214
0.6;Premium;D;VS2;59.6;59;5.53;5.47;3.28;2214
0.75;Premium;E;SI2;61.9;55;5.89;5.84;3.63;2214
0.71;Ideal;G;SI1;62.5;57;5.72;5.64;3.55;2215
0.71;Good;G;SI1;63.9;56;5.62;5.59;3.58;2215
0.73;Ideal;I;SI1;62;57;5.74;5.77;3.56;2215
0.64;Ideal;E;SI1;60.9;57;5.56;5.58;3.39;2215
0.7;Premium;E;SI2;61.1;61;5.74;5.69;3.49;2215
0.71;Good;E;SI2;57.8;60;5.86;5.83;3.38;2215
0.71;Good;D;SI2;64.3;56;5.64;5.59;3.61;2215
0.71;Premium;G;SI1;62.8;61;5.64;5.59;3.53;2215
0.71;Premium;E;SI2;62.1;62;5.7;5.67;3.53;2215
0.71;Premium;G;SI1;58.5;58;5.87;5.82;3.42;2215
0.75;Premium;G;SI2;61;58;5.9;5.94;3.61;2216
0.54;Ideal;F;VVS2;61.2;55;5.25;5.27;3.22;2216
0.72;Premium;I;VS2;60.9;60;5.76;5.8;3.52;2216
0.52;Ideal;F;VVS2;61.8;56;5.2;5.17;3.2;2216
0.52;Ideal;D;VVS2;59.9;57;5.21;5.28;3.14;2217
0.57;Ideal;G;VVS1;61.9;57;5.31;5.35;3.3;2217
0.71;Very Good;J;VVS1;59.7;58;5.8;5.83;3.47;2218
0.72;Very Good;G;SI2;61.9;59;5.67;5.71;3.52;2218
0.71;Very Good;I;SI1;62.6;59;5.67;5.7;3.56;2218
0.7;Good;H;SI1;63.7;59;5.53;5.59;3.54;2218
0.7;Premium;H;VS2;60.8;58;5.71;5.68;3.46;2218
0.7;Good;G;SI1;63.9;58;5.57;5.51;3.54;2218
0.54;Ideal;F;VVS2;61.4;56;5.27;5.29;3.24;2218
0.73;Ideal;I;SI2;62.4;56;5.74;5.77;3.59;2218
0.71;Ideal;I;SI1;62.5;57;5.69;5.74;3.57;2218
0.7;Premium;D;SI1;61.4;59;5.67;5.64;3.47;2218
0.56;Premium;F;VVS1;61.1;56;5.41;5.3;3.27;2218
0.71;Very Good;I;VS2;61.4;56;5.73;5.79;3.53;2219
0.5;Very Good;F;IF;59.7;60;5.18;5.24;3.11;2219
0.51;Very Good;D;VVS2;62.4;58;5.1;5.13;3.19;2220
1.03;Good;J;I1;58.2;64;6.64;6.69;3.88;2220
0.52;Ideal;E;VVS2;60.9;56;5.21;5.24;3.18;2220
0.55;Ideal;E;VS1;61.5;56;5.26;5.29;3.24;2220
0.71;Very Good;F;SI1;62.1;58;5.64;5.72;3.53;2221
0.7;Good;D;SI2;63.1;60;5.56;5.62;3.53;2221
0.64;Very Good;E;VS2;60.5;58.1;5.59;5.62;3.39;2222
0.74;Very Good;H;SI2;62.1;58;5.82;5.78;3.6;2222
0.64;Ideal;F;VS1;61.9;56.8;5.55;5.6;3.45;2222
0.64;Good;F;VS1;57.7;61;5.68;5.75;3.29;2222
0.66;Ideal;H;VS1;62.7;55;5.6;5.57;3.5;2222
0.7;Premium;D;SI2;61.8;55;5.71;5.68;3.52;2222
0.51;Very Good;F;VVS1;62.6;57;5.06;5.1;3.18;2223
0.8;Very Good;J;SI1;61.6;56;5.94;5.98;3.67;2224
0.7;Very Good;E;SI2;61.8;60;5.61;5.65;3.48;2224
0.55;Ideal;D;VS2;60.6;56;5.3;5.36;3.23;2224
0.64;Ideal;D;VS2;60.7;59;5.58;5.62;3.4;2224
0.72;Ideal;F;SI2;62;55;5.75;5.79;3.58;2224
0.68;Premium;E;SI1;62;59;5.67;5.65;3.51;2224
0.71;Premium;H;SI2;60.5;60;5.81;5.73;3.49;2224
0.71;Very Good;E;SI2;63.3;57;5.65;5.69;3.59;2225
0.91;Good;E;I1;57.7;63;6.3;6.35;3.65;2225
0.61;Ideal;E;VS2;61.7;56;5.46;5.43;3.36;2225
0.52;Ideal;D;VS2;61.8;55;5.19;5.23;3.22;2225
0.71;Very Good;J;VVS2;61.1;58;5.7;5.75;3.5;2226
0.71;Very Good;I;VS1;62.9;59;5.68;5.71;3.58;2226
0.71;Ideal;J;VVS2;60.3;61;5.76;5.79;3.48;2226
0.9;Good;G;I1;63.6;61;6.03;6.07;3.85;2226
0.71;Good;E;SI2;58.7;61;5.73;5.78;3.38;2226
0.69;Very Good;D;SI1;57.6;62;5.83;5.9;3.38;2227
0.76;Premium;H;SI1;59.8;57;5.93;5.91;3.54;2227
0.8;Premium;J;SI1;60.1;57;6.03;5.98;3.61;2227
0.58;Ideal;F;VS1;62.4;57;5.36;5.32;3.33;2227
0.58;Ideal;F;VS1;61.9;56;5.36;5.33;3.31;2227
0.58;Ideal;F;VS1;60.3;57;5.47;5.44;3.29;2227
0.75;Very Good;H;SI2;61.9;56;5.79;5.87;3.61;2228
0.78;Very Good;I;SI1;63.1;56;5.88;5.82;3.69;2228
0.74;Ideal;I;SI1;62;53;5.83;5.84;3.62;2229
0.7;Good;E;SI2;57.5;58;5.8;5.85;3.35;2229
0.8;Good;D;SI2;64;60;5.91;5.81;3.75;2229
0.72;Good;F;SI1;63.9;62;5.7;5.63;3.62;2229
0.7;Very Good;E;SI2;61.1;62;5.68;5.72;3.48;2230
0.7;Ideal;F;SI1;61.9;57;5.66;5.75;3.53;2230
0.7;Very Good;F;SI1;62.2;58;5.66;5.69;3.53;2230
0.7;Ideal;F;SI1;62.2;57;5.67;5.74;3.55;2230
0.7;Premium;F;SI1;61.9;58;5.69;5.74;3.54;2230
0.7;Very Good;F;SI1;61.8;58;5.67;5.72;3.52;2230
0.7;Very Good;F;SI1;61.7;61;5.67;5.7;3.51;2230
0.7;Very Good;F;SI1;61.6;55;5.66;5.7;3.5;2230
0.52;Ideal;E;VVS2;62;54;5.16;5.19;3.21;2230
0.53;Ideal;E;VVS2;62;58;5.16;5.2;3.21;2230
0.56;Ideal;G;VS1;61;56;5.31;5.35;3.25;2230
0.7;Very Good;F;SI1;60.6;58;5.73;5.78;3.49;2231
0.54;Ideal;F;VVS2;61;54;5.28;5.3;3.23;2231
0.54;Ideal;F;VVS2;61.6;56;5.23;5.26;3.23;2231
0.71;Premium;H;SI2;62.7;57;5.71;5.64;3.56;2231
0.82;Very Good;G;SI2;63.4;55;5.96;5.93;3.77;2232
0.7;Ideal;I;VS2;62.2;55;5.66;5.69;3.53;2232
0.7;Ideal;I;VS2;62.5;56;5.66;5.7;3.55;2232
0.7;Ideal;G;SI2;62.4;55;5.66;5.72;3.55;2232
0.7;Ideal;G;SI2;62.6;55;5.66;5.69;3.55;2232
0.7;Ideal;G;SI2;61.4;57;5.69;5.74;3.51;2232
0.72;Ideal;F;SI2;62.4;55;5.72;5.76;3.58;2232
0.62;Premium;H;VVS1;61.9;58;5.49;5.46;3.39;2232
0.71;Ideal;I;VS2;62.3;59;5.68;5.71;3.55;2233
0.51;Ideal;E;VS1;61.4;56;5.14;5.16;3.16;2233
0.71;Ideal;G;SI1;60.6;57;5.72;5.8;3.49;2233
0.58;Ideal;H;IF;60.2;56;5.43;5.46;3.28;2233
0.7;Very Good;G;SI1;62;61;5.68;5.71;3.53;2234
0.7;Good;H;VS2;59.1;65;5.75;5.85;3.43;2234
0.75;Premium;H;SI2;62.3;57;5.79;5.73;3.59;2234
0.7;Premium;I;VS1;62.9;61;5.64;5.62;3.54;2234
0.7;Ideal;G;SI2;61.3;58;5.67;5.69;3.48;2234
0.7;Good;I;VS2;59.4;57;5.77;5.82;3.44;2234
0.73;Ideal;I;SI1;62;56;5.8;5.75;3.58;2234
0.7;Fair;I;VS1;60.2;66;5.77;5.62;3.44;2234
0.7;Premium;F;SI2;59.6;58;5.79;5.72;3.43;2234
0.73;Premium;H;SI2;62.5;58;5.73;5.69;3.57;2234
0.7;Premium;F;SI2;59.5;58;5.82;5.72;3.44;2234
0.7;Premium;F;SI2;58.8;58;5.82;5.77;3.41;2234
0.73;Premium;I;VVS2;59.3;59;5.91;5.87;3.49;2234
0.7;Premium;I;VS1;61.7;61;5.69;5.63;3.49;2234
0.71;Ideal;F;SI1;63;54;5.73;5.69;3.6;2235
0.69;Fair;G;VS1;61.2;65.4;5.58;5.64;3.42;2235
0.71;Premium;D;SI2;59.7;60;5.84;5.79;3.47;2235
0.56;Very Good;F;VVS2;59.5;61;5.36;5.33;3.18;2236
0.5;Ideal;E;VVS2;61.5;57;5.09;5.12;3.14;2236
0.54;Ideal;G;VVS1;61.8;55;5.27;5.24;3.25;2236
0.54;Premium;G;VVS1;60.7;56;5.3;5.25;3.2;2236
0.54;Ideal;G;VVS1;62.2;56;5.22;5.2;3.24;2236
0.61;Ideal;H;VVS1;60.3;56;5.52;5.55;3.34;2237
0.7;Ideal;F;SI2;60.6;57.2;5.75;5.77;3.49;2237
0.71;Very Good;E;SI2;62.2;58;5.68;5.74;3.55;2238
0.5;Very Good;F;IF;61.4;60;5.07;5.1;3.12;2238
0.52;Ideal;G;VVS2;61.7;55;5.15;5.2;3.19;2238
0.55;Very Good;E;VVS2;60.8;55;5.26;5.33;3.22;2238
0.74;Premium;G;SI2;62.7;60;5.78;5.73;3.61;2238
0.64;Ideal;E;VS2;62;55;5.52;5.55;3.43;2238
0.58;Premium;F;VVS2;62.6;56;5.37;5.27;3.33;2238
0.7;Very Good;E;SI1;62.8;56;5.69;5.72;3.58;2239
0.7;Very Good;E;SI1;62.6;58;5.66;5.68;3.55;2239
0.7;Good;E;SI1;61.9;58;5.63;5.67;3.5;2239
0.7;Good;E;SI1;62.7;61;5.59;5.67;3.53;2239
0.7;Very Good;E;SI1;61.5;56;5.74;5.8;3.55;2239
0.7;Very Good;E;SI1;58.7;60;5.85;5.88;3.44;2239
0.7;Very Good;E;SI1;60.3;58;5.73;5.85;3.49;2239
0.97;Ideal;I;I1;61.6;53;6.4;6.43;3.95;2239
0.3;Very Good;G;VS2;62.1;56;4.27;4.3;2.66;541
0.3;Very Good;H;VS1;61.9;55;4.32;4.37;2.69;541
0.3;Very Good;H;VS1;62.3;56;4.29;4.32;2.68;541
0.37;Very Good;E;SI2;61.9;55;4.63;4.67;2.87;541
0.35;Ideal;H;SI1;61.9;55;4.54;4.57;2.82;541
0.31;Ideal;D;SI1;62.3;55;4.33;4.34;2.7;541
0.31;Ideal;D;SI1;61.7;56;4.35;4.37;2.69;541
0.36;Premium;J;SI1;61.3;60;4.59;4.52;2.79;541
0.31;Very Good;G;VS1;62.7;54;4.35;4.36;2.73;542
0.3;Ideal;H;VVS2;61.9;56;4.28;4.31;2.65;542
0.31;Ideal;E;SI1;61.8;53.9;4.32;4.35;2.68;542
0.31;Premium;G;VS1;62.1;58;4.31;4.36;2.69;542
0.31;Ideal;G;VS1;62.7;57;4.31;4.34;2.71;542
0.31;Very Good;G;VS1;60.4;59;4.37;4.41;2.65;542
0.31;Ideal;G;VS1;61.9;56;4.34;4.38;2.7;542
0.23;Ideal;E;VS2;62.6;57;3.92;3.88;2.44;543
0.27;Very Good;F;VVS2;62.5;59;4.11;4.15;2.58;544
0.27;Very Good;E;VVS2;60.5;60;4.19;4.2;2.54;544
0.28;Very Good;E;VVS2;62;56;4.22;4.3;2.63;544
0.32;Very Good;J;VVS1;60.2;60;4.42;4.49;2.68;544
0.27;Very Good;F;VVS1;59.7;59;4.19;4.22;2.51;544
0.27;Very Good;E;VVS1;60;58;4.21;4.22;2.53;544
0.27;Very Good;D;VVS1;61;61;4.14;4.15;2.53;544
0.32;Very Good;G;VS2;62.3;55;4.38;4.41;2.73;544
0.33;Very Good;F;SI1;61.2;58.1;4.48;4.51;2.75;544
0.31;Ideal;I;VS1;61.7;55;4.39;4.36;2.7;544
0.31;Ideal;H;VS1;62;54;4.35;4.39;2.71;544
0.31;Premium;H;VS1;62.6;60;4.3;4.32;2.7;544
0.31;Ideal;E;SI1;62.4;57;4.31;4.34;2.7;544
0.31;Very Good;E;SI1;59.1;59;4.42;4.44;2.62;544
0.7;Good;E;SI2;57.8;61;5.89;5.85;3.39;2239
0.7;Premium;F;SI1;59.4;60;5.77;5.74;3.42;2239
0.7;Premium;F;SI1;61.2;59;5.7;5.64;3.47;2239
0.71;Good;I;VS1;59.1;63.4;5.76;5.81;3.42;2239
0.7;Premium;D;SI2;63;56;5.67;5.64;3.56;2239
0.7;Ideal;E;SI2;61.2;55;5.76;5.68;3.5;2239
1.06;Fair;I;I1;64.5;57;6.47;6.33;4.13;2239
0.71;Very Good;G;SI1;63.1;60;5.6;5.69;3.56;2240
0.78;Ideal;G;SI2;61.9;55;5.91;5.94;3.67;2240
0.7;Ideal;I;VS2;62;54.1;5.7;5.73;3.55;2240
0.7;Ideal;I;VS2;61.9;53.2;5.68;5.71;3.56;2240
0.7;Ideal;I;VS2;62.1;54.6;5.68;5.72;3.54;2240
0.7;Ideal;H;SI1;61.4;57;5.64;5.76;3.5;2240
0.71;Good;G;SI1;64.1;58;5.6;5.63;3.6;2240
0.65;Very Good;F;VS2;64;55.3;5.5;5.57;3.54;2241
0.63;Very Good;G;VS1;59.9;57;5.57;5.62;3.35;2241
0.58;Ideal;E;VS1;60.8;57;5.41;5.42;3.29;2241
0.7;Fair;E;SI1;66.7;59;5.49;5.45;3.65;2241
0.72;Ideal;F;SI2;62.1;57;5.72;5.75;3.56;2241
0.65;Good;G;VS1;60;60.4;5.6;5.7;3.39;2241
0.83;Ideal;J;VS2;61.5;57;6.08;6.03;3.72;2241
0.83;Premium;J;SI2;59.1;60;6.13;6.12;3.62;2241
0.7;Very Good;D;SI1;64;53;5.57;5.61;3.58;2242
0.61;Ideal;G;VVS2;61.6;54;5.45;5.49;3.37;2242
0.55;Ideal;F;VVS2;62.4;55;5.24;5.28;3.28;2242
0.65;Ideal;G;VS1;60.6;60;5.58;5.61;3.39;2242
0.7;Good;D;SI2;58.3;60;5.81;5.89;3.41;2242
0.7;Good;F;SI1;63.7;58;5.62;5.65;3.59;2242
0.61;Very Good;E;VS1;61.1;58;5.47;5.52;3.36;2243
0.64;Premium;D;VS2;60.9;59;5.6;5.63;3.42;2243
0.5;Ideal;D;VS2;61.1;57;5.11;5.13;3.13;2243
0.62;Ideal;D;VS2;61.2;56;5.49;5.52;3.37;2243
0.58;Good;E;VVS1;61.9;63;5.27;5.33;3.28;2243
0.67;Good;F;VS1;64.4;57;5.55;5.6;3.6;2244
0.85;Good;G;SI1;64.2;58;6.01;5.92;3.83;2244
0.7;Premium;H;VS1;60.5;58;5.73;5.77;3.48;2245
0.58;Ideal;G;VVS2;61.9;57;5.36;5.33;3.31;2245
0.58;Ideal;F;VS1;60.4;57;5.42;5.37;3.26;2245
0.9;Very Good;E;I1;62.4;63;6.13;6.01;3.79;2245
0.52;Ideal;F;VS2;62.3;57;5.18;5.13;3.21;2246
0.52;Premium;H;VVS2;61.1;59;5.21;5.17;3.17;2246
0.8;Good;G;SI2;64.2;55;5.89;5.83;3.76;2246
0.71;Very Good;H;SI1;62.9;58;5.62;5.66;3.55;2246
0.73;Premium;I;VS2;59.7;59;5.81;5.94;3.51;2246
0.8;Fair;G;SI2;61.2;58;5.96;5.93;3.64;2246
0.61;Ideal;F;VS1;61.9;57;5.42;5.46;3.37;2246
0.72;Very Good;G;SI2;63.3;58;5.72;5.68;3.61;2246
0.78;Ideal;G;SI2;61.7;55;5.92;5.88;3.64;2246
0.72;Premium;G;SI1;60.6;59;5.8;5.76;3.5;2246
0.72;Premium;G;SI1;60.6;62;5.81;5.77;3.51;2246
0.72;Very Good;F;SI2;63.1;58;5.69;5.63;3.57;2246
0.77;Premium;F;SI2;61.6;58;5.9;5.88;3.63;2247
0.53;Ideal;G;IF;61.8;57;5.18;5.22;3.21;2247
0.53;Ideal;G;IF;61.4;56;5.2;5.24;3.21;2247
0.53;Ideal;G;IF;61.9;56;5.18;5.22;3.21;2247
0.7;Good;D;SI2;63.6;62;5.61;5.55;3.55;2247
0.61;Ideal;E;VS2;61.9;53;5.45;5.5;3.39;2248
0.75;Ideal;F;SI2;59.2;60;5.87;5.92;3.49;2248
0.71;Premium;H;VS2;62;54;5.73;5.69;3.54;2249
0.72;Ideal;J;VVS1;62.5;56;5.71;5.74;3.58;2249
0.7;Ideal;I;VS2;61.2;55;5.75;5.77;3.53;2249
0.71;Premium;D;SI1;58.1;61;5.81;5.79;3.37;2249
0.7;Very Good;F;SI1;62.8;57;5.61;5.66;3.54;2250
0.53;Ideal;G;VVS2;61.4;57;5.17;5.2;3.18;2250
0.7;Very Good;F;VS2;61.1;62;5.64;5.69;3.46;2250
0.53;Ideal;E;VVS2;62.5;57;5.12;5.18;3.22;2250
0.6;Ideal;H;VS1;61.3;55;5.47;5.49;3.36;2250
0.44;Good;D;VVS1;59.2;57;4.96;5;2.95;2250
0.75;Premium;G;SI2;63;58;5.81;5.77;3.62;2250
0.7;Fair;G;VS1;68.5;58;5.47;5.34;3.7;2250
0.7;Very Good;F;VS2;63.5;56;5.64;5.45;3.52;2250
0.75;Good;J;SI1;63.9;56;5.76;5.71;3.66;2250
0.55;Very Good;D;VS1;59.5;56;5.35;5.38;3.19;2251
0.7;Premium;H;VS2;61;59;5.72;5.65;3.47;2251
0.52;Ideal;F;VVS1;59.8;59;5.21;5.25;3.13;2251
0.52;Ideal;F;VVS1;61.9;55;5.17;5.2;3.21;2251
0.55;Ideal;D;VS1;61.3;56;5.28;5.32;3.25;2251
0.71;Good;G;SI1;62.3;56;5.68;5.72;3.55;2251
0.61;Premium;D;VS2;62.3;55;5.47;5.42;3.39;2251
0.78;Very Good;H;SI2;61.8;59;5.85;5.9;3.63;2252
0.72;Very Good;E;SI2;62.3;58;5.7;5.76;3.57;2252
0.72;Ideal;H;SI2;60.8;56;5.79;5.83;3.53;2252
0.76;Ideal;F;SI2;61.6;57;5.91;5.85;3.62;2253
0.7;Good;H;VS2;61.4;56;5.73;5.8;3.54;2253
0.52;Very Good;E;VVS2;61.2;58;5.17;5.19;3.17;2254
0.59;Very Good;D;VS1;62.6;58;5.34;5.39;3.36;2254
0.72;Good;D;SI2;64.1;57;5.64;5.71;3.64;2254
0.52;Ideal;G;VS2;62;55;5.16;5.19;3.21;2255
0.73;Ideal;F;SI2;61.5;55;5.79;5.85;3.58;2255
0.73;Ideal;F;SI2;60.5;59;5.83;5.88;3.54;2255
0.71;Ideal;I;SI1;61.4;56;5.73;5.77;3.53;2255
0.71;Ideal;I;SI1;61.7;55;5.74;5.77;3.55;2255
0.59;Very Good;G;VVS1;61.5;55;5.4;5.43;3.33;2256
0.71;Very Good;E;SI2;61.9;63;5.69;5.74;3.54;2256
0.58;Ideal;G;VVS1;61.3;56;5.36;5.4;3.3;2256
0.73;Premium;E;SI2;62.2;55;5.81;5.71;3.58;2256
0.57;Ideal;E;SI1;61.9;57;5.35;5.31;3.3;2257
0.7;Very Good;E;SI2;62;60;5.67;5.72;3.53;2257
0.77;Ideal;J;VS2;62.5;57;5.8;5.91;3.66;2257
0.77;Ideal;J;SI1;62;57;5.84;5.87;3.63;2257
1.01;Premium;F;I1;62.6;57;6.42;6.3;3.99;2257
0.71;Ideal;E;SI1;61.6;53;5.79;5.73;3.55;2258
0.73;Ideal;J;VS2;62;56;5.76;5.79;3.58;2258
0.71;Good;G;VS2;64.1;56;5.64;5.6;3.6;2258
0.71;Good;F;SI1;64.3;58;5.61;5.55;3.59;2258
0.67;Good;D;SI1;63.8;57;5.53;5.48;3.51;2258
0.71;Ideal;H;SI2;59.4;57;5.87;5.81;3.47;2258
0.71;Very Good;H;SI1;60.1;63;5.72;5.69;3.43;2258
0.71;Very Good;H;SI2;63.2;58;5.63;5.67;3.57;2259
0.53;Ideal;F;VVS2;61;56;5.26;5.24;3.2;2259
0.55;Ideal;F;VVS2;60.7;56;5.31;5.34;3.23;2259
0.57;Ideal;G;VVS1;62;55;5.33;5.35;3.31;2259
0.7;Ideal;F;SI2;62;55;5.69;5.73;3.54;2259
0.83;Very Good;G;SI2;63.1;61;5.96;5.92;3.75;2259
0.5;Very Good;G;VVS2;60;56;5.18;5.21;3.12;2260
1.07;Premium;I;I1;59.8;59;6.68;6.62;3.98;2260
0.56;Ideal;F;VVS2;62.2;54.3;5.26;5.29;3.28;2260
0.62;Ideal;E;VS2;61.9;57;5.47;5.44;3.38;2260
0.73;Ideal;H;SI2;61.6;57;5.79;5.81;3.57;2260
0.74;Very Good;F;SI2;63.1;55;5.77;5.74;3.63;2261
0.74;Very Good;G;SI2;62.8;59;5.71;5.76;3.6;2262
0.71;Ideal;F;SI1;62.5;57;5.68;5.74;3.57;2262
0.71;Ideal;D;SI2;60.2;57;5.77;5.83;3.49;2262
0.71;Premium;F;SI1;60.3;60;5.76;5.79;3.48;2262
0.77;Very Good;I;VS2;63.4;58;5.81;5.74;3.66;2262
0.76;Premium;J;VS1;61.1;58;5.91;5.85;3.59;2262
0.77;Good;H;SI2;58.6;64;6.01;5.93;3.5;2262
0.72;Premium;I;SI1;61.5;59;5.78;5.73;3.54;2262
0.7;Very Good;E;SI2;62;59;5.61;5.68;3.5;2263
0.7;Very Good;E;SI2;61.5;60;5.65;5.7;3.49;2263
0.7;Very Good;E;SI2;59.8;58;5.72;5.85;3.46;2263
0.7;Very Good;E;SI2;62.6;55;5.62;5.69;3.54;2263
0.8;Very Good;H;SI2;59.7;58;6.03;6.09;3.62;2263
0.58;Ideal;F;VVS2;61.8;56;5.37;5.41;3.33;2263
0.53;Ideal;E;VVS2;61.9;55;5.19;5.22;3.22;2263
0.6;Ideal;D;SI1;61.4;55;5.45;5.47;3.35;2263
0.6;Ideal;D;SI1;61.7;56;5.39;5.44;3.34;2263
0.7;Very Good;F;SI1;63.3;59;5.57;5.62;3.54;2264
0.7;Very Good;F;SI1;63.5;59;5.59;5.65;3.57;2264
0.7;Very Good;F;SI1;63.4;59;5.59;5.64;3.56;2264
0.7;Very Good;F;SI1;61.1;59;5.68;5.78;3.5;2264
0.7;Ideal;F;SI1;59.9;57;5.74;5.82;3.46;2264
0.7;Premium;F;SI1;60.5;58;5.77;5.84;3.51;2264
0.71;Ideal;G;SI2;61.5;55;5.74;5.78;3.54;2264
0.71;Ideal;G;SI2;61.1;56;5.75;5.77;3.52;2264
0.7;Good;D;SI2;63.3;56;5.6;5.65;3.56;2264
0.77;Good;I;SI1;62.3;55;5.88;5.93;3.68;2264
0.7;Good;F;SI1;58.7;61;5.77;5.81;3.4;2264
0.7;Premium;J;IF;60.5;59;5.73;5.67;3.45;2264
0.74;Very Good;H;SI2;63.1;56;5.78;5.75;3.64;2264
1;Premium;G;I1;59;60;6.49;6.43;3.82;2264
0.78;Very Good;H;SI2;63.5;56;5.82;5.86;3.71;2265
0.72;Very Good;G;SI1;62.8;59;5.69;5.74;3.59;2265
0.72;Premium;E;SI1;62.1;58;5.69;5.72;3.54;2265
0.72;Ideal;E;SI1;59.8;57;5.86;5.91;3.52;2265
0.71;Ideal;I;VS2;63.1;57;5.66;5.71;3.59;2265
0.72;Ideal;I;VS1;62.3;55;5.79;5.69;3.58;2265
0.61;Very Good;D;VS2;61.5;57;5.45;5.48;3.36;2266
0.71;Very Good;H;SI1;60.7;60;5.73;5.76;3.49;2266
0.71;Very Good;G;SI1;61.2;61;5.66;5.71;3.48;2266
0.53;Ideal;D;VS2;61.6;56;5.2;5.22;3.21;2266
0.71;Ideal;G;SI2;61.7;55;5.71;5.74;3.53;2266
0.71;Ideal;G;SI2;62.3;56;5.68;5.72;3.55;2266
0.55;Good;F;IF;60.8;60;5.26;5.36;3.23;2266
0.71;Premium;I;VS1;61.9;59;5.71;5.67;3.52;2266
0.71;Very Good;F;SI2;63.4;57;5.7;5.63;3.59;2266
0.71;Ideal;I;VS1;62;58;5.75;5.72;3.55;2266
0.7;Very Good;F;SI1;62.3;57;5.62;5.65;3.51;2267
0.52;Ideal;G;IF;61.7;56;5.15;5.19;3.19;2267
0.7;Good;G;SI2;60.1;65;5.7;5.65;3.41;2268
0.7;Premium;H;SI1;62.2;57;5.74;5.71;3.56;2268
0.55;Ideal;F;VVS2;62;55;5.26;5.29;3.27;2268
0.7;Ideal;I;VS2;62.2;55;5.73;5.69;3.55;2268
0.7;Ideal;G;SI2;62.6;56;5.69;5.66;3.55;2268
0.7;Good;I;VS2;63.9;65;5.6;5.56;3.56;2268
0.7;Premium;G;SI2;58;60;5.91;5.88;3.42;2268
0.7;Good;I;VS2;57.5;62;5.81;5.78;3.33;2268
0.7;Premium;G;SI2;60;60;5.69;5.65;3.51;2268
0.7;Premium;F;SI1;62.5;62;5.63;5.57;3.5;2268
0.7;Premium;I;VS2;60.8;59;5.71;5.68;3.46;2268
0.7;Fair;H;VS2;65;56;5.6;5.5;3.61;2268
0.7;Premium;G;SI2;58.5;60;5.85;5.81;3.41;2268
0.7;Premium;G;SI2;61.9;58;5.64;5.6;3.48;2268
0.75;Premium;G;SI2;62.7;58;5.82;5.76;3.63;2268
0.7;Premium;F;SI1;61.8;59;5.76;5.67;3.53;2268
0.73;Ideal;H;SI1;62.9;56;5.79;5.75;3.63;2269
0.53;Ideal;F;VVS2;61;57;5.23;5.26;3.22;2269
0.6;Very Good;F;VS2;60.8;56;5.45;5.48;3.32;2270
0.6;Very Good;E;VS1;60;58;5.5;5.56;3.32;2270
0.7;Ideal;I;VS2;61.4;56;5.72;5.75;3.52;2270
0.7;Ideal;G;SI2;61.2;56;5.73;5.78;3.52;2270
0.6;Ideal;H;IF;61.9;56;5.4;5.45;3.36;2270
0.67;Good;E;VS2;61.6;61;5.57;5.6;3.44;2270
0.71;Ideal;I;VS2;62.1;57;5.72;5.64;3.53;2270
0.71;Good;I;VS2;64.3;63;5.63;5.56;3.6;2270
0.78;Very Good;I;SI2;60.6;58;5.92;5.97;3.6;2271
0.53;Ideal;E;VVS2;62.9;54;5.19;5.15;3.25;2271
0.54;Ideal;G;IF;62.3;56;5.19;5.21;3.24;2271
0.54;Ideal;G;IF;62.5;57;5.16;5.2;3.24;2271
0.7;Good;I;VS1;64.4;60;5.51;5.58;3.57;2271
0.7;Good;I;VS1;64.3;58;5.56;5.61;3.59;2271
0.71;Premium;E;SI2;61.8;57;5.73;5.67;3.52;2271
0.5;Ideal;D;VVS2;61;56;5.11;5.15;3.13;2272
0.71;Ideal;I;VS2;62;54;5.73;5.77;3.56;2272
0.7;Very Good;I;VS2;62.3;58;5.58;5.65;3.5;2273
0.7;Very Good;H;SI1;60.9;59;5.72;5.75;3.49;2273
0.75;Premium;I;SI1;62;60;5.8;5.75;3.57;2273
0.7;Premium;E;SI2;62.1;59;5.65;5.63;3.5;2273
0.7;Premium;E;SI2;62.9;59;5.71;5.64;3.57;2273
0.53;Ideal;E;VVS2;62.2;54;5.19;5.23;3.24;2273
0.53;Ideal;F;VVS1;62.1;53.2;5.17;5.21;3.22;2273
0.7;Fair;G;VS2;57.3;63;5.78;5.84;3.33;2273
0.7;Very Good;E;SI2;63.1;56;5.66;5.63;3.56;2273
0.61;Very Good;F;VVS2;60.5;58.5;5.44;5.64;3.34;2274
0.71;Very Good;G;SI1;63.3;56;5.66;5.69;3.59;2274
0.71;Very Good;G;SI1;62.7;58;5.7;5.72;3.58;2274
0.7;Ideal;E;VS2;61.4;57;5.72;5.78;3.53;2274
0.75;Very Good;F;SI2;60.5;57;5.88;5.95;3.58;2274
0.75;Premium;F;SI2;60.9;58;5.88;5.91;3.59;2274
0.7;Very Good;I;VS1;62.4;59;5.55;5.64;3.49;2274
0.7;Good;I;VS1;63.2;55;5.58;5.63;3.54;2274
0.71;Fair;G;VS2;65.7;56;5.51;5.54;3.63;2274
0.81;Premium;G;SI2;59;57;6.14;6.1;3.61;2274
0.57;Premium;E;VS2;62.2;59;5.29;5.26;3.28;2274
0.54;Ideal;G;VS1;60.7;57;5.29;5.26;3.2;2274
0.5;Very Good;E;VVS2;62.4;55;5.08;5.11;3.18;2275
0.48;Very Good;E;VVS1;60.6;56;5.13;5.06;3.09;2275
0.7;Very Good;E;SI1;61.3;61;5.66;5.7;3.48;2275
0.77;Ideal;G;SI2;61.2;57;5.94;5.98;3.65;2275
0.77;Premium;I;VS2;61.6;58;5.92;5.96;3.66;2275
0.53;Ideal;F;VVS2;61.4;56;5.19;5.23;3.2;2275
0.52;Ideal;E;VS1;61.8;56;5.17;5.19;3.2;2275
0.66;Good;F;VS2;61.5;60.8;5.55;5.6;3.43;2275
0.66;Good;G;VS1;59.6;60.2;5.66;5.71;3.38;2275
0.79;Premium;H;SI1;61.8;59;5.97;5.91;3.67;2275
0.71;Premium;F;SI2;62.1;60;5.7;5.66;3.53;2275
0.7;Very Good;H;VS2;62.9;58;5.6;5.65;3.54;2276
0.7;Very Good;H;VS2;62.3;56;5.66;5.7;3.54;2276
0.7;Very Good;G;SI1;62.8;57;5.62;5.66;3.54;2276
0.7;Very Good;G;SI1;63;59;5.64;5.67;3.56;2276
0.7;Ideal;I;VVS2;62.5;54;5.69;5.74;3.57;2276
0.7;Ideal;I;VVS2;62.1;58;5.63;5.68;3.51;2276
0.73;Ideal;F;SI2;62.1;56;5.77;5.8;3.59;2276
0.73;Ideal;F;SI2;62.7;57;5.75;5.79;3.62;2276
0.7;Ideal;G;SI1;62.1;58;5.67;5.69;3.53;2276
0.7;Ideal;G;SI1;62.4;56;5.66;5.69;3.54;2276
0.7;Good;I;SI1;58.5;61;5.76;5.82;3.39;2276
0.74;Very Good;J;IF;60.3;58;5.82;5.86;3.52;2277
0.72;Good;H;SI1;63.7;59;5.63;5.68;3.6;2277
0.72;Premium;H;SI1;62.7;59;5.69;5.73;3.58;2277
0.72;Very Good;H;SI1;61.5;56;5.77;5.8;3.56;2277
0.74;Very Good;G;SI2;63;56;5.75;5.77;3.63;2277
0.71;Very Good;H;VS1;62.8;58;5.67;5.7;3.57;2277
0.79;Ideal;I;SI2;62.1;56;5.92;5.97;3.69;2277
0.55;Premium;E;VS1;59.6;60;5.41;5.36;3.15;2277
0.7;Very Good;F;SI1;59.1;59;5.76;5.91;3.45;2278
0.7;Very Good;F;SI1;63.1;54;5.64;5.67;3.57;2278
0.77;Very Good;F;SI2;61.1;59;5.85;5.95;3.59;2278
0.75;Good;E;SI2;63.2;57;5.76;5.82;3.66;2278
0.75;Ideal;E;SI2;62.1;57;5.81;5.85;3.62;2278
0.73;Ideal;G;SI1;61.6;57;5.81;5.79;3.57;2278
0.61;Ideal;E;VS2;62.2;54;5.51;5.49;3.42;2278
0.85;Good;J;SI1;59.2;64;6.17;6.13;3.64;2278
0.73;Fair;H;VS2;65.9;55;5.68;5.64;3.74;2278
0.73;Ideal;H;SI2;62.3;56;5.78;5.72;3.58;2278
0.73;Premium;E;SI2;61.8;58;5.76;5.71;3.54;2278
0.7;Very Good;H;VS1;60.3;63;5.73;5.77;3.47;2279
0.56;Premium;E;VVS2;61.5;58;5.3;5.33;3.27;2279
0.56;Ideal;G;IF;62;56;5.28;5.33;3.29;2279
0.72;Ideal;J;IF;62;55;5.74;5.77;3.57;2279
0.71;Very Good;D;SI2;61.8;63;5.73;5.67;3.52;2279
0.53;Very Good;E;VVS2;62.3;55;5.18;5.22;3.23;2280
1;Fair;F;I1;68;57;6.14;6.05;4.15;2280
0.7;Very Good;G;SI1;62.7;55;5.63;5.66;3.54;2281
0.7;Very Good;E;SI2;59.5;56;5.79;5.81;3.45;2281
0.56;Ideal;F;VVS2;62.3;54;5.29;5.34;3.31;2281
0.53;Good;F;VVS2;62.5;65;5.11;5.17;3.21;2281
0.74;Very Good;E;SI2;63;58;5.73;5.77;3.62;2282
0.7;Good;G;VS2;63.1;58;5.66;5.69;3.58;2282
0.7;Very Good;G;VS2;58.2;60;5.84;5.78;3.38;2282
0.71;Good;F;SI2;64.5;55.6;5.58;5.61;3.6;2282
0.71;Good;H;SI1;58.4;62.1;5.8;5.83;3.4;2282
0.65;Ideal;E;VS2;62;56;5.6;5.57;3.46;2282
0.77;Premium;F;SI2;62.2;58;5.9;5.85;3.66;2282
0.81;Very Good;J;VS2;60.4;59;6.04;6.11;3.67;2283
0.71;Good;I;VVS2;63.7;56;5.68;5.63;3.6;2283
0.71;Premium;G;SI1;62.3;56;5.69;5.65;3.53;2283
0.5;Ideal;F;VVS2;61.8;53;5.13;5.18;3.19;2283
0.61;Ideal;F;VS1;61.8;57;5.43;5.47;3.37;2283
0.7;Ideal;E;SI2;62.5;54;5.68;5.71;3.56;2283
0.82;Premium;J;SI1;61.2;58;6.04;5.99;3.68;2283
0.59;Ideal;G;VVS2;62.2;56;5.39;5.35;3.34;2283
0.92;Fair;H;SI2;66.1;57;6.22;6;4.05;2283
0.72;Very Good;D;SI1;62.9;58;5.7;5.72;3.59;2285
0.7;Premium;G;SI1;61.6;58;5.71;5.65;3.5;2285
0.7;Premium;G;SI1;61.6;61;5.7;5.63;3.49;2285
0.61;Ideal;E;VS1;61.7;55;5.45;5.47;3.37;2285
0.7;Ideal;H;SI2;60.4;58;5.82;5.77;3.5;2285
0.61;Ideal;G;VS2;61.6;55;5.46;5.48;3.37;2286
0.7;Very Good;H;VS2;60;55;5.73;5.77;3.45;2287
0.27;Ideal;H;VS2;60.5;57;4.17;4.19;2.53;397
0.27;Premium;G;VS2;62.4;59;4.11;4.13;2.57;397
0.26;Very Good;H;VS1;62;56;4.08;4.11;2.54;399
0.25;Very Good;D;VS2;61.1;60;4.07;4.11;2.5;399
0.27;Very Good;G;VS1;58.8;57;4.25;4.36;2.53;399
0.24;Good;F;VS1;62.5;60;3.96;3.98;2.48;399
0.25;Good;D;VS1;57.6;60;4.15;4.18;2.4;399
0.31;Ideal;J;VS2;61.8;54.1;4.35;4.38;2.7;400
0.31;Ideal;J;VS2;62.1;53.6;4.36;4.39;2.72;400
0.23;Very Good;E;VS2;62.4;60;3.9;3.92;2.44;400
0.23;Premium;E;VS1;61.8;60;3.91;3.95;2.43;400
0.26;Very Good;F;SI1;61.3;55;4.15;4.21;2.56;401
0.26;Very Good;F;SI1;61.4;56;4.13;4.16;2.54;401
0.3;Ideal;E;SI2;62.1;54;4.32;4.35;2.69;401
0.3;Ideal;E;SI2;62.1;55;4.3;4.33;2.68;401
0.3;Ideal;E;SI2;62;54;4.33;4.35;2.69;401
0.3;Ideal;E;SI2;60.9;59;4.29;4.32;2.62;401
0.25;Good;H;VVS1;60.6;64;4.05;4.07;2.46;401
0.23;Very Good;D;VS2;61.6;58;3.96;3.99;2.45;402
0.23;Very Good;D;VS2;63.1;58;3.91;3.95;2.48;402
0.23;Very Good;D;VS2;62.9;57;3.92;3.97;2.48;402
0.23;Very Good;E;VS2;60.8;58;3.98;4.02;2.43;402
0.23;Very Good;E;VS2;60.5;58;3.92;3.95;2.38;402
0.23;Very Good;E;VS2;60.8;58;3.97;4.05;2.44;402
0.23;Very Good;F;VS2;63.4;56;3.84;3.89;2.45;402
0.23;Very Good;F;VS2;61;59;3.95;3.99;2.42;402
0.23;Very Good;F;VS2;59.1;59;4.02;4.07;2.39;402
0.23;Very Good;F;VS2;61.6;59;3.96;4;2.45;402
0.23;Very Good;F;VS2;59.4;57;4.06;4.09;2.42;402
0.23;Very Good;F;VS1;61.9;58;3.9;4.02;2.45;402
0.31;Premium;G;VS2;61.2;58;4.32;4.37;2.66;544
0.31;Good;G;VS2;63.6;56;4.26;4.29;2.72;544
0.31;Good;E;SI1;63.7;57;4.29;4.31;2.74;544
0.31;Ideal;H;VS1;62.2;57;4.34;4.37;2.71;544
0.31;Ideal;G;VS2;61.7;57;4.33;4.36;2.68;544
0.31;Very Good;E;SI1;63;57;4.29;4.32;2.71;544
0.31;Ideal;E;SI1;62.7;57;4.29;4.32;2.7;544
0.31;Good;E;SI1;63.6;57;4.28;4.3;2.73;544
0.31;Good;H;VS1;63.2;57;4.29;4.32;2.72;544
0.31;Premium;E;VS2;60.5;60;4.34;4.39;2.64;544
0.31;Good;E;SI1;63.5;55;4.31;4.35;2.75;544
0.31;Very Good;G;VS2;63;54;4.33;4.37;2.74;544
0.31;Premium;H;VS1;62.4;58;4.32;4.36;2.71;544
0.31;Ideal;G;VS2;61.4;57;4.33;4.37;2.67;544
0.31;Very Good;E;SI1;63;59;4.26;4.31;2.7;544
0.31;Good;E;SI1;63.4;55;4.29;4.32;2.73;544
0.31;Good;G;VS2;63.5;58;4.22;4.29;2.7;544
0.31;Very Good;E;SI1;62;58;4.3;4.35;2.68;544
0.31;Ideal;H;VS1;62.6;55;4.31;4.35;2.71;544
0.31;Ideal;G;VS2;61.4;56;4.34;4.36;2.67;544
0.3;Very Good;E;VS2;62.9;58;4.27;4.31;2.7;544
0.31;Good;E;SI1;63.2;59;4.28;4.33;2.72;544
0.31;Ideal;G;VS2;61.7;55;4.35;4.37;2.69;544
0.31;Very Good;H;VS1;61.4;56;4.37;4.39;2.69;544
0.31;Very Good;E;SI1;62.7;58;4.31;4.33;2.71;544
0.31;Good;E;SI1;63.1;57;4.28;4.31;2.71;544
0.31;Ideal;G;VS2;61.8;57;4.34;4.36;2.69;544
0.31;Premium;I;VVS2;59.4;59;4.41;4.44;2.63;544
0.31;Ideal;G;VS2;59.6;57;4.4;4.43;2.63;544
0.31;Very Good;I;VVS2;61.6;59;4.31;4.33;2.66;544
0.7;Very Good;G;VS1;60.5;62;5.72;5.76;3.47;2287
0.34;Ideal;D;IF;62.1;57;4.46;4.52;2.79;2287
0.34;Ideal;D;IF;59.8;57;4.57;4.59;2.74;2287
0.7;Ideal;I;SI1;62.6;54;5.63;5.71;3.55;2287
0.7;Ideal;I;SI1;62.8;56;5.64;5.67;3.55;2287
0.7;Ideal;I;SI1;61;57;5.71;5.74;3.5;2287
0.5;Ideal;G;IF;60.8;54;5.19;5.2;3.16;2287
0.76;Premium;F;SI2;59.3;59;5.97;5.93;3.53;2287
1.01;Fair;G;I1;64.5;56;6.32;6.26;4.06;2287
0.7;Very Good;I;VS1;62.7;58;5.61;5.65;3.53;2288
0.73;Very Good;I;VS1;62.4;56;5.72;5.76;3.58;2288
0.53;Ideal;E;VVS2;62.4;56;5.15;5.17;3.22;2288
0.76;Ideal;H;SI2;63;56;5.81;5.84;3.67;2288
0.7;Ideal;F;SI1;61.3;57;5.72;5.77;3.52;2288
0.62;Good;D;VS2;58.9;64;5.62;5.55;3.29;2288
0.74;Ideal;H;SI2;61.4;56;5.78;5.84;3.57;2289
0.54;Ideal;G;IF;61.2;57;5.26;5.28;3.22;2289
0.54;Ideal;G;IF;61.5;55;5.24;5.3;3.23;2289
0.51;Very Good;D;VVS2;63.1;58;5.1;5.07;3.21;2289
0.7;Good;F;SI1;64.1;56;5.63;5.6;3.6;2289
0.53;Premium;F;VS2;60.6;58;5.26;5.2;3.17;2290
0.53;Ideal;F;VS2;61.6;56;5.26;5.23;3.23;2290
0.57;Very Good;F;VVS2;62.6;58;5.28;5.3;3.31;2290
0.7;Very Good;E;SI2;60.1;56;5.76;5.79;3.47;2290
0.7;Fair;G;VS1;65.2;57;5.56;5.52;3.61;2290
0.44;Ideal;D;VVS1;60.6;56;4.95;4.99;3.01;2290
0.44;Ideal;D;VVS1;61;57;4.91;4.93;3;2290
0.53;Ideal;F;VVS2;62.1;56;5.22;5.15;3.22;2290
0.53;Ideal;F;VVS2;62.2;54;5.22;5.19;3.24;2290
0.7;Good;F;VS2;63.8;60;5.61;5.52;3.55;2290
0.56;Premium;F;VVS2;59.5;61;5.36;5.33;3.18;2290
0.53;Premium;F;VVS2;61.4;57;5.22;5.2;3.2;2290
0.53;Ideal;F;VVS2;61.3;55;5.23;5.27;3.22;2291
0.53;Ideal;F;VVS2;61.3;56;5.21;5.24;3.2;2291
0.71;Ideal;F;SI2;60.7;57;5.78;5.81;3.52;2291
1.01;Very Good;D;I1;63.4;61;6.38;6.3;4.02;2291
0.74;Premium;D;SI2;61.8;59;5.85;5.83;3.61;2291
0.8;Premium;J;VS1;60.8;59;6;5.94;3.63;2292
0.77;Ideal;J;VS2;61.9;54;5.89;5.94;3.66;2292
0.56;Ideal;D;VS1;62.5;56;5.26;5.3;3.3;2292
0.77;Fair;I;VVS2;59.2;66;5.96;5.9;3.51;2292
0.7;Very Good;G;SI1;63.5;56;5.64;5.7;3.6;2293
0.77;Very Good;H;SI2;63.3;58;5.78;5.76;3.65;2293
0.53;Ideal;G;IF;60.6;56;5.27;5.33;3.21;2293
0.53;Ideal;G;IF;60.3;56;5.29;5.33;3.2;2293
0.67;Good;F;VS1;62.3;62;5.5;5.59;3.46;2293
0.7;Premium;H;VS1;62.3;59;5.71;5.66;3.54;2293
1.05;Fair;H;I1;61.8;57;6.51;6.4;3.99;2293
0.7;Very Good;I;VS1;61.4;57;5.72;5.74;3.52;2294
0.72;Very Good;D;SI2;59.8;60;5.76;5.81;3.46;2294
0.8;Very Good;H;SI2;62.7;57;5.88;5.95;3.71;2294
0.71;Premium;I;VS2;62.1;59;5.7;5.73;3.55;2294
0.55;Ideal;F;VVS2;61.5;57;5.24;5.27;3.23;2294
0.55;Ideal;F;VVS2;60.8;56;5.27;5.32;3.22;2294
0.59;Ideal;E;VS1;62.3;56;5.4;5.38;3.36;2294
0.7;Ideal;H;SI1;62.5;56;5.64;5.69;3.54;2294
0.7;Ideal;H;SI1;62.6;55;5.65;5.7;3.55;2294
0.7;Ideal;H;SI1;62.5;55;5.69;5.71;3.56;2294
0.7;Ideal;H;SI1;62.2;55;5.67;5.71;3.54;2294
0.85;Premium;J;VS2;60.7;58;6.12;6.08;3.71;2295
0.72;Ideal;G;SI2;62.6;52;5.74;5.77;3.6;2295
0.72;Ideal;G;SI2;62.3;54;5.76;5.79;3.6;2295
0.75;Premium;I;SI1;59.1;58;5.91;5.87;3.48;2295
0.74;Ideal;F;SI2;60.3;58;5.84;5.82;3.51;2295
0.75;Premium;H;SI2;63;58;5.79;5.76;3.64;2295
0.7;Very Good;H;SI1;60.4;61;5.68;5.77;3.46;2296
0.79;Very Good;I;SI1;61.8;60;5.92;5.96;3.67;2296
0.52;Ideal;D;VS1;62.2;56;5.16;5.13;3.2;2296
0.58;Premium;G;VS2;62.2;58;5.35;5.32;3.32;2297
0.53;Very Good;E;VVS2;60.7;59;5.19;5.28;3.18;2297
0.64;Very Good;D;VS2;62.2;58;5.49;5.54;3.43;2297
0.71;Premium;F;SI1;60.4;58;5.8;5.83;3.51;2297
0.5;Ideal;E;VVS2;61.8;53.6;5.1;5.13;3.16;2297
0.57;Ideal;E;VS1;61;56;5.38;5.4;3.29;2297
0.72;Ideal;G;SI2;61.4;56;5.76;5.83;3.56;2297
0.69;Ideal;G;SI1;62.4;56;5.66;5.69;3.55;2297
0.81;Fair;I;VS1;66.5;53;5.76;5.83;3.86;2297
0.58;Premium;E;VS1;62.2;58;5.35;5.3;3.31;2297
0.74;Very Good;F;SI2;59.6;60;5.85;6;3.53;2298
0.7;Very Good;E;SI2;63.2;56;5.6;5.64;3.55;2298
0.7;Very Good;E;SI2;61.5;56;5.71;5.73;3.52;2298
0.56;Ideal;F;VVS2;61.9;56;5.28;5.32;3.28;2298
0.7;Good;D;SI1;64.2;60;5.59;5.62;3.6;2298
0.6;Ideal;F;VVS2;61.8;57;5.36;5.42;3.33;2298
0.72;Ideal;F;SI2;61.7;55;5.79;5.75;3.56;2298
0.7;Ideal;H;SI2;61.8;57;5.67;5.72;3.52;2298
0.56;Ideal;G;IF;61.7;55;5.29;5.34;3.28;2298
0.56;Ideal;G;IF;61.8;54;5.31;5.33;3.29;2298
0.72;Premium;F;SI2;60.5;59;5.83;5.8;3.52;2298
0.57;Good;F;VVS2;57.6;60;5.49;5.45;3.15;2298
0.7;Premium;D;SI2;62.1;60;5.71;5.73;3.55;2299
0.79;Very Good;J;VS2;60.8;56;5.98;6.02;3.65;2300
0.75;Very Good;I;SI1;63.7;56;5.73;5.77;3.66;2300
0.87;Very Good;J;SI1;61.4;57;6.14;6.17;3.78;2300
0.71;Premium;I;VS2;59.3;59;5.89;5.81;3.47;2300
0.74;Premium;H;SI1;62.4;58;5.75;5.7;3.57;2300
0.75;Ideal;J;VS1;62.9;57;5.74;5.81;3.63;2300
0.72;Ideal;F;SI2;61.2;58;5.72;5.78;3.52;2300
0.71;Premium;I;VS2;60.4;60;5.8;5.72;3.48;2300
0.71;Fair;G;SI1;65.5;55;5.59;5.56;3.65;2300
0.71;Premium;I;VS2;62.8;59;5.67;5.64;3.55;2300
0.71;Good;F;SI1;57.9;53;5.84;5.8;3.37;2300
0.71;Fair;G;SI2;64.4;58;5.59;5.56;3.59;2300
0.81;Fair;F;SI2;68.8;79;5.26;5.2;3.58;2301
0.51;Ideal;E;VVS2;62.5;57;5.06;5.12;3.18;2301
0.52;Ideal;E;VVS2;61.8;56;5.16;5.19;3.2;2301
0.52;Ideal;D;VVS2;61.4;56;5.23;5.2;3.2;2302
0.59;Very Good;F;VVS2;63.5;59;5.28;5.3;3.36;2302
0.54;Ideal;D;VVS2;61.2;55;5.25;5.31;3.23;2302
0.73;Ideal;I;VS1;62.1;55.8;5.77;5.81;3.6;2302
0.7;Very Good;G;VS2;63.1;58;5.69;5.66;3.58;2302
0.52;Premium;E;VVS1;59.8;58;5.27;5.24;3.14;2302
0.77;Ideal;H;SI2;60.8;57;5.96;5.89;3.6;2302
0.51;Ideal;G;VVS2;61.2;56;5.16;5.17;3.16;2303
0.76;Premium;E;SI2;61.3;59;5.85;5.83;3.58;2303
0.55;Ideal;H;VVS1;61.6;55;5.26;5.29;3.25;2303
0.8;Premium;E;SI2;59.1;61;6.03;5.99;3.55;2304
0.56;Very Good;E;VVS2;60.3;57;5.33;5.37;3.23;2304
0.7;Very Good;I;VS1;61.9;58;5.7;5.73;3.54;2304
0.7;Very Good;G;SI1;62.8;56;5.64;5.66;3.55;2304
0.51;Very Good;F;IF;59.4;60;5.18;5.23;3.09;2304
0.96;Fair;J;I1;59.5;60;6.28;6.23;3.72;2304
0.71;Ideal;F;SI2;62.2;56;5.71;5.74;3.56;2304
0.72;Good;E;SI1;63.9;58;5.72;5.64;3.63;2305
0.7;Very Good;H;SI2;61.6;56.1;5.72;5.77;3.53;2306
0.71;Good;I;VS1;63.3;56;5.65;5.69;3.59;2306
0.71;Premium;I;VS1;61.8;58;5.72;5.76;3.55;2306
0.71;Good;I;VS1;63.6;56;5.65;5.7;3.61;2306
0.71;Ideal;I;VS1;62.1;56;5.68;5.72;3.54;2306
0.71;Premium;E;SI2;61.1;58;5.76;5.73;3.51;2306
0.61;Premium;D;VS1;61.5;58;5.46;5.4;3.34;2306
0.71;Premium;E;SI2;61.4;59;5.74;5.7;3.51;2306
0.61;Ideal;F;VS2;61.5;54;5.48;5.51;3.38;2306
0.6;Ideal;E;VS1;62.2;56;5.36;5.44;3.36;2306
0.72;Fair;G;VS2;64.6;55;5.66;5.71;3.67;2306
0.7;Premium;F;SI1;59.9;58;5.73;5.69;3.42;2306
0.61;Ideal;F;VS1;60.7;56;5.52;5.49;3.34;2306
0.87;Ideal;H;SI2;63;57;6.07;6.02;3.81;2307
0.78;Very Good;F;SI2;61.5;59;5.88;5.95;3.63;2307
0.7;Very Good;E;SI2;63.2;61;5.62;5.59;3.54;2307
0.7;Premium;E;SI2;60.6;59;5.76;5.73;3.48;2307
0.54;Ideal;D;VS2;61.6;55;5.25;5.27;3.24;2307
0.81;Ideal;J;SI1;62;56;6;6.03;3.73;2307
0.7;Good;E;SI2;63.7;61;5.64;5.6;3.58;2307
0.7;Premium;E;SI2;62.9;59;5.67;5.59;3.54;2307
0.75;Premium;D;SI2;60.3;61;5.88;5.86;3.54;2307
0.76;Ideal;J;VS1;61.9;54;5.88;5.84;3.63;2307
0.71;Ideal;G;SI1;61.1;57;5.79;5.73;3.52;2307
0.71;Ideal;I;VVS2;62.4;54;5.72;5.75;3.58;2308
0.71;Ideal;E;SI1;61.5;57;5.74;5.78;3.54;2308
0.71;Ideal;E;SI1;62;56;5.72;5.77;3.56;2308
0.72;Good;E;SI2;57.9;56;5.93;5.85;3.41;2308
0.72;Ideal;E;SI2;61.8;55;5.77;5.75;3.56;2308
0.71;Good;F;SI1;63.7;58;5.65;5.62;3.59;2308
0.64;Ideal;H;VVS1;62.2;58;5.49;5.51;3.42;2308
0.67;Very Good;F;VS2;59.4;59.5;5.7;5.76;3.4;2309
0.67;Very Good;G;VS1;59.9;57.4;5.69;5.75;3.42;2309
0.73;Premium;F;SI2;61.6;58;5.79;5.73;3.55;2309
0.74;Ideal;G;SI1;62.7;56;5.78;5.74;3.61;2309
0.67;Good;F;VS2;58.1;62;5.76;5.83;3.36;2309
0.67;Good;F;VS2;58.7;61.5;5.67;5.79;3.37;2309
0.61;Ideal;G;VS1;62.6;55;5.46;5.43;3.41;2309
0.7;Ideal;D;SI1;61.2;54;5.79;5.75;3.53;2310
0.5;Very Good;D;VVS2;63.3;55;5.08;5.06;3.21;2310
0.7;Very Good;G;SI1;61.7;56;5.66;5.75;3.52;2310
0.7;Premium;E;SI1;62.4;60;5.72;5.63;3.54;2310
0.7;Very Good;E;SI2;59.6;63;5.76;5.71;3.42;2310
0.62;Very Good;D;VS1;63.4;55;5.46;5.43;3.45;2310
0.51;Premium;F;VVS2;61.9;56;5.17;5.13;3.19;2310
0.7;Ideal;G;SI1;61.9;58;5.69;5.72;3.53;2310
0.9;Fair;G;I1;66;58;5.96;5.88;3.91;2310
0.7;Good;E;SI2;57.8;61;5.88;5.82;3.38;2310
0.7;Good;D;SI2;58.5;65;5.79;5.76;3.38;2310
0.7;Very Good;E;SI2;63.5;54;5.69;5.64;3.6;2310
0.62;Very Good;D;VS2;59.2;59.1;5.55;5.6;3.3;2311
0.72;Good;G;VS2;63.4;53;5.72;5.79;3.64;2311
0.83;Good;J;SI1;63.8;58;5.97;5.95;3.8;2311
0.72;Premium;H;SI1;62.2;57;5.75;5.72;3.57;2311
0.83;Premium;J;SI1;62.8;58;6;5.95;3.75;2311
0.55;Very Good;E;VVS2;59.6;59;5.32;5.39;3.19;2312
0.78;Very Good;J;VS2;63;58;5.84;5.87;3.69;2312
0.7;Very Good;H;VS2;63.6;56;5.6;5.63;3.57;2312
0.7;Very Good;F;SI1;61.4;59;5.67;5.7;3.49;2312
0.7;Very Good;F;SI1;60.3;59;5.73;5.78;3.47;2312
0.7;Very Good;F;SI1;61.3;58;5.7;5.72;3.5;2312
0.7;Very Good;E;SI1;60.3;60;5.77;5.81;3.49;2312
0.78;Fair;F;SI2;64.6;53;5.83;5.78;3.75;2312
0.72;Ideal;I;VS2;61.6;55;5.76;5.78;3.55;2312
0.7;Ideal;G;SI1;61.1;57;5.72;5.77;3.51;2312
0.7;Good;D;SI2;59.3;64;5.8;5.76;3.43;2312
0.54;Premium;E;VVS2;61;59;5.28;5.27;3.22;2313
0.7;Very Good;F;SI1;61.7;59;5.64;5.68;3.49;2313
0.71;Very Good;E;SI2;62.2;58;5.68;5.73;3.55;2313
0.82;Very Good;J;SI1;62.9;57;5.88;5.94;3.72;2313
0.6;Ideal;G;VVS2;61.4;59;5.37;5.41;3.31;2313
0.71;Ideal;I;SI1;61.9;55;5.7;5.74;3.54;2313
0.71;Ideal;H;SI1;62.7;55;5.66;5.7;3.56;2313
0.71;Ideal;H;SI1;61.1;57;5.71;5.75;3.5;2313
0.71;Ideal;H;SI1;62.1;57;5.68;5.73;3.54;2313
0.7;Good;F;SI1;60;62;5.73;5.83;3.47;2313
0.63;Ideal;D;SI1;62;56;5.5;5.47;3.4;2313
0.81;Premium;I;SI1;61.8;58;5.97;5.91;3.68;2313
0.81;Ideal;H;SI2;63;57;5.94;5.9;3.73;2313
0.81;Premium;H;SI2;61.6;62;6;5.92;3.67;2313
0.52;Very Good;F;VVS1;62;57;5.11;5.15;3.18;2314
0.55;Very Good;G;IF;60.2;60;5.29;5.38;3.21;2314
0.7;Good;E;VS2;63.8;56;5.58;5.61;3.57;2314
0.72;Premium;F;SI1;61.6;60;5.79;5.73;3.55;2314
0.7;Premium;G;VS2;62.1;60;5.71;5.65;3.53;2314
0.71;Good;H;VS1;63.6;55;5.58;5.65;3.57;2315
0.71;Ideal;I;VS2;62.1;59;5.73;5.7;3.55;2315
0.7;Very Good;I;VS2;60.1;57;5.79;5.82;3.49;2316
0.78;Very Good;H;SI2;62.7;56;5.85;5.89;3.68;2316
0.76;Very Good;I;SI1;57.5;62;6.03;6.08;3.48;2316
0.83;Good;H;SI2;63.9;56;5.93;5.99;3.81;2316
0.72;Premium;G;SI1;61.3;56;5.79;5.76;3.54;2316
0.9;Premium;F;I1;61.9;59;6.18;6.16;3.82;2316
0.6;Premium;F;VVS2;62.4;56;5.44;5.39;3.38;2316
0.72;Premium;H;VS2;61.7;56;5.77;5.73;3.55;2316
0.59;Very Good;H;IF;61.7;56;5.42;5.48;3.36;2317
0.7;Premium;G;VS2;61.7;58;5.68;5.73;3.52;2317
0.7;Premium;G;VS2;60.8;58;5.75;5.8;3.51;2317
0.71;Ideal;G;SI1;62.3;56;5.73;5.7;3.56;2317
0.71;Premium;F;SI1;61.1;62;5.76;5.72;3.51;2317
0.71;Premium;D;SI2;61.6;60;5.7;5.64;3.49;2317
0.51;Ideal;E;VVS1;62.4;55;5.08;5.12;3.18;2317
0.79;Premium;I;SI1;61.8;60;5.96;5.92;3.67;2317
0.73;Fair;E;SI1;64.6;59;5.69;5.64;3.66;2317
0.71;Ideal;H;SI2;62.7;55;5.68;5.64;3.56;2317
0.56;Ideal;F;VS2;62.7;55;5.32;5.27;3.32;2318
0.56;Premium;F;VS2;60.7;57;5.39;5.35;3.26;2318
0.54;Very Good;D;VVS2;62.1;55;5.21;5.26;3.25;2318
0.65;Very Good;H;VVS1;61.6;58;5.57;5.62;3.42;2318
0.72;Very Good;G;SI1;63.3;53;5.73;5.68;3.61;2318
0.72;Ideal;G;SI1;62;56;5.75;5.71;3.55;2318
0.8;Fair;G;SI2;64.6;55;5.86;5.75;3.75;2318
0.71;Fair;I;VS1;57.1;57;5.87;5.9;3.36;2318
0.7;Good;D;SI1;64.2;60;5.62;5.59;3.6;2318
0.7;Fair;E;SI1;65.2;58;5.57;5.54;3.62;2318
0.7;Fair;D;SI1;64.6;57;5.6;5.57;3.61;2318
0.56;Ideal;G;VVS1;62;56;5.3;5.28;3.28;2318
0.56;Ideal;F;VVS2;61.9;56;5.32;5.28;3.28;2318
0.72;Premium;H;VS2;61.1;58;5.78;5.74;3.52;2318
0.72;Premium;F;SI1;62.6;59;5.74;5.69;3.58;2318
0.7;Very Good;E;SI1;63.4;56;5.7;5.6;3.58;2318
0.6;Ideal;F;VVS2;61.8;57;5.42;5.36;3.33;2318
0.56;Ideal;F;VVS2;60.3;56;5.39;5.35;3.24;2318
0.7;Very Good;D;SI1;62.5;63;5.7;5.63;3.54;2318
0.7;Good;D;SI1;64.2;62;5.52;5.48;3.53;2318
0.72;Premium;G;SI1;60.8;58;5.8;5.74;3.51;2318
0.74;Very Good;F;SI2;61.7;57;5.78;5.85;3.59;2319
0.71;Very Good;F;VS2;63.2;59;5.66;5.6;3.56;2319
0.7;Ideal;F;SI1;61.6;56;5.73;5.67;3.51;2319
0.7;Premium;F;SI1;60.2;58;5.76;5.7;3.45;2319
0.7;Premium;F;SI1;61.9;58;5.69;5.65;3.51;2319
0.61;Premium;F;VVS2;63;60;5.35;5.29;3.35;2319
0.59;Ideal;D;VS1;62;56;5.35;5.39;3.33;2319
0.71;Ideal;I;SI1;61.6;55;5.72;5.74;3.53;2319
0.71;Ideal;I;SI1;60.2;60;5.77;5.79;3.48;2319
0.71;Ideal;I;SI1;62.3;53;5.69;5.82;3.56;2319
0.71;Ideal;I;SI1;62;54;5.72;5.75;3.55;2319
0.71;Ideal;I;SI1;62.1;55;5.67;5.73;3.55;2319
0.71;Ideal;I;SI1;61;56;5.75;5.78;3.52;2319
0.7;Premium;D;SI2;62.1;60;5.73;5.71;3.55;2319
0.57;Ideal;E;VS2;61.3;57;5.38;5.29;3.27;2319
0.57;Ideal;E;VS2;61;54;5.43;5.39;3.3;2319
0.51;Very Good;E;VVS2;61.3;55;5.14;5.16;3.16;2320
0.51;Very Good;E;VVS2;61.8;56;5.13;5.16;3.18;2320
0.71;Good;F;VS2;63;59;5.59;5.65;3.54;2320
0.63;Ideal;G;VS2;61.9;58;5.48;5.51;3.4;2320
0.73;Ideal;H;SI1;62.6;57;5.66;5.74;3.57;2320
0.72;Premium;E;SI2;60.4;58;5.82;5.78;3.5;2320
0.56;Very Good;F;VVS1;61.7;56;5.26;5.3;3.26;2321
0.73;Ideal;G;SI1;62.3;54;5.81;5.78;3.61;2321
0.8;Very Good;J;VS1;63.4;56;5.9;5.87;3.73;2321
0.57;Ideal;F;VVS2;60.2;57;5.38;5.41;3.25;2321
0.62;Ideal;G;VS2;61.6;55;5.51;5.53;3.4;2321
0.56;Ideal;G;IF;62.2;54;5.3;5.34;3.31;2321
0.56;Ideal;G;IF;62;54;5.3;5.32;3.29;2321
0.53;Premium;D;VS1;61.3;58;5.27;5.2;3.21;2321
0.87;Premium;J;SI1;61.4;57;6.17;6.14;3.78;2321
0.71;Premium;E;SI2;62.7;59;5.66;5.7;3.56;2322
0.74;Good;G;VS2;64.2;53;5.72;5.69;3.66;2322
0.95;Fair;J;I1;64.9;56;6.17;6.12;3.99;2322
0.57;Ideal;F;VVS2;61.6;57;5.32;5.36;3.29;2322
0.59;Ideal;G;VVS1;61.5;57;5.36;5.4;3.31;2322
0.66;Very Good;H;VVS1;61.9;59;5.59;5.65;3.48;2323
0.81;Ideal;I;SI1;62.2;57;5.95;5.98;3.71;2323
1.01;Very Good;I;SI1;60.9;63;6.51;6.43;3.94;2323
0.51;Premium;E;VVS1;61.4;60;5.11;5.05;3.12;2323
0.54;Ideal;D;VVS2;61.2;55;5.31;5.25;3.23;2323
0.54;Premium;D;VVS2;59.1;60;5.36;5.34;3.16;2323
0.7;Very Good;E;SI2;60.8;57;5.66;5.72;3.46;2324
0.61;Ideal;E;VS1;62.1;57;5.41;5.47;3.38;2324
0.7;Very Good;F;VS2;62.2;56;5.67;5.75;3.55;2325
0.6;Ideal;D;VS2;61.5;55;5.42;5.45;3.34;2325
0.71;Ideal;G;SI2;60.6;57;5.81;5.87;3.54;2325
0.71;Very Good;I;VS1;62.3;60;5.69;5.73;3.56;2326
0.71;Very Good;F;SI2;61.6;59;5.7;5.76;3.53;2326
0.72;Very Good;I;VS2;62.1;57.5;5.72;5.74;3.57;2326
0.31;Very Good;H;VS1;62.4;58;4.28;4.34;2.69;544
0.31;Good;E;SI1;63.4;57;4.31;4.33;2.74;544
0.31;Very Good;H;VS1;61.5;61;4.31;4.34;2.66;544
0.31;Good;E;SI1;63.3;55;4.33;4.36;2.75;544
0.31;Very Good;H;VS1;61.8;61;4.32;4.36;2.68;544
0.31;Premium;G;VS2;62.4;59;4.34;4.38;2.72;544
0.31;Very Good;E;SI1;58.3;60;4.48;4.51;2.62;544
0.31;Premium;G;VS2;59.2;60;4.42;4.47;2.63;544
0.31;Premium;G;VS2;61.5;60;4.31;4.34;2.66;544
0.31;Very Good;G;VS2;61;56;4.35;4.37;2.66;544
0.31;Ideal;H;VS1;61.6;56;4.34;4.36;2.68;544
0.31;Good;E;SI1;63.1;54;4.31;4.34;2.73;544
0.31;Good;E;SI1;63.4;55;4.32;4.33;2.74;544
0.31;Premium;G;VS2;61.7;58;4.32;4.34;2.67;544
0.31;Good;E;SI1;63.1;55;4.33;4.36;2.74;544
0.31;Ideal;H;VS1;62.4;55;4.33;4.36;2.71;544
0.31;Very Good;H;VS1;62.9;58;4.31;4.34;2.72;544
0.31;Ideal;G;VS2;62.7;57;4.31;4.34;2.71;544
0.31;Ideal;H;VS1;62.1;54;4.3;4.37;2.69;544
0.31;Ideal;G;VS2;61.6;55;4.37;4.39;2.7;544
0.31;Good;E;SI1;63.1;57;4.3;4.35;2.73;544
0.31;Good;G;VS2;63.4;59;4.29;4.32;2.73;544
0.31;Very Good;E;SI1;62.3;56;4.37;4.4;2.73;544
0.31;Very Good;E;SI1;62.8;57;4.32;4.34;2.72;544
0.31;Premium;G;VS2;61.7;59;4.31;4.34;2.67;544
0.31;Very Good;G;VS2;60.7;61;4.33;4.37;2.64;544
0.31;Premium;G;VS2;60.9;58;4.35;4.38;2.66;544
0.31;Very Good;I;VVS2;62.2;57;4.34;4.37;2.71;544
0.31;Premium;I;VVS2;62.1;58;4.3;4.33;2.68;544
0.31;Good;E;VS2;63.4;55;4.32;4.35;2.75;544
0.73;Very Good;F;SI1;61.6;62;5.71;5.76;3.53;2326
0.73;Very Good;F;SI1;59.3;61;5.82;5.85;3.46;2326
0.59;Premium;D;VS1;61.9;58;5.37;5.32;3.31;2326
0.71;Ideal;H;SI1;62.3;54;5.74;5.76;3.58;2326
0.76;Good;I;SI1;64.3;60;5.69;5.64;3.64;2326
0.68;Premium;G;VS1;58.6;59;5.8;5.77;3.39;2326
0.7;Ideal;H;SI2;61.6;56;5.77;5.72;3.53;2326
1;Fair;G;SI2;70.2;58;6;5.73;4.13;2326
0.74;Very Good;I;VS2;60.8;59;5.83;5.85;3.55;2327
0.73;Ideal;I;VS2;62.1;54;5.79;5.8;3.6;2327
0.73;Ideal;I;VS2;61.6;54;5.81;5.84;3.59;2327
0.74;Ideal;H;SI2;62.1;57;5.75;5.81;3.59;2327
0.74;Ideal;I;SI1;62.3;57;5.76;5.79;3.6;2327
0.74;Good;H;VS2;63;57;5.72;5.77;3.62;2327
0.71;Premium;I;VS1;61.8;58;5.76;5.72;3.55;2327
0.71;Good;I;VS1;63.6;56;5.7;5.65;3.61;2327
0.71;Ideal;I;VS1;62.1;56;5.72;5.68;3.54;2327
0.71;Very Good;I;VS1;63.3;56;5.69;5.65;3.59;2327
0.71;Good;I;VS1;61.5;64;5.76;5.65;3.51;2327
0.71;Fair;F;SI2;60.1;68;5.8;5.72;3.46;2327
1.14;Good;G;I1;63.7;56;6.63;6.55;4.2;2327
0.71;Very Good;I;VS1;59;57;5.85;5.88;3.46;2328
0.74;Premium;F;SI2;61.4;57;5.82;5.8;3.57;2328
0.74;Premium;F;SI2;59.6;58;5.91;5.87;3.51;2328
0.72;Ideal;D;SI2;61.2;57;5.76;5.8;3.54;2328
0.71;Ideal;H;SI1;60.7;59;5.75;5.81;3.51;2328
0.76;Fair;H;SI1;61.9;70;5.84;5.77;3.59;2328
0.74;Premium;G;SI2;62.8;54;5.76;5.73;3.61;2328
0.7;Premium;G;VS2;58.2;60;5.84;5.78;3.38;2328
0.71;Ideal;E;SI1;62;56;5.77;5.72;3.56;2329
0.71;Ideal;E;SI1;61.5;57;5.78;5.74;3.54;2329
0.7;Premium;G;VS1;62.9;59;5.63;5.56;3.52;2329
0.48;Very Good;D;VVS2;59.5;57;5.16;5.12;3.06;2329
0.73;Very Good;I;VS2;59;61;5.84;5.88;3.46;2329
0.8;Very Good;I;SI2;60.7;56;6.01;6.03;3.66;2329
0.76;Premium;E;SI2;59.3;62;6.01;5.96;3.55;2329
0.71;Premium;E;SI1;58.9;61;5.79;5.75;3.4;2329
0.75;Premium;H;SI1;60.2;59;5.92;5.88;3.55;2329
0.73;Premium;F;SI2;62;57;5.79;5.76;3.58;2329
0.75;Premium;I;VS2;60;57;5.93;5.9;3.55;2329
0.82;Premium;E;SI2;60;56;6.11;6.08;3.66;2329
0.7;Premium;H;VS2;60.8;59;5.71;5.74;3.48;2330
0.7;Good;H;VS2;64.2;58;5.58;5.61;3.59;2330
0.7;Good;H;VS2;63.9;59;5.6;5.64;3.59;2330
0.7;Premium;H;VS2;61.8;60;5.68;5.71;3.52;2330
0.73;Very Good;G;SI1;59.8;61;5.83;5.85;3.49;2330
0.7;Very Good;H;VS2;61.6;55;5.71;5.75;3.53;2330
0.73;Ideal;H;SI1;62.8;57;5.77;5.72;3.61;2330
0.73;Fair;I;VS1;55.9;66;6.11;6.01;3.39;2330
0.75;Premium;H;SI1;60.7;62;5.87;5.82;3.55;2331
0.61;Ideal;G;VVS2;62.4;53.8;5.42;5.45;3.39;2331
0.71;Good;F;SI1;63.9;57;5.57;5.61;3.57;2331
0.55;Premium;D;VVS2;58.7;57;5.44;5.39;3.18;2331
0.7;Premium;H;SI1;62.8;57;5.66;5.61;3.54;2331
0.7;Premium;H;SI1;60.9;62;5.72;5.65;3.46;2331
0.7;Premium;H;SI1;60;60;5.79;5.72;3.5;2331
0.7;Premium;H;SI1;59;60;5.86;5.81;3.44;2331
0.71;Ideal;F;SI2;59.3;57;5.86;5.81;3.46;2331
0.71;Premium;F;SI2;60.2;60;5.8;5.77;3.48;2331
0.7;Very Good;G;VS2;63.5;57;5.68;5.66;3.6;2331
0.53;Premium;E;VVS2;62.4;56;5.19;5.17;3.23;2331
0.7;Very Good;I;VS1;62.2;57;5.69;5.72;3.55;2332
0.71;Very Good;I;VS1;61.1;57;5.75;5.8;3.53;2332
0.64;Very Good;D;VS2;58.6;59;5.7;5.74;3.35;2332
0.65;Very Good;I;IF;61;55;5.65;5.73;3.47;2332
0.78;Ideal;H;SI2;61.6;54;5.94;5.88;3.64;2332
0.7;Ideal;E;SI2;62;58;5.66;5.7;3.52;2332
0.7;Ideal;E;SI2;61;55;5.76;5.78;3.52;2332
0.72;Premium;E;SI1;62.8;52;5.78;5.72;3.61;2333
0.54;Ideal;F;VS2;61.3;57;5.29;5.24;3.23;2333
0.71;Very Good;F;SI1;61.1;57;5.71;5.74;3.5;2333
0.71;Very Good;F;SI1;61.9;56;5.67;5.7;3.52;2333
0.7;Premium;F;SI1;62.5;59;5.65;5.67;3.54;2333
0.96;Good;I;I1;58.6;64;6.34;6.26;3.69;2333
0.54;Ideal;F;VVS2;61.8;55;5.27;5.25;3.25;2333
0.7;Premium;H;VS1;62.3;60;5.65;5.61;3.51;2333
0.7;Premium;E;SI1;62.9;58;5.68;5.61;3.55;2333
0.52;Ideal;F;VVS1;62.3;56;5.14;5.16;3.21;2333
0.54;Ideal;F;VVS2;61.2;55;5.27;5.25;3.22;2333
0.72;Good;G;SI2;63.7;59;5.74;5.65;3.63;2333
0.72;Premium;I;VS2;60.9;60;5.8;5.76;3.52;2333
0.72;Very Good;F;SI1;63.1;55;5.75;5.7;3.61;2333
0.71;Very Good;G;SI1;61.7;56;5.7;5.74;3.53;2334
0.77;Very Good;F;SI2;59.7;57;5.97;6.05;3.59;2334
0.54;Ideal;F;VVS2;62.3;53.7;5.22;5.26;3.26;2334
0.89;Fair;I;VS1;68.2;65;5.82;5.74;3.94;2334
0.52;Ideal;D;VVS2;59.9;57;5.28;5.21;3.14;2334
0.72;Premium;H;SI1;59.9;58;5.85;5.81;3.49;2334
0.7;Very Good;H;VS2;60;57;5.74;5.8;3.46;2335
0.7;Very Good;E;SI2;59.8;58;5.74;5.76;3.44;2335
0.73;Premium;E;SI2;60.6;59;5.85;5.8;3.53;2335
0.73;Ideal;I;VS2;62.2;54;5.76;5.78;3.59;2335
0.7;Ideal;G;SI1;61.1;55;5.72;5.76;3.51;2335
0.71;Ideal;F;SI1;60.9;56;5.79;5.81;3.53;2335
0.7;Good;I;VVS2;59.7;59;5.73;5.77;3.43;2335
0.73;Very Good;E;SI2;63.2;60;5.76;5.71;3.62;2335
0.71;Very Good;G;VS2;62.3;63;5.7;5.64;3.53;2335
0.7;Good;H;SI1;63.7;59;5.59;5.53;3.54;2335
0.7;Premium;E;SI2;63;58;5.69;5.64;3.57;2335
0.59;Ideal;G;VS2;61.9;57;5.41;5.38;3.34;2336
0.56;Very Good;G;VVS2;62.1;55.6;5.29;5.31;3.29;2336
1.17;Fair;I;I1;64.5;59;6.67;6.47;4.25;2336
1.03;Premium;H;I1;62.9;59;6.41;6.3;4;2336
0.72;Very Good;I;VS2;63.3;55;5.7;5.74;3.62;2337
0.72;Very Good;I;VS2;61.1;56;5.76;5.79;3.53;2337
0.72;Very Good;I;VS2;63.9;58;5.65;5.68;3.62;2337
0.73;Very Good;H;VS2;63.1;57.3;5.65;5.7;3.59;2337
0.7;Very Good;D;SI2;61.4;58;5.7;5.74;3.51;2337
0.72;Ideal;I;VS2;61.1;56;5.76;5.82;3.54;2337
0.72;Ideal;E;SI2;61.7;57;5.72;5.78;3.55;2337
0.7;Good;F;SI1;59.7;64;5.71;5.74;3.42;2337
0.75;Premium;D;SI2;60.6;56;5.94;5.9;3.59;2337
0.83;Good;H;SI2;63.9;56;5.99;5.93;3.81;2337
0.52;Ideal;G;VVS2;61.7;55;5.21;5.23;3.22;2338
0.77;Good;H;SI1;63;65;5.82;5.74;3.64;2338
0.7;Very Good;G;VS2;63.4;58;5.63;5.57;3.55;2338
0.76;Ideal;H;SI1;61.7;56;5.87;5.84;3.61;2338
0.97;Fair;F;SI2;67.2;61;6.09;6;4.06;2338
0.7;Fair;G;VS2;65.3;57;5.58;5.47;3.61;2338
0.57;Ideal;F;VVS2;62;55;5.3;5.31;3.29;2339
0.57;Ideal;F;VVS2;62.1;56;5.31;5.35;3.31;2339
0.71;Very Good;H;SI2;62.2;55.1;5.7;5.72;3.55;2339
0.82;Fair;G;SI1;66.4;54;5.87;5.82;3.88;2339
0.7;Premium;D;SI1;62.1;62;5.63;5.58;3.48;2339
0.7;Fair;D;SI1;66.5;55;5.51;5.47;3.65;2339
0.57;Ideal;F;VVS1;61.9;54.8;5.3;5.36;3.3;2339
0.6;Ideal;E;VS1;59.6;59;5.52;5.45;3.27;2339
1.05;Premium;I;I1;61.8;56;6.53;6.48;4.02;2339
0.72;Ideal;I;VVS2;62.4;53;5.75;5.78;3.6;2340
0.71;Ideal;E;SI2;58.7;57;5.89;5.86;3.44;2340
0.58;Ideal;F;VVS2;62;55;5.32;5.4;3.31;2340
0.72;Ideal;F;SI2;61.7;55;5.77;5.81;3.57;2340
0.78;Premium;F;SI2;60.6;57;5.98;5.94;3.61;2340
0.53;Ideal;D;VS1;61.6;56;5.23;5.19;3.21;2340
0.71;Premium;E;SI2;60.5;59;5.78;5.75;3.49;2340
0.65;Ideal;F;VS1;62.2;57;5.6;5.53;3.46;2340
0.78;Ideal;E;SI2;60.8;56;5.98;5.92;3.62;2340
0.73;Premium;E;SI2;60.1;59;5.87;5.82;3.51;2341
0.51;Premium;F;VVS1;62.6;57;5.1;5.06;3.18;2341
1.01;Fair;I;I1;56.1;63;6.7;6.65;3.74;2342
0.71;Ideal;G;SI1;62.8;56;5.72;5.75;3.6;2342
0.91;Good;E;I1;57.7;63;6.35;6.3;3.65;2342
0.7;Premium;E;SI2;61.8;60;5.65;5.61;3.48;2342
0.7;Very Good;F;SI1;60.3;57;5.73;5.77;3.47;2343
0.71;Very Good;F;SI1;63.1;57;5.69;5.66;3.58;2343
0.7;Ideal;I;SI1;61.2;55;5.71;5.76;3.51;2343
0.7;Ideal;F;SI1;61.8;58;5.7;5.75;3.54;2343
0.71;Premium;E;SI2;62.7;59;5.7;5.66;3.56;2343
0.71;Very Good;E;SI2;58.4;63;5.85;5.8;3.4;2343
0.71;Premium;F;SI2;62;59;5.68;5.65;3.51;2343
1.02;Good;G;I1;57.4;59;6.64;6.6;3.8;2344
0.81;Premium;H;SI2;60;59;6.03;5.97;3.62;2344
0.9;Good;G;I1;63.6;61;6.07;6.03;3.85;2344
0.62;Fair;E;VS1;58.8;67;5.66;5.57;3.29;2344
0.63;Premium;E;VS2;62.4;59;5.5;5.46;3.42;2344
0.62;Ideal;F;VS1;61.9;55;5.46;5.19;3.39;2344
0.71;Very Good;F;SI1;64;58;5.59;5.66;3.6;2345
0.72;Very Good;E;SI2;59.8;58;5.84;5.86;3.5;2345
0.72;Very Good;I;SI1;63.2;57;5.71;5.75;3.62;2345
0.71;Premium;F;SI1;60.2;60;5.79;5.71;3.46;2345
0.72;Ideal;E;SI2;62.7;57;5.71;5.78;3.6;2345
0.71;Ideal;G;SI1;61.5;57;5.74;5.78;3.54;2345
0.59;Ideal;F;VVS2;61.2;56;5.45;5.43;3.33;2345
0.71;Premium;F;SI1;58.5;59;5.87;5.82;3.42;2345
0.71;Good;F;SI1;63.6;54;5.65;5.61;3.58;2345
0.51;Premium;F;VS1;60.2;58;5.25;5.21;3.15;2346
0.71;Very Good;F;SI1;62.1;59;5.64;5.73;3.53;2346
0.8;Premium;H;SI2;62.2;58;5.99;5.93;3.71;2346
0.71;Ideal;F;SI1;62.7;55;5.65;5.74;3.57;2346
0.79;Good;H;SI2;59.2;58;6.05;6.07;3.59;2346
0.5;Ideal;E;VVS2;62.4;54;5.11;5.09;3.18;2346
0.5;Ideal;E;VVS2;62.2;57;5.08;5.05;3.15;2346
0.73;Premium;F;SI1;59.3;61;5.85;5.82;3.46;2346
0.34;Ideal;D;IF;62.1;57;4.52;4.46;2.79;2346
0.34;Ideal;D;IF;59.8;57;4.59;4.57;2.74;2346
0.73;Premium;F;SI1;61.6;62;5.76;5.71;3.53;2346
0.73;Premium;F;SI1;62.4;55;5.78;5.71;3.59;2346
0.75;Very Good;F;SI1;63.1;58;5.7;5.74;3.61;2347
0.76;Very Good;F;SI2;63.3;55;5.79;5.83;3.68;2347
0.6;Ideal;G;VVS2;62;57;5.41;5.46;3.37;2347
0.71;Ideal;E;VS2;62.5;56;5.7;5.75;3.58;2347
0.7;Good;H;VS2;59.7;57;5.75;5.8;3.45;2347
0.72;Ideal;I;VS2;62.1;58;5.74;5.72;3.57;2347
0.78;Very Good;H;SI2;63.1;56;5.84;5.88;3.7;2348
0.78;Very Good;I;SI1;63.5;57;5.79;5.86;3.7;2348
0.7;Premium;D;SI2;62.8;61;5.61;5.57;3.51;2348
0.79;Very Good;H;SI2;63.2;55;5.93;5.9;3.74;2348
0.7;Premium;F;SI1;62.8;59;5.66;5.59;3.53;2348
0.7;Premium;F;SI1;61.6;55;5.7;5.66;3.5;2348
0.7;Premium;F;SI1;61.7;61;5.7;5.67;3.51;2348
0.91;Good;I;SI1;64;58;6.01;5.99;3.84;2348
0.7;Ideal;F;SI1;61.5;56;5.74;5.7;3.52;2348
0.7;Very Good;E;SI1;62.9;57;5.6;5.66;3.54;2349
0.7;Premium;E;SI1;60.1;58;5.81;5.83;3.5;2349
0.81;Premium;J;VS1;61.7;61;5.94;5.9;3.65;2350
0.6;Premium;F;VVS2;61.3;59;5.45;5.41;3.33;2350
0.73;Ideal;G;SI1;62.5;55;5.78;5.74;3.6;2351
0.61;Very Good;G;VVS2;62.3;59;5.4;5.45;3.38;2351
0.57;Very Good;F;VVS2;60.7;58;5.32;5.35;3.24;2351
0.73;Fair;I;VVS2;64.4;59;5.65;5.62;3.63;2351
0.7;Ideal;I;VS2;61.6;56;5.67;5.72;3.51;2351
0.72;Ideal;I;SI1;61.3;56;5.78;5.81;3.55;2351
0.7;Fair;H;VS2;67.8;56;5.42;5.38;3.66;2351
0.7;Good;H;VS2;64.2;58;5.61;5.58;3.59;2351
0.7;Good;H;VS2;63.9;59;5.64;5.6;3.59;2351
0.73;Ideal;G;SI1;62.1;54;5.81;5.76;3.59;2351
0.73;Premium;G;SI1;62.8;59;5.76;5.68;3.59;2351
0.73;Premium;F;SI2;60.5;57;5.84;5.8;3.52;2351
0.73;Premium;I;VVS2;61.5;58;5.78;5.73;3.54;2351
0.74;Very Good;I;SI1;63.8;58;5.72;5.76;3.66;2352
0.76;Very Good;I;SI1;62;56;5.81;5.84;3.61;2352
0.71;Premium;H;VS2;62.2;59;5.68;5.64;3.52;2352
0.71;Premium;F;SI1;62.2;58;5.74;5.67;3.55;2352
0.7;Ideal;G;SI1;61.9;57;5.69;5.65;3.51;2352
0.7;Premium;G;SI1;60.3;61;5.75;5.72;3.46;2352
0.7;Ideal;G;SI1;62.2;56;5.72;5.69;3.55;2352
0.7;Premium;G;SI1;62.8;58;5.66;5.62;3.54;2352
0.71;Ideal;G;SI1;62.9;57;5.67;5.62;3.55;2352
0.59;Ideal;D;VS2;60.9;57;5.42;5.48;3.32;2352
0.5;Ideal;H;IF;61.8;56;5.1;5.13;3.16;2352
0.7;Premium;I;VVS2;60.1;59;5.8;5.72;3.46;2352
0.71;Good;F;SI1;63.9;57;5.61;5.57;3.57;2352
0.71;Fair;E;SI1;64.7;59;5.61;5.58;3.62;2352
0.71;Fair;D;SI1;65.1;59;5.59;5.56;3.63;2352
0.7;Premium;G;SI1;62;61;5.71;5.68;3.53;2352
0.7;Fair;G;SI1;61.7;66;5.7;5.58;3.48;2352
0.7;Premium;G;SI1;59;62;5.77;5.75;3.4;2352
0.7;Fair;D;SI1;64.9;64;5.57;5.5;3.59;2352
0.7;Good;H;VS2;59.1;65;5.85;5.75;3.43;2352
0.72;Premium;G;SI1;62.8;60;5.78;5.68;3.6;2352
0.7;Fair;E;VS2;65.6;61;5.62;5.47;3.64;2352
0.56;Ideal;E;VS1;60;55;5.43;5.4;3.25;2352
0.7;Ideal;G;SI1;62.7;57;5.69;5.64;3.55;2352
0.71;Premium;G;SI1;60.4;59;5.81;5.75;3.49;2352
0.7;Very Good;G;VS2;63.2;57;5.61;5.66;3.56;2353
0.72;Very Good;G;SI1;63.1;57;5.66;5.72;3.59;2353
0.7;Ideal;I;VVS2;62.5;54;5.68;5.71;3.56;2353
0.7;Ideal;I;VVS2;62.3;55;5.66;5.7;3.54;2353
0.7;Ideal;I;VVS2;62.1;56;5.65;5.71;3.53;2353
0.7;Good;G;VS2;63.8;59;5.51;5.55;3.53;2353
0.74;Very Good;I;VS1;63.4;57;5.81;5.76;3.67;2353
0.71;Very Good;H;SI1;62.1;61;5.63;5.71;3.52;2354
0.7;Premium;F;SI1;61.5;57;5.74;5.68;3.51;2354
0.72;Ideal;H;SI1;62.3;54;5.78;5.75;3.59;2354
0.71;Good;H;SI1;57.9;62;5.82;5.86;3.38;2354
0.7;Premium;F;SI1;62.5;59;5.67;5.65;3.54;2354
0.7;Very Good;D;SI2;63.3;57;5.64;5.6;3.56;2354
0.7;Premium;D;SI2;60.5;58;5.8;5.74;3.49;2354
0.7;Good;H;VVS2;64.3;60;5.59;5.55;3.58;2355
0.72;Premium;E;SI2;62.6;59;5.7;5.74;3.58;2355
0.72;Ideal;E;SI2;62.4;57;5.73;5.77;3.59;2355
0.7;Ideal;F;SI2;62;56;5.68;5.71;3.53;2355
0.73;Ideal;F;SI2;62.2;60;5.72;5.75;3.57;2355
0.7;Ideal;I;VS1;62.2;57;5.69;5.66;3.53;2355
0.7;Premium;D;SI1;61.8;59;5.64;5.6;3.47;2355
0.54;Very Good;F;VVS1;59.7;56;5.33;5.35;3.19;2356
0.54;Ideal;F;VVS1;60.8;56;5.28;5.34;3.23;2356
0.54;Ideal;F;VVS1;60.5;55;5.31;5.33;3.22;2356
0.97;Fair;I;I1;67.3;55;6.08;6.02;4.07;2357
0.63;Ideal;G;VS2;60.9;56;5.57;5.6;3.4;2357
0.58;Ideal;E;VS2;61.6;55;5.36;5.39;3.31;2357
0.56;Ideal;G;VVS2;62.1;56;5.31;5.29;3.29;2357
0.7;Premium;D;SI1;58.8;59;5.86;5.84;3.44;2357
0.97;Ideal;I;I1;61.6;53;6.43;6.4;3.95;2357
0.83;Good;F;SI2;57.5;61;6.22;6.17;3.56;2358
0.6;Ideal;F;VS2;61.5;56;5.43;5.47;3.35;2358
0.76;Ideal;I;SI1;61.9;56;5.85;5.88;3.63;2358
0.7;Fair;D;SI2;58.1;60;5.79;5.82;3.37;2358
0.82;Fair;H;SI2;65.1;58;5.86;5.81;3.8;2358
0.72;Very Good;I;VS2;61.6;59;5.71;5.75;3.53;2359
0.73;Very Good;E;SI2;59.6;57;5.87;5.91;3.51;2359
0.73;Very Good;H;SI1;62.7;59;5.74;5.77;3.61;2359
0.52;Ideal;F;VVS2;60.8;55;5.21;5.25;3.19;2359
0.55;Ideal;F;VVS1;62.1;56;5.25;5.28;3.27;2359
0.72;Ideal;F;SI2;62;57;5.72;5.76;3.56;2359
0.72;Ideal;H;SI1;61.8;54;5.76;5.8;3.57;2359
0.72;Ideal;H;SI1;61.7;54;5.77;5.81;3.57;2359
0.84;Fair;I;VS2;65.1;57;5.91;5.85;3.83;2359
0.58;Ideal;E;VS1;60.8;57;5.42;5.41;3.29;2359
0.78;Fair;G;SI1;64.6;56;5.86;5.79;3.76;2359
0.7;Very Good;I;VS2;60.8;61;5.72;5.76;3.49;2360
0.73;Very Good;F;SI1;63.5;56;5.68;5.72;3.62;2360
0.77;Premium;E;SI2;58.2;60;6.01;5.95;3.48;2360
0.71;Ideal;I;VS2;62.3;58;5.67;5.72;3.55;2360
0.57;Ideal;F;VVS2;62;55;5.31;5.3;3.29;2360
0.57;Ideal;F;VVS2;62.1;56;5.35;5.31;3.31;2360
0.72;Premium;F;SI1;59.3;59;5.85;5.81;3.46;2360
0.71;Ideal;H;SI2;62.2;55;5.72;5.7;3.55;2360
0.57;Premium;D;VS1;60.6;59;5.38;5.32;3.24;2360
0.77;Ideal;E;SI2;61;57;5.95;5.92;3.62;2360
0.57;Ideal;F;VVS2;61.5;57;5.36;5.31;3.28;2360
0.75;Premium;E;SI1;59.8;60;5.9;5.84;3.51;2360
1.2;Premium;F;I1;62.9;58;6.86;6.79;4.29;2360
0.72;Good;E;SI1;63.7;58;5.71;5.66;3.62;2361
0.72;Ideal;H;SI1;62;57;5.73;5.76;3.56;2361
0.54;Ideal;G;IF;61.6;57;5.22;5.27;3.23;2361
0.73;Ideal;E;SI1;60.9;56;5.84;5.79;3.54;2361
0.7;Premium;F;SI2;59.1;58;5.85;5.83;3.45;2362
0.7;Very Good;F;VS2;61;59;5.69;5.75;3.49;2362
0.7;Good;F;VS2;62.9;58;5.61;5.65;3.54;2362
0.31;Ideal;G;VS2;62;57;4.34;4.37;2.7;544
0.31;Premium;E;SI1;59.3;59;4.42;4.48;2.64;544
0.31;Very Good;H;VS1;62.8;58;4.29;4.31;2.7;544
0.31;Good;E;SI1;63.5;57;4.28;4.32;2.73;544
0.31;Premium;I;VVS2;61.7;58;4.38;4.4;2.71;544
0.31;Ideal;H;VS1;61.7;57;4.32;4.34;2.67;544
0.31;Premium;G;VS2;59.8;60;4.4;4.43;2.64;544
0.31;Very Good;G;VS2;59;60;4.37;4.41;2.59;544
0.31;Premium;E;SI1;62.6;60;4.31;4.35;2.71;544
0.31;Good;E;SI1;63.4;55;4.32;4.35;2.75;544
0.31;Good;H;VS1;63.6;55;4.29;4.32;2.74;544
0.31;Ideal;G;VS2;59.1;57;4.45;4.48;2.64;544
0.31;Ideal;G;VS2;62.3;56;4.29;4.34;2.69;544
0.31;Premium;H;VS1;59.9;59;4.38;4.4;2.63;544
0.31;Ideal;H;VS1;61.7;57;4.34;4.38;2.69;544
0.31;Ideal;G;VS2;62.4;55;4.3;4.32;2.69;544
0.31;Good;G;VS2;63.1;56;4.31;4.37;2.74;544
0.31;Ideal;H;VS1;61.1;57;4.35;4.39;2.67;544
0.31;Premium;G;VS2;61.5;59;4.33;4.35;2.67;544
0.31;Good;H;VS1;63.1;58;4.26;4.3;2.7;544
0.31;Ideal;E;SI1;62.7;54;4.35;4.36;2.73;544
0.31;Premium;H;VS1;61.1;59;4.35;4.36;2.66;544
0.31;Good;E;SI1;63.9;56;4.27;4.31;2.74;544
0.31;Very Good;G;VS2;62.9;56;4.28;4.34;2.71;544
0.31;Very Good;G;VS2;62.6;57;4.3;4.32;2.7;544
0.31;Good;E;SI1;63.3;55;4.31;4.35;2.74;544
0.31;Ideal;H;VS1;62.6;55;4.34;4.38;2.73;544
0.31;Very Good;G;VS2;62.9;57;4.31;4.34;2.72;544
0.31;Premium;I;VVS2;62.1;58;4.33;4.37;2.7;544
0.31;Very Good;E;SI1;62.9;58;4.29;4.33;2.71;544
0.7;Very Good;F;VS2;62.3;56;5.66;5.71;3.54;2362
0.7;Very Good;F;VS2;61.6;58;5.7;5.72;3.52;2362
0.7;Very Good;F;VS2;62.6;57;5.62;5.69;3.54;2362
0.7;Very Good;F;VS2;58.9;58;5.77;5.8;3.41;2362
0.7;Very Good;F;VS2;62.4;57;5.63;5.69;3.53;2362
0.71;Premium;I;VS2;62.9;60;5.66;5.62;3.55;2362
0.55;Ideal;E;VVS2;61.1;57;5.25;5.29;3.22;2362
0.52;Ideal;D;VVS2;62.4;56;5.15;5.17;3.22;2362
0.52;Ideal;D;VVS2;62.3;56;5.12;5.15;3.2;2362
0.79;Premium;H;VS2;61.1;59;5.96;5.93;3.63;2362
0.71;Premium;G;SI2;62;55;5.77;5.71;3.56;2362
0.74;Good;H;SI1;62.4;65;5.78;5.71;3.59;2362
0.79;Fair;G;SI1;65.3;76;5.52;5.13;3.35;2362
0.75;Very Good;E;SI2;59;58;5.95;5.99;3.52;2363
0.71;Premium;H;VS2;60.9;58;5.72;5.77;3.5;2363
0.71;Premium;H;VS2;61.3;59;5.74;5.77;3.53;2363
0.96;Ideal;I;I1;62;56;6.3;6.34;3.92;2363
0.8;Good;G;SI2;62.8;58;5.86;5.9;3.69;2363
0.75;Fair;F;SI1;64.5;60;5.65;5.54;3.61;2363
0.7;Ideal;I;VS1;62.7;53.4;5.66;5.74;3.57;2363
0.78;Good;E;SI2;63.7;54;5.82;5.77;3.69;2363
0.71;Premium;F;SI2;60.6;58;5.77;5.72;3.48;2363
0.71;Very Good;G;SI1;63.4;56;5.64;5.68;3.59;2364
0.72;Premium;F;SI1;62;60;5.74;5.77;3.57;2364
0.76;Premium;G;SI2;62.8;60;5.81;5.79;3.64;2364
0.61;Ideal;D;VS2;61.6;56;5.46;5.49;3.37;2364
0.71;Premium;H;SI1;62.9;58;5.66;5.62;3.55;2364
0.7;Premium;H;VS1;60.5;58;5.77;5.73;3.48;2364
1.01;Premium;G;I1;61.7;62;6.41;6.35;3.93;2364
0.72;Premium;F;SI2;59.3;57;5.89;5.85;3.48;2364
0.72;Fair;D;SI1;65.6;60;5.62;5.54;3.66;2364
0.72;Premium;G;SI2;61.6;55;5.79;5.76;3.56;2364
0.51;Very Good;E;VVS2;60;58;5.2;5.23;3.13;2365
0.78;Ideal;F;SI2;60.6;55;5.99;6;3.63;2365
0.78;Ideal;J;VS1;61.9;57;5.88;5.91;3.65;2365
0.71;Ideal;F;SI2;62.1;54;5.73;5.76;3.57;2365
0.71;Ideal;F;SI2;62.1;54;5.72;5.74;3.56;2365
0.71;Ideal;F;SI2;61.2;55;5.77;5.79;3.54;2365
0.73;Premium;I;VS2;59.7;59;5.94;5.81;3.51;2365
0.3;Very Good;D;VVS2;60.6;58;4.33;4.35;2.63;2366
0.61;Ideal;F;VS1;62.3;55;5.46;5.49;3.41;2366
0.85;Ideal;J;SI1;62.3;55;6.1;6.06;3.79;2366
0.74;Good;E;SI1;62.1;64;5.76;5.71;3.56;2366
0.55;Premium;D;VVS2;61.2;57;5.3;5.26;3.23;2366
0.7;Good;H;VS1;63.9;58;5.67;5.59;3.6;2367
0.7;Very Good;I;VVS2;63;58;5.64;5.69;3.57;2367
0.62;Very Good;H;IF;60.3;59;5.52;5.55;3.34;2367
0.7;Ideal;I;VVS2;62.1;56;5.68;5.72;3.54;2367
0.7;Good;D;SI2;63.7;58;5.6;5.64;3.58;2367
0.7;Premium;H;VS1;62.8;60;5.61;5.56;3.51;2367
0.7;Premium;H;VS1;61.9;56;5.7;5.67;3.52;2367
0.7;Good;G;VS2;62.1;61;5.68;5.69;3.53;2367
0.71;Very Good;H;VS2;61.8;58;5.66;5.7;3.51;2368
0.71;Very Good;G;SI1;63.4;58;5.65;5.68;3.59;2368
0.71;Very Good;E;SI2;63.1;56;5.67;5.71;3.58;2368
0.71;Ideal;I;VS1;62.3;59;5.68;5.72;3.55;2368
0.71;Ideal;H;SI1;62;57;5.73;5.76;3.56;2368
0.71;Ideal;H;SI1;61.3;58;5.73;5.78;3.53;2368
0.71;Ideal;G;SI1;60.6;56;5.76;5.82;3.51;2368
0.81;Premium;E;SI2;60.1;59;6.09;6.03;3.65;2368
1.16;Premium;H;I1;61.7;62;6.68;6.64;4.11;2368
0.71;Fair;D;VS2;55.6;73;6.01;5.96;3.33;2368
0.71;Very Good;G;VS1;63.5;56;5.67;5.63;3.59;2368
0.66;Premium;F;VS1;60.8;58;5.67;5.64;3.44;2368
0.71;Premium;D;SI2;62.8;57;5.69;5.64;3.56;2368
0.51;Very Good;E;VVS1;59.7;59;5.19;5.2;3.1;2369
0.73;Very Good;I;VS2;62.2;57;5.75;5.76;3.58;2369
0.72;Very Good;I;VS1;63.5;57;5.66;5.68;3.6;2369
0.74;Good;H;VS2;57.5;57;5.94;6.01;3.44;2369
0.7;Premium;F;VS2;61.1;62;5.69;5.64;3.46;2369
0.74;Premium;D;SI1;59.5;60;5.95;5.88;3.52;2369
0.77;Premium;H;SI1;60.7;58;5.95;5.91;3.6;2369
0.56;Ideal;D;VS1;61.6;57;5.33;5.29;3.27;2369
0.7;Fair;F;VS2;65.5;57;5.55;5.41;3.59;2369
0.71;Very Good;F;SI1;63.7;56;5.63;5.67;3.6;2370
0.54;Premium;E;VVS1;62.7;58;5.16;5.21;3.25;2370
0.97;Ideal;J;I1;61.6;54;6.34;6.28;3.89;2370
0.7;Good;E;SI1;58.3;64;5.77;5.69;3.34;2370
0.71;Ideal;E;SI2;61.7;57;5.72;5.76;3.54;2370
0.79;Premium;H;SI2;62.8;57;5.91;5.88;3.7;2370
0.73;Premium;I;VS1;61.2;59;5.82;5.84;3.57;2371
0.73;Premium;I;VS1;60.3;58;5.83;5.87;3.53;2371
0.8;Premium;F;SI2;58.5;62;6.08;6.05;3.55;2371
0.52;Ideal;E;VVS2;61.9;55;5.15;5.19;3.2;2371
0.77;Good;E;SI2;58.1;63;6.02;6.06;3.5;2371
0.76;Ideal;H;SI1;62.4;55;5.87;5.83;3.65;2371
0.7;Ideal;G;VS2;62.1;55;5.63;5.61;3.49;2371
0.62;Ideal;F;VS1;61.2;54;5.55;5.52;3.39;2371
0.72;Ideal;H;SI2;61.3;56;5.75;5.77;3.53;2372
0.53;Ideal;G;IF;62.1;57;5.16;5.21;3.22;2372
0.75;Very Good;F;SI1;63.5;56;5.75;5.71;3.64;2372
0.75;Premium;E;SI2;63;58;5.78;5.71;3.62;2372
0.57;Ideal;E;VVS2;62.5;54;5.35;5.28;3.32;2372
0.85;Good;J;VS1;63.6;57;6.01;5.94;3.8;2372
0.71;Fair;D;SI1;66.3;56;5.61;5.49;3.68;2372
0.7;Very Good;F;SI1;61.5;58;5.65;5.7;3.49;2373
0.7;Good;F;VS2;64.3;59;5.6;5.56;3.59;2373
0.77;Good;G;SI1;63.7;54;5.85;5.8;3.71;2373
0.61;Ideal;E;VS2;61.3;55;5.48;5.45;3.35;2373
0.63;Ideal;D;VS2;62.1;55;5.5;5.52;3.42;2373
0.7;Ideal;D;SI2;62.6;57;5.63;5.68;3.54;2373
0.7;Premium;F;SI2;62.5;60;5.66;5.61;3.52;2373
0.73;Very Good;D;SI2;60.3;60;5.82;5.89;3.53;2374
0.93;Very Good;F;I1;61.3;59;6.22;6.27;3.83;2374
0.7;Very Good;D;SI1;62.5;63;5.7;5.63;3.54;2374
0.55;Ideal;E;VVS2;61.9;56;5.25;5.29;3.26;2374
0.74;Ideal;I;VS2;61.9;57;5.83;5.81;3.6;2374
0.54;Ideal;E;VVS2;61.1;57;5.27;5.24;3.21;2375
0.71;Very Good;E;SI2;61.9;63;5.74;5.69;3.54;2375
0.81;Ideal;H;SI2;61.4;57;6;5.96;3.67;2375
0.74;Ideal;H;SI1;62.1;56;5.86;5.84;3.63;2375
0.7;Ideal;H;SI1;61.7;57;5.7;5.68;3.51;2375
0.7;Premium;H;VS1;61.8;62;5.69;5.63;3.5;2375
0.7;Premium;G;SI1;58.6;62;5.83;5.8;3.41;2375
0.77;Premium;I;VS2;60.3;58;5.96;5.94;3.59;2375
1.07;Fair;G;I1;64.8;56;6.53;6.43;4.2;2375
0.7;Ideal;G;VS2;62.9;56;5.7;5.65;3.57;2375
0.7;Ideal;E;SI2;60.5;56;5.8;5.77;3.5;2375
0.5;Ideal;D;VVS2;60.7;57;5.2;5.15;3.14;2376
0.55;Premium;F;VS2;62.5;58;5.25;5.22;3.27;2376
0.55;Premium;F;VS2;62.7;58;5.28;5.25;3.3;2376
0.6;Premium;H;VS1;60.8;59;5.49;5.43;3.32;2376
0.9;Fair;H;SI2;66;63;5.89;5.79;3.86;2376
0.75;Fair;D;SI1;65.1;57;5.64;5.6;3.66;2376
0.72;Ideal;H;VS2;62.8;57;5.74;5.7;3.59;2376
0.71;Ideal;H;SI2;62.6;56;5.65;5.75;3.57;2376
0.73;Ideal;G;SI2;61.1;57;5.8;5.82;3.55;2376
0.71;Ideal;I;SI1;62.2;55;5.7;5.75;3.56;2376
0.71;Ideal;I;SI1;61.4;56;5.73;5.77;3.53;2376
0.72;Premium;E;SI2;62.6;59;5.74;5.7;3.58;2376
0.7;Premium;E;SI2;62;60;5.72;5.67;3.53;2376
0.7;Premium;E;SI2;62.1;57;5.68;5.6;3.5;2376
1.2;Fair;I;I1;66.7;57;6.57;6.05;4.37;2376
1.2;Fair;I;I1;65.1;55;6.65;6.59;4.31;2376
1.2;Fair;G;I1;66.6;57;6.57;6.5;4.34;2376
0.72;Premium;H;SI1;61.5;59;5.71;5.67;3.5;2376
0.9;Fair;G;SI2;65.4;57;6.01;5.97;3.98;2376
0.72;Very Good;E;SI2;63.5;59;5.66;5.61;3.58;2376
0.72;Premium;E;SI2;62.9;58;5.74;5.68;3.59;2376
0.7;Ideal;E;SI2;61;56;5.78;5.72;3.51;2376
0.84;Ideal;J;VS2;60.7;56;6.17;6.12;3.73;2376
0.7;Very Good;H;VS2;62.7;59;5.59;5.64;3.52;2377
0.73;Very Good;H;SI1;62.6;58;5.75;5.76;3.6;2377
0.73;Ideal;H;SI1;62.9;58;5.72;5.75;3.61;2377
0.73;Ideal;G;SI1;61.7;60;5.77;5.8;3.57;2377
0.78;Premium;I;SI1;60.8;60;5.97;5.94;3.62;2377
0.47;Ideal;D;VVS1;61.9;54;4.98;5;3.09;2378
0.75;Ideal;G;SI2;62.5;55;5.82;5.77;3.62;2378
0.54;Ideal;D;VS1;61.3;56;5.3;5.27;3.24;2378
1.05;Premium;G;I1;61.7;59;6.58;6.47;4.02;2378
0.78;Good;E;SI2;64;57;5.84;5.81;3.73;2379
0.87;Very Good;J;SI1;63.1;60;6.03;5.96;3.78;2379
0.74;Ideal;F;SI1;60.4;56;5.86;5.83;3.53;2379
0.58;Ideal;F;VVS2;62.5;56;5.29;5.34;3.32;2380
0.58;Ideal;F;VVS2;61.9;56;5.35;5.38;3.32;2380
0.55;Ideal;F;VVS1;61.9;55;5.27;5.3;3.27;2380
0.7;Premium;G;VS2;63;57;5.67;5.6;3.55;2381
0.7;Ideal;F;VS1;62.2;55;5.72;5.69;3.55;2381
0.71;Ideal;F;SI1;62.9;57;5.71;5.65;3.57;2381
0.75;Good;I;VVS1;63.9;61;5.7;5.67;3.63;2381
0.71;Premium;F;SI1;63;59;5.69;5.62;3.56;2381
0.71;Premium;F;SI1;61.6;60;5.79;5.73;3.55;2381
0.71;Premium;F;SI1;62.7;58;5.74;5.68;3.58;2381
0.71;Premium;F;SI1;61.6;57;5.73;5.7;3.52;2381
0.7;Good;F;VS1;64;57;5.62;5.54;3.57;2381
0.7;Fair;F;VS1;64.5;57;5.65;5.58;3.62;2381
0.7;Fair;F;VS1;67.8;60;5.5;5.39;3.69;2381
0.7;Fair;F;VS1;65.8;59;5.58;5.48;3.64;2381
0.71;Very Good;G;VS2;64.5;57;5.56;5.6;3.6;2382
0.7;Very Good;F;SI1;62.4;58;5.64;5.7;3.54;2382
0.77;Ideal;I;SI1;61.7;56;5.89;5.91;3.64;2382
0.7;Ideal;F;SI1;62.3;56;5.65;5.68;3.53;2382
0.7;Good;D;SI2;59.2;60;5.75;5.78;3.41;2382
0.72;Ideal;G;VS2;61.7;57;5.77;5.8;3.57;2383
0.75;Very Good;E;SI2;60.9;59;5.83;5.9;3.57;2383
0.72;Ideal;G;VS2;62;56;5.75;5.79;3.58;2383
1.12;Premium;G;I1;60.4;59;6.71;6.67;0;2383
0.75;Ideal;I;SI1;61.5;58;5.82;5.86;3.59;2383
0.55;Ideal;G;IF;61.1;57;5.26;5.31;3.23;2383
0.74;Premium;F;SI2;59.2;60;5.96;5.9;3.51;2383
0.7;Ideal;H;SI1;61.4;57;5.73;5.7;3.51;2383
0.7;Premium;H;SI1;61.1;58;5.73;5.69;3.49;2383
0.71;Very Good;I;VS2;61.1;60;5.72;5.77;3.51;2384
0.7;Fair;G;VS1;56.2;65;5.93;5.88;3.32;2384
0.7;Ideal;D;SI2;61.6;56;5.73;5.69;3.52;2384
0.7;Fair;G;VS1;65.8;61;5.61;5.46;3.64;2384
0.7;Fair;G;VS1;65.6;60;5.57;5.5;3.63;2384
0.72;Premium;E;SI1;62.1;58;5.72;5.69;3.54;2385
0.72;Ideal;G;SI1;63;56;5.71;5.68;3.59;2385
0.72;Very Good;G;SI1;63.1;57;5.71;5.67;3.59;2385
0.72;Ideal;F;SI1;60.9;53;5.83;5.79;3.54;2385
0.6;Ideal;D;VS2;62.2;53;5.43;5.44;3.38;2385
0.72;Premium;F;SI1;62;60;5.77;5.74;3.57;2385
0.75;Very Good;I;VS1;63.3;57;5.82;5.74;3.66;2385
0.72;Very Good;I;VVS2;62.7;54;5.74;5.8;3.62;2386
0.7;Premium;E;SI1;61.3;58;5.71;5.84;3.54;2386
0.7;Good;E;SI1;63.6;62;5.57;5.6;3.55;2386
0.7;Very Good;E;SI1;62.9;56;5.57;5.65;3.53;2386
0.83;Ideal;F;SI2;59.5;57;6.13;6.1;3.64;2386
0.78;Ideal;F;SI2;60.6;55;6;5.99;3.63;2386
0.71;Premium;I;VVS2;61.4;56;5.79;5.75;3.54;2386
0.71;Premium;G;SI1;61.3;57;5.74;5.72;3.51;2386
0.71;Ideal;G;SI1;62.4;56;5.74;5.71;3.57;2386
0.7;Premium;G;SI1;63;56;5.68;5.65;3.57;2386
0.7;Ideal;I;VVS1;62.8;56.3;5.65;5.69;3.56;2386
0.81;Ideal;I;SI2;61.7;59;5.92;6;3.68;2386
0.71;Ideal;F;SI2;61.6;57;5.72;5.75;3.53;2386
0.71;Premium;G;SI1;61.2;61;5.71;5.66;3.48;2386
0.71;Ideal;G;SI1;62.2;56;5.75;5.69;3.56;2386
0.71;Premium;G;SI1;61.7;58;5.74;5.71;3.53;2386
0.71;Ideal;G;SI1;61.4;57;5.76;5.71;3.52;2386
0.78;Good;G;SI1;63.9;64;5.82;5.7;3.68;2386
0.83;Premium;G;SI2;62.9;57;5.99;5.96;3.76;2386
0.83;Fair;G;SI2;64.4;57;5.93;5.86;3.8;2386
0.71;Premium;E;SI2;62.2;57;5.74;5.68;3.55;2386
0.71;Ideal;I;VVS2;62.2;54;5.7;5.75;3.56;2387
0.71;Ideal;I;VVS2;62;54;5.72;5.76;3.56;2387
0.78;Premium;I;SI1;61.9;58;5.93;5.87;3.65;2387
0.51;Premium;D;VVS2;62.4;59;5.13;5.06;3.18;2387
0.52;Ideal;G;VVS1;60.6;57;5.21;5.26;3.17;2387
0.71;Ideal;G;SI2;61.3;55;5.76;5.79;3.54;2387
0.52;Ideal;G;IF;61.7;56;5.19;5.15;3.19;2387
0.65;Premium;D;VS1;59.4;62;5.72;5.66;3.38;2387
1.02;Premium;G;I1;61.3;57;6.47;6.35;3.93;2387
0.51;Premium;D;VVS2;60.8;60;5.23;5.14;3.15;2387
0.73;Good;E;SI2;63.3;57;5.69;5.72;3.61;2388
0.71;Ideal;E;SI2;59.3;56;5.89;5.84;3.48;2388
0.52;Ideal;F;VVS1;62;54;5.16;5.19;3.2;2388
0.7;Good;D;SI2;63.7;58;5.64;5.6;3.58;2388
0.71;Premium;G;SI1;62;60;5.68;5.64;3.51;2388
0.7;Very Good;I;VVS1;58.8;61;5.78;5.82;3.41;2389
0.7;Very Good;H;VS1;62.8;58;5.59;5.69;3.54;2389
0.79;Premium;G;SI1;61.7;60;5.93;5.91;3.65;2389
0.76;Ideal;G;SI2;62.1;59;5.81;5.84;3.62;2389
0.62;Premium;H;IF;58.9;58;5.65;5.58;3.31;2389
0.7;Very Good;I;VVS1;61.6;58;5.69;5.71;3.51;2390
0.7;Good;I;VS1;63.1;57;5.59;5.67;3.55;2390
0.7;Good;F;SI2;64.1;59;5.53;5.58;3.56;2390
0.7;Ideal;I;VS2;62.3;54;5.67;5.72;3.55;2390
0.7;Ideal;I;VS2;62.5;54;5.68;5.71;3.56;2390
0.71;Good;E;SI2;62.2;56;5.63;5.66;3.51;2390
0.91;Fair;J;SI1;66.3;56;5.92;5.99;3.95;2390
0.63;Premium;G;VS2;60.4;58;5.6;5.59;3.38;2391
0.74;Very Good;E;SI2;61.8;60;5.78;5.8;3.58;2391
0.54;Premium;F;IF;61.9;60;5.26;5.21;3.24;2391
0.77;Premium;G;SI2;61.9;59;5.88;5.84;3.63;2391
0.54;Good;E;VVS2;57.5;61;5.47;5.39;3.12;2391
0.77;Very Good;I;VS2;63.1;58;5.86;5.7;3.65;2391
0.65;Ideal;D;VS2;62.7;57;5.56;5.5;3.47;2392
0.61;Premium;F;VVS2;59.7;58;5.56;5.53;3.31;2392
1.03;Premium;J;I1;62.8;55;6.43;6.41;4.03;2392
0.72;Very Good;I;VS2;63.3;57;5.66;5.72;3.6;2393
0.73;Very Good;H;SI1;59.5;58;5.85;5.91;3.5;2393
0.6;Premium;E;VVS2;62.4;61;5.36;5.31;3.33;2393
0.52;Ideal;F;IF;61.7;56;5.16;5.18;3.19;2393
0.73;Premium;I;VS1;60.3;58;5.87;5.83;3.53;2393
0.73;Premium;F;SI2;59.5;62;5.89;5.84;3.49;2393
0.75;Ideal;F;SI2;62.6;55;5.86;5.81;3.65;2393
0.73;Premium;F;SI2;58.3;58;5.95;5.91;3.46;2393
0.72;Ideal;H;SI2;61.3;56;5.77;5.75;3.53;2393
0.73;Premium;I;VS1;61.2;59;5.84;5.82;3.57;2393
0.77;Good;H;SI1;63;65;5.82;5.74;3.64;2393
0.7;Very Good;H;VS1;61.5;58;5.66;5.72;3.5;2394
0.7;Very Good;I;VVS2;62.4;61;5.6;5.75;3.54;2394
0.7;Good;E;VS2;63;61;5.51;5.64;3.51;2394
0.7;Premium;G;SI1;61.4;60;5.69;5.74;3.51;2394
0.7;Ideal;G;SI1;60.9;57;5.77;5.79;3.52;2394
0.7;Good;I;VVS2;63.4;59;5.57;5.6;3.54;2394
0.7;Good;I;VVS2;63.3;55;5.61;5.67;3.57;2394
0.7;Good;E;VS2;64.2;60;5.58;5.64;3.6;2394
0.7;Good;H;VS2;63.4;60;5.59;5.61;3.55;2394
0.7;Premium;H;VS2;60.7;59;5.66;5.68;3.44;2394
0.7;Premium;E;SI1;59.7;60;5.81;5.79;3.46;2394
0.7;Good;H;SI1;63.7;57;5.58;5.57;3.55;2394
0.7;Very Good;I;VS1;63.2;55;5.63;5.58;3.54;2394
0.7;Premium;I;VS1;62.4;59;5.64;5.55;3.49;2394
0.7;Fair;F;SI2;65.1;52;5.64;5.57;3.65;2394
0.75;Premium;F;SI2;60.5;58;5.91;5.86;3.56;2394
0.7;Premium;F;SI1;60.1;56;5.84;5.78;3.49;2394
0.79;Very Good;G;SI1;60.9;63;5.89;5.84;3.57;2394
0.7;Premium;F;SI1;60.8;56;5.72;5.66;3.46;2394
0.7;Ideal;F;SI2;65;53;5.61;5.56;3.63;2394
0.73;Very Good;E;SI2;62.1;58;5.75;5.81;3.59;2395
0.73;Very Good;E;SI2;59.3;57;5.88;5.95;3.51;2395
0.53;Very Good;F;IF;59.6;58;5.28;5.32;3.16;2395
0.71;Very Good;H;VS2;62.6;59;5.66;5.68;3.55;2395
0.58;Ideal;F;VVS2;61.8;56;5.36;5.39;3.32;2395
0.7;Fair;H;VS1;59.6;66;5.8;5.74;3.44;2395
0.76;Very Good;H;SI1;62.6;58;5.76;5.84;3.63;2396
0.72;Very Good;H;VS2;62.9;58;5.7;5.75;3.6;2396
0.72;Very Good;G;SI1;62.8;60;5.78;5.68;3.6;2396
0.71;Good;F;SI1;66.2;55;5.49;5.53;3.65;2396
0.93;Premium;F;I1;61.3;59;6.27;6.22;3.83;2396
0.7;Very Good;E;SI1;59.6;63;5.72;5.65;3.39;2396
1.05;Fair;I;I1;61.8;66;6.48;6.37;3.97;2396
0.7;Premium;E;SI1;61.2;62;6.65;5.73;3.48;2396
1.21;Fair;I;I1;65;58;6.65;6.59;4.3;2396
0.7;Premium;E;SI1;61.8;59;5.63;5.57;3.46;2396
0.72;Fair;G;VS1;66.4;57;5.6;5.51;3.69;2396
0.71;Very Good;F;SI2;63.2;57;5.66;5.7;3.59;2397
0.31;Premium;E;SI1;59.2;60;4.36;4.42;2.6;544
0.31;Good;E;SI1;63.4;55;4.31;4.33;2.74;544
0.31;Very Good;E;SI1;60.1;61;4.35;4.4;2.63;544
0.31;Very Good;H;VS1;61.4;61;4.33;4.36;2.67;544
0.31;Very Good;H;VS1;61.7;61;4.31;4.34;2.67;544
0.31;Ideal;G;VS2;62.4;54;4.36;4.39;2.73;544
0.31;Premium;H;VS1;59.7;58;4.41;4.43;2.64;544
0.31;Good;H;VS1;63.1;57;4.31;4.34;2.73;544
0.31;Ideal;G;VS2;61.6;54;4.39;4.41;2.71;544
0.31;Ideal;G;VS2;61.4;57;4.35;4.45;2.7;544
0.31;Ideal;G;VS2;62.2;56;4.31;4.34;2.69;544
0.31;Good;G;VS2;63.1;58;4.3;4.35;2.73;544
0.31;Premium;G;VS2;59.9;59;4.38;4.4;2.63;544
0.31;Good;E;SI1;63.2;59;4.24;4.31;2.7;544
0.31;Premium;G;VS2;62.2;59;4.3;4.35;2.69;544
0.31;Ideal;I;VVS2;61.6;57;4.35;4.39;2.69;544
0.26;Very Good;G;VVS1;61.4;56;4.13;4.15;2.54;545
0.26;Very Good;G;VVS1;61.2;56;4.1;4.13;2.52;545
0.26;Very Good;G;VVS1;61.6;56;4.14;4.17;2.55;545
0.26;Very Good;G;VVS1;61.8;57;4.06;4.1;2.52;545
0.35;Very Good;H;VS2;59.8;62;4.57;4.63;2.75;545
0.26;Ideal;G;VVS2;62;56;4.12;4.15;2.56;545
0.26;Ideal;G;VVS2;61.4;56;4.11;4.14;2.53;545
0.26;Ideal;G;VVS2;62.3;56;4.07;4.1;2.54;545
0.26;Ideal;H;VVS1;62.2;55;4.09;4.11;2.55;545
0.3;Ideal;G;VS2;61.8;54;4.34;4.37;2.69;545
0.3;Ideal;G;VS2;62.3;58;4.26;4.28;2.66;545
0.3;Ideal;G;VS2;62;54;4.33;4.35;2.69;545
0.3;Ideal;G;VS2;61.2;55;4.35;4.38;2.67;545
0.3;Ideal;G;VS2;61.6;58;4.27;4.3;2.64;545
0.71;Very Good;E;SI2;62.7;59;5.7;5.75;3.59;2397
0.71;Ideal;I;VS1;61.6;54.7;5.71;5.85;3.54;2397
0.73;Ideal;I;VS1;60.7;56;5.85;5.81;3.54;2397
0.7;Very Good;I;VVS2;63.1;57;5.63;5.68;3.57;2398
0.7;Very Good;I;VS1;62.4;56;5.65;5.69;3.54;2398
0.55;Ideal;G;IF;62;55;5.25;5.29;3.27;2398
0.7;Ideal;H;VS2;62.4;56;5.63;5.72;3.54;2398
0.7;Ideal;I;VS1;62.4;56;5.66;5.68;3.54;2398
0.7;Ideal;I;VS1;62.1;57;5.69;5.71;3.54;2398
0.7;Ideal;F;SI2;62.1;57;5.65;5.69;3.52;2398
0.72;Ideal;E;SI2;62.3;54;5.75;5.78;3.59;2398
0.72;Ideal;E;SI2;61.9;55;5.76;5.78;3.57;2398
0.7;Ideal;E;SI2;61.9;57;5.66;5.69;3.51;2398
0.71;Ideal;E;SI2;61.2;57;5.74;5.82;3.54;2398
0.67;Good;F;VVS2;63.8;61;5.46;5.54;3.52;2398
0.72;Premium;H;SI1;62.7;59;5.73;5.69;3.58;2398
0.71;Premium;H;VS1;62.8;58;5.7;5.67;3.57;2398
0.72;Premium;H;SI1;62.5;57;5.73;5.67;3.56;2398
0.72;Ideal;H;SI1;58.9;56;5.91;5.88;3.47;2398
0.74;Premium;G;SI2;62.5;56;5.81;5.75;3.61;2398
0.72;Premium;H;SI1;61.5;56;5.8;5.77;3.56;2398
0.72;Good;H;SI1;63.7;59;5.68;5.63;3.6;2398
0.74;Premium;G;SI2;63;56;5.77;5.75;3.63;2398
1;Fair;G;I1;64.9;56;6.2;6.14;4.01;2398
0.74;Very Good;G;SI2;63.3;57;5.73;5.7;3.62;2398
0.55;Very Good;E;VVS2;60.4;56;5.36;5.38;3.24;2399
0.76;Ideal;I;SI1;61.6;54;5.86;5.92;3.63;2399
0.55;Ideal;G;IF;60.6;56;5.31;5.33;3.22;2399
0.56;Ideal;G;IF;62;56;5.33;5.28;3.29;2399
0.7;Very Good;H;VS1;60.3;63;5.77;5.73;3.47;2399
0.62;Premium;G;VVS2;59.2;59;5.58;5.56;3.3;2399
0.7;Fair;F;VS1;55.9;62;5.94;5.83;3.29;2399
0.76;Premium;E;SI2;60;59;5.94;5.9;3.55;2399
0.76;Ideal;I;SI1;61.8;57;5.89;5.83;3.62;2399
0.71;Very Good;I;VVS2;59.5;60;5.82;5.87;3.48;2400
0.7;Very Good;H;VS1;60.1;61;5.74;5.81;3.47;2400
0.7;Very Good;F;VS2;61.4;57;5.73;5.76;3.53;2400
0.7;Very Good;F;VS2;60.5;57;5.74;5.79;3.49;2400
0.78;Ideal;I;VS2;60.9;57;5.92;5.97;3.62;2400
0.7;Very Good;F;VS2;62.2;56;5.7;5.74;3.56;2400
0.7;Very Good;F;VS2;62.4;59;5.64;5.71;3.54;2400
0.7;Very Good;F;VS2;62.9;56;5.66;5.73;3.58;2400
0.7;Very Good;F;VS2;60.3;59;5.76;5.79;3.48;2400
0.7;Very Good;F;VS2;62.1;58;5.68;5.72;3.54;2400
0.7;Very Good;F;VS2;61.2;56;5.72;5.78;3.52;2400
0.7;Very Good;F;VS2;58.9;57;5.79;5.85;3.43;2400
0.58;Very Good;D;VVS2;63;56;5.28;5.35;3.35;2400
0.71;Ideal;G;SI1;61.2;58;5.77;5.79;3.54;2400
0.8;Fair;G;SI2;67.1;56;5.76;5.73;3.85;2400
0.58;Ideal;F;VS2;61.8;57;5.39;5.35;3.32;2401
0.72;Very Good;I;VS1;60.7;56;5.78;5.82;3.52;2401
0.7;Very Good;F;SI1;63.5;56;5.58;5.66;3.57;2401
0.78;Very Good;G;SI2;63.7;55.9;5.82;5.85;3.72;2401
0.72;Very Good;E;SI2;62.2;59;5.72;5.79;3.58;2401
0.7;Very Good;F;SI1;62.9;59;5.62;5.67;3.55;2401
0.7;Very Good;F;SI1;61.3;59;5.68;5.74;3.5;2401
0.7;Good;F;SI1;61.6;65;5.71;5.66;3.5;2401
0.7;Good;F;SI1;57.2;63;5.84;5.87;3.35;2401
0.7;Premium;F;SI1;62.2;59;5.69;5.73;3.55;2401
0.7;Good;F;SI1;63.8;60;5.6;5.63;3.58;2401
0.7;Good;F;VS1;64;56;5.6;5.65;3.6;2401
0.77;Ideal;F;SI2;61.7;56;5.91;5.96;3.66;2401
0.7;Ideal;F;SI1;61.8;55;5.71;5.75;3.54;2401
0.7;Very Good;F;SI1;59.8;59;5.74;5.8;3.45;2401
0.7;Ideal;D;SI2;60.3;56;5.73;5.77;3.47;2401
0.7;Premium;F;SI1;61.9;59;5.69;5.71;3.53;2401
0.7;Good;F;SI1;63.2;57;5.62;5.68;3.57;2401
0.72;Ideal;E;SI2;61.3;55;5.75;5.84;3.55;2401
0.78;Fair;G;SI2;64.9;55.2;5.75;5.82;3.76;2401
0.58;Ideal;F;VVS2;61.9;56;5.38;5.35;3.32;2401
0.73;Fair;G;VS2;60.1;65;5.91;5.81;3.52;2401
0.71;Fair;H;VS1;66.4;62;5.54;5.49;3.66;2401
0.71;Premium;H;VS1;61.7;56;5.81;5.67;3.54;2401
0.58;Ideal;F;VVS2;62.5;56;5.34;5.29;3.32;2401
0.58;Premium;D;VS1;59.2;60;5.46;5.41;3.22;2401
0.73;Very Good;G;SI1;61.5;59;5.76;5.81;3.56;2402
0.57;Ideal;F;VVS2;61.7;56;5.31;5.35;3.29;2402
0.65;Ideal;D;VS2;61.6;57;5.55;5.59;3.43;2402
0.61;Very Good;G;VVS2;62.4;55;5.44;5.47;3.4;2403
0.7;Very Good;F;SI1;59.7;56.9;5.73;5.86;3.46;2403
0.76;Ideal;F;SI2;61.9;57;5.87;5.9;3.64;2403
0.81;Premium;F;SI1;59.4;60;6.11;6.07;3.62;2403
0.71;Very Good;F;SI1;61.9;57;5.72;5.79;3.56;2404
0.72;Very Good;F;SI1;62.2;59;5.72;5.76;3.57;2404
0.56;Ideal;E;VVS2;61;56;5.32;5.36;3.26;2404
0.63;Good;H;IF;59.3;62;5.66;5.7;3.37;2404
0.76;Ideal;H;SI2;61.7;56;5.88;5.86;3.62;2404
0.71;Ideal;E;SI1;61.9;56;5.76;5.71;3.55;2404
0.7;Very Good;I;VS1;61.4;57;5.71;5.74;3.52;2405
0.78;Very Good;H;SI2;62.6;59;5.81;5.85;3.65;2405
0.82;Premium;I;SI1;62.6;57;5.98;5.94;3.73;2405
0.7;Ideal;E;SI2;60.6;56;5.73;5.78;3.49;2405
0.7;Good;E;SI2;60.7;61;5.69;5.71;3.46;2405
0.72;Premium;G;VS2;62.3;59;5.77;5.69;3.57;2405
0.65;Very Good;F;VS1;59.3;56;5.64;5.76;3.37;2406
0.7;Premium;H;VVS1;60.9;60;5.76;5.71;3.49;2406
0.62;Ideal;F;VS1;62;54;5.46;5.5;3.4;2406
0.65;Good;E;VS2;57.8;61.2;5.72;5.78;3.32;2406
0.65;Good;F;VS1;61.7;60.3;5.53;5.57;3.42;2406
0.7;Ideal;E;SI1;62.4;55;5.69;5.64;3.54;2407
0.7;Premium;E;SI1;61.9;59;5.74;5.66;3.53;2407
0.53;Ideal;D;VVS2;62.2;56;5.19;5.23;3.24;2407
0.53;Ideal;E;VVS1;61.7;57;5.17;5.21;3.2;2407
0.7;Good;E;SI1;63.6;62;5.6;5.57;3.55;2407
0.7;Very Good;F;SI1;60.3;59;5.73;5.82;3.48;2409
0.7;Very Good;F;SI1;61.1;57;5.7;5.73;3.49;2409
0.7;Very Good;D;SI1;61;59;5.67;5.7;3.47;2409
0.7;Ideal;F;SI1;62.2;56;5.68;5.7;3.54;2409
0.7;Ideal;F;SI1;62.1;55;5.68;5.72;3.54;2409
0.7;Good;F;SI1;58.7;60;5.75;5.81;3.39;2409
0.73;Very Good;E;SI2;63.3;57;5.72;5.69;3.61;2409
0.8;Premium;H;SI2;61.6;59;5.92;5.86;3.63;2409
0.71;Premium;F;SI2;59.6;59;5.79;5.75;3.44;2409
0.73;Premium;E;SI2;60.8;60;5.87;5.78;3.54;2409
0.72;Ideal;H;SI2;61.3;55;5.78;5.81;3.55;2410
0.74;Ideal;F;SI2;61.6;55;5.81;5.87;3.6;2410
0.7;Ideal;F;SI1;62.6;55;5.67;5.7;3.56;2410
0.71;Premium;E;SI2;59;60;5.9;5.87;3.47;2410
0.61;Very Good;G;IF;63;58;5.36;5.43;3.4;2411
0.7;Good;F;SI2;64.1;59;5.58;5.53;3.56;2411
0.7;Very Good;I;VS1;63.1;57;5.67;5.59;3.55;2411
0.6;Ideal;G;VVS2;61.6;55;5.44;5.47;3.36;2413
0.8;Very Good;I;VS2;63.3;55;5.88;5.93;3.74;2414
0.81;Fair;I;VS2;64.6;59;5.83;5.78;3.75;2414
0.7;Ideal;G;SI1;61.9;56;5.66;5.71;3.52;2414
0.72;Fair;D;VS2;65.4;56;5.68;5.6;3.69;2414
0.7;Premium;F;SI1;60.8;58;5.78;5.74;3.5;2415
0.74;Premium;F;SI1;60.7;59;5.85;5.82;3.54;2415
0.7;Fair;H;VS1;65.8;56;5.54;5.49;3.63;2415
0.7;Ideal;G;SI1;60.9;57;5.79;5.77;3.52;2415
0.7;Very Good;I;VVS2;63.4;59;5.6;5.57;3.54;2415
0.7;Very Good;I;VVS2;63.3;55;5.67;5.61;3.57;2415
0.7;Good;E;VS2;64.2;60;5.64;5.58;3.6;2415
0.7;Very Good;I;VVS2;60.1;63;5.81;5.74;3.47;2415
0.7;Ideal;F;SI1;62;55;5.72;5.7;3.54;2415
0.7;Premium;E;VS2;63;61;5.64;5.51;3.51;2415
0.7;Good;F;VS2;63.9;53;5.65;5.61;3.6;2415
0.7;Premium;D;VS2;61.3;58;5.72;5.67;3.48;2415
0.7;Premium;G;SI1;62.6;60;5.61;5.57;3.5;2415
0.75;Premium;D;SI2;60.6;56;5.94;5.9;3.59;2415
0.7;Premium;H;VS2;60.7;59;5.68;5.66;3.44;2415
0.7;Very Good;H;VS2;63.4;60;5.61;5.59;3.55;2415
0.7;Premium;I;VVS2;62.4;61;5.75;5.6;3.54;2415
0.7;Ideal;D;SI2;62;57;5.68;5.65;3.51;2415
0.7;Premium;G;SI1;60.5;57;5.75;5.68;3.46;2415
0.75;Premium;G;SI1;60.4;58;5.88;5.84;3.54;2415
0.71;Very Good;F;SI1;63;55;5.65;5.71;3.58;2416
0.71;Good;E;VS2;63.2;57;5.63;5.66;3.56;2416
0.72;Ideal;E;SI1;60.9;57;5.83;5.86;3.56;2416
0.71;Ideal;D;SI2;62.3;56;5.68;5.72;3.55;2416
0.71;Ideal;D;SI2;61.5;55;5.72;5.8;3.54;2416
0.71;Ideal;F;SI1;61.6;56;5.71;5.75;3.53;2416
1.01;Ideal;I;I1;61.6;56;6.45;6.43;3.97;2416
0.7;Ideal;I;SI1;62.8;56;5.63;5.68;3.55;2417
0.76;Very Good;H;SI2;59.8;58;5.94;5.96;3.56;2418
0.72;Premium;H;VS2;61.6;57;5.84;5.78;3.58;2418
0.64;Ideal;F;VS2;62.3;56;5.51;5.53;3.44;2419
0.64;Ideal;F;VS2;61.1;56;5.57;5.59;3.41;2419
0.5;Ideal;F;IF;61.2;57;5.11;5.15;3.14;2419
0.51;Premium;E;VVS2;59.3;59;5.25;5.17;3.09;2419
0.72;Ideal;I;VVS2;62.2;54;5.73;5.78;3.58;2420
0.71;Good;E;SI1;63.1;59;5.62;5.75;3.59;2420
0.71;Very Good;E;SI1;62;55;5.72;5.76;3.56;2420
0.79;Premium;H;SI1;63;54;5.9;5.86;3.69;2420
0.72;Ideal;G;SI2;61.5;55;5.79;5.82;3.57;2420
0.64;Ideal;H;IF;60.5;57;5.58;5.62;3.39;2420
0.7;Very Good;I;VVS1;60.9;60;5.68;5.71;3.47;2421
0.7;Very Good;H;VS1;59.5;60;5.74;5.76;3.42;2421
0.7;Very Good;E;SI1;63.1;56;5.62;5.69;3.57;2421
0.7;Ideal;F;SI2;61.4;55;5.73;5.77;3.53;2421
0.7;Good;H;VS1;59.4;62;5.71;5.74;3.4;2421
0.72;Good;F;SI1;63.6;55;5.71;5.64;3.61;2421
0.58;Ideal;D;VVS2;63;56;5.35;5.28;3.35;2421
0.7;Very Good;H;VS1;62.1;56;5.65;5.68;3.52;2422
0.76;Very Good;G;SI2;62;57;5.82;5.86;3.62;2422
0.72;Ideal;F;SI2;62;55;5.76;5.79;3.58;2422
0.72;Ideal;F;SI2;61.2;54;5.81;5.86;3.57;2422
0.72;Very Good;G;VS1;63.5;55;5.75;5.68;3.63;2422
0.78;Ideal;I;VS2;60.9;57;5.97;5.92;3.62;2422
0.9;Fair;I;SI2;67.7;61;6.04;5.86;4.03;2422
0.71;Very Good;H;VS1;62.6;58;5.72;5.75;3.59;2423
0.74;Very Good;G;SI2;63.8;56;5.7;5.74;3.65;2423
0.71;Very Good;E;SI2;62.2;58;5.65;5.7;3.53;2423
0.74;Ideal;G;SI2;62.7;56;5.75;5.8;3.62;2423
0.71;Ideal;G;SI1;61.4;55;5.75;5.79;3.54;2423
0.7;Good;F;SI1;63.8;60;5.63;5.6;3.58;2423
0.7;Premium;F;SI1;62.9;59;5.67;5.62;3.55;2423
0.7;Premium;F;SI1;62.2;59;5.73;5.69;3.55;2423
0.7;Ideal;F;SI1;61.8;55;5.75;5.71;3.54;2423
0.7;Premium;F;SI1;61.3;59;5.74;5.68;3.5;2423
0.7;Premium;F;SI1;61.9;59;5.71;5.69;3.53;2423
0.7;Very Good;F;SI1;63.2;57;5.68;5.62;3.57;2423
0.7;Ideal;D;SI2;60.3;56;5.77;5.73;3.47;2423
0.7;Premium;D;SI2;59.5;60;5.78;5.73;3.43;2423
0.7;Premium;F;SI1;61;59;5.75;5.69;3.49;2423
0.54;Ideal;G;VVS2;61.4;55;5.28;5.31;3.25;2424
0.79;Very Good;I;SI1;62.5;57;5.89;5.91;3.69;2425
0.76;Good;G;SI1;57.7;63;5.97;6.05;3.47;2425
0.77;Ideal;I;SI2;61.6;57;5.87;5.92;3.63;2425
0.76;Premium;F;SI2;62.3;55;5.88;5.84;3.65;2425
0.76;Premium;H;SI1;60;60;5.8;5.76;3.76;2425
0.52;Very Good;D;VVS2;59.8;55;5.28;5.35;3.18;2426
0.73;Very Good;I;VS2;62.8;59;5.72;5.75;3.6;2426
0.74;Very Good;H;SI1;62.4;58;5.71;5.76;3.58;2426
0.52;Ideal;D;VVS2;62;56;5.14;5.18;3.2;2426
0.52;Ideal;D;VVS2;60.4;57;5.25;5.28;3.18;2426
0.73;Ideal;I;VS2;61.9;56;5.77;5.82;3.59;2426
0.78;Ideal;J;VS1;61.4;57;5.9;5.93;3.63;2426
0.56;Fair;E;VVS2;57.3;60;5.5;5.57;3.17;2426
0.71;Very Good;F;SI1;62.8;59;5.62;5.66;3.54;2427
0.71;Ideal;F;SI1;61.4;55;5.75;5.82;3.55;2427
0.52;Ideal;F;IF;60.3;60;5.24;5.27;3.17;2427
0.67;Good;E;VS1;60.4;65;5.67;5.65;3.42;2427
0.7;Good;H;VVS2;63.7;54;5.72;5.62;3.61;2427
0.71;Very Good;H;VS1;62.8;59;5.61;5.7;3.55;2428
0.71;Good;I;VVS2;63.1;58;5.64;5.71;3.58;2428
0.71;Premium;I;VVS2;61.9;60;5.69;5.75;3.54;2428
0.71;Good;G;SI1;63.6;56;5.65;5.67;3.6;2428
0.71;Very Good;H;VS2;59.2;63;5.81;5.85;3.45;2428
0.71;Good;I;VVS2;63.6;57;5.66;5.69;3.61;2428
0.7;Good;H;VS2;62.2;61.6;5.63;5.66;3.51;2428
0.7;Very Good;H;VS2;62.8;58;5.67;5.7;3.57;2429
0.61;Very Good;D;VS1;62.4;59.1;5.42;5.45;3.39;2429
0.8;Premium;G;SI2;61.8;58;5.92;5.98;3.68;2429
0.8;Ideal;G;SI2;62.1;57;5.95;6.03;3.72;2429
0.56;Ideal;E;VVS2;61.5;57;5.27;5.34;3.26;2429
0.7;Ideal;H;VS2;62.4;58;5.67;5.71;3.55;2429
0.72;Premium;D;SI2;60.5;60;5.82;5.72;3.49;2429
0.73;Very Good;H;VS2;61.3;60;5.72;5.79;3.53;2430
0.78;Good;D;SI2;57.5;63;6.13;6.05;3.5;2430
0.52;Ideal;E;VVS2;61.8;56;5.15;5.18;3.19;2430
0.72;Ideal;I;VS1;61.7;54.5;5.77;5.8;3.57;2430
0.72;Ideal;I;VS1;62.1;55;5.73;5.76;3.56;2430
0.6;Very Good;D;VS1;61.4;59;5.41;5.44;3.33;2431
0.73;Ideal;E;SI2;61.3;54;5.8;5.88;3.58;2431
0.73;Ideal;E;SI2;62.8;55;5.73;5.76;3.61;2431
0.78;Ideal;F;SI2;59.7;57;6.01;5.98;3.58;2431
0.71;Very Good;H;VS2;62.6;56;5.68;5.72;3.57;2432
0.71;Very Good;I;VS1;62.2;59;5.7;5.74;3.56;2432
0.71;Ideal;I;VS1;61.5;60;5.7;5.74;3.52;2432
0.7;Very Good;G;VS2;61.3;57;5.66;5.7;3.48;2433
0.66;Premium;E;VS1;60.8;59;5.58;5.6;3.4;2433
0.53;Ideal;E;VVS2;61.8;55;5.16;5.19;3.2;2433
0.73;Very Good;G;SI1;60.8;56;5.82;5.85;3.55;2434
0.61;Ideal;E;VS2;61.4;56;5.47;5.51;3.37;2434
0.73;Ideal;E;SI2;61;57;5.81;5.87;3.56;2434
0.73;Ideal;E;SI2;60.4;56;5.81;5.89;3.54;2434
0.7;Good;E;SI2;63.7;55;5.63;5.58;3.57;2435
0.72;Ideal;D;SI2;62.3;57;5.75;5.8;3.6;2435
0.7;Premium;H;VS1;60.2;56;5.78;5.71;3.46;2435
0.81;Ideal;H;SI1;62.1;54;6;6.02;3.73;2435
0.73;Good;F;SI1;64.3;59;5.67;5.62;3.63;2435
0.71;Good;D;SI2;63.3;55;5.65;5.72;3.6;2436
0.71;Very Good;F;SI1;62.3;60;5.65;5.68;3.53;2436
0.71;Very Good;F;SI1;61.8;58;5.72;5.81;3.56;2436
0.7;Ideal;E;SI2;62.3;58;5.66;5.7;3.54;2436
0.7;Ideal;I;SI1;61.8;57;5.67;5.72;3.52;2436
0.7;Very Good;G;VS2;59;60;5.76;5.83;3.42;2437
0.7;Very Good;G;VS1;62.5;58;5.63;5.69;3.54;2437
0.7;Very Good;F;VS2;60.5;58;5.78;5.83;3.51;2437
0.7;Very Good;F;VS2;62.7;57;5.61;5.65;3.53;2437
0.7;Ideal;G;VS1;62.7;57;5.66;5.7;3.56;2437
0.71;Very Good;E;VS2;63.2;57;5.66;5.63;3.56;2437
0.5;Good;E;VVS2;61.6;62;5.04;5.09;3.12;2437
0.7;Fair;E;VS2;65.7;55;5.45;5.51;3.6;2437
0.9;Fair;J;SI1;64.6;61;5.92;5.87;3.81;2438
0.61;Ideal;H;IF;62;54.4;5.44;5.47;3.38;2438
0.93;Good;J;SI1;63.7;54;6.15;6.09;3.9;2438
0.96;Fair;G;SI2;72.2;56;6.01;5.81;4.28;2438
0.81;Ideal;I;SI1;62.5;57;5.98;5.92;3.72;2439
0.72;Very Good;F;SI1;62.6;55;5.71;5.76;3.59;2440
0.78;Good;H;VS2;63.7;60;5.77;5.73;3.66;2440
0.74;Ideal;I;VS1;62.1;56;5.75;5.82;3.59;2440
0.63;Ideal;D;VS1;61.6;55;5.52;5.55;3.41;2440
0.72;Ideal;F;SI1;62.5;57;5.65;5.74;3.56;2440
0.72;Ideal;F;SI1;61.8;57;5.68;5.74;3.53;2440
0.72;Ideal;F;SI1;62.1;55;5.73;5.8;3.58;2440
0.55;Ideal;G;IF;60;57;5.33;5.39;3.22;2440
0.72;Very Good;I;VS1;63.7;57;5.66;5.7;3.62;2441
0.72;Very Good;I;VS1;63.8;59;5.63;5.71;3.62;2441
0.73;Very Good;E;SI1;58.6;57;5.91;6;3.49;2441
0.7;Good;F;VS1;64;57;5.62;5.54;3.57;2441
0.7;Good;F;VS1;63.7;57;5.55;5.62;3.56;2441
0.7;Premium;F;SI1;61.6;58;5.7;5.73;3.52;2441
0.56;Ideal;E;VVS2;62.6;54;5.28;5.32;3.32;2441
0.72;Premium;G;VS2;62.4;57;5.73;5.72;3.57;2441
0.71;Premium;E;SI1;59.1;60;5.87;5.84;3.46;2441
0.71;Premium;E;SI1;60.4;62;5.72;5.67;3.44;2441
0.52;Ideal;H;IF;61.4;56;5.19;5.23;3.2;2441
0.71;Very Good;E;SI1;63.1;59;5.75;5.62;3.59;2441
0.7;Premium;E;SI2;60.6;58;5.78;5.73;3.49;2442
0.56;Very Good;E;VVS2;60.5;57;5.32;5.36;3.23;2442
0.56;Very Good;E;VVS2;60.7;57;5.31;5.36;3.24;2442
0.63;Ideal;G;VVS2;62.6;56;5.45;5.48;3.42;2442
0.57;Ideal;E;VVS2;62.1;54.6;5.31;5.35;3.31;2442
0.85;Ideal;J;VS2;61.7;55;6.08;6.11;3.76;2442
0.6;Ideal;E;VS1;61.6;55;5.43;5.48;3.36;2442
0.79;Ideal;I;SI1;61.6;57;5.94;6;3.68;2442
0.56;Ideal;G;IF;62;56;5.3;5.32;3.29;2442
0.56;Ideal;G;IF;61.4;57;5.29;5.32;3.26;2442
0.3;Ideal;G;VS2;62.6;58;4.25;4.28;2.67;545
0.3;Ideal;G;VS2;61.6;57;4.3;4.33;2.66;545
0.3;Ideal;H;VS1;61.4;57;4.31;4.32;2.65;545
0.3;Ideal;H;VS1;62.1;56;4.28;4.32;2.67;545
0.3;Ideal;H;VS1;61.9;58;4.3;4.32;2.67;545
0.3;Ideal;H;VS1;62.2;57;4.28;4.31;2.67;545
0.3;Ideal;H;VS1;62.4;55;4.32;4.34;2.7;545
0.3;Ideal;G;SI1;62;55;4.28;4.3;2.66;545
0.26;Ideal;H;IF;62.1;55;4.09;4.13;2.55;545
0.26;Ideal;H;IF;61.2;57;4.13;4.16;2.53;545
0.29;Good;F;SI1;57.4;61;4.39;4.42;2.53;545
0.33;Premium;E;SI1;59.6;60;4.51;4.48;2.68;545
0.26;Premium;D;VS1;60;56;4.18;4.15;2.5;546
0.24;Very Good;F;VVS2;60.9;55;4.07;4.08;2.48;547
0.26;Very Good;E;VVS2;64.3;57;3.99;4.03;2.58;547
0.26;Very Good;F;VVS1;59;61;4.17;4.2;2.47;547
0.26;Very Good;E;VVS1;62.9;61;4.01;4.06;2.54;547
0.26;Very Good;E;IF;58.7;63;4.19;4.23;2.47;547
0.32;Ideal;H;SI1;61.9;54;4.39;4.43;2.73;547
0.31;Ideal;E;SI1;61.5;55;4.39;4.42;2.71;547
0.3;Ideal;D;SI1;61;58;4.32;4.33;2.64;547
0.29;Premium;G;VS1;62.1;59;4.25;4.22;2.63;547
0.38;Good;H;SI2;63.4;57;4.58;4.63;2.92;547
0.25;Very Good;F;VVS2;61.9;57;4.07;4.11;2.53;548
0.25;Very Good;F;VVS2;63;57;3.98;4.08;2.54;548
0.25;Very Good;F;VVS2;59.3;59;4.15;4.18;2.47;548
0.25;Very Good;E;VVS2;62.2;57;4.02;4.12;2.53;548
0.25;Very Good;E;VVS2;62.2;58;4.03;4.11;2.53;548
0.25;Very Good;E;VVS2;61.7;57;4.08;4.12;2.53;548
0.25;Very Good;E;VVS2;63.2;59;3.98;4;2.52;548
0.56;Ideal;G;IF;61.8;56;5.28;5.34;3.28;2442
0.59;Fair;F;VS2;64.4;56;5.31;5.28;3.41;2443
0.66;Very Good;E;VS2;63.3;56.3;5.47;5.55;3.48;2443
0.72;Ideal;H;VS2;62;56;5.8;5.74;3.58;2443
0.71;Ideal;G;VS2;62.9;56;5.73;5.68;3.59;2443
0.71;Premium;G;VS2;60.3;59;5.79;5.76;3.48;2443
0.7;Good;I;VS1;61.1;61;5.65;5.7;3.47;2443
0.71;Premium;G;VS2;63;54;5.69;5.64;3.57;2443
0.76;Premium;F;SI1;62.5;59;5.79;5.77;3.61;2443
0.83;Very Good;J;VS2;60.5;55;6.08;6.11;3.69;2444
0.81;Very Good;I;VS2;62.6;59.7;5.86;5.92;3.69;2444
0.72;Very Good;H;VS2;62.5;58;5.67;5.73;3.56;2444
0.78;Premium;F;SI2;62.7;56;5.87;5.84;3.67;2444
0.7;Premium;E;SI1;62;60;5.72;5.67;3.53;2444
0.7;Premium;E;SI1;60;62;5.79;5.75;3.46;2444
0.7;Premium;E;SI1;61.2;60;5.71;5.69;3.49;2444
0.81;Ideal;I;VS2;62.4;54.8;5.98;6.01;3.75;2444
0.6;Ideal;D;VS2;62;55;5.39;5.42;3.35;2444
0.83;Ideal;I;SI2;61.2;59;6.03;6.06;3.7;2444
0.59;Ideal;G;IF;62;54;5.38;5.43;3.35;2444
0.78;Good;F;SI2;62.7;61;5.8;5.84;3.65;2444
0.7;Good;D;SI1;59.9;63;5.74;5.81;3.46;2444
0.85;Premium;G;SI2;62;58;6.08;6.04;3.76;2444
0.6;Premium;G;VVS1;60;58;5.53;5.43;3.29;2444
0.7;Very Good;F;SI1;63.1;60;5.62;5.63;3.55;2445
0.73;Very Good;F;SI1;62.5;56;5.69;5.73;3.57;2445
0.7;Ideal;F;SI1;60.8;60;5.74;5.78;3.5;2445
0.7;Good;F;SI1;61.1;61;5.68;5.71;3.48;2445
0.71;Ideal;F;SI2;65.3;53;5.64;5.58;3.67;2445
0.73;Very Good;H;VS1;58.7;61;5.9;5.95;3.48;2446
0.72;Good;F;SI1;60.4;61;5.75;5.8;3.49;2446
0.73;Premium;F;VS2;58.9;60;5.9;5.81;3.45;2446
0.57;Ideal;E;VVS2;62;57;5.29;5.33;3.29;2447
0.57;Ideal;E;VVS2;61.5;56;5.31;5.35;3.28;2447
0.53;Ideal;F;IF;62.4;55;5.2;5.19;3.24;2447
0.74;Premium;G;SI1;59.6;59;5.94;5.87;3.52;2447
0.74;Premium;E;SI2;59;55;6.03;5.94;3.53;2447
0.76;Good;G;SI1;57.7;63;6.05;5.97;3.47;2447
0.8;Premium;F;SI2;61.4;58;5.95;5.93;3.65;2447
0.71;Very Good;I;VVS2;61.5;58;5.73;5.81;3.55;2448
0.71;Very Good;G;SI1;61.7;59;5.72;5.78;3.55;2448
0.72;Ideal;G;SI2;60.8;57;5.79;5.82;3.52;2449
0.71;Good;I;VVS2;63.6;57;5.69;5.66;3.61;2450
0.71;Very Good;I;VVS2;63.1;58;5.71;5.64;3.58;2450
0.71;Premium;I;VVS2;61.9;60;5.75;5.69;3.54;2450
0.71;Very Good;E;VS2;63.4;60;5.71;5.67;3.61;2450
0.71;Very Good;E;VS2;63.4;61;5.6;5.57;3.54;2450
0.71;Premium;G;SI1;58.9;62;5.92;5.83;3.46;2450
0.71;Ideal;I;VVS1;61.2;57;5.79;5.76;3.53;2450
0.71;Good;D;SI1;56.8;62;5.93;5.89;3.37;2450
0.71;Very Good;H;VS2;59.2;63;5.85;5.81;3.45;2450
0.71;Premium;E;SI2;62.6;58;5.7;5.67;3.56;2450
0.71;Ideal;H;VS2;60.9;55;5.76;5.74;3.5;2450
0.74;Very Good;H;VS2;62.9;57;5.73;5.78;3.62;2451
0.76;Premium;E;SI2;62.4;58;5.83;5.86;3.65;2451
0.55;Very Good;G;VVS1;61.5;55.1;5.26;5.28;3.24;2451
0.73;Ideal;I;VVS2;60.1;56;5.88;5.86;3.53;2451
0.8;Premium;G;SI2;61.4;56;5.99;5.96;3.67;2451
0.8;Very Good;G;SI2;63.1;59;5.85;5.78;3.67;2451
0.72;Ideal;G;SI2;61.3;56;5.76;5.81;3.55;2451
0.79;Good;I;VS2;58.5;62;5.99;6.04;3.52;2451
0.72;Good;I;VS1;61.3;63;5.67;5.75;3.5;2451
0.72;Ideal;I;VVS2;61.2;59;5.75;5.79;3.53;2452
0.74;Premium;F;SI1;58.7;58;5.93;5.86;3.46;2452
0.71;Ideal;D;SI2;61.9;56;5.78;5.73;3.56;2452
1.02;Premium;F;I1;59.6;59;6.51;6.45;3.87;2452
0.7;Very Good;H;VS1;62.5;61;5.62;5.67;3.53;2453
0.7;Very Good;H;VS1;61.2;55;5.68;5.72;3.49;2453
0.7;Very Good;F;SI1;59.2;60;5.77;5.79;3.42;2453
0.7;Very Good;E;SI2;60.4;59;5.7;5.75;3.46;2453
0.7;Ideal;E;SI2;62.1;56;5.65;5.68;3.52;2453
0.75;Good;E;SI2;63.8;55;5.74;5.8;3.68;2453
0.7;Good;E;SI2;63.5;56;5.6;5.68;3.58;2453
0.7;Very Good;E;SI2;62.8;59;5.64;5.69;3.56;2453
0.73;Ideal;I;VS2;61.7;55;5.79;5.82;3.58;2453
0.7;Ideal;F;SI1;62.6;57;5.59;5.62;3.51;2453
0.79;Ideal;G;SI2;60.8;57;5.99;5.96;3.63;2453
0.71;Very Good;G;VS2;63.5;57;5.61;5.64;3.57;2454
0.54;Ideal;F;VVS2;62;55;5.24;5.25;3.25;2454
0.5;Ideal;D;VS1;60.6;57;5.15;5.18;3.13;2454
0.96;Premium;I;SI2;59.1;62;6.48;6.38;3.79;2454
0.71;Very Good;E;SI1;61.9;56;5.68;5.72;3.53;2455
0.81;Ideal;J;VS2;62.1;56;5.94;5.97;3.7;2455
0.73;Ideal;F;SI2;62.5;56;5.73;5.75;3.59;2455
0.7;Very Good;F;VS2;63.4;56;5.69;5.63;3.59;2455
0.71;Very Good;I;VVS1;63;58;5.68;5.72;3.59;2456
0.71;Very Good;I;VVS1;63.5;57;5.65;5.68;3.6;2456
0.75;Ideal;G;SI1;62.2;57;5.8;5.84;3.62;2456
0.82;Premium;G;SI2;62.3;58;5.96;5.98;3.72;2456
0.53;Ideal;E;VVS2;60.5;57;5.24;5.28;3.18;2456
0.78;Ideal;J;VS2;62.3;55;5.88;5.91;3.67;2456
0.72;Ideal;F;SI2;61.8;57;5.75;5.78;3.56;2456
0.84;Ideal;J;VS1;62;55;6.07;6.06;3.76;2456
0.77;Good;H;SI1;57.2;65;6.08;6.02;3.46;2457
0.77;Premium;H;SI1;60.9;60;5.89;5.87;3.58;2457
0.77;Premium;H;SI1;61.6;60;5.91;5.87;3.59;2457
0.72;Ideal;D;SI2;62.3;57;5.8;5.75;3.6;2457
0.71;Premium;F;SI1;62.3;57;5.73;5.66;3.55;2458
0.71;Ideal;E;SI2;61.9;56;5.73;5.76;3.56;2458
0.72;Ideal;H;SI1;62.2;58;5.72;5.76;3.57;2458
0.71;Premium;F;SI1;62.3;60;5.68;5.65;3.53;2458
0.71;Very Good;D;SI2;63.3;55;5.72;5.65;3.6;2458
0.71;Fair;F;SI1;59.8;70;5.89;5.72;3.48;2458
0.75;Ideal;F;SI2;62.4;56;5.84;5.79;3.63;2458
0.74;Very Good;I;VS2;60.9;56;5.83;5.86;3.56;2459
0.7;Very Good;E;SI1;62.6;56;5.65;5.69;3.55;2459
0.81;Ideal;G;SI2;61.7;57;5.98;6.01;3.7;2459
0.7;Premium;F;VS2;61.2;59;5.73;5.68;3.49;2459
0.7;Premium;G;VS1;58.3;58;5.9;5.86;3.43;2459
0.74;Ideal;I;VS2;61.5;57;5.81;5.86;3.59;2459
0.55;Ideal;D;VS2;60.2;56;5.33;5.38;3.22;2459
0.69;Ideal;F;SI1;61.3;55;5.72;5.74;3.51;2459
0.7;Ideal;E;SI1;62.3;57;5.67;5.7;3.54;2459
0.7;Good;E;SI1;61.7;59;5.62;5.66;3.48;2459
0.8;Very Good;F;SI2;61;60;5.95;5.98;3.64;2460
0.47;Ideal;D;VVS1;62.1;55;4.98;5.01;3.1;2460
0.47;Ideal;D;VVS1;62;54;4.99;5.01;3.1;2460
0.7;Ideal;G;SI1;60.5;57;5.74;5.79;3.49;2460
0.61;Ideal;H;IF;59.4;59;5.55;5.59;3.31;2461
0.7;Good;D;SI2;59.3;60;5.74;5.8;3.42;2461
0.91;Premium;F;SI2;60.5;59;6.21;6.19;3.75;2461
0.91;Good;F;SI2;56.9;62;6.51;6.45;3.69;2461
0.71;Very Good;G;VS2;63.1;56;5.58;5.77;3.58;2462
0.75;Very Good;G;SI1;62.3;59;5.77;5.81;3.61;2462
0.72;Very Good;H;VS2;61.4;57;5.75;5.79;3.54;2462
0.56;Ideal;F;VVS2;61.9;56;5.29;5.32;3.28;2462
0.71;Ideal;I;VVS2;60.6;57;5.73;5.78;3.49;2463
0.74;Very Good;H;VS2;59.9;57;5.87;5.91;3.53;2463
0.75;Very Good;F;SI1;60.6;60;5.88;5.91;3.57;2463
0.56;Ideal;E;VVS2;62.6;54;5.32;5.28;3.32;2463
0.7;Premium;F;SI1;61.6;58;5.73;5.7;3.52;2463
0.7;Premium;E;SI2;60.8;59;5.75;5.7;3.48;2463
0.7;Very Good;G;VS2;63.3;56;5.59;5.66;3.56;2464
0.7;Very Good;E;SI2;61.5;59;5.7;5.74;3.52;2464
0.91;Premium;E;I1;59.6;59;6.29;6.32;3.76;2464
0.74;Ideal;E;SI2;61.9;56;5.8;5.83;3.6;2464
0.76;Ideal;G;SI2;62.7;56;5.81;5.86;3.66;2466
0.72;Ideal;F;SI2;61.1;59;5.74;5.79;3.52;2466
0.6;Ideal;G;VVS2;61.3;56;5.43;5.46;3.34;2467
0.75;Very Good;G;VS2;63.3;58;5.78;5.75;3.65;2467
0.73;Ideal;E;SI2;62.1;56;5.74;5.79;3.58;2467
0.52;Premium;E;VVS2;60.1;59;5.27;5.22;3.15;2467
0.52;Premium;D;VVS2;59.8;60;5.28;5.22;3.14;2467
0.52;Ideal;E;VVS1;59.9;57;5.28;5.24;3.15;2467
0.73;Premium;H;VS1;61.7;58;5.75;5.72;3.54;2468
0.74;Ideal;J;VS1;61.7;57;5.79;5.84;3.59;2468
0.7;Good;D;SI1;58.8;64;5.74;5.79;3.39;2468
0.74;Very Good;G;SI1;63.5;60;5.73;5.68;3.62;2468
0.57;Very Good;E;VVS2;59.6;58;5.39;5.41;3.22;2469
0.76;Ideal;F;SI2;61.1;55;5.9;5.94;3.62;2469
0.76;Premium;F;SI2;61.8;58;5.83;5.88;3.62;2469
0.76;Very Good;F;SI2;62.7;55;5.74;5.83;3.63;2469
0.78;Premium;F;SI1;62.3;57;5.86;5.85;3.65;2469
0.7;Ideal;I;VS1;61.8;55;5.67;5.72;3.52;2469
0.62;Ideal;H;IF;61.9;55;5.5;5.52;3.41;2469
0.7;Premium;F;SI1;61.6;60;5.68;5.72;3.51;2470
0.72;Ideal;F;SI1;61.7;55;5.74;5.77;3.55;2470
0.71;Ideal;E;SI2;61.5;57;5.74;5.78;3.54;2470
0.7;Good;F;SI1;62.8;58;5.6;5.65;3.53;2470
0.71;Very Good;H;SI1;61.5;56;5.71;5.75;3.53;2471
0.79;Premium;H;SI2;60.4;61;5.99;5.96;3.61;2471
0.53;Very Good;D;VVS2;61.1;55;5.22;5.28;3.21;2472
0.7;Very Good;F;VS2;62.4;56;5.63;5.66;3.52;2473
0.7;Very Good;F;VS2;62.9;57;5.59;5.63;3.53;2473
0.7;Very Good;G;VS1;63.2;58;5.61;5.65;3.56;2473
0.73;Very Good;F;SI1;59.7;60;5.83;5.9;3.5;2473
0.8;Very Good;I;SI1;61.9;56;5.94;5.98;3.69;2473
0.7;Good;E;VS2;61.5;61;5.64;5.74;3.5;2473
0.7;Very Good;G;VS1;59.3;62;5.74;5.8;3.42;2473
0.7;Very Good;E;VS2;58.8;56;5.79;5.84;3.42;2473
0.7;Premium;D;SI1;60.8;58;5.79;5.66;3.48;2473
0.6;Ideal;D;VS2;61.4;53;5.45;5.5;3.36;2473
0.55;Ideal;G;VVS1;61.5;55;5.28;5.26;3.24;2473
0.72;Very Good;E;SI1;62.6;59;5.66;5.71;3.56;2474
0.76;Ideal;I;SI1;62.3;57;5.81;5.87;3.64;2474
0.8;Good;H;SI2;58.4;61;6.02;6.06;3.53;2474
0.81;Good;G;SI2;59.2;64;6.11;6.15;3.63;2474
0.7;Very Good;H;SI1;58.5;65;5.81;5.84;3.41;2475
0.7;Very Good;G;VS1;62.8;57;5.63;5.68;3.55;2475
0.7;Ideal;G;VS1;62.2;55;5.69;5.72;3.55;2475
0.5;Ideal;D;VVS2;62.5;53;5.05;5.13;3.18;2475
0.7;Ideal;H;VS2;62.6;54;5.7;5.73;3.58;2475
0.77;Ideal;I;SI1;61.8;55;5.89;5.93;3.65;2475
0.7;Premium;E;SI2;60.4;59;5.75;5.7;3.46;2475
0.7;Premium;E;SI2;62.8;59;5.69;5.64;3.56;2475
0.91;Premium;I;SI1;60.8;59;6.23;6.2;3.78;2475
0.7;Good;H;VVS2;61.4;64;5.73;5.61;3.48;2475
0.7;Ideal;E;SI2;62.1;56;5.68;5.65;3.52;2475
0.7;Very Good;D;SI1;62.9;63;5.64;5.59;3.53;2475
0.7;Very Good;E;SI1;62.3;58;5.6;5.67;3.51;2476
0.7;Very Good;E;SI1;63.5;56;5.65;5.68;3.6;2476
0.72;Ideal;E;SI1;62;57;5.72;5.66;3.53;2476
0.72;Premium;E;SI1;61.4;57;5.83;5.73;3.55;2476
0.78;Very Good;F;SI2;58.3;62;6.04;6.11;3.54;2477
0.7;Good;H;VVS2;63.7;54;5.72;5.62;3.61;2477
0.72;Very Good;G;VS2;63.3;57;5.71;5.67;3.6;2477
0.75;Ideal;G;SI1;62.2;57;5.84;5.8;3.62;2478
0.7;Ideal;G;SI1;61.6;56;5.69;5.73;3.52;2478
0.7;Ideal;G;SI1;62.5;56;5.67;5.69;3.55;2478
0.7;Ideal;G;SI1;62.4;56;5.66;5.69;3.54;2478
0.77;Ideal;H;VS2;62.4;56;5.89;5.85;3.66;2479
0.7;Fair;G;VS2;64.9;57;5.55;5.54;3.6;2479
0.72;Very Good;E;SI1;60;57;5.8;5.84;3.49;2479
0.77;Ideal;H;VS2;60.6;57;5.93;5.89;3.58;2479
0.7;Premium;G;VS2;61.8;60;5.66;5.63;3.49;2479
0.7;Premium;G;VS2;62.5;55;5.69;5.64;3.54;2479
0.7;Premium;G;VS2;61.8;58;5.66;5.64;3.49;2479
0.7;Premium;G;VS2;62.1;58;5.68;5.63;3.51;2479
0.7;Premium;G;VS2;61.8;60;5.67;5.63;3.49;2479
0.71;Premium;E;SI1;60.3;58;5.78;5.76;3.48;2479
0.54;Ideal;E;VVS2;61.9;54.5;5.22;5.25;3.23;2479
0.67;Good;F;VS1;59.8;60.3;5.62;5.69;3.38;2479
0.7;Very Good;G;VS2;63.1;58;5.65;5.61;3.55;2479
0.7;Ideal;G;SI2;61.8;53;5.73;5.69;3.53;2480
0.71;Ideal;D;SI2;62.4;55;5.71;5.74;3.57;2480
0.7;Ideal;G;SI1;61.3;56;5.73;5.78;3.53;2480
0.7;Ideal;G;SI1;61;56;5.77;5.8;3.53;2480
0.63;Very Good;G;VVS2;62.3;55;5.5;5.54;3.44;2481
0.61;Very Good;D;VS1;60.9;56;5.49;5.51;3.35;2481
0.8;Very Good;H;SI2;62.7;56;5.83;5.91;3.68;2481
0.7;Very Good;E;SI1;59.4;63;5.79;5.73;3.42;2481
0.7;Very Good;H;VS1;62.6;57;5.64;5.73;3.56;2482
0.9;Very Good;J;SI2;62.9;55;6.13;6.17;3.87;2482
0.72;Very Good;G;SI1;62.4;59;5.67;5.7;3.55;2482
0.79;Very Good;G;SI2;62.4;56;5.87;5.92;3.68;2482
0.81;Very Good;J;SI1;63.1;59;5.88;5.91;3.72;2482
0.73;Ideal;J;VVS2;61.2;56;5.81;5.85;3.57;2482
0.81;Ideal;H;SI1;62.8;57;5.95;5.92;3.73;2482
0.81;Premium;G;SI2;61.7;57;5.99;5.94;3.68;2482
0.5;Ideal;D;VVS2;61.4;55;5.13;5.16;3.16;2482
0.71;Very Good;G;SI1;63.3;57;5.65;5.6;3.56;2482
0.71;Premium;F;SI2;61.6;59;5.75;5.71;3.53;2482
0.7;Very Good;I;VVS1;59.5;58;5.78;5.81;3.45;2484
0.7;Very Good;H;VS1;63.3;59;5.62;5.66;3.57;2484
0.75;Premium;H;VS2;60.8;57;5.9;5.87;3.58;2484
0.8;Premium;G;SI2;62.1;55;5.96;5.9;3.68;2484
0.8;Good;G;SI2;63.7;58;5.88;5.83;3.73;2484
0.7;Ideal;H;VS1;61.9;55;5.66;5.72;3.52;2484
0.8;Premium;G;SI2;59.7;62;6.02;5.98;3.58;2484
0.75;Premium;D;SI1;61.3;59;5.89;5.82;3.59;2484
0.6;Fair;F;VVS2;60.1;66;5.48;5.44;3.28;2484
0.72;Premium;H;VS2;61.4;57;5.79;5.75;3.54;2484
0.72;Premium;D;SI2;60.3;58;5.81;5.76;3.49;2484
0.73;Very Good;F;SI2;58;61;5.94;5.99;3.46;2485
0.6;Very Good;G;VVS1;60;58;5.53;5.43;3.29;2485
0.57;Very Good;E;VVS2;60;61;5.36;5.44;3.24;2485
0.8;Very Good;H;SI1;63.3;58;5.93;5.89;3.74;2485
0.61;Ideal;E;VS1;62.2;54;5.43;5.45;3.38;2485
0.78;Ideal;G;SI2;61.7;54;5.93;5.97;3.67;2485
0.74;Premium;H;VS2;59.9;57;5.91;5.87;3.53;2485
0.73;Ideal;I;VVS2;63.3;57;5.77;5.73;3.64;2485
0.91;Premium;E;I1;59.6;59;6.32;6.29;3.76;2486
0.78;Premium;G;SI2;60.6;58;6.02;5.99;3.64;2486
0.8;Very Good;J;VS1;62.7;58;5.91;5.95;3.72;2487
0.8;Very Good;H;SI2;57;63;6.09;6.18;3.5;2487
0.7;Ideal;I;VVS2;62.4;53.6;5.68;5.72;3.55;2487
0.7;Ideal;I;VVS2;62.7;54;5.65;5.69;3.55;2487
0.7;Ideal;I;VVS2;61.6;56.5;5.65;5.72;3.51;2487
0.71;Ideal;H;VS1;60.3;59;5.75;5.79;3.48;2487
0.74;Ideal;G;SI2;61.9;55;5.82;5.84;3.61;2487
0.71;Ideal;D;SI2;62.5;56;5.7;5.73;3.57;2487
0.7;Ideal;H;SI1;61;56;5.74;5.76;3.51;2487
0.71;Ideal;F;SI1;60.8;57;5.75;5.8;3.51;2487
0.72;Very Good;G;SI1;62.5;60;5.69;5.73;3.57;2488
1.01;Premium;J;I1;60.7;59;6.39;6.42;3.89;2488
0.7;Good;G;VS2;64.3;56;5.51;5.58;3.57;2488
0.71;Very Good;E;SI1;58.7;61;5.83;5.86;3.43;2489
0.52;Ideal;F;VVS2;60.9;56;5.19;5.23;3.17;2489
0.7;Ideal;I;VVS1;61.4;55;5.7;5.76;3.52;2489
0.76;Ideal;G;SI2;62.3;55;5.83;5.89;3.65;2489
0.78;Premium;H;SI1;60;60;5.93;5.92;3.62;2489
0.74;Ideal;E;SI1;62.6;56;5.74;5.7;3.58;2489
0.73;Ideal;I;VVS1;61.7;53;5.8;5.84;3.59;2490
0.7;Ideal;I;VS1;61.5;56;5.73;5.76;3.53;2490
0.57;Ideal;E;VS2;61.5;57;5.35;5.32;3.28;2491
0.74;Very Good;I;VS1;62.3;60;5.78;5.8;3.61;2491
0.71;Ideal;F;SI1;61.3;56;5.73;5.79;3.53;2491
0.76;Premium;F;SI2;60.5;60;5.92;5.89;3.57;2491
0.91;Fair;D;I1;66.2;57;6;5.94;3.95;2491
0.76;Premium;F;SI2;61.8;58;5.88;5.83;3.62;2491
0.76;Premium;F;SI2;62.7;55;5.83;5.74;3.63;2491
0.71;Very Good;G;VS2;60.4;61;5.77;5.81;3.5;2492
0.72;Premium;D;SI2;60.2;56;5.85;5.82;3.51;2492
0.72;Premium;F;SI1;61.7;59;5.74;5.7;3.53;2492
0.7;Ideal;I;VVS1;61.8;56;5.72;5.74;3.54;2492
0.7;Ideal;H;VS1;61;56;5.74;5.76;3.51;2492
0.62;Ideal;E;VS1;60.3;57;5.52;5.57;3.35;2492
0.72;Premium;F;SI1;60.1;59;5.83;5.81;3.5;2492
0.7;Premium;F;SI1;61;60;5.75;5.72;3.5;2492
0.81;Very Good;G;SI2;62.9;56.9;5.89;5.96;3.73;2493
0.72;Ideal;I;VVS1;62.9;57;5.68;5.77;3.6;2493
0.84;Ideal;J;SI1;61.8;56;6.04;6.07;3.74;2493
0.85;Fair;I;SI1;65.8;65;5.88;5.79;3.84;2493
0.59;Very Good;E;VVS2;61.7;59;5.37;5.36;3.31;2494
0.71;Good;E;SI1;63.2;57;5.67;5.72;3.6;2494
0.71;Good;F;VS2;63.6;58;5.67;5.62;3.59;2494
0.71;Very Good;G;VS1;63.3;56;5.67;5.64;3.58;2494
0.71;Ideal;E;SI1;61.7;56;5.74;5.77;3.55;2494
0.58;Good;F;VVS2;62.2;61;5.37;5.44;3.36;2494
0.71;Very Good;I;VVS2;62.5;57;5.68;5.74;3.57;2495
0.25;Very Good;E;VVS2;62.2;61;3.98;4.03;2.49;548
0.25;Very Good;D;VVS2;62.1;57;4.02;4.07;2.51;548
0.25;Very Good;D;VVS2;62;61;3.99;4.04;2.49;548
0.25;Very Good;D;VVS2;61.1;59;4.03;4.05;2.47;548
0.25;Very Good;D;VVS2;62.8;56;4;4.03;2.52;548
0.25;Very Good;F;VVS1;64.2;58;3.96;4.01;2.56;548
0.25;Very Good;E;VVS1;57.7;62;4.16;4.19;2.41;548
0.25;Very Good;E;VVS1;62.6;57;3.98;4.01;2.5;548
0.32;Very Good;G;VS2;59.9;59;4.46;4.48;2.67;548
0.25;Very Good;F;IF;59.4;62;4.12;4.13;2.45;548
0.32;Ideal;I;VVS2;61.2;56;4.41;4.45;2.71;548
0.23;Ideal;E;VS2;61.7;55;3.98;4;2.46;548
0.23;Ideal;E;VS2;61.8;54;3.94;3.96;2.44;548
0.23;Ideal;F;VS1;61.4;55;3.96;3.99;2.44;548
0.23;Ideal;F;VS1;61.1;56;3.97;3.99;2.43;548
0.25;Good;D;VVS2;57.5;61;4.16;4.19;2.4;548
0.32;Good;G;VS1;60.8;62;4.4;4.45;2.69;548
0.29;Premium;E;SI1;58.4;60;4.34;4.32;2.53;548
0.31;Ideal;D;SI1;61.9;57;4.36;4.39;2.71;548
0.31;Ideal;D;SI1;62.3;56;4.32;4.35;2.7;548
0.23;Very Good;D;VVS2;58.9;60;4.03;3.95;2.35;549
0.38;Very Good;I;VS2;62.4;56;4.65;4.58;2.88;549
0.3;Ideal;F;SI1;61.4;55;4.31;4.34;2.65;550
0.3;Ideal;F;SI1;60.9;55;4.34;4.38;2.66;550
0.23;Premium;G;VVS2;58.1;59;4.09;4.03;2.36;550
0.32;Premium;D;SI1;62.2;60;4.34;4.37;2.71;550
0.32;Good;D;SI1;63.8;55;4.35;4.36;2.78;550
0.33;Very Good;F;SI1;59.9;61;4.44;4.47;2.67;550
0.33;Premium;F;SI1;60.9;59;4.42;4.45;2.7;550
0.33;Very Good;F;SI1;62.8;58;4.4;4.42;2.77;550
0.5;Very Good;E;VVS1;60.1;56;5.16;5.19;3.11;2495
0.71;Very Good;H;VS2;61.6;60;5.7;5.73;3.52;2495
0.8;Ideal;F;SI2;62;57;5.96;5.98;3.7;2495
0.7;Premium;G;VS1;59.3;62;5.8;5.74;3.42;2496
0.7;Very Good;E;SI1;61.9;60;5.6;5.67;3.49;2496
0.7;Good;E;SI1;63.2;57;5.61;5.63;3.55;2496
0.73;Ideal;I;VVS2;62.3;55;5.76;5.77;3.59;2496
0.73;Premium;I;VVS2;60.6;58;5.78;5.84;3.52;2496
0.73;Premium;H;VS2;61;58;5.76;5.84;3.54;2496
0.75;Premium;H;VS2;59.1;58;5.93;6.02;3.53;2496
0.73;Premium;I;VVS2;61.5;58;5.73;5.78;3.54;2496
0.78;Ideal;G;SI1;61;57;5.94;5.99;3.64;2496
0.56;Premium;E;VVS2;59.2;56;5.49;5.39;3.22;2496
0.7;Premium;E;VS2;61.1;58;5.78;5.7;3.51;2496
0.7;Good;G;VS2;63.8;55;5.66;5.59;3.59;2496
0.74;Ideal;H;VS2;62.5;54;5.76;5.82;3.62;2497
0.72;Good;H;VS2;61.8;61;5.68;5.75;3.53;2497
0.75;Good;E;SI2;59.7;62;5.85;5.88;3.5;2497
0.7;Very Good;G;VS1;63.1;57;5.7;5.61;3.57;2497
0.7;Very Good;H;VS2;62.9;57;5.6;5.66;3.54;2498
0.71;Premium;H;VVS2;61.9;59;5.73;5.7;3.54;2498
0.73;Premium;D;SI1;60.5;58;5.85;5.82;3.53;2498
0.72;Ideal;I;VS1;61.4;58;5.73;5.77;3.53;2498
0.7;Good;E;SI1;57.5;62;5.81;5.85;3.35;2498
0.72;Fair;E;SI1;56.9;61;5.91;5.97;3.38;2498
0.79;Premium;H;SI1;60.1;60;6.04;5.98;3.61;2498
0.55;Very Good;E;VVS2;60.6;56;5.33;5.36;3.24;2499
0.55;Ideal;E;VVS2;61.4;56;5.28;5.31;3.25;2499
0.7;Ideal;H;SI1;61.8;53;5.71;5.74;3.54;2499
0.82;Premium;H;SI2;59.5;62;6.13;6.07;3.63;2499
0.75;Very Good;F;SI1;62.1;57;5.82;5.88;3.63;2500
0.7;Fair;H;VVS2;65.8;58;5.49;5.42;3.59;2500
0.51;Very Good;E;VVS1;59.9;57;5.22;5.24;3.14;2501
0.7;Very Good;G;VS2;59.6;60;5.71;5.8;3.43;2501
0.77;Very Good;I;VS1;62.6;55;5.85;5.9;3.68;2501
0.72;Ideal;G;SI2;61.8;56;5.72;5.76;3.55;2501
0.74;Ideal;E;SI2;59.2;59;5.92;5.97;3.52;2501
0.74;Ideal;E;SI2;61.7;57;5.78;5.82;3.58;2501
0.62;Ideal;H;IF;60.5;58;5.48;5.52;3.33;2501
0.75;Premium;F;SI2;62.2;58;5.87;5.8;3.57;2501
0.8;Very Good;H;SI2;63.4;58;5.87;5.84;3.71;2502
0.71;Very Good;I;SI1;60;56;5.86;5.83;3.51;2502
0.54;Ideal;E;VVS2;61.1;56;5.26;5.31;3.22;2502
0.54;Good;E;VVS2;60.1;61;5.3;5.38;3.21;2502
0.73;Very Good;F;VS2;58.9;60;5.9;5.81;3.45;2503
0.63;Ideal;E;VS1;61.5;56;5.5;5.53;3.39;2503
0.9;Good;I;SI2;64;55;6.11;6.05;3.89;2503
0.81;Very Good;H;SI2;62.1;56;5.95;5.99;3.71;2504
0.73;Premium;F;SI1;61.9;60;5.78;5.81;3.59;2504
0.73;Ideal;D;SI2;62.4;56;5.72;5.75;3.58;2504
0.7;Premium;F;SI1;62.1;58;5.64;5.7;3.52;2504
0.52;Ideal;F;IF;60.3;57;5.23;5.28;3.17;2504
0.74;Very Good;G;SI2;60.3;57;5.85;5.87;3.54;2505
0.72;Very Good;H;SI1;60.3;55;5.84;5.85;3.52;2505
0.54;Premium;D;VVS2;62;59;5.17;5.22;3.22;2505
0.71;Very Good;F;SI1;59;61;5.84;5.88;3.46;2505
0.71;Ideal;D;SI2;61;56;5.77;5.8;3.53;2505
0.44;Ideal;G;IF;61.6;55;4.9;4.93;3.03;2506
0.7;Very Good;G;VS2;60.6;60;5.67;5.78;3.47;2507
0.7;Very Good;G;VS2;61.9;55;5.63;5.71;3.51;2507
0.7;Very Good;G;VS2;62.7;57;5.65;5.7;3.56;2507
0.7;Very Good;F;VS2;63;58;5.59;5.62;3.53;2507
0.62;Ideal;G;VVS2;62.6;57;5.42;5.47;3.41;2507
0.57;Ideal;E;VVS2;61;57;5.37;5.36;3.27;2507
0.7;Ideal;G;VS2;60.8;57;5.67;5.74;3.47;2507
0.79;Ideal;I;SI1;61.2;55;5.95;5.98;3.65;2507
0.57;Premium;E;VVS2;60;61;5.44;5.36;3.24;2507
0.8;Premium;I;SI1;60.9;60;6.01;5.95;3.64;2507
0.57;Ideal;F;VVS1;60.7;57;5.39;5.36;3.26;2507
0.7;Very Good;H;VS2;57.9;62;5.8;5.9;3.39;2508
0.71;Very Good;D;SI1;63.1;56;5.66;5.62;3.56;2508
0.62;Ideal;D;VS1;61.9;57;5.47;5.55;3.41;2508
0.58;Ideal;G;IF;60.9;57;5.39;5.46;3.3;2508
0.82;Fair;F;SI2;56.7;70;6.28;6.16;3.53;2508
0.7;Very Good;D;SI1;63.2;55;5.62;5.65;3.56;2509
0.58;Ideal;F;VVS2;62;56;5.32;5.36;3.31;2509
0.58;Ideal;F;VVS2;62.2;56;5.32;5.35;3.32;2509
0.6;Ideal;G;VVS1;61.5;56;5.44;5.47;3.35;2509
0.56;Ideal;G;VVS2;61;57;5.32;5.36;3.26;2510
0.73;Premium;E;SI1;61.8;59;5.8;5.73;3.56;2510
0.56;Ideal;F;VVS1;62.1;56;5.29;5.3;3.29;2510
0.65;Premium;G;VVS1;59.3;57;5.59;5.47;3.28;2510
0.71;Very Good;E;SI1;63.1;58;5.65;5.69;3.58;2511
0.72;Ideal;I;VS2;62.2;56;5.69;5.75;3.56;2511
0.6;Good;E;VVS2;64.2;55;5.31;5.34;3.42;2511
0.71;Good;E;SI1;60.8;62;5.7;5.74;3.48;2511
0.71;Ideal;E;SI2;59.5;57;5.87;5.82;3.48;2511
0.71;Ideal;G;VS2;62.5;57;5.72;5.68;3.56;2511
0.71;Ideal;G;VS2;61.7;57;5.75;5.72;3.54;2511
0.71;Ideal;E;SI2;65.5;55;5.62;5.56;3.66;2511
0.52;Ideal;E;VS1;61.4;57;5.21;5.18;3.19;2512
0.7;Very Good;G;VS1;60.8;56;5.72;5.76;3.49;2512
0.7;Premium;G;VS1;61;59;5.68;5.77;3.49;2512
0.7;Ideal;G;VS1;60.6;57;5.7;5.75;3.47;2512
0.7;Premium;G;VS1;61.4;59;5.59;5.74;3.51;2512
0.7;Premium;G;VS1;62.6;60;5.58;5.66;3.52;2512
0.7;Good;D;SI1;63.6;60;5.59;5.51;3.51;2512
0.82;Premium;G;SI2;60.7;61;6.01;5.98;3.64;2512
0.74;Premium;E;SI2;58.8;60;5.93;5.91;3.48;2512
0.82;Good;G;SI2;63.8;60;5.89;5.84;3.74;2512
0.78;Very Good;E;SI2;60;63;5.99;5.95;3.58;2512
0.7;Premium;D;SI1;61.2;58;5.74;5.7;3.5;2512
1.3;Fair;H;I1;64.4;57;6.93;6.86;4.44;2512
0.77;Very Good;I;VS2;63.2;58;5.79;5.85;3.68;2513
0.77;Very Good;H;VS2;63;57;5.79;5.87;3.67;2513
0.7;Very Good;G;VS2;58.2;59;5.87;5.95;3.44;2513
0.73;Ideal;I;VVS2;61.9;55;5.8;5.84;3.6;2513
0.75;Very Good;H;VS1;59.3;59;5.87;6;3.52;2513
0.7;Very Good;I;VVS1;61.2;58;5.65;5.72;3.48;2513
0.7;Premium;I;VVS1;61.2;59;5.65;5.69;3.47;2513
0.7;Very Good;E;VS2;61.7;60;5.67;5.7;3.51;2513
0.7;Very Good;H;VS2;63;55.4;5.67;5.7;3.58;2513
0.7;Ideal;I;VVS1;62.3;55;5.64;5.7;3.53;2513
0.7;Very Good;E;VS2;62.6;56;5.65;5.69;3.55;2513
0.7;Very Good;I;VVS1;62.9;58;5.65;5.67;3.56;2513
0.7;Premium;I;VVS1;59.1;60;5.77;5.8;3.42;2513
0.7;Premium;H;VVS2;62.1;58;5.66;5.71;3.53;2513
0.63;Ideal;E;VS2;60.8;57;5.53;5.55;3.37;2513
0.63;Ideal;E;VS2;61.5;56;5.48;5.54;3.39;2513
0.71;Ideal;G;SI1;62.1;54;5.72;5.77;3.57;2513
0.71;Ideal;G;SI1;62.1;54;5.72;5.75;3.56;2513
0.7;Very Good;E;SI2;62.6;57;5.64;5.67;3.54;2514
0.72;Ideal;D;SI2;61.1;58;5.76;5.79;3.53;2514
0.72;Ideal;F;SI1;62.4;57;5.71;5.74;3.57;2514
0.53;Premium;E;VVS1;60.8;59;5.23;5.17;3.16;2514
0.53;Premium;D;VVS2;62.7;60;5.19;5.12;3.23;2514
0.71;Very Good;G;SI1;61.6;61;5.7;5.72;3.52;2515
0.78;Very Good;F;SI2;63;57;5.85;5.9;3.7;2515
0.59;Premium;D;VVS2;62.6;58;5.34;5.4;3.36;2515
0.71;Premium;G;VS2;62.8;58;5.74;5.69;3.59;2515
0.71;Ideal;G;VS2;62.4;57;5.69;5.66;3.54;2515
0.59;Ideal;E;VVS2;61.8;56;5.39;5.42;3.34;2515
0.59;Ideal;E;VVS2;61;58;5.39;5.43;3.3;2515
0.7;Ideal;F;SI1;62.3;56;5.68;5.72;3.55;2515
0.7;Ideal;F;SI1;62.7;57;5.66;5.7;3.56;2515
0.71;Very Good;G;VS2;63.1;58;5.69;5.6;3.56;2515
0.71;Premium;G;VS2;60.4;61;5.81;5.77;3.5;2515
0.81;Premium;G;SI2;62.5;57;5.95;5.89;3.7;2515
0.7;Ideal;G;VS2;61.2;57;5.77;5.7;3.51;2515
0.7;Fair;F;VS2;66.4;53;5.51;5.49;3.65;2516
0.71;Premium;E;SI1;61.8;56;5.77;5.72;3.55;2516
0.71;Ideal;D;SI2;60.4;56;5.79;5.83;3.51;2516
0.68;Good;F;VS1;60;60.8;5.67;5.71;3.41;2516
0.71;Very Good;E;SI1;63.2;57;5.72;5.67;3.6;2516
0.7;Ideal;F;SI1;61.1;57;5.75;5.71;3.5;2516
0.7;Very Good;G;SI1;64.3;56;5.56;5.58;3.58;2517
0.75;Very Good;E;SI1;62.4;57;5.79;5.85;3.63;2517
0.76;Very Good;H;VS2;63.4;58;5.78;5.74;3.65;2517
0.8;Ideal;G;SI2;62;56;5.98;5.92;3.69;2517
0.71;Good;H;VVS2;63;59;5.64;5.67;3.56;2517
0.96;Fair;J;SI1;67.3;56;6.06;6.01;4.06;2517
0.71;Ideal;G;SI1;61.7;56;5.74;5.77;3.55;2518
0.7;Premium;E;SI1;61.9;60;5.67;5.6;3.49;2518
0.7;Very Good;E;SI1;63.2;57;5.63;5.61;3.55;2518
0.76;Fair;D;SI2;55.5;69;6.16;6.07;3.39;2518
0.73;Premium;D;SI2;62.4;58;5.72;5.67;3.56;2519
0.71;Very Good;D;SI2;60.2;58;5.76;5.8;3.48;2519
0.77;Ideal;E;SI2;61;57;5.91;5.93;3.61;2519
0.77;Premium;E;SI2;60.8;58;5.96;5.98;3.63;2519
0.73;Ideal;I;VVS2;62.3;55;5.77;5.76;3.59;2519
0.73;Premium;I;VVS2;60.6;58;5.84;5.78;3.52;2519
0.73;Premium;I;VVS2;61.5;58;5.78;5.73;3.54;2519
0.73;Premium;H;VS2;61;58;5.84;5.76;3.54;2519
1.01;Premium;H;I1;60.1;58;6.49;6.44;3.89;2520
0.82;Ideal;I;VS1;62.3;57;5.98;6.02;3.74;2522
0.56;Ideal;F;VVS2;61.1;56;5.35;5.37;3.27;2522
0.71;Ideal;H;VS2;61.4;57;5.71;5.75;3.52;2522
0.71;Ideal;G;SI1;59.7;60;5.79;5.81;3.46;2522
0.73;Very Good;E;SI1;63.3;60;5.65;5.7;3.59;2523
0.51;Good;E;VVS2;60.7;57.7;5.17;5.19;3.14;2523
0.75;Ideal;H;SI1;62.9;57;5.75;5.8;3.63;2523
0.73;Ideal;E;SI1;62.1;59;5.74;5.79;3.58;2523
0.77;Good;D;SI2;64.9;53;5.84;5.75;3.76;2523
0.6;Ideal;G;VVS1;62;55.5;5.37;5.42;3.35;2524
0.51;Ideal;E;VVS1;62.3;53.7;5.1;5.12;3.19;2524
0.51;Ideal;F;IF;62.4;55;5.11;5.14;3.2;2524
0.77;Premium;I;VS1;62.6;55;5.9;5.85;3.68;2524
0.71;Very Good;D;SI1;63.3;59;5.55;5.66;3.55;2525
0.5;Premium;D;VVS1;61.5;58;5.12;5.06;3.13;2525
0.71;Ideal;I;VS1;61.5;55;5.73;5.78;3.54;2525
0.71;Ideal;I;VS1;61.3;57;5.73;5.75;3.51;2525
0.71;Ideal;I;VS1;60.9;55;5.8;5.81;3.53;2525
0.71;Ideal;F;SI2;61.4;55;5.76;5.78;3.54;2525
0.7;Good;D;SI1;58;60;5.79;5.93;3.4;2525
0.72;Ideal;E;SI2;61.4;55;5.78;5.8;3.56;2526
0.68;Ideal;G;VS1;61.7;55;5.71;5.66;3.51;2526
0.63;Ideal;E;VS1;61.5;56;5.53;5.5;3.39;2526
0.7;Very Good;G;VS2;60;58;5.73;5.77;3.45;2527
0.73;Premium;F;SI1;62.1;58;5.74;5.72;3.56;2527
0.51;Ideal;E;VVS1;62;57;5.12;5.14;3.18;2527
0.6;Ideal;D;VS1;61.9;54.9;5.4;5.43;3.35;2527
0.7;Premium;F;SI1;62.1;58;5.7;5.64;3.52;2527
0.73;Premium;F;SI1;61.7;58;5.74;5.7;3.53;2527
0.73;Ideal;F;SI1;59.6;57;5.88;5.86;3.5;2527
0.73;Premium;F;SI1;61.9;60;5.81;5.78;3.59;2527
0.74;Premium;E;SI2;61.3;59;5.83;5.78;3.56;2527
0.6;Very Good;G;VVS1;61.2;56;5.41;5.46;3.32;2528
0.77;Premium;G;SI1;62.6;58;5.85;5.88;3.67;2528
0.7;Ideal;F;SI1;62.8;56;5.63;5.68;3.55;2528
0.7;Ideal;F;SI1;61.5;57;5.67;5.74;3.51;2528
0.7;Ideal;F;SI1;61.8;56;5.68;5.75;3.53;2528
0.58;Ideal;G;IF;62.1;56;5.35;5.37;3.32;2528
0.58;Ideal;G;IF;61.3;56;5.36;5.39;3.29;2528
0.71;Premium;F;SI1;59;61;5.88;5.84;3.46;2528
0.8;Ideal;F;SI2;62.4;57;5.92;5.97;3.71;2529
0.58;Ideal;E;VVS2;62.1;56;5.33;5.36;3.32;2529
0.5;Ideal;F;IF;60.6;58;5.13;5.16;3.12;2529
0.72;Very Good;I;VVS2;62.5;56;5.7;5.72;3.57;2530
0.76;Very Good;I;VS1;59.8;61;5.92;5.96;3.55;2530
0.76;Very Good;E;SI2;62;54;5.84;5.91;3.64;2530
0.7;Ideal;I;VVS2;61.8;56;5.69;5.75;3.54;2530
0.72;Ideal;I;VVS2;61.7;55;5.71;5.76;3.54;2530
0.7;Ideal;I;VVS2;61.1;56;5.73;5.76;3.52;2530
0.74;Premium;H;VS2;60.2;58;5.88;5.92;3.55;2530
0.72;Premium;F;VS2;60.8;58;5.78;5.74;3.5;2530
0.71;Ideal;I;VVS1;62.4;57;5.67;5.71;3.55;2530
0.7;Ideal;H;VS1;61.6;55;5.73;5.76;3.54;2530
0.72;Ideal;E;SI2;62.5;55;5.69;5.74;3.57;2530
1;Fair;H;SI2;67.8;53;6.08;6.02;4.1;2530
0.71;Very Good;E;SI1;63;58;5.68;5.72;3.59;2531
0.71;Ideal;D;SI1;61.2;53;5.8;5.76;3.54;2531
0.71;Premium;H;VS2;62.8;56;5.75;5.68;3.59;2531
0.72;Very Good;I;VVS2;61.7;55;5.76;5.81;3.57;2532
0.77;Very Good;J;VVS1;62.8;58;5.78;5.84;3.65;2532
0.74;Premium;H;VS2;62.1;56;5.83;5.79;3.61;2532
0.76;Very Good;F;SI1;62.7;57;5.81;5.86;3.66;2533
0.65;Ideal;E;VS1;61.4;59;5.53;5.57;3.41;2533
0.6;Ideal;G;IF;62.2;55;5.36;5.44;3.36;2533
0.81;Premium;H;SI2;62.2;56;5.98;5.92;3.7;2534
0.57;Ideal;E;VVS2;61.9;55;5.34;5.36;3.31;2534
0.81;Good;H;SI1;63;58;5.79;5.87;3.67;2534
0.7;Premium;G;VS1;61;59;5.77;5.68;3.49;2535
0.58;Premium;E;VS2;61.5;58;5.41;5.38;3.32;2535
0.7;Ideal;F;VS2;60.8;56;5.77;5.71;3.49;2535
0.7;Ideal;F;VS2;62;57;5.71;5.67;3.53;2535
0.7;Very Good;G;VS1;63.2;56;5.61;5.56;3.53;2535
0.7;Premium;G;VS1;62.8;57;5.67;5.64;3.55;2535
0.7;Premium;G;VS1;62.6;60;5.66;5.58;3.52;2535
0.7;Ideal;G;VS1;60.6;57;5.75;5.7;3.47;2535
0.7;Premium;G;VS1;61.4;59;5.74;5.59;3.51;2535
0.7;Ideal;H;VVS2;61.5;56;5.74;5.71;3.52;2536
0.7;Ideal;G;VS2;62.1;57;5.66;5.7;3.53;2536
0.7;Ideal;I;VVS1;62.3;55;5.7;5.64;3.53;2536
0.7;Premium;I;VVS1;61.2;59;5.69;5.65;3.47;2536
0.7;Premium;I;VVS1;61.2;58;5.72;5.65;3.48;2536
0.9;Fair;F;SI2;69;59;5.89;5.82;4.04;2536
0.7;Premium;I;VVS1;62.9;58;5.67;5.65;3.56;2536
0.7;Premium;I;VVS1;59.1;60;5.8;5.77;3.42;2536
0.9;Fair;J;SI2;66.6;54;6.05;5.99;4.01;2536
0.7;Ideal;H;SI1;60.6;57;5.77;5.74;3.48;2536
0.7;Ideal;H;VS2;63;55;5.7;5.67;3.58;2536
0.7;Premium;H;VVS2;62.1;58;5.71;5.66;3.53;2536
0.7;Premium;H;VVS2;58.8;58;5.88;5.78;3.43;2536
0.9;Fair;I;SI2;65.3;57;5.98;5.93;3.89;2536
0.7;Premium;D;SI2;61.9;58;5.71;5.67;3.52;2536
0.7;Very Good;E;SI1;60.9;59;5.67;5.76;3.48;2537
0.7;Very Good;E;SI1;63;55;5.61;5.66;3.55;2537
0.71;Ideal;G;VS2;61.6;55;5.74;5.78;3.55;2537
0.7;Ideal;E;SI1;62.8;56;5.69;5.72;3.58;2537
0.7;Ideal;E;SI1;60.6;57;5.71;5.77;3.48;2537
0.7;Ideal;E;SI1;61.9;55;5.74;5.77;3.56;2537
0.7;Very Good;G;VS2;63.3;57;5.62;5.66;3.57;2538
0.59;Premium;D;VVS2;62.6;58;5.4;5.34;3.36;2538
0.97;Fair;J;SI2;60.8;67;6.41;6.32;3.87;2538
0.7;Very Good;G;VS2;59.3;60;5.77;5.83;3.43;2539
0.79;Good;D;SI2;63.9;56;5.89;5.84;3.75;2539
0.72;Ideal;I;VS1;60.7;57;5.78;5.81;3.51;2539
0.79;Ideal;I;SI1;60.5;58;5.97;5.99;3.62;2539
0.73;Fair;D;SI1;64.5;56;5.7;5.65;3.66;2539
0.96;Fair;G;SI2;66.8;61;6.15;6.04;4.07;2539
0.7;Very Good;H;VS1;62.3;57;5.68;5.72;3.55;2540
0.72;Very Good;F;SI1;62.3;57;5.72;5.77;3.58;2540
1.03;Good;I;I1;57.9;59;6.67;6.62;3.85;2540
0.96;Fair;I;SI2;66.3;58;6.07;5.9;3.97;2540
0.7;Ideal;H;VVS1;62;57;5.66;5.7;3.52;2541
0.75;Good;D;SI2;59.9;61;5.9;5.96;3.55;2541
0.53;Very Good;D;VVS2;60.5;57;5.23;5.31;3.19;2542
0.53;Very Good;E;IF;59.8;60;5.28;5.35;3.18;2542
0.8;Good;E;SI2;61.4;59;5.94;6.01;3.67;2542
0.7;Ideal;E;SI1;62.2;57;5.72;5.67;3.54;2542
0.71;Very Good;G;VS2;61.5;57;5.69;5.73;3.51;2543
0.83;Very Good;G;SI2;63.3;57;5.97;5.91;3.76;2543
0.83;Premium;G;SI2;61.9;56;6.04;5.97;3.72;2543
0.71;Ideal;G;VS2;62.5;56;5.67;5.72;3.56;2543
0.84;Very Good;J;VS1;61.9;58;6.03;6.05;3.74;2544
0.61;Ideal;G;VVS1;62.7;58;5.39;5.43;3.39;2544
0.83;Premium;E;SI2;62;61;6.05;5.98;3.73;2544
0.82;Premium;F;SI2;62.5;59;6;5.94;3.73;2544
0.7;Very Good;G;SI1;62.5;59;5.69;5.73;3.57;2545
0.75;Very Good;G;SI1;60.9;58;5.84;5.88;3.57;2545
0.81;Very Good;G;SI2;63.4;58;5.87;5.92;3.74;2545
0.51;Ideal;E;VVS2;60.7;58;5.19;5.17;3.14;2545
0.72;Ideal;F;VS2;62.5;56;5.73;5.76;3.59;2546
0.57;Ideal;D;VS2;61.3;56;5.35;5.42;3.3;2546
0.7;Good;D;SI1;62.6;62;5.61;5.64;3.52;2546
0.77;Premium;H;VS2;59.4;60;6;5.96;3.55;2546
0.71;Good;D;SI1;64.1;56;5.63;5.6;3.6;2547
0.71;Premium;D;SI1;59.2;62;5.83;5.8;3.44;2547
0.7;Very Good;H;SI1;61.1;56;5.72;5.76;3.51;2548
0.73;Very Good;D;SI1;63.6;57;5.68;5.71;3.62;2548
0.32;Very Good;D;SI1;62.9;56;4.38;4.4;2.76;550
0.32;Good;D;SI1;63.7;55;4.31;4.33;2.75;550
0.33;Ideal;F;SI1;60.6;56;4.46;4.49;2.71;550
0.31;Very Good;I;VVS2;62.5;55;4.33;4.36;2.71;551
0.34;Very Good;F;SI1;60.9;60;4.52;4.55;2.76;551
0.33;Ideal;H;VS2;60.7;55;4.48;4.51;2.73;551
0.36;Ideal;F;SI1;61.1;57;4.57;4.6;2.8;551
0.35;Very Good;H;SI2;63.2;61;4.49;4.47;2.83;551
0.35;Premium;H;SI2;62;58;4.5;4.47;2.78;551
0.37;Premium;G;SI1;62.1;60;4.54;4.61;2.84;551
0.37;Very Good;G;SI1;60;57;4.67;4.7;2.81;551
0.32;Ideal;G;VS1;61.3;55;4.43;4.45;2.72;551
0.33;Very Good;I;VVS2;61.6;57;4.43;4.45;2.73;552
0.3;Very Good;G;VVS2;61.6;56;4.27;4.3;2.64;552
0.27;Very Good;F;VVS2;61.3;62;4.15;4.2;2.56;552
0.24;Very Good;F;VVS2;62.2;58;3.97;4.01;2.48;552
0.24;Very Good;F;VVS2;62.3;58;3.95;3.98;2.47;552
0.24;Very Good;F;VVS2;62.8;58;3.95;3.98;2.49;552
0.24;Very Good;F;VVS2;62;58;3.95;3.98;2.46;552
0.24;Very Good;F;VVS2;60.5;59;3.98;4.05;2.43;552
0.27;Very Good;E;VVS2;62;60;4.15;4.17;2.58;552
0.24;Very Good;E;VVS2;62.9;59;3.97;4.01;2.51;552
0.24;Very Good;E;VVS2;60.8;58;3.99;4.03;2.44;552
0.24;Very Good;E;VVS2;63.1;56;3.92;3.97;2.49;552
0.24;Very Good;E;VVS2;60.3;58;4.03;4.06;2.44;552
0.24;Very Good;E;VVS2;60;57;4.07;4.1;2.45;552
0.24;Very Good;E;VVS2;62.4;58;3.96;3.99;2.48;552
0.24;Very Good;E;VVS2;60.9;58;4.03;4.05;2.46;552
0.24;Very Good;E;VVS2;61.6;59;3.98;4.01;2.46;552
0.24;Very Good;E;VVS2;58.5;59;4.04;4.09;2.38;552
0.62;Ideal;G;VVS2;61.8;57;5.44;5.47;3.37;2548
0.72;Ideal;H;VS2;62.3;52;5.76;5.82;3.61;2548
0.7;Ideal;H;SI1;60.5;57;5.81;5.79;3.51;2548
0.72;Ideal;G;SI1;61.4;54;5.79;5.81;3.56;2548
0.73;Ideal;G;SI1;60.1;57;5.87;5.91;3.54;2548
0.72;Ideal;G;SI1;61.9;54;5.78;5.81;3.59;2548
0.71;Very Good;G;VS2;63.3;56;5.67;5.74;3.61;2549
0.73;Very Good;F;SI1;60.4;57;5.86;5.89;3.55;2549
0.71;Very Good;I;VVS1;63;58;5.6;5.67;3.55;2549
0.71;Premium;H;VS2;62.1;58.5;5.68;5.73;3.55;2549
0.71;Good;I;VVS1;63.8;56;5.65;5.7;3.62;2549
0.71;Good;I;VVS1;63.4;57;5.67;5.71;3.61;2549
0.71;Very Good;I;VVS1;63;58;5.66;5.68;3.57;2549
0.71;Premium;I;VVS1;62;58;5.65;5.7;3.52;2549
0.77;Good;G;SI2;63.9;59;5.84;5.78;3.71;2550
0.74;Very Good;I;VVS2;61;59;5.83;5.85;3.56;2550
0.72;Very Good;H;VS2;60.8;59;5.74;5.77;3.55;2550
0.78;Very Good;F;SI2;62.2;59;5.89;5.94;3.68;2550
0.72;Premium;G;VS2;62.3;57;5.74;5.69;3.56;2550
0.8;Ideal;G;VS2;60.1;57;6.05;6.02;3.63;2550
0.7;Premium;D;SI1;62.6;58;5.67;5.6;3.53;2550
0.52;Ideal;D;VS1;61.3;56;5.21;5.22;3.2;2550
0.71;Ideal;E;SI2;62.7;56;5.68;5.71;3.57;2550
0.7;Premium;G;VS2;62.9;62;5.63;5.57;3.52;2550
0.72;Premium;G;VS2;61.4;57;5.83;5.77;3.56;2550
0.88;Fair;I;VS2;57.4;67;6.49;6.36;3.69;2550
0.7;Fair;D;SI1;66.2;57;5.56;5.41;3.63;2550
0.76;Very Good;I;VS2;63.3;57;5.79;5.83;3.68;2551
0.75;Very Good;D;SI2;63.3;58;5.76;5.8;3.66;2551
0.59;Ideal;F;VVS2;61.7;56;5.38;5.41;3.33;2551
0.59;Ideal;F;VVS2;62.1;57;5.37;5.38;3.34;2551
0.76;Ideal;I;VS2;61.8;58;5.84;5.87;3.62;2551
0.71;Ideal;D;SI2;62.7;55;5.67;5.71;3.57;2551
0.7;Ideal;D;SI2;60.4;56;5.78;5.81;3.5;2551
0.7;Ideal;F;SI1;60.6;56;5.72;5.79;3.49;2551
0.59;Ideal;G;IF;59.5;58;5.49;5.57;3.29;2551
0.58;Ideal;E;VVS2;62.1;56;5.36;5.33;3.32;2551
0.7;Very Good;F;VS2;62.8;58;5.6;5.64;3.53;2552
0.7;Very Good;F;VS2;63.9;59;5.56;5.61;3.57;2552
0.71;Premium;E;SI1;60.1;60;5.78;5.73;3.45;2552
0.74;Premium;G;SI1;61;60;5.85;5.76;3.54;2553
0.69;Very Good;G;VVS2;63.8;53.7;5.6;5.72;3.61;2553
0.7;Very Good;F;SI1;60;58;5.75;5.79;3.46;2553
0.7;Very Good;F;SI1;61.5;60;5.65;5.7;3.49;2553
0.71;Very Good;F;SI1;62.4;58;5.64;5.68;3.53;2553
0.7;Ideal;E;VS2;61.9;57;5.69;5.74;3.54;2553
0.7;Very Good;E;VS2;61.4;57;5.7;5.73;3.51;2553
0.7;Very Good;E;VS2;62.8;57;5.66;5.68;3.56;2553
0.75;Premium;H;VS2;62.8;56;5.8;5.76;3.63;2553
0.8;Very Good;H;SI1;63.2;54;5.93;5.88;3.73;2553
0.59;Ideal;E;VVS2;60.2;56;5.46;5.51;3.3;2553
0.76;Ideal;G;SI2;61.7;55;5.87;5.9;3.63;2553
0.7;Ideal;D;SI2;62.1;55;5.68;5.73;3.54;2553
0.7;Fair;G;VS1;57.1;62;5.89;5.94;3.38;2553
0.74;Premium;H;VS2;60.2;58;5.92;5.88;3.55;2553
0.8;Premium;H;SI1;62.5;55;5.97;5.93;3.72;2553
0.74;Fair;H;VS2;66.1;61;5.6;5.57;3.69;2553
0.8;Premium;H;SI1;62.5;59;5.96;5.91;3.71;2553
0.8;Ideal;H;SI1;62.4;57;5.97;5.95;3.72;2553
0.74;Premium;F;SI1;62.7;59;5.78;5.73;3.61;2553
0.74;Premium;G;SI1;60.5;58;5.93;5.88;3.57;2553
0.74;Premium;E;SI2;59.1;60;5.98;5.94;3.52;2553
0.52;Premium;D;VVS1;58.8;61;5.31;5.27;3.11;2553
0.63;Premium;D;VS1;59.2;61;5.6;5.55;3.3;2554
0.59;Very Good;F;IF;62.8;56;5.31;5.36;3.35;2554
0.71;Premium;E;SI1;60.8;55;5.85;5.8;3.54;2554
0.56;Ideal;F;VVS2;61.3;57;5.31;5.35;3.26;2554
0.71;Premium;E;SI1;63;58;5.72;5.68;3.59;2554
0.57;Ideal;F;VVS1;62.3;55;5.31;5.32;3.31;2555
0.79;Premium;F;SI2;62.2;57;5.94;5.9;3.68;2555
0.74;Ideal;F;SI2;60.6;57;5.88;5.84;3.55;2555
0.61;Ideal;E;VS2;61.8;56;5.42;5.46;3.36;2556
0.73;Very Good;H;VS1;61.4;58;5.75;5.85;3.56;2557
0.76;Very Good;H;SI1;61.4;57;5.89;5.94;3.63;2557
0.82;Ideal;I;VS1;61.4;57;5.98;6.03;3.69;2557
0.74;Ideal;I;VS1;60.8;57;5.86;5.88;3.57;2557
0.71;Ideal;I;VS1;62.2;54;5.71;5.75;3.56;2557
0.73;Ideal;D;SI2;61.9;57;5.76;5.81;3.58;2557
0.7;Very Good;H;VVS2;62.6;57;5.63;5.65;3.53;2558
0.7;Very Good;H;VVS2;62.5;55;5.65;5.68;3.54;2558
0.74;Very Good;D;SI2;61.4;57;5.82;5.84;3.58;2558
0.88;Good;I;SI1;60.2;64;6.18;6.22;3.73;2558
0.55;Ideal;F;VVS2;62.3;54;5.27;5.29;3.29;2558
0.77;Ideal;I;VS2;61.2;59;5.91;5.95;3.63;2558
0.71;Very Good;I;VVS1;63.3;57;5.65;5.69;3.59;2559
0.7;Very Good;F;VS2;61.7;57;5.71;5.74;3.54;2559
0.71;Very Good;H;VS1;62.7;57;5.66;5.72;3.57;2559
0.71;Ideal;I;VVS2;61.4;58;5.7;5.76;3.52;2559
0.73;Ideal;E;SI2;60.9;57;5.8;5.83;3.54;2559
0.71;Good;F;VS1;58;61;5.83;5.85;3.39;2559
0.81;Ideal;E;SI2;62;55;6;5.96;3.71;2559
0.81;Premium;E;SI2;59.9;61;6.08;6.05;3.63;2559
0.51;Ideal;E;VVS2;62.4;59;5.07;5.12;3.18;2559
0.71;Ideal;I;VVS1;62.6;57;5.66;5.69;3.55;2559
0.71;Ideal;I;VVS1;62.4;55;5.69;5.76;3.57;2559
0.71;Ideal;H;VS2;61.7;55;5.73;5.77;3.55;2559
0.71;Ideal;H;VS1;62.2;57;5.66;5.73;3.54;2559
0.71;Ideal;H;VS1;62.4;56;5.66;5.71;3.55;2559
0.7;Good;E;VS2;59.2;64;5.8;5.75;3.42;2559
0.6;Premium;F;VVS2;61.1;58;5.41;5.45;3.32;2560
0.7;Ideal;E;SI2;62.2;56;5.67;5.64;3.52;2560
0.7;Fair;D;VS2;65.2;59;5.58;5.55;3.63;2560
0.74;Premium;F;VS2;62.3;58;5.77;5.72;3.58;2560
0.78;Ideal;G;SI2;62.1;54;5.92;5.94;3.68;2561
0.73;Ideal;I;VVS1;61.7;57;5.83;5.78;3.58;2561
0.72;Very Good;I;VVS1;62.8;56;5.69;5.75;3.59;2562
0.7;Very Good;G;VS2;62.5;54;5.63;5.69;3.54;2562
0.71;Very Good;H;VS1;63.9;60;5.54;5.6;3.56;2562
0.72;Very Good;E;SI1;62;57;5.73;5.76;3.56;2562
0.81;Very Good;H;SI1;59.1;57;6.09;6.16;3.62;2562
0.62;Ideal;D;VS1;61;57;5.51;5.54;3.37;2562
0.7;Premium;D;SI2;59.3;59;5.79;5.74;3.42;2562
0.75;Ideal;I;VS1;59.9;57;5.96;5.9;3.56;2562
0.7;Very Good;D;SI1;58.3;62;5.78;5.84;3.39;2563
0.77;Premium;G;SI1;60.7;58;5.95;5.98;3.62;2563
0.7;Very Good;G;VS2;58.7;53;5.83;5.86;3.43;2563
0.53;Ideal;D;VVS2;62.2;56;5.18;5.21;3.23;2563
0.77;Ideal;E;SI2;62;54;5.89;5.92;3.66;2563
0.72;Good;F;SI1;64;61;5.67;5.62;3.61;2563
0.73;Very Good;E;SI1;60.2;60;5.81;5.86;3.51;2564
0.73;Very Good;G;SI1;58.8;61;5.87;5.93;3.47;2564
0.8;Very Good;F;SI2;59.7;56;6.05;6.11;3.63;2564
0.8;Ideal;F;SI2;61.8;56;5.97;6;3.7;2564
0.75;Ideal;I;VS1;61.9;54.1;5.82;5.85;3.61;2564
0.71;Ideal;D;SI2;61.5;56.2;5.73;5.75;3.53;2564
0.91;Premium;F;SI2;59.8;58;6.29;6.26;3.75;2564
0.73;Very Good;I;VVS2;62.3;58;5.75;5.78;3.59;2565
0.7;Very Good;I;VVS1;62.1;58;5.62;5.65;3.5;2565
0.78;Very Good;E;SI1;63.4;56;5.84;5.9;3.72;2565
0.7;Very Good;D;SI1;63.7;60;5.57;5.61;3.56;2565
0.63;Ideal;E;VS1;61.9;55;5.46;5.5;3.4;2565
0.83;Ideal;H;SI2;62.3;54;6.04;6.07;3.77;2565
0.7;Very Good;H;VS2;61.8;58;5.64;5.68;3.5;2567
0.72;Very Good;E;SI1;62.9;54;5.72;5.76;3.61;2567
0.58;Ideal;F;VVS2;62.2;56;5.32;5.36;3.32;2567
0.7;Ideal;G;SI1;61.9;58;5.66;5.69;3.51;2567
0.72;Premium;D;SI1;63;57;5.74;5.69;3.6;2567
0.97;Very Good;I;SI2;63.4;58;6.34;6.2;3.98;2567
0.58;Very Good;E;VVS1;59.4;63;5.42;5.32;3.19;2568
0.72;Ideal;F;VS2;61.9;54;5.77;5.74;3.56;2568
0.6;Ideal;H;VVS1;61;56;5.44;5.47;3.33;2568
0.61;Very Good;G;VVS1;61.1;56;5.47;5.5;3.35;2569
0.71;Very Good;H;VS1;62.1;55;5.71;5.72;3.55;2569
0.7;Good;E;SI1;63.8;57;5.59;5.63;3.58;2569
0.7;Good;E;SI1;63.3;60;5.56;5.59;3.53;2569
0.7;Very Good;E;SI1;59.1;62;5.74;5.8;3.41;2569
0.7;Very Good;E;SI1;61.7;62;5.64;5.68;3.49;2569
0.7;Good;E;SI1;63.5;58;5.62;5.65;3.58;2569
0.55;Ideal;F;VVS1;62.2;57;5.25;5.27;3.27;2569
0.71;Very Good;E;SI1;60.3;58;5.8;5.85;3.51;2570
0.83;Ideal;J;VS2;62.1;56;5.98;6.03;3.73;2570
0.6;Ideal;G;IF;62;55;5.39;5.44;3.36;2570
0.7;Good;D;SI1;61.6;62;5.67;5.72;3.51;2570
0.94;Ideal;F;I1;61.5;55;6.34;6.37;3.91;2571
0.71;Premium;F;VS2;61;59;5.72;5.69;3.48;2571
1.3;Fair;E;I1;66.5;58;6.79;6.75;4.5;2571
0.71;Premium;I;VVS1;62;58;5.7;5.65;3.52;2572
0.71;Very Good;I;VVS1;63.4;57;5.71;5.67;3.61;2572
0.71;Premium;I;VVS1;63;58;5.67;5.6;3.55;2572
0.71;Good;I;VVS1;63.8;56;5.7;5.65;3.62;2572
0.71;Premium;I;VVS1;63;58;5.68;5.66;3.57;2572
0.71;Premium;H;VS1;62.9;57;5.72;5.67;3.58;2572
0.71;Premium;H;VS1;62.4;58;5.73;5.68;3.56;2572
0.71;Premium;H;VS1;59.1;61;5.87;5.83;3.46;2572
0.71;Ideal;H;VS2;62.1;59;5.73;5.68;3.55;2572
0.71;Premium;H;VS1;61.2;57;5.83;5.77;3.55;2572
0.71;Very Good;E;SI1;59.3;55;5.83;5.9;3.48;2573
0.71;Very Good;E;SI1;62;59;5.69;5.76;3.55;2573
0.71;Very Good;E;SI1;62.9;57;5.66;5.7;3.57;2573
0.72;Very Good;E;SI2;59.9;57;5.85;5.9;3.52;2573
0.7;Very Good;F;SI1;62.4;56;5.63;5.69;3.53;2573
0.75;Very Good;F;SI1;62.3;58;5.8;5.86;3.63;2573
0.7;Ideal;F;SI1;61.4;57;5.67;5.69;3.49;2573
0.7;Premium;D;SI2;60.4;60;5.74;5.79;3.48;2573
0.75;Premium;F;SI1;61.7;58;5.85;5.88;3.62;2573
0.7;Good;F;SI1;58.7;64;5.77;5.78;3.39;2573
0.7;Very Good;F;SI1;59.4;59;5.75;5.8;3.43;2573
0.7;Ideal;F;SI1;62.1;56;5.65;5.67;3.51;2573
0.7;Ideal;G;VS1;61.4;55;5.74;5.69;3.51;2573
0.84;Premium;G;SI2;62.6;58;6.01;5.98;3.75;2573
0.71;Good;E;SI1;61.5;61;5.64;5.67;3.48;2573
0.71;Good;E;SI1;58.4;61;5.85;5.93;3.44;2573
0.7;Ideal;F;VS2;62.8;56;5.7;5.67;3.57;2573
0.7;Premium;F;VS2;62;56;5.72;5.67;3.53;2573
0.84;Premium;E;SI2;62.4;58;5.99;5.97;3.74;2574
0.71;Very Good;G;VS2;63.1;54;5.64;5.7;3.58;2574
0.71;Very Good;E;SI1;59.7;58;5.76;5.8;3.45;2574
0.74;Very Good;E;SI2;61;57;5.83;5.88;3.57;2574
0.74;Premium;G;VS1;59.5;58;5.95;5.89;3.52;2574
0.7;Very Good;E;SI1;62.7;55;5.63;5.67;3.54;2575
0.52;Ideal;F;IF;60.6;57;5.21;5.22;3.16;2575
0.73;Ideal;I;VVS1;61.9;55;5.78;5.82;3.59;2575
0.7;Ideal;D;SI2;61.3;57;5.73;5.76;3.52;2575
0.7;Ideal;D;SI2;60.6;56.6;5.75;5.77;3.49;2575
0.7;Ideal;D;SI2;62.1;56;5.67;5.71;3.53;2575
0.7;Ideal;E;SI1;62.3;56;5.68;5.72;3.55;2575
0.7;Ideal;E;SI1;60.2;57;5.78;5.82;3.49;2575
0.61;Ideal;G;IF;61.7;55;5.44;5.49;3.37;2575
0.7;Fair;G;VS2;66.5;57;5.4;5.46;3.61;2575
0.7;Premium;E;SI1;61;56;5.75;5.69;3.49;2576
0.7;Ideal;E;SI1;61.8;56;5.72;5.68;3.52;2576
0.67;Ideal;G;VVS1;62.4;55;5.6;5.62;3.5;2577
0.7;Good;G;VS1;63.5;61;5.6;5.64;3.57;2577
0.83;Fair;I;VS2;64.9;58;5.9;5.84;3.81;2577
0.59;Premium;E;VS2;62.5;56;5.4;5.36;3.36;2578
0.59;Premium;E;VS2;60.1;59;5.46;5.42;3.27;2578
0.72;Very Good;G;VS2;62;56;5.75;5.77;3.57;2578
0.72;Very Good;E;SI1;62.1;57;5.69;5.75;3.55;2578
0.72;Ideal;G;VS2;62.7;56;5.72;5.76;3.6;2578
0.76;Ideal;H;SI1;62;56;5.89;5.85;3.64;2578
0.5;Fair;E;VS2;79;73;5.21;5.18;4.09;2579
0.5;Fair;E;VS2;79;73;5.21;5.18;4.09;2579
0.51;Very Good;E;VVS1;62.2;60;5.08;5.12;3.17;2579
0.76;Very Good;G;SI1;63.7;58;5.75;5.8;3.68;2579
0.73;Premium;D;SI1;62.5;59;5.75;5.68;3.57;2579
0.89;Fair;G;SI2;58.9;66;6.26;6.16;3.66;2579
0.76;Premium;E;SI2;60.8;57;5.89;5.85;3.57;2580
0.73;Ideal;E;SI2;61.2;54;5.88;5.86;3.59;2581
0.73;Ideal;E;SI1;61.9;57;5.74;5.79;3.57;2581
0.88;Good;I;SI1;60.2;64;6.22;6.18;3.73;2581
0.73;Ideal;E;SI2;60.9;57;5.83;5.8;3.54;2581
0.73;Premium;G;VS2;60.3;57;5.88;5.82;3.53;2581
0.55;Ideal;F;VVS2;62.3;54;5.29;5.27;3.29;2581
0.54;Ideal;F;VVS2;60.7;56;5.27;5.3;3.21;2582
0.71;Ideal;I;VS2;61.6;57;5.7;5.62;3.49;2582
0.53;Good;E;VVS2;63.4;61;5.11;5.18;3.26;2582
0.82;Very Good;I;VS1;63.6;58.9;5.88;5.93;3.76;2583
0.74;Very Good;F;SI1;61.5;58;5.82;5.85;3.59;2583
0.74;Very Good;F;SI1;59.8;58;5.89;5.94;3.54;2583
0.78;Ideal;G;SI1;62.8;56;5.88;5.84;3.68;2583
0.54;Ideal;D;VVS2;61.6;54;5.25;5.27;3.24;2583
0.73;Ideal;H;VS2;62;54;5.79;5.83;3.6;2583
0.73;Ideal;G;SI1;62.1;54;5.78;5.81;3.6;2583
0.73;Ideal;G;SI1;62;54;5.81;5.84;3.61;2583
0.74;Ideal;F;SI1;62.2;54;5.79;5.85;3.62;2583
0.7;Good;D;SI2;58.2;63;5.78;5.83;3.38;2583
0.72;Premium;H;VS2;60.7;59;5.84;5.8;3.53;2583
0.77;Very Good;I;VS2;60.2;59;5.89;5.97;3.57;2584
0.84;Very Good;G;SI2;62.9;55;5.99;6.12;3.8;2584
0.72;Premium;F;VS2;62.7;59;5.71;5.75;3.59;2584
0.55;Very Good;D;VVS2;61.3;57;5.26;5.28;3.23;2585
0.55;Very Good;E;VVS1;61.2;57;5.27;5.29;3.23;2585
0.73;Very Good;G;SI1;60.6;59;5.83;5.85;3.54;2585
0.7;Very Good;H;VVS2;58.8;58;5.88;5.78;3.43;2585
0.72;Ideal;H;VS1;61.9;56;5.73;5.78;3.56;2585
0.72;Very Good;E;VS2;61.9;56;5.75;5.79;3.57;2585
0.73;Ideal;G;SI2;61.8;56;5.76;5.83;3.58;2585
0.81;Premium;H;SI1;59.1;57;6.16;6.09;3.62;2585
0.71;Very Good;I;VVS2;60.6;56;5.82;5.77;3.51;2586
0.78;Very Good;F;SI2;62.4;59;5.86;5.91;3.67;2586
0.73;Ideal;G;VS2;62.5;56;5.78;5.74;3.6;2586
0.72;Ideal;I;VS1;61.4;58;5.73;5.76;3.53;2586
0.72;Ideal;I;VS1;62.5;55;5.74;5.78;3.6;2586
0.75;Ideal;F;SI2;62.1;55;5.83;5.87;3.63;2586
0.72;Ideal;F;SI1;62.7;57;5.69;5.73;3.58;2586
0.7;Premium;G;VS2;58.7;53;5.86;5.83;3.43;2586
0.77;Very Good;G;SI1;63.2;57;5.86;5.76;3.67;2586
0.64;Ideal;G;VVS2;60.7;57;5.58;5.63;3.4;2587
0.64;Ideal;G;VVS2;61.8;56;5.53;5.56;3.43;2587
0.64;Ideal;G;VVS2;61.8;54;5.53;5.56;3.42;2587
0.76;Ideal;H;SI1;61.8;56;5.88;5.84;3.62;2587
0.71;Ideal;G;VS2;62.1;57;5.71;5.63;3.52;2587
0.71;Very Good;F;VS2;63.1;58;5.65;5.7;3.58;2588
0.73;Ideal;F;SI2;61.9;55;5.78;5.82;3.59;2588
0.75;Premium;H;VS1;58.9;62;5.96;5.93;3.5;2588
0.7;Premium;D;SI1;59.8;57;5.79;5.74;3.45;2589
0.72;Good;F;VS2;64.1;64;5.66;5.6;3.61;2589
0.71;Very Good;H;VS1;63.7;57;5.63;5.67;3.6;2590
0.71;Very Good;E;SI1;59.3;59;5.83;5.87;3.47;2590
0.71;Very Good;F;SI1;62.4;59;5.64;5.7;3.54;2590
0.71;Premium;E;VS2;62.4;60;5.66;5.68;3.54;2590
0.71;Very Good;E;VS2;62.9;55;5.72;5.76;3.61;2590
0.58;Ideal;D;VS2;60.8;57;5.4;5.42;3.29;2590
0.58;Ideal;D;VS2;61.5;56;5.37;5.4;3.31;2590
0.71;Ideal;H;VS1;60.9;58;5.74;5.79;3.51;2590
0.71;Ideal;E;SI1;60.3;57;5.77;5.81;3.49;2590
0.72;Ideal;E;SI1;62.9;54;5.76;5.72;3.61;2590
0.57;Very Good;F;VVS1;61.9;56;5.31;5.34;3.29;2591
0.8;Very Good;I;VS2;62;54.2;5.94;5.99;3.7;2591
0.7;Very Good;G;VS1;61;57;5.69;5.72;3.48;2591
0.77;Very Good;H;SI1;60.4;58;5.9;5.93;3.57;2591
0.72;Ideal;I;VVS2;61.3;56;5.77;5.8;3.55;2591
0.7;Good;F;VS2;60.1;56;5.73;5.78;3.46;2591
0.7;Good;F;VS2;62.9;61;5.6;5.63;3.53;2591
0.7;Good;F;VS2;62.6;61;5.56;5.62;3.5;2591
0.7;Good;G;VS1;60.6;61;5.71;5.77;3.48;2591
0.7;Premium;E;SI1;59.1;62;5.8;5.74;3.41;2592
0.7;Very Good;E;SI1;63.5;58;5.65;5.62;3.58;2592
0.7;Very Good;E;SI1;63.3;60;5.59;5.56;3.53;2592
0.7;Premium;E;SI1;62.5;61;5.72;5.57;3.55;2592
0.7;Premium;E;SI1;61.7;62;5.68;5.64;3.49;2592
0.7;Very Good;F;VS2;61.6;60;5.63;5.71;3.49;2593
0.7;Very Good;F;VS2;62.3;61;5.55;5.62;3.48;2593
0.7;Very Good;F;VS2;63.3;56;5.62;5.66;3.57;2593
0.76;Very Good;H;SI1;63;58;5.78;5.8;3.65;2593
0.76;Very Good;H;SI1;63.3;58;5.79;5.81;3.67;2593
0.7;Very Good;E;VS2;60.2;57;5.77;5.82;3.49;2593
0.7;Very Good;E;VS2;62.5;57;5.64;5.68;3.54;2593
0.7;Ideal;G;VS2;61.8;54;5.71;5.74;3.54;2593
0.84;Ideal;H;SI2;59.9;59;6.13;6.2;3.69;2593
0.24;Very Good;D;VVS2;60.6;59;4;4.02;2.43;552
0.24;Very Good;D;VVS2;62.9;58;3.96;3.99;2.5;552
0.24;Very Good;D;VVS2;62.4;58;3.94;4.01;2.48;552
0.24;Very Good;F;VVS1;59.2;59;4.04;4.07;2.4;552
0.24;Very Good;F;VVS1;59;58;4.07;4.1;2.41;552
0.24;Very Good;F;VVS1;59;59;4.05;4.08;2.4;552
0.24;Very Good;F;VVS1;58.7;59;4.04;4.1;2.39;552
0.24;Very Good;F;VVS1;61.8;59;3.93;4;2.45;552
0.24;Very Good;E;VVS1;62.2;59;3.99;4.02;2.49;552
0.24;Very Good;E;VVS1;59.7;58;4.07;4.1;2.44;552
0.24;Very Good;E;VVS1;63.7;57;3.92;3.93;2.5;552
0.24;Very Good;E;VVS1;62.5;59;3.96;4.01;2.49;552
0.24;Very Good;E;VVS1;62.7;59;3.97;4;2.5;552
0.24;Very Good;F;IF;60.4;58;4.02;4.06;2.44;552
0.24;Very Good;F;IF;60;57;4.07;4.1;2.45;552
0.24;Ideal;F;VVS2;60.7;56;3.98;4.03;2.43;552
0.24;Ideal;F;VVS2;61.1;57;4.03;4.06;2.47;552
0.24;Ideal;F;VVS2;62.6;57;3.93;3.96;2.47;552
0.24;Ideal;F;VVS2;61.8;56;3.97;4.02;2.47;552
0.24;Ideal;F;VVS2;61.6;54;4;4.09;2.49;552
0.4;Ideal;J;SI1;62.2;57;4.71;4.74;2.94;552
0.37;Ideal;H;SI1;61.1;55;4.64;4.69;2.85;552
0.37;Ideal;H;SI1;62.1;56;4.6;4.61;2.86;552
0.37;Ideal;H;SI1;60.9;57;4.63;4.67;2.83;552
0.35;Ideal;F;SI1;61.5;54;4.54;4.6;2.81;552
0.24;Good;F;VVS1;58.3;57;4.1;4.14;2.4;552
0.3;Very Good;D;SI1;63;58;4.24;4.27;2.68;552
0.35;Very Good;H;VS2;61.8;56;4.54;4.58;2.82;552
0.3;Premium;D;SI1;59.7;59;4.34;4.37;2.6;552
0.3;Ideal;D;SI1;61;56;4.3;4.33;2.63;552
0.82;Premium;E;SI2;62;59;6.02;5.94;3.71;2593
0.71;Very Good;H;VVS2;62.5;56;5.65;5.68;3.54;2594
0.72;Very Good;H;VS1;60.1;57;5.79;5.85;3.5;2594
0.72;Ideal;I;VVS2;61.5;58;5.78;5.79;3.56;2594
0.72;Ideal;I;VVS2;62.5;56;5.71;5.74;3.58;2594
0.72;Ideal;I;VVS2;62.8;57;5.69;5.74;3.59;2594
0.71;Ideal;H;VVS2;61.5;54;5.74;5.8;3.55;2594
0.74;Ideal;E;SI2;60.9;57;5.83;5.89;3.57;2594
0.74;Premium;E;SI2;62.6;58;5.73;5.77;3.6;2594
0.72;Ideal;H;VS2;61.7;57;5.74;5.77;3.55;2594
0.77;Fair;H;VS1;64.6;56.4;5.78;5.84;3.75;2594
0.94;Ideal;F;I1;61.5;55;6.37;6.34;3.91;2594
0.7;Fair;G;VVS2;64.5;61;5.43;5.52;3.53;2595
1.29;Fair;H;I1;67.7;62;6.69;6.59;4.5;2596
0.7;Premium;G;VS2;61.3;58;5.74;5.68;3.5;2596
0.73;Ideal;I;VS1;61.6;55;5.77;5.79;3.56;2596
0.73;Ideal;I;VS1;61.1;56;5.79;5.83;3.55;2596
0.73;Ideal;I;VS1;61;56;5.82;5.86;3.56;2596
0.78;Ideal;E;SI2;61.2;54;5.96;6;3.66;2596
0.71;Fair;D;VS2;64.4;56;5.63;5.58;3.61;2596
0.7;Ideal;F;SI1;61.4;57;5.69;5.67;3.49;2596
0.7;Premium;F;SI1;62.4;56;5.69;5.63;3.53;2596
0.7;Premium;D;SI2;60.4;60;5.79;5.74;3.48;2596
0.7;Premium;F;SI1;59.5;57;5.81;5.79;3.45;2596
0.7;Premium;F;SI1;60;60;5.62;5.55;3.6;2596
0.7;Premium;D;SI2;60;60;5.72;5.56;3.5;2596
0.74;Fair;F;VS2;64.6;55;5.74;5.66;3.68;2596
0.7;Premium;H;VVS2;61;57;5.76;5.72;3.5;2596
0.7;Ideal;F;SI1;60.8;57;5.73;5.71;3.48;2596
0.7;Premium;F;SI1;59.4;59;5.8;5.75;3.43;2596
0.7;Ideal;F;SI1;62.1;56;5.67;5.65;3.51;2596
0.7;Premium;D;SI2;60.6;58;5.75;5.7;3.47;2596
0.7;Ideal;F;SI1;62.3;57;5.68;5.64;3.53;2596
0.71;Very Good;G;VS2;62.9;57;5.69;5.72;3.59;2598
0.77;Ideal;I;VVS2;62.1;55;5.85;5.9;3.65;2598
0.52;Ideal;F;IF;60.6;57;5.22;5.21;3.16;2598
0.71;Good;G;VS2;64;55;5.65;5.67;3.62;2599
0.71;Good;G;VS2;64.2;58;5.59;5.62;3.6;2599
0.71;Very Good;G;VS2;62.1;62;5.65;5.71;3.53;2599
0.76;Very Good;H;VS2;58.7;61;5.96;5.99;3.51;2599
0.81;Good;H;SI1;65;56;5.85;5.88;3.81;2599
0.73;Premium;F;SI1;61.2;60;5.78;5.73;3.52;2599
0.74;Very Good;I;VVS2;62.8;55;5.75;5.78;3.62;2600
0.78;Very Good;H;SI1;63.1;58;5.85;5.88;3.7;2600
0.7;Fair;E;SI2;65;54;5.56;5.52;3.6;2600
0.76;Very Good;I;VS1;63.1;58;5.77;5.79;3.65;2601
0.61;Ideal;G;IF;61.8;52;5.46;5.55;3.4;2601
0.82;Very Good;I;SI1;60.5;58;6.01;6.08;3.66;2602
0.82;Very Good;I;SI1;62.3;58;5.94;6;3.72;2602
0.72;Ideal;I;VVS2;61;57;5.81;5.84;3.55;2602
0.72;Ideal;I;VVS2;61.6;57;5.73;5.76;3.54;2602
1.01;Premium;J;I1;60.7;59;6.42;6.39;3.89;2602
0.7;Premium;H;VVS1;58.3;60;5.83;5.8;3.39;2603
0.7;Very Good;E;SI1;62.3;57;5.63;5.7;3.53;2604
0.71;Very Good;G;SI1;62.8;55;5.68;5.73;3.58;2604
0.71;Very Good;G;SI1;60.2;58;5.71;5.75;3.45;2604
0.7;Very Good;D;SI1;59.4;63;5.76;5.78;3.43;2604
0.7;Very Good;F;VS1;62.4;56;5.62;5.7;3.53;2604
0.53;Ideal;E;VVS1;62.1;55;5.18;5.23;3.23;2604
0.74;Ideal;G;VS2;61.3;55;5.82;5.89;3.59;2604
0.71;Ideal;G;SI1;62.5;57;5.67;5.69;3.55;2604
0.81;Good;D;SI2;63.8;55;5.91;5.89;3.77;2604
0.73;Ideal;H;SI1;61.5;55;5.79;5.84;3.57;2605
0.71;Good;E;SI1;63.8;54;5.66;5.72;3.63;2606
0.71;Very Good;E;SI1;61.1;57;5.69;5.73;3.49;2606
0.71;Very Good;E;SI1;61.7;61;5.74;5.76;3.55;2606
0.71;Ideal;I;VVS1;61.4;56;5.73;5.76;3.53;2606
0.71;Ideal;I;VVS1;62.3;56;5.7;5.73;3.56;2606
0.8;Ideal;I;VS2;61.6;58;5.99;6.03;3.7;2606
0.7;Good;E;VS2;60.1;62;5.77;5.74;3.46;2606
0.72;Premium;F;VS2;62.7;59;5.75;5.71;3.59;2607
0.7;Ideal;H;VS2;62.8;55;5.67;5.63;3.55;2607
0.76;Ideal;F;SI1;62.7;57;5.82;5.85;3.66;2607
0.76;Premium;F;SI1;60.3;58;5.91;5.96;3.58;2607
0.76;Ideal;F;SI1;60.1;57;5.95;5.99;3.59;2607
0.72;Ideal;F;VS2;61.1;56;5.83;5.79;3.55;2607
0.72;Ideal;F;VS2;62;57;5.77;5.72;3.56;2607
0.72;Premium;G;VS1;60.9;60;5.78;5.75;3.51;2607
0.92;Premium;F;I1;60.7;58;6.29;6.26;3.81;2607
0.54;Premium;E;VS1;62.7;60;5.14;5.1;3.21;2608
0.72;Very Good;E;SI1;63.1;60;5.65;5.7;3.58;2608
0.75;Good;D;SI1;64.1;54;5.78;5.76;3.7;2608
0.72;Ideal;E;SI1;62.1;57;5.71;5.75;3.56;2608
0.72;Ideal;H;VS1;61.9;56;5.78;5.73;3.56;2608
0.72;Fair;H;VVS2;56.5;68;6.03;5.89;3.37;2608
0.72;Very Good;E;SI2;63.4;58;5.66;5.64;3.58;2608
0.7;Good;H;VVS2;63.8;57;5.61;5.51;3.55;2608
0.81;Good;E;I1;64.1;59;5.89;5.85;3.76;2608
0.55;Ideal;E;VVS1;62.9;57;5.25;5.21;3.29;2609
0.75;Ideal;E;SI2;61.7;55;5.9;5.86;3.63;2609
0.74;Ideal;I;VS1;60.7;55;5.84;5.88;3.56;2609
0.72;Very Good;E;SI1;57.9;58;5.92;5.96;3.44;2610
0.71;Ideal;D;SI2;61.3;57;5.71;5.78;3.52;2610
0.71;Ideal;F;SI1;61.5;56;5.69;5.76;3.52;2610
0.71;Ideal;D;SI2;61.5;56;5.74;5.78;3.54;2610
0.89;Premium;H;SI2;62.2;59;6.17;6.15;3.83;2610
0.59;Very Good;G;IF;60.9;57;5.38;5.42;3.29;2611
0.9;Ideal;F;I1;61.8;57;6.13;6.2;3.81;2611
0.59;Ideal;F;VVS2;62;55;5.36;5.38;3.33;2611
0.59;Ideal;G;IF;62.5;57;5.34;5.38;3.35;2611
0.7;Good;H;VVS2;60.5;62;5.66;5.74;3.45;2611
1.02;Ideal;J;SI2;61.6;55;6.49;6.43;3.98;2611
0.56;Very Good;D;VVS2;61.6;59;5.27;5.34;3.27;2612
0.72;Very Good;D;SI2;62.3;59;5.67;5.73;3.55;2612
0.56;Ideal;D;VVS2;61.7;58;5.26;5.3;3.26;2612
0.57;Ideal;G;VVS1;60.9;56;5.37;5.41;3.28;2612
0.71;Ideal;D;SI2;61.1;57;5.77;5.79;3.53;2612
0.71;Ideal;E;SI1;62.8;53;5.67;5.7;3.57;2612
0.7;Ideal;D;SI1;62.5;56;5.67;5.73;3.56;2612
0.77;Ideal;H;SI1;61.7;56;5.9;5.85;3.62;2612
0.71;Premium;E;VS2;62.4;60;5.68;5.66;3.54;2613
0.71;Ideal;E;VS2;62.9;55;5.76;5.72;3.61;2613
0.7;Very Good;G;VS1;62.8;58;5.62;5.68;3.55;2613
0.83;Premium;H;SI1;58.6;61;6.2;6.16;3.62;2613
0.76;Very Good;E;SI1;63.2;57;5.8;5.75;3.65;2613
0.75;Ideal;I;VS1;63;57;5.8;5.82;3.66;2613
0.71;Premium;G;SI1;62.5;58;5.66;5.61;3.52;2613
0.71;Ideal;F;SI2;62.1;55.7;5.7;5.75;3.56;2614
0.77;Premium;E;SI2;61.7;61;5.93;5.9;3.65;2614
0.71;Ideal;I;VS2;61.8;55;5.7;5.73;3.53;2614
0.7;Ideal;E;SI1;62.4;55;5.67;5.7;3.55;2614
0.7;Ideal;E;SI1;62.7;57;5.64;5.66;3.54;2614
0.7;Ideal;E;SI1;60.6;57;5.76;5.79;3.5;2614
0.83;Good;G;SI2;63.7;56;5.92;5.95;3.78;2614
0.57;Ideal;E;VVS2;62.3;54;5.3;5.35;3.32;2615
0.57;Ideal;E;VVS2;61.9;54.3;5.31;5.33;3.29;2615
0.57;Ideal;E;VVS2;61.5;55.9;5.31;5.35;3.28;2615
0.8;Very Good;G;SI2;63;55;5.92;5.95;3.74;2616
0.8;Premium;I;VS2;62.9;61;5.84;5.77;3.65;2616
0.7;Ideal;E;VS2;62.2;55;5.72;5.69;3.55;2616
0.81;Premium;G;SI2;62.2;59;5.96;5.9;3.69;2616
0.81;Very Good;I;VS2;60.4;63;5.97;5.95;3.6;2616
0.54;Ideal;E;VVS2;62.2;54;5.23;5.26;3.26;2616
0.7;Ideal;I;VS1;61.9;56;5.69;5.72;3.53;2616
0.78;Ideal;H;SI1;61.1;57;5.9;5.94;3.62;2616
0.7;Very Good;E;SI1;63.2;57;5.6;5.67;3.56;2617
0.7;Very Good;E;SI1;62.5;59;5.66;5.7;3.55;2617
0.75;Very Good;G;SI1;62.3;55;5.81;5.85;3.63;2617
0.81;Good;I;VS2;63.8;58;5.84;5.89;3.74;2617
0.58;Ideal;D;VVS2;62.1;57;5.32;5.4;3.32;2617
0.7;Ideal;E;SI1;60.2;58;5.75;5.78;3.47;2617
0.74;Premium;E;SI2;62.6;58;5.77;5.73;3.6;2617
0.74;Fair;E;SI2;66.7;62;5.49;5.43;3.64;2617
0.74;Very Good;E;SI2;63.1;57;5.8;5.76;3.65;2617
0.82;Ideal;H;SI1;62.4;56;6.05;6;3.76;2617
0.74;Ideal;E;SI2;60.9;57;5.89;5.83;3.57;2617
0.66;Very Good;E;VS1;61;57.8;5.64;5.69;3.45;2618
0.72;Very Good;E;SI1;62.5;58;5.68;5.72;3.56;2618
0.75;Very Good;D;SI2;63.6;58;5.71;5.76;3.65;2618
0.62;Premium;E;VVS2;62;56;5.48;5.42;3.38;2618
0.7;Ideal;H;VVS1;61.7;54;5.72;5.76;3.54;2618
0.53;Ideal;F;VVS1;61.4;56;5.21;5.25;3.21;2618
0.72;Ideal;D;SI2;61.8;56;5.75;5.78;3.56;2618
0.75;Ideal;D;SI2;61.5;55;5.85;5.89;3.61;2618
0.93;Very Good;D;I1;63.4;60;6.18;6.15;3.91;2618
0.71;Ideal;E;SI2;61.2;57;5.75;5.78;3.53;2619
0.7;Ideal;I;VVS1;61.5;57;5.72;5.75;3.52;2620
0.72;Good;D;SI2;59.7;61;5.78;5.84;3.47;2620
0.74;Premium;G;VS2;60.2;60;5.84;5.82;3.51;2621
0.56;Ideal;E;VVS2;62.1;57;5.26;5.3;3.28;2622
0.71;Ideal;H;VS2;62.2;56;5.68;5.74;3.55;2622
0.7;Ideal;F;VS2;62.3;55;5.71;5.65;3.54;2622
0.78;Ideal;F;SI2;61.2;56;5.93;5.97;3.64;2622
0.8;Ideal;F;SI2;62.7;55;5.94;5.9;3.71;2622
0.76;Premium;H;VS2;58.7;61;5.99;5.96;3.51;2622
0.75;Premium;G;SI1;59.1;59;5.98;5.9;3.51;2622
1.2;Fair;F;I1;65.7;56;6.65;6.58;4.35;2622
0.73;Very Good;I;VVS1;61.9;57;5.75;5.79;3.57;2623
0.8;Very Good;E;SI2;62.4;55;5.88;5.92;3.68;2623
0.74;Ideal;F;SI2;61.9;56;5.81;5.85;3.61;2623
0.7;Ideal;I;SI1;61.6;56;5.69;5.71;3.51;2623
0.7;Ideal;I;SI1;60.4;57;5.75;5.79;3.49;2623
0.71;Good;G;VS2;64.2;58;5.62;5.59;3.6;2623
0.71;Premium;G;VS2;62.1;62;5.71;5.65;3.53;2623
0.71;Fair;G;VS2;57;66;5.83;5.81;3.32;2623
0.73;Very Good;F;SI2;61.7;60;5.71;5.8;3.55;2624
0.93;Premium;E;I1;62.3;60;6.2;6.23;3.87;2624
0.76;Ideal;F;SI2;60.3;60;5.86;5.89;3.54;2624
0.7;Good;G;VS1;64.3;57;5.59;5.64;3.61;2625
0.59;Ideal;F;VVS1;62.4;56;5.36;5.38;3.35;2625
0.72;Premium;E;VS2;60.4;59;5.74;5.78;3.48;2626
0.81;Ideal;J;VS1;62.3;57;5.93;5.98;3.71;2626
0.72;Ideal;E;SI1;62;57;5.7;5.75;3.55;2626
0.84;Premium;H;SI2;61.3;58;6.1;6.04;3.72;2628
0.84;Ideal;H;SI2;63;56;6.04;6.02;3.8;2628
0.71;Good;G;VS1;58.1;59;5.85;5.92;3.42;2628
0.7;Very Good;D;SI1;59.4;63;5.78;5.76;3.43;2628
0.55;Ideal;F;VVS2;61.1;57;5.28;5.31;3.24;2629
0.71;Premium;E;SI1;61.7;61;5.76;5.74;3.55;2629
0.71;Premium;E;SI1;61.1;57;5.73;5.69;3.49;2629
0.71;Premium;E;SI1;59.5;62;5.85;5.74;3.45;2629
0.71;Premium;E;SI1;60.8;60;5.75;5.69;3.48;2629
0.82;Premium;H;SI2;60.4;58;6.11;6.07;3.68;2629
0.71;Very Good;F;VS2;63.5;60;5.64;5.67;3.59;2630
0.71;Very Good;G;VS1;64;56;5.65;5.67;3.62;2630
0.71;Very Good;E;VS2;61.6;56;5.74;5.81;3.56;2630
0.71;Very Good;E;VS2;58.5;57;5.87;5.9;3.44;2630
0.71;Premium;E;VS2;61.3;59;5.7;5.76;3.51;2630
0.71;Ideal;E;VS2;61.8;57;5.7;5.73;3.53;2630
0.73;Ideal;G;SI1;61.4;58;5.77;5.79;3.55;2630
0.7;Very Good;G;VS1;62.3;58;5.63;5.67;3.52;2631
0.74;Ideal;I;VS1;60.7;56;5.86;5.9;3.57;2631
0.71;Good;E;SI1;65.9;57;5.51;5.57;3.65;2631
0.76;Premium;F;SI1;60.9;59;5.89;5.83;3.57;2631
0.76;Premium;F;SI1;62.7;58;5.83;5.78;3.64;2631
0.75;Premium;G;SI1;60.9;58;5.87;5.83;3.56;2631
0.59;Very Good;F;IF;59.9;63;5.44;5.47;3.27;2632
0.55;Ideal;G;VVS1;61.2;56;5.27;5.29;3.23;2632
0.57;Ideal;E;VVS1;62.3;53.5;5.29;5.33;3.31;2632
0.73;Ideal;D;SI1;60.2;56;5.86;5.94;3.55;2632
0.71;Premium;F;SI1;62.7;57;5.68;5.65;3.55;2633
0.51;Very Good;F;VVS2;60.3;55;5.22;5.26;3.16;2633
0.7;Good;G;VS2;63.1;55;5.61;5.64;3.55;2633
0.7;Very Good;G;VS2;62.2;61;5.54;5.59;3.46;2633
0.7;Ideal;E;VS2;61.4;57;5.76;5.8;3.55;2633
0.7;Ideal;G;VS2;60;57;5.8;5.84;3.49;2633
0.77;Very Good;G;SI1;62.7;57;5.79;5.85;3.65;2633
0.7;Ideal;E;VS2;62.1;57;5.68;5.73;3.54;2633
0.7;Premium;G;VS2;61.6;58;5.69;5.73;3.52;2633
0.79;Very Good;F;SI1;62.8;55;5.88;5.94;3.71;2633
0.71;Ideal;D;SI2;60;57;5.83;5.81;3.49;2633
0.71;Ideal;F;SI1;61.5;56;5.76;5.69;3.52;2633
0.71;Ideal;D;SI2;61.3;57;5.78;5.71;3.52;2633
0.71;Ideal;D;SI2;61.5;56;5.78;5.74;3.54;2633
0.71;Premium;F;SI1;59.7;60;5.82;5.77;3.46;2633
0.71;Premium;F;SI1;59.8;61;5.81;5.79;3.47;2633
0.75;Very Good;G;SI1;62.1;60;5.79;5.83;3.61;2634
0.61;Ideal;F;VVS2;62.2;55;5.42;5.45;3.38;2634
0.61;Ideal;F;VVS2;61.8;55;5.43;5.47;3.37;2634
0.9;Ideal;F;I1;61.8;57;6.2;6.13;3.81;2634
0.77;Very Good;G;SI1;58.4;63;5.95;6.03;3.5;2635
0.85;Ideal;H;SI2;61.8;54;6.07;6.1;3.76;2635
0.77;Ideal;I;VS1;61.4;56;5.86;5.9;3.61;2635
0.7;Ideal;F;SI1;61.8;54;5.71;5.75;3.54;2635
0.7;Ideal;F;SI1;61.8;53;5.7;5.75;3.54;2635
0.58;Very Good;F;VVS1;59.7;57;5.48;5.51;3.28;2636
0.7;Premium;H;VS1;60.6;59;5.81;5.74;3.5;2636
0.72;Good;H;VS1;60;61.2;5.74;5.83;3.47;2637
0.71;Ideal;F;SI2;62.1;56;5.75;5.7;3.56;2637
0.71;Ideal;I;VS1;61.9;55;5.75;5.71;3.55;2637
0.71;Ideal;I;VS1;61.8;54;5.77;5.72;3.56;2637
0.74;Very Good;E;SI2;59.9;59;5.93;5.95;3.56;2638
0.74;Very Good;E;VS2;61.4;63;5.79;5.77;3.55;2638
0.5;Ideal;D;VVS2;61.9;55.1;5.07;5.1;3.15;2639
0.5;Ideal;D;VVS2;61.8;54.1;5.1;5.14;3.16;2639
0.9;Fair;E;SI2;64.4;58;6.07;6.01;3.89;2639
0.8;Good;E;SI2;57.7;65;6.13;6.08;3.52;2640
0.73;Very Good;H;VS1;61.6;59;5.74;5.81;3.56;2641
0.71;Good;D;SI1;64;56;5.59;5.63;3.59;2641
0.81;Good;I;VS2;63.8;58;5.89;5.84;3.74;2641
0.72;Ideal;E;SI1;61.2;56;5.75;5.79;3.53;2642
0.72;Very Good;E;SI1;63;56;5.73;5.76;3.62;2642
0.77;Good;F;SI1;63.2;57;5.82;5.85;3.69;2642
0.77;Good;D;SI2;63.8;58;5.78;5.81;3.7;2642
0.77;Ideal;F;SI1;61.9;57;5.88;5.91;3.65;2642
0.72;Ideal;I;VVS1;61.3;57;5.74;5.77;3.53;2642
0.72;Ideal;I;VVS1;61.4;57;5.77;5.8;3.55;2642
0.72;Ideal;H;VS1;61.6;59;5.75;5.78;3.55;2642
0.72;Ideal;F;SI1;61.5;58;5.72;5.76;3.53;2642
0.7;Very Good;E;SI1;63.1;58;5.61;5.64;3.55;2643
0.82;Very Good;F;SI2;62.9;59;5.89;5.93;3.72;2643
0.59;Ideal;E;VVS2;62;55;5.36;5.41;3.34;2643
0.71;Very Good;G;SI1;57.5;61;5.91;5.96;3.41;2644
0.63;Ideal;F;VS1;62.3;56;5.46;5.49;3.41;2644
0.73;Ideal;E;SI1;60.5;57;5.85;5.88;3.55;2644
0.7;Premium;H;VVS2;61;62;5.72;5.66;3.47;2644
0.55;Ideal;D;VVS2;61.1;57;5.32;5.29;3.24;2644
0.73;Premium;F;SI1;58.7;59;5.97;5.92;3.49;2644
0.7;Ideal;H;VVS2;62.5;56;5.7;5.63;3.54;2644
0.76;Premium;E;SI1;61.6;59;5.83;5.79;3.58;2644
0.5;Ideal;F;IF;62;55;5.09;5.13;3.17;2645
0.72;Very Good;E;SI1;58.9;58;5.88;5.91;3.47;2646
0.72;Premium;G;VS1;62.3;61;5.73;5.66;3.55;2646
0.72;Premium;F;VS2;61.5;58;5.73;5.69;3.51;2646
0.78;Premium;I;VS2;62.7;58;5.89;5.82;3.68;2646
0.71;Very Good;G;VS2;61.8;56;5.69;5.74;3.53;2647
0.72;Good;F;SI1;63.1;56;5.67;5.68;3.58;2647
0.86;Good;G;SI2;63.2;53;6.06;6.1;3.84;2647
0.72;Ideal;D;SI2;62.7;55;5.7;5.72;3.58;2647
0.72;Good;F;SI1;63.4;58;5.66;5.69;3.6;2647
0.93;Premium;E;I1;62.3;60;6.23;6.2;3.87;2647
0.74;Premium;F;SI1;61.4;59;5.81;5.82;3.57;2648
0.7;Premium;G;VS1;62.6;58;5.64;5.61;3.52;2648
0.7;Premium;G;VS1;60.6;62;5.68;5.64;3.43;2648
0.7;Premium;G;VS1;62.2;57;5.69;5.66;3.53;2648
0.7;Premium;F;VS2;63;61;5.64;5.59;3.54;2648
0.7;Premium;F;VS2;62.5;56;5.67;5.63;3.53;2648
0.7;Premium;F;VS2;62.2;59;5.68;5.64;3.52;2648
0.7;Premium;F;VS2;60.5;58;5.78;5.76;3.49;2648
0.82;Premium;I;VS2;62.6;59;5.91;5.87;3.69;2648
0.66;Ideal;F;VS2;62.4;54;5.55;5.61;3.48;2648
0.7;Ideal;H;VS1;62;59;5.68;5.71;3.53;2648
0.75;Fair;F;VS2;65.4;58;5.63;5.68;3.7;2648
0.71;Very Good;G;VS2;62.1;58;5.69;5.77;3.56;2649
0.81;Very Good;G;SI2;62.7;56;5.91;5.96;3.72;2649
0.79;Very Good;H;SI1;63.4;57;5.86;5.9;3.73;2649
0.71;Ideal;G;SI1;61.6;56;5.73;5.76;3.54;2649
0.71;Good;G;VS2;58.9;61;5.81;5.84;3.43;2649
0.8;Good;G;SI1;63.9;57;5.84;5.81;3.72;2650
0.72;Ideal;I;VS2;61.7;56;5.75;5.8;3.56;2650
0.3;Good;D;SI1;63.1;55;4.28;4.31;2.71;552
0.3;Ideal;D;SI1;62.2;56;4.25;4.3;2.66;552
0.3;Very Good;D;SI1;62.6;56;4.24;4.29;2.67;552
0.3;Premium;D;SI1;62;60;4.26;4.29;2.65;552
0.3;Premium;D;SI1;62.4;60;4.23;4.26;2.65;552
0.3;Premium;I;VVS1;62.6;60;4.25;4.28;2.67;552
0.3;Very Good;D;SI1;62.5;59;4.26;4.28;2.67;552
0.3;Ideal;D;SI1;62.1;54;4.31;4.35;2.69;552
0.3;Very Good;D;SI1;61;60;4.3;4.35;2.64;552
0.35;Good;H;VS2;63.7;57;4.48;4.53;2.87;552
0.3;Premium;D;SI1;62.3;58;4.28;4.32;2.68;552
0.3;Good;D;SI1;63.3;55;4.28;4.31;2.72;552
0.3;Ideal;I;VVS1;61.9;57;4.31;4.35;2.68;552
0.3;Good;D;SI1;63.3;59;4.22;4.25;2.68;552
0.3;Very Good;I;VVS1;60.5;60;4.32;4.34;2.62;552
0.3;Ideal;D;SI1;61.4;55;4.29;4.34;2.65;552
0.3;Good;I;VVS1;63.8;56;4.23;4.26;2.71;552
0.3;Ideal;D;SI1;61.7;56;4.31;4.35;2.67;552
0.3;Very Good;I;VVS1;61.2;60;4.27;4.29;2.62;552
0.3;Ideal;D;SI1;61.4;56;4.32;4.35;2.66;552
0.3;Very Good;I;VVS1;62.8;59;4.24;4.29;2.68;552
0.3;Ideal;I;VVS1;61.3;57;4.31;4.34;2.65;552
0.3;Ideal;D;SI1;62.2;55;4.29;4.33;2.68;552
0.3;Premium;D;SI1;61.6;58;4.29;4.32;2.65;552
0.3;Premium;D;SI1;62.5;58;4.27;4.31;2.68;552
0.3;Ideal;I;VVS1;62.3;55;4.28;4.29;2.67;552
0.3;Good;D;SI1;63.4;56;4.26;4.29;2.71;552
0.3;Very Good;D;SI1;62.3;59;4.22;4.25;2.64;552
0.3;Premium;D;SI1;62.7;60;4.23;4.26;2.66;552
0.3;Very Good;I;VVS1;62.5;60;4.24;4.27;2.66;552
0.72;Ideal;I;VS2;61.8;55;5.75;5.78;3.56;2650
0.72;Ideal;I;VS2;61.2;57;5.75;5.79;3.53;2650
0.72;Ideal;I;VS2;61.7;56;5.73;5.78;3.55;2650
0.72;Ideal;I;VS2;61.8;56;5.72;5.77;3.56;2650
0.71;Ideal;G;SI1;62.1;56;5.69;5.74;3.55;2650
0.72;Ideal;F;SI2;61.9;54.1;5.73;5.83;3.57;2651
0.72;Very Good;E;SI2;60.1;55.8;5.83;5.85;3.51;2651
0.71;Ideal;E;SI1;62.9;57;5.67;5.72;3.58;2651
0.71;Good;E;SI1;59.2;61;5.8;5.85;3.45;2651
0.76;Very Good;G;SI1;62.6;56;5.86;5.9;3.68;2652
0.8;Very Good;F;SI2;61.5;56;5.93;5.98;3.66;2652
0.71;Very Good;D;SI1;63.2;56;5.69;5.73;3.61;2652
0.6;Ideal;F;VVS2;62.3;56;5.37;5.41;3.36;2652
0.78;Ideal;I;VS2;61.2;58;5.88;5.92;3.61;2652
0.78;Ideal;I;VS2;59.8;58;5.98;6.02;3.59;2652
0.75;Ideal;E;SI1;61.5;56;5.88;5.84;3.6;2652
0.72;Ideal;I;VVS1;61.3;57;5.75;5.77;3.53;2654
0.73;Ideal;G;SI1;62.1;56;5.74;5.79;3.58;2654
0.74;Ideal;G;SI1;61.9;56;5.8;5.83;3.6;2654
0.71;Ideal;E;SI1;61.5;57;5.7;5.75;3.52;2654
0.71;Ideal;E;VS2;61.8;57;5.73;5.7;3.53;2654
0.79;Very Good;F;SI2;62.6;57;5.84;5.86;3.66;2655
0.72;Very Good;E;SI2;59.7;59;5.77;5.82;3.46;2655
0.81;Very Good;I;VS1;63.2;59;5.9;5.84;3.71;2655
0.74;Ideal;F;SI2;62;56;5.78;5.82;3.6;2655
0.62;Ideal;G;IF;62.2;54;5.46;5.51;3.41;2655
0.74;Ideal;D;SI1;62.2;57;5.81;5.77;3.6;2655
0.74;Premium;D;SI1;60.6;60;5.88;5.84;3.55;2655
1.2;Fair;G;I1;64.4;55;6.77;6.61;4.31;2655
0.55;Very Good;E;VVS2;59.9;58;5.29;5.33;3.18;2656
0.7;Very Good;D;SI1;60.3;60;5.74;5.77;3.47;2656
0.84;Very Good;F;SI2;62.8;57;5.99;6.04;3.78;2656
0.73;Ideal;H;SI1;62;55;5.76;5.85;3.6;2656
0.7;Ideal;E;SI1;62.6;57;5.64;5.67;3.54;2656
0.7;Ideal;E;SI1;62.6;55;5.62;5.66;3.53;2656
0.7;Ideal;E;SI1;61.4;57;5.71;5.75;3.52;2656
0.57;Ideal;F;IF;61.3;56;5.32;5.36;3.28;2656
0.79;Premium;F;SI1;62.8;55;5.94;5.88;3.71;2656
0.7;Fair;G;VS2;64.4;56;5.64;5.57;3.61;2657
0.7;Premium;F;SI1;58.6;59;5.83;5.78;3.4;2657
0.7;Good;H;VVS2;63.8;57;5.61;5.51;3.55;2657
0.7;Premium;E;VS2;62;60;5.7;5.59;3.5;2657
1;Good;D;I1;57.8;62;6.51;6.47;3.75;2657
1;Ideal;J;SI2;61.2;56;6.49;6.38;3.94;2657
0.8;Ideal;G;SI2;63;56;5.85;5.9;3.7;2657
0.8;Ideal;G;SI2;62.2;57;5.93;5.96;3.7;2657
0.7;Good;E;VS1;65.5;57;5.46;5.54;3.6;2657
0.7;Premium;G;VS2;58.1;55;5.83;5.8;3.38;2657
0.7;Very Good;G;VS2;63.3;56;5.63;5.59;3.55;2657
0.7;Premium;G;VS2;59.4;59;5.79;5.76;3.43;2657
0.7;Premium;G;VS2;60.9;60;5.72;5.68;3.47;2657
0.7;Ideal;F;VS2;61.6;57;5.76;5.71;3.53;2657
0.7;Premium;F;VS2;60.2;59;5.78;5.74;3.47;2657
0.7;Premium;G;VS2;62.2;61;5.59;5.54;3.46;2657
0.77;Premium;G;SI1;62.7;57;5.85;5.79;3.65;2657
0.7;Very Good;G;VS2;63.1;55;5.64;5.61;3.55;2657
0.77;Premium;G;SI1;61.6;59;5.9;5.85;3.62;2657
0.7;Premium;E;SI1;58.6;60;5.78;5.75;3.38;2657
0.53;Ideal;F;IF;61.3;57;5.19;5.21;3.19;2658
0.61;Ideal;D;VS1;61.9;56;5.43;5.45;3.37;2658
0.67;Premium;G;VVS2;60.1;60;5.66;5.58;3.38;2658
0.61;Ideal;G;IF;62.3;56;5.42;5.46;3.39;2659
0.71;Premium;D;VS2;62.7;58;5.53;5.67;3.54;2659
0.75;Ideal;I;VS1;61.1;59;5.85;5.87;3.58;2659
0.73;Ideal;G;SI1;60.7;56;5.89;5.81;3.55;2659
0.85;Ideal;H;SI2;61.8;54;6.1;6.07;3.76;2659
0.61;Ideal;F;VVS2;61.5;56;5.44;5.49;3.36;2660
0.71;Ideal;I;SI1;61.9;56;5.71;5.74;3.54;2660
0.71;Ideal;I;SI1;61.3;56;5.72;5.75;3.52;2660
0.73;Ideal;E;SI1;60.1;56;5.91;5.87;3.54;2661
0.87;Premium;F;SI2;61.5;57;6.13;6.1;3.76;2661
0.7;Very Good;F;SI1;60.6;60;5.71;5.75;3.47;2662
0.71;Very Good;F;VS2;62.2;56;5.7;5.72;3.55;2662
0.7;Ideal;F;SI1;61.7;54;5.72;5.75;3.54;2662
0.7;Ideal;F;SI1;62.6;55;5.67;5.68;3.55;2662
0.7;Ideal;F;SI1;61.7;58;5.67;5.7;3.51;2662
0.8;Good;G;SI1;65.3;57;5.78;5.85;3.8;2662
0.79;Very Good;H;SI1;63.2;59;5.87;5.84;3.7;2663
0.76;Very Good;H;SI1;61.6;58;5.88;5.91;3.63;2663
0.71;Ideal;E;SI1;61.7;56;5.72;5.75;3.54;2663
0.55;Ideal;E;VVS2;61.1;57;5.3;5.33;3.24;2664
0.78;Ideal;E;SI1;62.7;56;5.88;5.83;3.67;2664
0.77;Good;D;SI2;63.8;58;5.81;5.78;3.7;2665
0.7;Ideal;F;SI1;59.8;55;5.83;5.75;3.46;2665
0.74;Very Good;I;VVS1;62.6;57;5.76;5.78;3.61;2666
0.9;Fair;I;VS2;65.8;55;6.05;6.01;3.97;2666
0.72;Premium;E;SI1;61.3;58;5.81;5.78;3.55;2666
0.83;Ideal;H;SI2;61.1;59;6.05;6.1;3.71;2666
0.72;Premium;E;SI1;63;56;5.76;5.73;3.62;2666
0.72;Ideal;E;SI1;61.2;56;5.79;5.75;3.53;2666
0.77;Very Good;F;SI2;60.1;56;5.94;5.97;3.58;2667
0.72;Very Good;E;VS2;61.4;58;5.78;5.82;3.56;2667
0.71;Ideal;F;SI2;61.8;57;5.69;5.72;3.53;2667
0.58;Premium;F;VS1;61.1;59;5.39;5.35;3.28;2668
0.76;Very Good;E;SI1;63;59;5.76;5.8;3.64;2668
0.76;Ideal;H;VS2;62.7;57;5.82;5.86;3.66;2668
0.82;Ideal;E;SI2;62.1;55;6.04;6.01;3.74;2668
0.71;Ideal;F;SI2;61.5;55;5.78;5.75;3.54;2668
0.7;Premium;F;VS1;61.7;60;5.67;5.64;3.49;2669
0.71;Ideal;F;SI1;60.9;55;5.74;5.88;3.54;2669
0.7;Premium;F;VS1;62.2;58;5.63;5.59;3.49;2669
0.96;Premium;I;SI2;61.3;60;6.45;6.25;3.9;2669
0.77;Very Good;G;SI1;63;59;5.82;5.84;3.67;2670
0.8;Very Good;H;SI1;62.3;59;5.95;6;3.72;2670
0.7;Ideal;G;VS1;62.6;56;5.65;5.7;3.55;2670
0.72;Very Good;F;SI1;63.1;56;5.68;5.67;3.58;2670
0.72;Ideal;D;SI2;62.7;55;5.72;5.7;3.58;2670
0.72;Premium;D;SI2;60.5;58;5.88;5.79;3.53;2670
0.72;Premium;F;SI1;59.5;62;5.85;5.74;3.45;2670
0.72;Very Good;F;SI1;63.4;58;5.69;5.66;3.6;2670
0.72;Very Good;G;VS1;60;59;5.8;5.84;3.49;2671
0.7;Very Good;E;VS1;62.7;60;5.59;5.64;3.52;2671
0.71;Premium;G;VS2;60.3;60;5.76;5.81;3.49;2671
0.71;Very Good;G;VS2;61.9;62;5.69;5.72;3.53;2671
0.54;Ideal;D;VVS2;61.3;56;5.22;5.26;3.21;2671
0.7;Ideal;F;VS2;62;56;5.71;5.74;3.55;2671
0.7;Ideal;F;VS2;61.8;54;5.68;5.71;3.52;2671
0.73;Ideal;D;SI2;61.8;57;5.75;5.78;3.56;2671
0.7;Ideal;F;SI1;60.3;58;5.76;5.81;3.49;2671
0.7;Ideal;F;SI1;60.7;57;5.78;5.82;3.52;2671
0.7;Ideal;F;SI1;61.1;56;5.74;5.78;3.52;2671
0.72;Good;F;VS2;58;57;5.93;6.01;3.46;2671
0.74;Premium;F;SI1;61.4;59;5.82;5.81;3.57;2671
0.7;Very Good;F;SI1;62.5;59;5.66;5.54;3.5;2672
0.96;Fair;H;SI2;67.6;63;5.99;5.84;4.01;2672
0.72;Very Good;F;SI1;61.1;54;5.82;5.84;3.56;2673
0.7;Very Good;E;VS2;62.9;56;5.61;5.67;3.55;2673
0.7;Premium;E;VS2;60.9;59;5.68;5.71;3.47;2673
0.7;Premium;E;VS2;60.8;58;5.7;5.74;3.48;2673
0.73;Good;H;VS1;64.1;58.8;5.63;5.67;3.62;2673
0.81;Ideal;E;SI2;61.4;57;6;5.97;3.68;2673
0.7;Very Good;G;SI1;59.1;62;5.8;5.91;3.46;2674
0.92;Very Good;D;I1;63;58;6.13;6.18;3.88;2674
0.75;Good;E;SI1;63.4;57;5.75;5.77;3.65;2674
0.71;Premium;E;SI1;60.3;60;5.77;5.74;3.47;2674
0.72;Ideal;F;SI2;61.9;54;5.83;5.73;3.57;2674
0.72;Ideal;F;SI2;60.8;56;5.82;5.79;3.53;2674
0.72;Ideal;E;SI2;60.1;56;5.85;5.83;3.51;2674
0.73;Very Good;F;SI1;61.4;60;5.74;5.76;3.53;2675
0.52;Ideal;E;VVS2;61.3;56;5.18;5.2;3.18;2675
0.7;Very Good;G;VS1;59.2;58;5.8;5.83;3.44;2676
0.7;Very Good;G;VS1;61.7;59;5.66;5.69;3.5;2676
0.91;Good;I;SI1;64.2;59;5.98;6.05;3.86;2676
0.56;Ideal;F;VVS2;61.1;57;5.32;5.35;3.25;2676
0.7;Ideal;F;VS2;62.2;55;5.66;5.72;3.54;2676
0.7;Very Good;D;SI1;61.1;57;5.74;5.66;3.48;2677
0.48;Very Good;D;IF;60.6;55;5.08;5.12;3.09;2677
0.77;Ideal;E;SI2;62.4;56;5.83;5.86;3.65;2677
0.8;Ideal;I;SI1;62.6;56.1;5.87;5.92;3.7;2677
0.7;Ideal;E;SI1;62.8;55;5.65;5.69;3.56;2677
0.92;Good;G;SI2;63.8;57;6.19;6.13;3.93;2677
0.72;Ideal;I;VVS1;61.3;57;5.77;5.75;3.53;2678
0.73;Very Good;E;SI1;63.2;58;5.71;5.74;3.62;2679
0.72;Premium;G;VVS2;60.7;60;5.8;5.87;3.54;2679
0.7;Premium;E;SI1;60.7;58;5.73;5.74;3.48;2679
0.59;Ideal;F;VVS2;62;54;5.36;5.38;3.33;2679
0.76;Ideal;I;VS1;61.5;57;5.85;5.89;3.61;2679
0.64;Ideal;E;VS1;60.8;56;5.61;5.59;3.41;2679
0.9;Good;I;SI2;60.9;63;6.13;6.21;3.76;2680
0.71;Ideal;E;SI1;61.7;56;5.69;5.72;3.52;2680
0.75;Ideal;I;VS2;60.4;59;5.86;5.9;3.55;2680
0.76;Ideal;E;SI2;61.5;55;5.88;5.93;3.63;2680
0.76;Ideal;E;SI2;61.6;55;5.87;5.92;3.63;2680
0.76;Ideal;E;SI2;61.5;57;5.83;5.87;3.6;2680
0.76;Good;E;SI2;58.8;59;5.95;5.99;3.51;2680
0.7;Very Good;G;VVS2;63.6;57;5.59;5.63;3.57;2681
0.71;Very Good;D;SI1;63.2;58;5.65;5.68;3.58;2681
0.7;Very Good;D;SI1;58.2;60;5.75;5.79;3.36;2681
0.7;Good;D;SI1;62.6;60;5.57;5.61;3.5;2681
0.71;Ideal;I;VS2;62.2;55;5.71;5.73;3.56;2681
0.71;Ideal;E;SI1;62.4;56;5.68;5.7;3.55;2681
0.9;Premium;F;SI2;58.5;60;6.3;6.25;3.67;2681
0.77;Very Good;I;VS1;62.2;59;5.83;5.85;3.63;2682
0.71;Very Good;E;VS2;63.7;54;5.65;5.66;3.6;2682
0.76;Ideal;F;SI1;61.7;55;5.87;5.9;3.63;2682
0.76;Ideal;D;SI2;62.2;57;5.83;5.85;3.63;2682
0.57;Ideal;F;VVS1;62.5;56;5.27;5.32;3.31;2682
0.5;Ideal;E;VVS1;61.9;58;5.07;5.11;3.15;2682
0.53;Ideal;F;IF;61.3;57;5.21;5.19;3.19;2682
0.7;Very Good;H;VVS1;63.5;58;5.63;5.59;3.56;2682
0.71;Premium;D;VS2;62.7;58;5.67;5.53;3.54;2683
0.71;Very Good;D;SI1;61;58;5.71;5.87;3.53;2683
0.75;Premium;F;SI1;61.5;58;5.83;5.87;3.6;2683
0.73;Ideal;D;SI2;62.4;56;5.74;5.77;3.59;2683
1.01;Premium;J;SI2;58.3;62;6.49;6.43;3.77;2683
1.01;Fair;J;SI2;66.9;58;6.13;6.07;4.08;2683
0.73;Premium;G;VS1;63;57;5.75;5.67;3.6;2683
0.73;Premium;F;VS2;62.3;60;5.77;5.73;3.58;2683
1.01;Premium;J;SI2;59.3;56;6.51;6.45;3.84;2683
0.74;Very Good;F;SI1;62.9;57;5.76;5.79;3.63;2684
0.71;Very Good;E;SI1;63.5;57;5.63;5.68;3.59;2685
0.72;Premium;G;VS1;61.7;59;5.71;5.66;3.51;2685
0.71;Ideal;H;VS1;62.8;57;5.65;5.72;3.57;2685
0.74;Good;F;SI2;62.6;65;5.66;5.69;3.55;2685
0.71;Fair;G;VS1;65.5;55;5.62;5.53;3.65;2686
0.7;Very Good;D;SI1;63.5;58;5.61;5.64;3.57;2686
0.7;Very Good;D;SI1;62.1;56;5.65;5.69;3.52;2686
0.71;Ideal;G;VS1;61;57;5.77;5.74;3.51;2686
0.71;Premium;F;VS2;59.6;59;5.81;5.77;3.45;2686
0.7;Premium;F;VS2;62.4;59;5.68;5.64;3.53;2686
0.71;Premium;G;VS1;60.8;59;5.76;5.72;3.49;2686
0.71;Premium;F;VS2;61.9;59;5.75;5.72;3.55;2686
0.71;Ideal;F;VS2;62.8;56;5.66;5.61;3.54;2686
0.73;Ideal;I;VS2;61.9;56;5.77;5.8;3.59;2686
0.72;Ideal;G;SI1;61.4;56;5.75;5.78;3.54;2686
0.8;Fair;H;VS2;65.3;58;5.78;5.73;3.76;2686
0.9;Very Good;J;VS2;63.3;56;6.13;6.1;3.87;2686
0.71;Premium;F;VS2;62.4;59;5.71;5.66;3.55;2686
0.72;Very Good;E;SI1;61.6;58;5.74;5.78;3.55;2688
0.72;Very Good;E;SI2;61.4;58;5.76;5.8;3.55;2688
0.72;Ideal;E;SI1;62.1;54;5.76;5.8;3.59;2688
0.82;Premium;F;SI2;59.5;62;6.13;6.08;3.63;2688
0.76;Premium;E;SI2;61.5;58;5.86;5.81;3.59;2688
0.77;Ideal;E;SI2;62.3;57;5.88;5.91;3.67;2689
0.71;Very Good;G;VS2;61.3;59;5.72;5.76;3.52;2690
0.74;Very Good;G;SI1;61.6;58;5.78;5.81;3.57;2690
0.71;Very Good;D;SI1;60.9;60;5.71;5.76;3.49;2690
0.76;Ideal;H;VVS2;61.8;57;5.84;5.91;3.63;2690
0.74;Ideal;I;VS1;62.5;56;5.76;5.8;3.61;2690
0.74;Ideal;G;SI2;61.7;56;5.8;5.87;3.6;2690
0.74;Ideal;D;SI2;62.2;57;5.78;5.82;3.61;2690
0.71;Ideal;D;SI2;61.6;56;5.78;5.82;3.57;2690
0.74;Ideal;D;SI2;61.1;57;5.81;5.84;3.56;2690
0.71;Ideal;D;SI1;61.3;57;5.74;5.78;3.53;2690
0.72;Fair;E;VS2;64.4;59;5.67;5.64;3.64;2691
0.9;Good;J;VS2;64.1;56;6.12;6.08;3.91;2691
0.72;Ideal;E;VS2;62.7;55;5.76;5.73;3.6;2691
0.51;Ideal;E;VVS1;61.1;54.7;5.16;5.2;3.17;2691
0.7;Ideal;H;VS1;61.8;56;5.69;5.72;3.53;2691
0.72;Fair;F;SI1;64.8;55;5.64;5.6;3.64;2691
0.9;Fair;G;SI1;72.9;54;5.74;5.67;4.16;2691
0.72;Premium;D;SI1;60.4;59;5.77;5.72;3.47;2691
0.78;Fair;H;VS2;54.7;67;6.25;6.15;3.4;2691
0.76;Ideal;H;VS2;62.7;57;5.86;5.82;3.66;2692
0.72;Very Good;D;SI2;61.3;59;5.74;5.78;3.53;2692
0.82;Ideal;G;SI2;61.6;56;5.98;6.04;3.7;2692
0.82;Premium;I;VS2;62.2;59;5.97;6.03;3.73;2692
0.75;Very Good;F;SI1;63.7;58;5.73;5.77;3.66;2693
0.71;Very Good;D;SI1;61.7;59;5.7;5.74;3.53;2693
0.9;Very Good;J;SI2;62.3;59;6.15;6.18;3.84;2693
0.9;Good;J;SI2;63.9;56;6.1;6.17;3.92;2693
0.7;Ideal;H;VVS2;62.5;56;5.7;5.63;3.54;2693
0.7;Ideal;E;VS2;62.5;55;5.73;5.7;3.57;2693
0.78;Very Good;I;VS1;60.9;55;5.94;5.98;3.63;2694
0.58;Ideal;E;VVS2;61.8;57;5.37;5.4;3.33;2694
0.8;Ideal;I;VS2;62.6;54;5.93;5.96;3.72;2694
0.76;Ideal;F;SI2;61.5;55;5.87;5.9;3.62;2694
0.71;Premium;F;VS2;60.8;58;5.79;5.76;3.51;2694
0.71;Ideal;D;SI1;63;55;5.64;5.57;3.53;2694
0.71;Premium;G;VS2;60.3;60;5.81;5.76;3.49;2694
0.71;Premium;G;VS2;61.9;62;5.72;5.69;3.53;2694
0.71;Premium;G;VVS1;62.7;58;5.71;5.67;3.57;2694
0.71;Premium;G;VS1;60.9;58;5.77;5.73;3.5;2694
0.71;Very Good;H;VVS2;63;56;5.63;5.68;3.56;2695
1;Premium;H;I1;61.3;60;6.39;6.43;3.93;2695
0.7;Very Good;E;VS1;63.4;62;5.64;5.56;3.55;2695
0.7;Premium;E;VS1;62.7;60;5.64;5.59;3.52;2695
0.56;Ideal;E;VVS2;60.9;56;5.4;5.33;3.27;2696
0.7;Good;E;SI1;60.4;61;5.73;5.76;3.47;2696
0.7;Premium;E;VS2;60.8;58;5.74;5.7;3.48;2697
0.7;Premium;E;VS2;60.9;59;5.71;5.68;3.47;2697
0.71;Very Good;F;VS2;60.6;58;5.74;5.81;3.5;2697
0.72;Very Good;D;VS2;61;59;5.74;5.77;3.51;2697
0.7;Ideal;E;VS2;62.8;57;5.71;5.62;3.56;2697
0.63;Ideal;E;VVS2;61.6;57;5.52;5.49;3.39;2697
0.7;Ideal;E;VS2;62.7;56;5.73;5.63;3.56;2697
0.54;Good;E;VVS1;60.3;61;5.3;5.32;3.2;2697
0.7;Fair;E;VS2;60.6;64;5.77;5.62;3.45;2697
0.7;Fair;E;SI1;64.4;53;5.61;5.57;3.6;2697
0.7;Ideal;F;SI1;62.2;55;5.73;5.68;3.55;2697
0.74;Very Good;F;SI1;61.7;55;5.83;5.87;3.61;2698
0.75;Premium;E;SI1;62.8;56;5.78;5.75;3.62;2698
0.6;Ideal;F;VVS2;60.9;57;5.45;5.48;3.33;2698
0.75;Very Good;E;SI1;63.4;57;5.77;5.75;3.65;2698
0.92;Premium;D;I1;63;58;6.18;6.13;3.88;2698
0.88;Very Good;I;SI1;62.5;56;6.06;6.19;3.83;2699
0.8;Ideal;G;SI1;60.8;57;6.02;6.05;3.67;2699
0.8;Premium;H;SI1;62;59;5.91;5.96;3.68;2699
0.7;Ideal;G;SI1;62;56;5.66;5.69;3.52;2699
0.71;Ideal;F;SI1;61.3;57;5.72;5.79;3.53;2699
0.74;Ideal;E;SI1;61.6;54;5.82;5.9;3.61;2699
0.7;Ideal;D;SI1;61.4;57;5.68;5.72;3.5;2699
0.7;Good;H;VVS2;58.9;61.5;5.77;5.84;3.42;2699
0.7;Good;G;VS2;62.6;61;5.57;5.61;3.5;2699
0.76;Fair;H;VVS2;64.8;57;5.67;5.81;3.71;2699
1.22;Premium;G;I1;59.2;60;6.97;6.9;4.1;2699
0.72;Good;F;VS2;63.5;55;5.7;5.74;3.63;2700
0.78;Ideal;F;SI1;62.4;54;5.95;5.9;3.7;2700
0.71;Ideal;J;SI1;60.6;57;5.78;5.83;3.52;2700
0.91;Good;I;SI1;64.2;59;6.05;5.98;3.86;2700
0.91;Premium;I;SI1;58.4;55;6.34;6.32;3.7;2700
0.75;Fair;F;SI1;64.6;57;5.7;5.67;3.67;2700
0.7;Ideal;F;SI1;61;56;5.75;5.72;3.5;2700
0.7;Ideal;F;SI1;61.3;57;5.75;5.71;3.51;2700
0.81;Very Good;I;SI1;60.3;58;6;6.04;3.63;2701
0.7;Ideal;F;VVS2;61.9;55;5.72;5.68;3.53;2701
0.71;Ideal;I;IF;61.7;59;5.7;5.74;3.53;2701
0.74;Ideal;F;SI1;62.5;56;5.8;5.76;3.61;2702
0.75;Good;E;SI2;62.3;58;5.78;5.81;3.61;2702
0.72;Premium;G;VVS2;60.7;60;5.87;5.8;3.54;2703
0.35;Ideal;I;VS1;61.6;56;4.54;4.58;2.81;552
0.35;Very Good;H;VS2;59.6;62;4.57;4.62;2.74;552
0.3;Very Good;D;SI1;62.2;58;4.28;4.31;2.67;552
0.3;Very Good;D;SI1;62.2;61;4.24;4.28;2.65;552
0.3;Premium;D;SI1;62.2;58;4.28;4.31;2.67;552
0.3;Ideal;I;VVS1;62.4;56;4.3;4.32;2.69;552
0.3;Very Good;D;SI1;62.1;58;4.25;4.28;2.65;552
0.3;Very Good;D;SI1;61;61;4.27;4.29;2.61;552
0.3;Ideal;D;SI1;61.9;56;4.28;4.31;2.66;552
0.3;Ideal;I;VVS1;61.1;57;4.32;4.36;2.65;552
0.3;Good;D;SI1;63.2;56;4.24;4.27;2.69;552
0.35;Premium;I;VS1;61.1;60;4.52;4.58;2.78;552
0.3;Good;D;SI1;63.8;57;4.27;4.29;2.73;552
0.3;Premium;I;VVS1;62.2;58;4.28;4.31;2.67;552
0.3;Ideal;D;SI1;62;56;4.3;4.34;2.68;552
0.3;Good;I;VVS1;63.1;57;4.27;4.29;2.7;552
0.35;Very Good;I;VS1;60.7;62;4.53;4.59;2.77;552
0.3;Very Good;D;SI1;61.3;60;4.26;4.32;2.63;552
0.3;Premium;D;SI1;61.7;59;4.28;4.31;2.65;552
0.35;Premium;I;VS1;61.8;58;4.5;4.53;2.79;552
0.3;Very Good;D;SI1;60.6;60;4.3;4.32;2.61;552
0.3;Ideal;D;SI1;61;54;4.34;4.35;2.65;552
0.3;Premium;I;VVS1;61.1;59;4.31;4.33;2.64;552
0.3;Ideal;D;SI1;61.9;54;4.32;4.34;2.68;552
0.3;Ideal;D;SI1;61.6;56;4.3;4.34;2.66;552
0.3;Ideal;I;VVS1;62.1;56;4.3;4.33;2.68;552
0.3;Ideal;D;SI1;61.6;57;4.28;4.32;2.65;552
0.3;Very Good;D;SI1;62.5;57;4.26;4.28;2.67;552
0.3;Ideal;D;SI1;61;57;4.29;4.33;2.63;552
0.3;Ideal;D;SI1;61;56;4.35;4.37;2.66;552
0.73;Very Good;F;SI1;59.4;60;5.84;5.87;3.48;2703
0.73;Very Good;D;SI2;60.4;59;5.8;5.86;3.52;2703
0.7;Ideal;E;SI1;62.4;55;5.66;5.69;3.54;2703
0.7;Premium;E;SI1;60.7;58;5.74;5.73;3.48;2703
0.73;Premium;E;SI1;62.7;58;5.76;5.7;3.59;2703
0.9;Very Good;I;SI2;60.9;63;6.21;6.13;3.76;2704
0.71;Ideal;E;SI1;61.7;56;5.72;5.69;3.52;2704
0.71;Ideal;E;SI1;59.9;56;5.86;5.8;3.49;2704
0.71;Ideal;E;SI1;61.3;57;5.81;5.78;3.55;2704
1.05;Very Good;J;I1;59.6;63;6.61;6.55;3.92;2705
0.72;Good;F;VS2;61.1;60;5.72;5.76;3.51;2705
0.7;Premium;D;SI1;58.2;60;5.79;5.75;3.36;2705
0.78;Ideal;G;SI2;61.5;56;5.94;5.97;3.66;2706
0.72;Ideal;F;SI1;61.7;59;5.75;5.79;3.56;2706
0.76;Ideal;D;SI2;62.2;57;5.85;5.83;3.63;2706
0.76;Good;F;SI1;57.9;56;6.08;6;3.5;2706
0.76;Premium;D;SI2;58.8;57;6.03;5.98;3.51;2706
0.86;Ideal;I;VS2;63;53;6.1;6.06;3.83;2706
0.76;Premium;F;SI1;62;60;5.88;5.76;3.61;2706
0.73;Ideal;D;SI2;62.4;56;5.77;5.74;3.59;2707
0.71;Fair;F;VS1;57.3;67;5.96;5.76;3.36;2707
0.73;Ideal;E;SI1;61.6;57;5.81;5.78;3.57;2707
0.73;Very Good;G;VS1;61;60;5.76;5.84;3.54;2708
0.8;Very Good;D;SI2;63.7;57;5.87;5.9;3.75;2708
0.72;Good;G;VS2;63.1;57;5.71;5.74;3.61;2708
1.09;Premium;I;SI2;62.3;62;6.63;6.57;4.11;2708
0.81;Ideal;J;VS2;62.1;56;5.92;5.97;3.69;2708
0.71;Very Good;H;VVS2;63;58;5.64;5.72;3.58;2709
0.71;Very Good;F;VS2;61.3;56;5.7;5.76;3.51;2709
0.74;Very Good;H;VS1;61.9;59.1;5.74;5.77;3.56;2709
0.84;Ideal;J;VS2;61.1;57;6.09;6.12;3.73;2709
0.71;Ideal;E;VS2;61.7;56;5.73;5.75;3.54;2709
0.7;Ideal;H;VS1;61.9;56;5.7;5.73;3.54;2710
0.7;Fair;G;VVS2;65.3;61;5.58;5.48;3.61;2710
0.71;Very Good;G;SI1;60;59;5.76;5.8;3.47;2711
0.71;Premium;E;VS2;59.9;58;5.78;5.81;3.47;2711
0.71;Premium;E;VS2;62.1;59;5.68;5.72;3.54;2711
0.71;Premium;E;VS2;59;59;5.78;5.88;3.44;2711
0.56;Ideal;E;VVS2;61.7;56;5.31;5.33;3.28;2712
0.79;Ideal;I;VS2;63;58;5.85;5.89;3.7;2712
0.73;Ideal;F;SI2;62.1;56;5.8;5.76;3.59;2712
0.74;Very Good;D;SI2;62.2;59;5.75;5.79;3.59;2713
0.74;Very Good;D;SI2;63.1;58;5.69;5.79;3.62;2713
0.58;Very Good;D;VVS2;60;55;5.44;5.49;3.28;2714
0.81;Very Good;I;VS2;64;60;5.84;5.88;3.75;2714
0.74;Very Good;F;SI1;62.7;58;5.71;5.78;3.6;2715
0.8;Very Good;E;SI2;62.9;54;5.91;6.02;3.75;2715
0.74;Ideal;I;VVS1;62.3;55;5.77;5.82;3.61;2715
0.82;Very Good;G;SI1;63.1;52;6.02;5.97;3.78;2716
0.55;Ideal;F;VVS1;60.6;57;5.33;5.36;3.24;2716
0.82;Premium;I;VS2;62.2;59;6.03;5.97;3.73;2716
0.9;Premium;J;SI2;62.7;57;6.09;6.06;3.8;2717
1;Good;F;I1;64.2;59;6.26;6.3;4.03;2717
0.77;Ideal;F;SI1;61.3;56;5.91;5.94;3.63;2717
0.71;Ideal;E;SI1;61.8;57;5.72;5.76;3.55;2717
0.75;Good;E;VS2;59.7;65;5.85;5.8;3.48;2717
0.7;Premium;H;VVS2;59.6;59;5.83;5.78;3.46;2717
0.7;Fair;H;VVS2;64.5;65;5.52;5.45;3.54;2717
1.05;Fair;H;SI2;64.8;55;6.39;6.32;4.12;2717
0.9;Premium;J;SI2;63;59;6.14;6.11;3.86;2717
0.7;Ideal;F;VS2;61.3;56;5.74;5.71;3.51;2717
0.7;Premium;F;VS2;62.6;61;5.66;5.61;3.53;2717
0.9;Good;J;SI2;63.9;56;6.17;6.1;3.92;2717
0.51;Ideal;D;VVS2;61.7;56;5.14;5.16;3.18;2718
0.51;Ideal;D;VVS2;61.3;57;5.14;5.17;3.16;2718
0.6;Ideal;F;VVS2;61;57;5.43;5.46;3.32;2718
0.81;Good;F;SI1;64.3;53;5.91;5.97;3.81;2718
0.72;Premium;D;SI1;61.8;58;5.81;5.75;3.57;2718
0.91;Ideal;F;SI2;61.8;56;6.19;6.17;3.82;2718
0.75;Very Good;E;SI2;60.2;57;5.89;5.94;3.56;2719
0.71;Good;D;SI1;63.1;56;5.68;5.73;3.6;2719
0.71;Ideal;D;SI1;62.5;55;5.69;5.74;3.57;2719
0.71;Ideal;D;SI1;61.5;56;5.7;5.75;3.52;2719
0.76;Ideal;F;SI1;62.6;56;5.82;5.88;3.66;2719
0.76;Ideal;F;SI1;62.6;57;5.84;5.89;3.67;2719
0.57;Ideal;E;VVS2;60.6;56.2;5.36;5.4;3.26;2719
0.7;Ideal;E;VS2;60.3;57;5.7;5.8;3.47;2719
0.51;Ideal;E;VVS1;61.9;54;5.11;5.17;3.18;2720
0.72;Premium;G;VVS2;61.6;58;5.78;5.81;3.57;2720
0.55;Ideal;D;VVS2;61.6;56;5.23;5.29;3.24;2720
0.83;Ideal;H;SI1;62.4;57;6.03;5.98;3.75;2720
0.78;Very Good;G;SI1;63;58;5.82;5.86;3.68;2721
0.78;Very Good;G;SI1;63.3;56;5.83;5.86;3.7;2721
0.7;Good;F;VVS2;63.1;58;5.6;5.66;3.55;2721
0.71;Ideal;I;SI1;61.5;55;5.76;5.79;3.55;2721
0.72;Premium;D;VS2;61.1;60;5.74;5.69;3.49;2721
0.72;Premium;D;VS2;61;59;5.77;5.74;3.51;2721
0.78;Fair;E;SI2;66.9;57;5.7;5.66;3.6;2721
0.82;Premium;H;SI1;59.9;57;6.11;6.07;3.65;2721
0.57;Ideal;F;VVS2;60.6;56;5.35;5.38;3.25;2722
0.78;Ideal;D;SI2;61.3;56;5.95;5.99;3.66;2722
0.72;Very Good;E;SI1;63.1;58;5.69;5.72;3.6;2723
0.8;Very Good;G;SI1;59.4;60;6.03;6.06;3.59;2723
0.82;Premium;F;SI2;60.3;57;6.07;6.03;3.65;2723
0.77;Premium;E;SI2;61.3;55;5.9;5.85;3.6;2723
0.7;Ideal;G;VS2;62.3;57;5.65;5.68;3.53;2723
0.7;Ideal;G;VS2;62.3;57;5.66;5.7;3.54;2723
0.7;Ideal;G;VS2;62.7;54;5.66;5.7;3.56;2723
0.7;Ideal;G;VS2;62.3;57;5.67;5.7;3.54;2723
0.73;Good;E;VS2;63.3;60;5.67;5.73;3.61;2723
0.77;Premium;E;SI2;59.8;56;6.01;5.96;3.58;2723
0.78;Good;E;SI1;57.9;62;6.06;6.03;3.5;2723
0.74;Ideal;G;VS2;62.9;54;5.81;5.78;3.64;2723
0.74;Premium;F;SI1;62.3;61;5.8;5.76;3.6;2723
0.74;Ideal;D;SI1;62.2;56;5.82;5.78;3.61;2723
1;Fair;G;I1;61.7;57;6.39;6.28;3.91;2723
0.71;Very Good;D;SI1;61.1;56;5.74;5.78;3.52;2724
0.7;Very Good;D;SI1;61.1;61;5.67;5.76;3.49;2724
0.56;Very Good;E;IF;59.9;60;5.31;5.38;3.2;2724
0.7;Ideal;G;VS1;61.9;57;5.7;5.68;3.52;2724
0.72;Ideal;G;VS1;62.7;55;5.71;5.68;3.57;2724
0.72;Ideal;F;VS2;60.3;56;5.84;5.81;3.51;2724
0.72;Premium;F;VS2;61.6;58;5.76;5.73;3.54;2724
0.72;Premium;F;VS2;62.1;57;5.73;5.71;3.55;2724
0.72;Ideal;F;VS2;62.6;57;5.72;5.68;3.57;2724
0.7;Good;F;VS1;63.7;55;5.56;5.61;3.56;2724
0.84;Fair;G;VS1;55.6;64;6.42;6.32;3.54;2724
0.72;Fair;F;VS2;55.4;64;6.06;5.97;3.34;2724
0.72;Very Good;F;VS2;59.6;63;5.92;5.75;3.48;2724
0.72;Premium;F;VS2;62;56;5.78;5.68;3.55;2724
0.83;Very Good;G;SI2;61.6;57;6.02;6.06;3.72;2725
0.76;Ideal;F;VS2;61.6;55;5.88;5.9;3.63;2725
0.81;Ideal;G;SI1;62.6;55;5.97;5.94;3.73;2725
0.76;Very Good;G;VS2;59.8;58;5.92;5.96;3.55;2726
0.7;Very Good;D;SI1;62.6;57;5.67;5.7;3.56;2726
0.7;Very Good;D;SI1;61.8;55;5.73;5.76;3.55;2726
0.7;Ideal;F;VS1;62.5;56;5.7;5.73;3.57;2726
0.7;Ideal;F;VS1;62;55;5.71;5.74;3.55;2726
0.7;Very Good;F;VS1;60.5;57;5.77;5.8;3.5;2726
0.51;Ideal;F;VVS1;61.4;56;5.15;5.17;3.17;2726
0.75;Ideal;D;SI2;60.3;57;5.85;5.89;3.54;2726
0.7;Ideal;D;SI1;62.3;53;5.7;5.72;3.56;2726
0.7;Ideal;D;SI1;62;54;5.73;5.76;3.56;2726
0.7;Ideal;D;SI1;62.5;55;5.68;5.72;3.56;2726
0.79;Good;G;SI1;63.6;57;5.86;5.84;3.72;2726
0.81;Ideal;F;SI2;62.9;57;5.97;5.93;3.74;2726
0.79;Premium;H;VS2;62.6;61;5.9;5.86;3.68;2726
0.62;Premium;E;VVS2;60.7;60;5.51;5.43;3.32;2727
0.72;Very Good;G;VS2;62.5;59;5.69;5.71;3.56;2728
0.74;Very Good;E;SI2;59.1;60;5.88;5.93;3.49;2728
0.8;Ideal;G;VS2;62.1;56;5.94;6;3.71;2728
0.58;Ideal;F;VVS1;61.6;57;5.33;5.38;3.3;2728
0.73;Ideal;E;SI1;61.8;56;5.77;5.81;3.58;2728
0.73;Ideal;E;SI1;62.8;57;5.73;5.74;3.6;2728
0.7;Ideal;E;SI1;61.1;56;5.76;5.79;3.53;2728
0.89;Good;E;SI2;64.3;65;6;5.95;3.84;2728
0.73;Premium;F;SI1;62.2;56;5.79;5.73;3.58;2728
0.9;Good;J;SI1;63.2;60;6.09;6.12;3.86;2729
0.77;Ideal;F;SI2;61.3;56;5.89;5.92;3.62;2729
0.73;Ideal;D;SI2;61.8;56;5.77;5.82;3.58;2729
0.54;Ideal;F;IF;62.2;54;5.24;5.27;3.27;2729
0.7;Very Good;E;SI1;62.1;60;5.62;5.66;3.5;2730
0.51;Ideal;F;IF;62.5;54;5.12;5.16;3.21;2730
1.01;Very Good;I;SI1;63.3;59;6.26;6.22;3.95;2730
0.92;Premium;I;SI1;60.4;59;6.31;6.24;3.79;2730
0.62;Ideal;E;VS1;61.3;56;5.52;5.54;3.39;2731
0.72;Ideal;E;SI1;62.6;57;5.69;5.74;3.58;2731
0.72;Ideal;E;SI1;61.3;56;5.77;5.81;3.55;2731
0.72;Ideal;D;SI1;61.6;55;5.75;5.8;3.56;2731
0.66;Ideal;F;VVS2;61.2;57;5.63;5.58;3.43;2732
0.9;Fair;I;VS1;68.7;62;5.83;5.79;3.99;2732
0.53;Ideal;D;VVS1;62;57;5.16;5.2;3.21;2732
0.72;Premium;D;SI1;62.6;59;5.74;5.7;3.58;2732
0.9;Good;H;SI1;63.8;56;6.07;6.02;3.86;2732
0.72;Premium;E;SI1;59.5;59;5.87;5.83;3.48;2732
0.72;Ideal;F;VS2;62.8;55;5.74;5.69;3.59;2732
0.9;Premium;H;SI2;61.1;58;6.21;6.13;3.77;2732
0.72;Very Good;G;VS2;63.1;57;5.74;5.71;3.61;2732
0.81;Very Good;G;SI1;60.7;56;6.06;6.09;3.69;2733
0.7;Ideal;H;VS2;61.4;56;5.72;5.75;3.52;2733
0.73;Ideal;I;SI1;61.7;55;5.78;5.82;3.58;2733
0.52;Ideal;F;IF;61.7;57;5.13;5.17;3.18;2733
0.75;Very Good;F;SI1;63.4;58;5.75;5.79;3.66;2734
0.7;Very Good;D;SI1;63.4;58;5.63;5.66;3.58;2734
0.77;Good;H;VVS2;64.3;57.9;5.7;5.86;3.71;2734
0.71;Premium;E;VS2;59;59;5.88;5.78;3.44;2735
0.71;Premium;E;VS2;62.1;59;5.72;5.68;3.54;2735
0.71;Very Good;E;SI1;61.3;59;5.69;5.73;3.5;2735
0.81;Very Good;E;SI2;63.7;57;5.86;5.94;3.76;2735
0.71;Premium;E;VS2;62.5;60;5.7;5.66;3.55;2735
0.71;Premium;G;VS2;63;56;5.7;5.69;3.59;2735
0.71;Premium;E;VS2;59.9;58;5.81;5.78;3.47;2735
0.79;Premium;D;SI2;61.8;58;5.95;5.89;3.66;2735
0.77;Ideal;I;VS1;60.9;57;5.92;5.94;3.61;2736
0.7;Very Good;F;VS2;61.6;60;5.59;5.65;3.46;2737
0.7;Very Good;F;VS2;61.7;63;5.61;5.64;3.47;2737
0.7;Premium;E;VS2;62.8;61;5.66;5.62;3.54;2737
0.7;Premium;E;VS2;62.3;59;5.7;5.64;3.53;2737
0.7;Very Good;E;VS2;60.5;63;5.74;5.7;3.46;2737
0.73;Ideal;F;SI1;62.6;55;5.75;5.78;3.61;2737
0.72;Ideal;F;SI1;61.2;55;5.78;5.82;3.55;2737
0.72;Ideal;F;SI1;62;55;5.76;5.78;3.58;2737
0.72;Ideal;F;SI1;62;55;5.76;5.79;3.58;2737
0.72;Ideal;F;SI1;61.7;54;5.77;5.8;3.57;2737
0.7;Premium;E;VS2;62.5;59;5.65;5.62;3.52;2737
0.7;Premium;G;VVS2;59.6;61;5.86;5.78;3.47;2737
0.85;Premium;D;SI2;60.5;60;6.11;6.06;3.68;2737
0.77;Ideal;H;VS2;62;56;5.86;5.89;3.64;2738
0.8;Good;D;SI1;63.7;57;5.88;5.8;3.72;2738
0.71;Ideal;G;SI1;61.6;57;5.72;5.76;3.53;2738
0.71;Good;H;VVS2;60.4;63;5.69;5.74;3.45;2738
0.8;Very Good;H;SI1;63.8;56;5.85;5.91;3.75;2739
0.71;Ideal;H;VVS1;62;57;5.71;5.75;3.55;2739
0.57;Ideal;E;VVS1;61.8;56;5.33;5.35;3.3;2739
0.74;Very Good;D;SI2;61.5;59;5.79;5.82;3.57;2740
0.7;Very Good;G;VS1;60;56;5.77;5.83;3.48;2741
0.82;Very Good;E;SI1;63.2;57;5.92;5.97;3.76;2741
0.71;Ideal;H;VVS1;60.8;56;5.75;5.83;3.52;2741
0.82;Ideal;J;VS2;61.6;56;6;6.04;3.71;2741
0.56;Ideal;D;VS1;61.1;56;5.3;5.33;3.25;2741
0.71;Very Good;F;SI1;61.1;58;5.71;5.77;3.51;2742
0.71;Ideal;H;VVS1;62.1;57;5.67;5.7;3.53;2742
0.83;Ideal;J;VS2;62.3;55;6.01;6.03;3.75;2742
0.72;Premium;F;SI1;59.9;58;5.85;5.81;3.49;2742
0.51;Ideal;D;VVS2;61.7;56;5.16;5.14;3.18;2742
0.51;Ideal;D;VVS2;61.3;57;5.17;5.14;3.16;2742
0.53;Premium;D;VS1;61.3;58;5.2;5.18;3.18;2743
0.71;Premium;D;SI2;61.7;59;5.67;5.71;3.51;2743
0.71;Very Good;D;SI1;63.1;56;5.73;5.68;3.6;2743
0.71;Premium;E;SI1;62.2;58;5.74;5.67;3.55;2743
0.71;Premium;D;SI1;60.9;59;5.72;5.71;3.48;2743
0.71;Premium;D;SI1;60.5;59;5.81;5.79;3.51;2743
0.71;Premium;E;SI1;62.7;56;5.71;5.64;3.56;2743
1;Fair;I;SI2;66.8;56;6.22;6.12;4.13;2743
0.7;Very Good;F;VS2;62.8;57;5.64;5.69;3.56;2744
0.7;Very Good;F;VS2;61.7;60;5.63;5.65;3.48;2744
0.7;Very Good;F;VS2;62.3;59;5.63;5.7;3.53;2744
0.76;Premium;G;VS2;61.8;58;5.85;5.89;3.63;2744
0.75;Premium;F;SI1;61.1;59;5.86;5.79;3.56;2744
0.75;Ideal;F;SI1;62.3;57;5.82;5.77;3.61;2744
0.7;Ideal;G;SI1;60.7;55;5.76;5.8;3.51;2744
0.74;Premium;F;SI1;61.2;59;5.88;5.82;3.58;2744
0.74;Premium;H;VS1;60.6;60;5.91;5.84;3.56;2744
0.8;Very Good;F;SI1;61.6;59;5.9;5.96;3.65;2745
0.71;Very Good;D;VS2;62.5;60;5.61;5.65;3.52;2745
1.04;Very Good;I;I1;61.6;61;6.45;6.47;3.98;2745
0.7;Ideal;E;SI1;61.7;55;5.71;5.74;3.53;2745
0.77;Premium;F;SI1;60;61;5.97;5.93;3.57;2745
0.51;Ideal;E;VVS1;61.9;54;5.17;5.11;3.18;2745
1.04;Fair;G;SI2;65.2;57;6.25;6.23;4.07;2745
0.73;Premium;G;VS2;60.7;58;5.82;5.87;3.55;2746
0.72;Ideal;G;VS1;62.6;53;5.76;5.78;3.61;2746
0.71;Fair;D;VS1;65.4;59;5.62;5.58;3.66;2747
0.7;Very Good;G;VS1;61.4;55;5.7;5.74;3.51;2748
0.81;Ideal;D;SI1;61.5;57;6;6.03;3.7;2748
0.75;Very Good;I;VVS2;62;59;5.81;5.83;3.61;2749
0.7;Good;D;VS2;58;62;5.78;5.87;3.38;2749
0.52;Ideal;F;IF;61.5;57;5.15;5.19;3.18;2749
0.83;Premium;G;SI2;61.6;57;6.06;6.02;3.72;2749
0.8;Ideal;G;SI2;62.2;56;5.95;5.91;3.69;2749
0.73;Good;E;SI1;57.9;55;6;5.96;3.46;2749
0.56;Ideal;E;VVS1;62.1;56;5.28;5.29;3.28;2750
0.7;Ideal;F;VS1;62.5;56;5.73;5.7;3.57;2751
0.7;Ideal;F;VS1;62;55;5.74;5.71;3.55;2751
0.71;Ideal;G;SI1;60.5;56.4;5.76;5.8;3.5;2751
0.7;Good;F;VS1;57.8;61;5.83;5.79;3.36;2751
0.83;Ideal;G;SI2;62.4;54;6.01;6.08;3.77;2751
1.02;Good;H;I1;64.3;63;6.28;6.23;4.02;2751
0.65;Very Good;D;VS1;60.8;57.2;5.55;5.63;3.4;2752
0.72;Ideal;H;VVS2;62.3;56;5.74;5.81;3.6;2752
0.73;Ideal;H;VS2;62.5;58;5.71;5.75;3.58;2752
0.57;Premium;E;VS1;61.6;58;5.36;5.33;3.29;2753
0.77;Very Good;E;SI2;59.9;61;5.98;6.01;3.59;2753
0.75;Very Good;E;SI1;62.9;57;5.79;5.84;3.66;2753
0.7;Premium;E;SI1;61.3;58;5.68;5.71;3.49;2753
0.7;Premium;E;SI1;60;59;5.75;5.79;3.46;2753
0.75;Very Good;E;SI1;63;55;5.76;5.79;3.64;2753
0.7;Very Good;E;SI1;61;57;5.68;5.73;3.48;2753
0.7;Very Good;E;SI1;61.2;57;5.68;5.73;3.49;2753
0.7;Very Good;E;SI1;62.7;59;5.63;5.67;3.54;2753
0.7;Premium;E;SI1;60.5;58;5.74;5.77;3.48;2753
0.57;Premium;E;IF;59.8;60;5.43;5.38;3.23;2753
0.61;Premium;F;VVS1;61.8;59;5.48;5.4;3.36;2753
0.8;Good;G;VS2;64.2;58;5.84;5.81;3.74;2753
0.84;Good;I;VS1;63.7;59;5.94;5.9;3.77;2753
0.77;Ideal;E;SI2;62.1;56;5.84;5.86;3.63;2753
0.74;Good;D;SI1;63.1;59;5.71;5.74;3.61;2753
0.9;Very Good;J;SI1;63.2;60;6.12;6.09;3.86;2753
0.76;Premium;I;VS1;59.3;62;5.93;5.85;3.49;2753
0.76;Ideal;I;VVS1;62.2;55;5.89;5.87;3.66;2753
0.7;Very Good;E;VS2;62.4;60;5.57;5.61;3.49;2755
0.7;Very Good;E;VS2;62.8;60;5.59;5.65;3.53;2755
0.7;Very Good;D;VS1;63.1;59;5.67;5.58;3.55;2755
0.73;Ideal;I;VS2;61.3;56;5.8;5.84;3.57;2756
0.73;Ideal;I;VS2;61.6;55;5.82;5.84;3.59;2756
0.79;Ideal;I;SI1;61.6;56;5.95;5.97;3.67;2756
0.71;Ideal;E;SI1;61.9;56;5.71;5.73;3.54;2756
0.79;Good;F;SI1;58.1;59;6.06;6.13;3.54;2756
0.79;Premium;E;SI2;61.4;58;6.03;5.96;3.68;2756
0.71;Ideal;G;VS1;61.4;56;5.76;5.73;3.53;2756
0.71;Premium;E;SI1;60.5;55;5.79;5.74;3.49;2756
0.71;Premium;F;SI1;59.8;62;5.74;5.73;3.43;2756
0.7;Very Good;E;VS2;60.5;59;5.71;5.76;3.47;2757
0.7;Very Good;E;VS2;61.2;59;5.69;5.72;3.49;2757
0.72;Premium;D;SI1;62.7;59;5.69;5.73;3.58;2757
0.72;Ideal;D;SI1;60.8;57;5.75;5.76;3.5;2757
0.72;Good;D;SI1;63.1;55;5.69;5.75;3.61;2757
0.7;Very Good;D;SI1;62.8;60;5.66;5.68;3.56;2757
0.86;Premium;H;SI2;61;58;6.15;6.12;3.74;2757
0.75;Ideal;D;SI2;62.2;55;5.83;5.87;3.64;2757
